"1" -1.66088341615708 -1.31799315219637 1.04023273473585 1.86455637459186 2.99901920321158 4.70513803641891 -1.8827191204297 -2.21304634536342 7.12188544030291 1 201.679221278092
"1" -6.54795710114353 -1.57099499409423 1.31205001445461 0.925978403656476 4.3808345910796 3.48213814709328 4.94436427351813 -16.0662265609442 -14.0056021504416 1 164.283996483977
"1" -1.37744502659978 -1.36521156974427 0.69424356780174 1.49006432112267 2.20720519154818 3.59805812095286 -9.68827631585579 -9.73545631539432 -2.66659399708477 0 207.910326814246
"1" -1.43207781334875 -1.91480390916429 1.00093361227151 1.63370498521098 3.525564443428 5.18719675982443 -3.23255168858262 -2.62952937092391 7.23645354959132 1 180.294379971208
"1" -2.06896155951806 -1.28580571197046 2.92866941040036 1.35505261767132 6.42591192161062 3.71863409049529 -1.34289748979657 -2.11247109404436 7.57434476527373 1 186.534569965088
"1" -1.45188339420599 -1.60991519419185 1.18074354803623 1.34030464529053 3.1950451356233 3.69173904630306 -1.04859088824165 -3.57790906866731 -6.63035362499771 0 205.65629763422
"1" -1.795033368224 -1.76516038157561 0.964690974857549 1.75511241881091 3.00594788770649 4.11602018125783 -9.31957874925031 -11.0366594253775 -8.98246669479543 1 165.917887864025
"1" -1.45907291340542 -5.95824806011211 1.08962121338817 1.68918228600815 3.0914475164985 4.05030311683544 -21.8838115352536 3.94040647824786 -11.1760427900374 1 151.780396640327
"1" -13.4985725389099 -1.3797962169775 2.41635365588744 1.73076189408765 6.63318470959524 3.64281229631106 8.02509844949698 -6.4659027974033 -4.36331594962131 0 146.307869507
"1" -1.80723354865945 -1.53594192480311 1.36114019729888 1.92895513520172 4.05425919048496 4.88718362983886 -7.15843126439805 -12.5536982512114 -6.91560230776077 0 178.053659063782
"1" -12.6450230958278 -0.953387949907461 1.56340708817724 1.89579288514481 4.37200599967572 4.99164869683642 7.88554661225818 -6.00872148323842 -4.76158339902898 0 197.701991864773
"1" -1.81493980579325 -1.50489479974072 1.88935078395092 1.14782230606997 4.37755870162996 3.91757911128254 -5.75828217556851 -12.6001857112234 -7.29594915533479 1 180.081144866608
"1" -12.3038043388382 -1.48358163239621 1.08494359811395 0.77716134171365 3.29074328956706 3.7056426163041 8.49596625681954 -16.7810359754223 -16.4320944195424 1 131.063888326733
"1" -1.56813072361781 -1.37471727504288 1.02784162777485 2.7009109577412 3.36957954546259 6.61089615245529 -7.24550141899001 -7.58820261588673 -2.19811776667679 0 196.066108762422
"1" -1.65599479081711 -1.58174886648818 1.46692082583625 1.71609641968938 4.52468663158892 3.91324537303105 -2.82664915235186 -2.97607783410527 8.74028238055539 1 185.175070681753
"1" -11.9587227388463 -1.27107799263191 1.27407289318911 1.31568401725988 3.78024687429142 4.39640532929804 7.72494161039252 -9.08477304656747 -11.4904381591575 1 208.63045430415
"1" -12.9780333870904 -1.98927030594175 2.26340028300684 1.57000790413459 3.42559481133603 4.32352507046039 7.92249603676361 -7.21811025538488 -7.8363163645603 1 119.855062992553
"1" -13.1505283090467 -1.73281305597705 1.59629512698656 1.46123773669766 4.26680757685742 4.65903412966975 7.96812504012941 -6.38639663280246 -4.33142383080716 0 134.525764881586
"1" -1.46933938726853 -1.10013766143777 1.62015787043127 1.76984885568872 4.43963816695077 3.59494804614855 -2.07268996844018 -1.56995567296 7.27959010238078 1 227.139965941269
"1" -1.75696387578393 -1.44909255245615 0.510389325523943 1.68702563410597 2.79693650389493 4.47120686402747 -6.69611654757095 -14.036191622594 -8.420292834078 1 180.951856434058
"1" -13.5871130675103 -1.75619703487749 2.85034088623693 2.31163429054325 7.91274241946602 5.89327305271421 8.01906485527338 -6.54318724629621 -4.76623104152165 0 114.353759945043
"1" -12.7010127170601 -1.38077457592622 1.55578358265699 1.74427262947574 4.34884770988429 4.87635089338185 7.89202341129136 -10.8237228133945 -8.58053868954096 1 170.911183995015
"1" -1.54132702708956 -1.18998568820362 1.8264843084718 1.87383046682646 3.22689740687939 3.96268732503076 -0.575798419632934 -3.89056875834269 -6.72554420825989 0 227.857794475872
"1" -8.00155523951168 -1.45300269847102 0.763880319726281 2.2911681585017 3.62059938129662 4.72395436804788 5.23388828229524 -14.3698047635576 -10.985415600775 1 153.317588376755
"1" -1.57863910961674 -1.36092676083152 1.10428555395066 2.07768921966636 3.40714049567649 4.63172109976883 -4.15545632856205 -4.51646058895287 -6.24835628266488 0 200.947148570915
"1" -1.19232187068329 -1.47087501802191 1.19693998847811 0.965147578914025 2.83374626613227 3.08365618143588 -2.32621484514695 -0.867107734207901 7.40557996393138 1 224.548847538227
"1" -2.10694582420201 -1.14113433898666 1.29822152493603 1.52781092322225 4.21258674448233 3.96943204544855 -1.24779623777111 -1.59389307494883 7.56859487773381 1 199.169653556251
"1" -13.0418038008868 -0.978766930217011 1.20207716902177 1.4842128274362 3.21644731491497 3.89773481897691 8.16290810706773 -12.8608524892785 -8.59157573227622 1 204.066138615879
"1" -1.4915470926767 -1.79781348296982 1.39983699836047 1.38164510413847 3.62722803592313 3.82770811822937 -3.58775701035156 -0.236325409403574 -7.61799883614952 1 203.972819405975
"1" -1.75029437414888 -1.67229059341357 0.949430800711232 1.77378871037249 2.39647106342676 4.09796739683241 -9.94653552206922 -11.2364772273104 -6.40549896085533 0 172.358478569521
"1" -1.79441007487502 -1.54530475719953 0.701978726412701 1.27920568185931 2.74046037111454 3.31838612472616 -0.0444830457166357 -1.75329333570827 7.46928507863161 1 196.422183979042
"1" -10.7028549986427 -2.18506263250566 0.972131455337635 1.12925368223244 3.18713938308884 2.53678903121282 6.74191075886094 -15.9587204032846 -13.4711271257453 1 143.549106813032
"1" -7.46989011845215 -1.81376065690818 0.799853156171345 1.66134273648634 6.54484198841556 5.03704490590389 5.74188850859094 -23.6602490452553 -17.3659388976201 1 100.51516661699
"1" -1.30464508763255 -0.834077316217953 1.01995911128337 1.76002014542929 2.29577683411651 4.70231366850459 -14.4508763535044 -16.4310677785418 6.83417811507382 0 248.687744712581
"1" -13.1097114679855 -1.65566060775772 1.89328242218222 1.60202971042872 4.82761981605675 4.02726897033833 7.94177516760981 -6.45746564218505 -4.84886753153563 0 136.468153858268
"1" -1.84324410669437 -1.72620436649172 0.838837757289416 0.963756081053371 2.37912222697531 3.38562785882131 -10.6621951999597 -15.1702277529348 -11.597374010379 1 163.355271136654
"1" -1.45592029466093 -1.54531393084537 0.77698168444609 1.72716948064436 2.61799284858649 4.27351722426673 -16.0100719037408 -14.1257220582294 -5.67975650560368 0 194.43981943488
"1" -7.76959336762492 -1.63036018726322 1.7625222185986 0.686547015011377 3.09573632137193 2.60559758608398 5.09677985538561 -14.1312906221274 -10.6972651927158 1 153.930167026652
"1" -13.3815995376025 -1.72755443761372 2.67417606637748 0.71263270905885 4.72780841681401 3.06219874571869 8.0189963383981 -6.5121497897101 -3.29979255765277 0 125.700308901679
"1" -11.5587825820532 -1.46430541934697 2.03309833521908 1.14253782206517 5.27924358112329 3.16769761196494 7.14765794177397 -9.84606894929852 -9.09866292216807 1 164.471170035216
"1" -1.87614787444599 -13.2180983320691 0.286655645645262 2.11807076761016 2.6788569833122 5.75376361765117 -6.54838341326411 7.97343364637703 -6.20373964898239 0 113.524777928869
"1" -12.353441778977 -1.68606957682088 1.04211026034083 1.19476548551102 3.95732358234406 3.34837773724528 7.82278461080194 -10.332542860854 -7.775185710777 1 170.218672638885
"1" -1.81197285507426 -1.46900602697393 0.813527145117616 2.0748463446516 2.67015057251112 5.27793337717318 -5.81004944488044 -12.7802610634644 -7.16180143913328 1 178.923520081274
"1" -11.0661639177927 -1.27577602741402 1.38819349990002 1.60676401552821 3.96187577005439 4.10027083495438 7.10384724692641 -20.3962944565028 -13.5252110710443 1 195.509098799363
"1" -1.16580817907907 -0.956938393324792 0.147760595528775 1.47447206535919 1.55216151982002 4.47478261988777 -13.4729000515655 -17.4266980771192 -1.25620240038814 0 225.404292510256
"1" -12.8622367366995 -1.50958213854584 1.93510538688954 1.60641093917539 5.80313805385998 5.93620388223994 7.89234932865017 -6.32023942223509 -5.06113322526351 0 146.459312840613
"1" -1.34736853732534 -1.41339556031047 0.37401575088437 2.0433231362387 3.06719039159559 5.05327864528901 -3.30495668251978 -1.14880435734314 7.0506974031852 0 205.795429911268
"1" -2.06506868136919 -1.2204330094697 0.358326728410149 1.3705410465739 4.21444983443685 3.77408546063224 -1.12283156063125 -2.12448575621726 7.24910710803998 1 189.6815773047
"1" -8.17018445672178 -1.50434076891352 0.993084983563918 1.53929127591823 2.74752423762097 3.47225781885766 5.23672449390063 -13.0182415556071 -9.64449164497516 1 163.647957974551
"1" -13.0391298057398 -1.95353356778857 1.8437845592893 1.13028383249935 5.12441124831456 3.21397353413047 7.9395030992624 -6.55812077946445 -3.72066128008489 0 124.716883121476
"1" -1.77308615323758 -1.69110594969902 0.988808374324093 2.33102263393397 2.7014175636672 6.80685943034635 -9.95584617582181 -11.5328994369834 -6.45110362467792 0 166.58249999655
"1" -12.8280877645445 -1.65867365264064 0.738860139215067 1.64248704058647 2.92409047764842 5.04642618160933 7.91000066840477 -6.29697723468913 -6.46656347714397 0 147.109010642413
"1" -4.55831760218509 -1.31296815018529 0.825209406357639 2.40156199117991 2.83016279010854 4.96663474268331 3.2311497990944 -6.95255722605783 -11.8931512942709 1 163.786752582609
"1" -1.61235487135114 -1.50264742934486 1.23657154976899 1.76430983983691 3.64841102026083 4.93659900185749 -7.17449812441654 -7.22355490574255 -3.3348003396575 0 190.449955742258
"1" -12.8466494672024 -1.47370905812512 1.43242637306259 1.01304388679602 3.69269526127658 3.54642608640977 7.91231755697596 -11.5734058686659 -8.04544630972753 1 161.109713061075
"1" -1.75904078052517 -1.2973255560476 0.691719933994096 1.73594090334196 2.70998938242716 3.64739541254084 -6.77965127756851 -16.5604403675751 -8.7413141317622 1 193.3224846785
"1" -1.5171969291693 -1.34221124189603 0.888747423510835 1.71036214697392 2.61071977813638 4.38636943713013 -5.44214834615729 -5.87581648520209 -2.08365104098959 0 204.28241847149
"1" -1.70561848434085 -1.50619087266536 1.34923518972808 1.61106789047735 3.77102341917799 3.97463784761731 -10.9053655036413 -14.4968806225996 -7.4174742567649 1 186.710721736838
"1" -6.24049080051336 -1.01811166861605 1.07499150714756 1.06646010441652 3.46665735861294 3.60617832623439 3.87055931494539 -14.2732011764712 -10.2656731290871 1 205.437525869801
"1" -12.1748725106867 -1.13041876869831 1.46609410469776 1.48106933433228 3.74421849652604 3.86302868625968 7.79763569287248 -5.99442574861658 -6.19314168027119 0 209.128984697973
"1" -11.4540274925381 -1.32164480155229 2.14669256706377 1.59351938336206 3.65326724169754 3.63024967798724 6.1926930972897 -23.4345016972647 5.67264945032627 0 151.416054058563
"1" -12.9775160811207 -1.96562294070795 1.30583702177865 1.20445218220765 3.10210497377272 3.5902943719393 7.92389491573929 -6.4766266485948 -6.84938680995637 1 127.673933435807
"1" -11.8689625816849 -1.10630221432407 1.78007317199833 1.65561009449954 3.17902662696432 4.50829810599561 7.46826224222277 -13.9450068950388 -10.7424643260988 1 187.208120648118
"1" -1.56304258678394 -1.64836787035723 1.12040650158769 2.09530548057304 4.36816072734847 4.2639490800444 -3.6606788838075 -3.59032108996922 7.19852531843283 1 184.243622096601
"1" -1.41446614486141 -1.14480899902449 2.14959001451961 2.15429737483864 6.16343159710153 5.25482014465534 -13.3028188013443 -13.0744455606832 -3.18453927650509 0 217.866026842636
"1" -9.02203382639433 -1.0914882603675 1.10356437526556 1.59500504524007 3.43536245547922 4.09437196830821 6.27563274733231 -12.4318542282082 -13.344208435554 1 186.885950221063
"1" -1.51419918281419 -1.2979854951655 1.64934744366374 2.57861890015465 3.97902049919965 6.15809632283362 -3.56135336655718 -4.22024215201545 6.60410601204534 1 205.182377464162
"1" -12.4615427635589 -0.94953448079245 0.441735060940464 1.94536336115578 3.71437751043395 4.68696648347494 7.85453823761518 -5.75421709385567 -5.69214217760044 0 200.302583267312
"1" -1.6305477342844 -1.28616444319786 1.09744125175218 1.83423012689293 3.51863726045617 4.33402064377649 -3.32473132812014 -1.60289313470109 7.1186297615575 1 206.574522211689
"1" -12.7349635244358 -1.20584042580236 1.5868767859223 1.06921399701809 5.46273708270628 3.00846262001079 7.87760238610795 -6.12172746109451 -3.6350778458331 0 176.31487284657
"1" -1.63906382803324 -0.908531447552772 0.885551161537621 2.18315622554473 4.45310926496204 5.30762577847766 -6.10324753069335 -14.706121743201 -7.89458528818784 1 224.288074711773
"1" -1.66220111160147 -1.17118076733727 0.766035151282828 1.61636846963433 3.08333475437216 4.26162720481465 -13.3320314722398 -16.1087799784499 7.14978399068442 1 207.528951713387
"1" -1.59335942152674 -1.1417506714936 0.735203180188269 1.22378271408281 4.23086931216553 3.89339869221098 -4.78057040754662 -5.32453258479143 2.70583961585134 0 212.866607644746
"1" -12.7207828321809 -1.63466332865871 1.39692601520364 1.33276529102801 3.10430920296121 3.77417858023508 7.88096917957979 -6.30960252850914 -7.00882474954977 1 154.447467372221
"1" -1.68461091887806 -0.826652640623005 0.947336221373668 1.3656282163696 2.94293343902066 3.60185634079892 -15.0815610201124 -18.6960866380835 4.90831485953855 0 234.441157285046
"1" -1.40374105021926 -1.26148248018638 0.653513844797543 0.591549433386684 3.07646448425458 2.92964176533547 -15.7347931793189 -14.3708372941496 -3.25655949912435 0 207.822522100453
"1" -1.64772893714689 -1.2437931339691 0.833220131699434 1.31825810938875 3.46496539587063 3.96317289554391 -0.596308966617823 -4.80735487704044 6.87410575865747 0 214.886559859223
"1" -2.09926571701545 -1.34301490132575 1.24694745636773 1.55771126871455 3.02351242954389 3.64274262874053 -2.12087461598319 -3.28297538793088 7.2247129526358 1 181.2614339802
"1" -1.83060451044466 -1.61843254233399 0.696670629437537 2.47330408065479 2.89333110201217 7.23255326006774 -7.68492624920304 -12.8542750508384 -7.52323311194368 1 164.500561750259
"1" -2.11087560568009 -11.4208756546273 0.660638735705972 1.86304731398541 2.68749806091343 5.14966956434559 -14.6165786451428 7.27500712614294 -11.2888291369721 1 169.75561720541
"1" -12.6780900482406 -2.41962120309061 1.66624729380095 1.2282681838849 4.3806178472136 4.10297160827774 7.86413024557626 -6.60642161157799 -3.94075107183749 0 119.9264696448
"1" -1.36699858390482 -1.3029682775007 0.897530469670242 1.47567919453566 2.95772920878153 4.03246048327697 -14.3184330380686 -13.5272666378901 -2.80204431089418 0 216.027311974132
"1" -1.74962660156392 -1.39049921799704 1.37712301825844 2.12290755882943 2.84569848941832 5.03182167787767 -7.83912481012975 -13.1764803220648 -7.05888753686061 1 189.325836090566
"1" -12.7804368547696 -2.20212198728224 2.94240581204319 1.7284135094554 4.74240105095317 3.55447296702482 7.889812326311 -4.77876145125854 -9.95478522020546 1 112.207178425249
"1" -12.8877547798666 -1.32547259868637 0.867493455467748 2.94534272341775 5.46633315764642 5.21483618122724 7.96424163472101 -7.82363234302107 -9.1486180468662 1 159.596376681534
"1" -1.22850423082759 -0.956626264734029 0.687015348531899 1.3865117315559 2.59630786561988 3.70413221710585 -14.1279543185669 -15.4241686804669 -0.783433423549972 0 243.508541677035
"1" -6.28401539927225 -1.62908630632802 0.504815637716156 1.25591077173668 2.77050675937335 4.06775301925541 4.164233265216 -7.20770816816979 -11.9876631299451 1 171.631873426754
"1" -9.36291944152905 -1.05019580592329 0.545266119693012 1.58031061559608 2.85445002365977 4.60750548595885 6.19757579111595 -8.33939768964994 -10.1390747793818 1 186.217132802905
"1" -1.56790076406503 -1.1524362378604 0.365494462148553 1.82502345751033 2.66658385972939 3.92298974580236 -2.92232342234198 -1.73018158500778 -6.90800445545401 0 212.964114670046
"1" -12.6920444623297 -1.4452435503887 1.85710249704318 1.52730753739353 5.48717995747522 4.75128800144936 7.86750353903152 -6.30412880512632 -5.58444996316949 0 159.73951820138
"1" -12.2612490432794 -1.31304549662869 0.98989263043104 1.82395953210103 3.91985603955426 4.63189351449824 7.81128563790091 -10.0166415429791 -8.96147784418265 1 197.058606436099
"1" -5.891089933242 -0.877982015442724 1.65292046134593 1.34122604707255 4.39974648191179 4.43705730079955 4.94283062439779 -16.8570187771379 -10.5040690984896 1 224.660276963714
"1" -6.67304903171688 -1.58307370958446 1.11676416047466 3.04705140761526 4.00389421562278 6.91038102762511 3.63234613993885 -12.8687853751876 -10.2207560693575 1 172.457876371924
"1" -11.315465299247 -1.26142934881796 0.810066040002708 1.36149098031191 2.09466598371756 4.13370487745277 6.35521788147897 -11.5004433503275 -9.30110940566935 1 163.731019867617
"1" -1.70899118670369 -1.63595804967482 0.742250567657388 2.74958921447118 2.27399914219803 6.95264083127573 -3.31045061136407 -0.882057828560506 -6.89687155783927 1 181.123788108996
"1" -12.389021521352 -0.831794572169535 1.300068184557 1.56583351616032 3.5497132403776 4.38273354513861 7.92535211599205 -6.66778662336098 -8.08717213755919 1 226.032956915239
"1" -7.57513432847971 -2.00875994014042 0.995050135578574 1.80417341391544 2.67476449953402 4.65253934911985 4.89127612862752 -1.86407244185603 -11.4477176123649 1 153.03611627632
"1" -1.15833971803975 -0.792032017318957 0.940778343821695 1.48382426061726 2.68753551373018 4.37985358499893 -2.81848529705238 -3.16470073692544 7.29313773170022 1 261.015812589016
"1" -12.6863993478933 -1.37824367160027 1.83855734371535 1.62192256603258 4.79792477381818 4.65064180011853 7.87964049053752 -11.7682842629313 -8.28596672680064 1 170.873285158658
"1" -1.88062585956902 -12.3299065016312 2.09438060518821 1.88221836506937 7.31408902821439 5.01508074382013 -6.42679966220574 7.80176758640864 -5.00148416355467 0 151.220005875864
