"1" 3.07865950019896 2.96375363249931 3.61463278207203 3.96828847704579 7.63331928845621 8.4200569530931 -1.08486749176254 -0.688057926692471 1.82988701275126 1.85642092815734 2.76475848602274 -3.26893708773214 1 420.143639523136
"1" 2.82453292933695 2.72593047608429 3.66916540845814 5.0894950422991 7.46044537084141 10.3250131615325 -1.29335880345945 -0.695080684848226 2.50024710020853 1.66137153290666 3.19540358357116 -3.17465018998246 1 325.944501669421
"1" 3.92581144992747 3.97042251311652 3.11355763162888 4.93981168858973 7.02645376289547 11.0814933339357 -1.30109920965287 -1.30887664127443 2.47170414904981 1.53266189110503 3.32289908103644 -7.91540389313115 1 404.781073346599
"1" 2.306842390146 3.10266889455474 4.1407863621299 4.01423541278993 8.86720396607413 8.61696397320629 -1.85951117121523 -0.826173020795383 2.81846796695457 1.61873630091917 4.56378462887783 -4.53245498667662 1 287.286159735811
"1" 13.3791859920939 13.0119643713149 2.88028981935713 2.73233726788233 5.13507413494225 6.79494732831213 -2.51737588148554 -1.28027820764726 0.273025075159034 -7.61191289668772 3.5001699388842 9.36177184485287 1 504.315582354529
"1" 14.5016377888534 14.2599551837743 3.28005085571138 2.65912928007331 6.41555652516931 7.31275130322445 -3.76894477028293 -3.75073668129799 -0.0358372100355546 -1.65215142250179 7.46960644305016 7.1189757093205 1 509.06492700429
"1" 1.43795563206315 1.34381687319442 3.92118922956717 4.5320178966949 8.55373249592782 9.89011060794759 -0.521080206615685 -0.394121516854571 2.43034996999722 2.0767656223998 3.6543642798543 -3.9909985121169 1 276.406681805345
"1" 2.48389796346894 1.89271632666925 2.51539207718108 3.51330227192816 5.30634643642375 9.01777711691827 4.86537920498148 4.7381971963526 -0.0746681023383457 -1.04204186180449 3.20469848750364 0.743681691202369 1 -42.8043190286335
"1" 3.06712888720074 3.23719491317288 4.0651584585281 4.79061914626907 8.63747074324289 9.97009855375511 -2.03497797001509 -1.17237646936208 2.17938993605421 0.802860185539543 5.01163232792748 -5.11278061457471 1 449.018726377253
"1" 1.64676949609284 2.55015703943806 3.10166115797972 3.32927903138213 6.66231956000573 8.59730972861328 4.92644754346683 4.48445385063276 0.856089795352276 -1.59587700268097 3.4766744799879 2.48062731734467 1 44.8395610806965
"1" 1.16369893138532 1.40490350168594 3.44647050617863 5.07724702696419 7.9606548307453 11.6516748803115 -0.636798919870571 -1.20060966211549 2.5327723902261 1.43768177997505 4.26244906878827 -6.45552071861767 1 379.136073046566
"1" 3.56716288372219 3.16748866870447 2.98766119702641 5.73201701017357 6.72532014949317 12.7638165649125 2.5790074176099 1.82882732967196 2.16413012417341 1.51857608029355 4.73987093277048 -8.24675243691605 1 431.415824876929
"1" 3.35280737015332 3.50378650377908 3.31543944200053 4.46605167424582 6.97519298239976 9.52998469374558 -1.55871846028051 -0.965260103000195 2.36896897372991 0.605015952849901 3.41936187241975 -4.98542742812945 1 470.693524192871
"1" 2.01524247828547 2.13328899668054 2.94347191412255 4.32361363469703 6.69159297456754 9.62577882551159 -0.177145342835279 -0.231020445204718 2.13669489580863 1.69829001894802 2.05831744539317 -1.85413579365011 1 350.582639338438
"1" 0.721298673249069 1.69682462383712 4.6514375648461 4.9176847465028 10.51059689103 11.1015475287366 -2.19333792211247 -1.21654341104576 3.17946891478706 1.30535479543441 6.86454828940193 -9.21547687826315 1 364.231891370096
"1" 5.1298017125536 5.08144358875199 3.62410419608614 5.73372484303273 8.25760338131441 12.9935018932346 -2.68114640633477 -1.50687579127457 2.32762494974317 1.12973818780788 4.65494851390969 -7.17503327276945 1 420.066820655875
"1" 2.23757872834171 2.33100231419696 4.1412515746392 4.24938069467388 9.1138644496357 9.35925489153529 4.91413396960202 4.04237910463259 1.81778738078206 -0.631578581627908 7.02607988182211 -6.1456387206397 1 128.533911267967
"1" 2.33575508600004 2.04909558375162 3.85405565824547 2.60019309344578 6.78573716553825 8.16642702533005 5.03856407625398 5.10948405949787 0.578519151375183 -1.11584811374817 4.46803176646887 -1.14465047959471 1 -164.777418846954
"1" 4.36841099007854 5.18188075152253 3.81186753225748 3.96258136670999 8.02348923598058 8.34241248908735 -1.84792635848904 -1.27322566889583 3.01241976577632 1.36858481855692 3.23257173716858 -5.27032239146963 1 365.589566651486
"1" 1.9829681440674 1.58313697512225 4.58455824890385 2.6932104389037 8.07657405551656 8.4565969429482 4.61418041052543 4.86252198528754 0.933585336424283 -2.29952439327686 5.64899943654942 1.67313959723955 1 26.9652475705116
"1" 3.41077749052483 3.8381844460032 4.36088978050278 3.79002925287952 9.11938554962669 7.92514258075208 -1.22707924046265 -0.769918504663265 2.3359237379177 2.05652947094411 2.62171601556866 -3.32408404120003 1 301.695531368066
"1" 2.34742244866002 2.6082894553089 3.6256312248472 4.07643743604209 7.14924675393178 8.00568088523289 -0.989717896983695 -0.820700807053295 2.0954569311913 1.40866879045077 2.57495599513134 -3.11655650474665 1 423.141689090658
"1" 2.26772544626086 2.82747522008935 3.54231206737338 4.13220567231253 8.12837489372454 9.45061091143367 -1.47135181311076 -0.695972857790166 2.67746432325152 1.23112292134845 4.44595417245081 -6.70315429234083 1 381.384784947548
"1" 0.960381674706082 1.25888282918404 4.41575540479344 5.33652272529188 9.9683831133377 11.928941427918 -1.03530206065156 -0.676848090836136 2.49023590224655 1.77844131171009 4.91877911522765 -7.92070652091311 1 349.625875246369
"1" 3.31199089981895 3.3288162503545 4.33136306323436 4.65533069010855 9.26853072204117 9.96542452809048 -1.71941038819855 -0.659362711186962 2.09264048977733 1.97609168990284 3.92854820313514 -3.59117468466326 1 305.524935854644
"1" 2.44276227920316 0.566633724558668 2.16574803010672 4.27453404578768 5.20174576108538 9.81001498600824 5.07008943758088 3.98538604493139 0.0315686118132904 -0.321435077996388 2.55661529405551 -1.67788496487268 1 -93.0512788720935
"1" 1.70486140027302 1.83169285788863 4.16113220366595 4.62627292330685 9.48149868124305 10.5312553505865 -0.887331686594706 0.0591754577070402 2.34407698294823 1.80323785943392 6.63774749466783 -7.29258646289198 1 266.95048057343
"1" 0.423431719554222 0.716451397601961 4.13642768376875 4.44740341790097 9.47147917326386 10.3145455036827 -0.868988499211835 -0.210033263235146 2.21294672461195 1.3095488681016 5.35319454711286 -7.65280206883909 1 409.283400480626
"1" 1.57348382895345 2.22133682014122 4.54814077251106 4.73262866849406 9.30853035535657 9.67919845320877 -1.88431240490583 -0.837951328055217 2.76629184874407 1.37654463960688 5.59760255845452 -6.73010803193641 1 258.600493540249
"1" 3.20890276217145 3.45808827071331 3.42531608668461 4.59521652081949 7.30281831241973 9.89570092771018 -1.10293145583848 -0.876320483051815 2.29042253549564 0.614921330429098 2.51497966872557 -4.54623651104397 1 459.228586250232
"1" 2.46861579166214 2.93410724173216 4.04677658770517 4.78297382096287 8.71301416528562 10.3110481089491 -1.59169054921252 -0.966680110422025 2.7649586672173 1.28142318112554 4.70245884576901 -6.11226649849617 1 290.180975442374
"1" 2.73217600569679 2.72660070374433 3.63755272397666 4.74194158938341 7.3930800030978 9.63897384937369 -0.941902798099169 -0.737463608063403 1.94376107988525 0.923663069695248 2.56381228577705 -3.78961402470045 1 432.342933728405
"1" 2.68369029825608 2.86306171103197 3.84588621001891 4.65409725702449 8.25893914491921 10.0293802524848 -1.82794113024018 -1.02524991355921 2.09309940037109 0.954231195839754 5.32037771167899 -5.84721907418839 1 439.501021545444
"1" 4.74954346883336 5.10438115828304 3.84414237636802 4.36651114369488 7.65923882432455 8.68131139918114 -1.3970593394679 -1.01839752692027 2.7797305414171 1.64139809577774 2.77575687477528 -6.58431606958387 1 357.974773068734
"1" 13.8573758988155 13.5411291718085 3.54899715270988 2.95006696771884 6.75489275794604 7.57022403056945 -3.22044321430897 -3.48558582156622 0.0567505803215313 -2.37776688951468 4.76090905889951 -10.0015542986005 1 573.830489972575
"1" 2.34651615206619 1.81518442526911 4.00775919522887 2.50098662189041 7.36795563583141 8.16982521361262 4.84274746329878 4.97292779611307 0.358798185783005 -0.908700026061832 4.04915186387764 0.785273710955499 1 -80.7005229304395
"1" 2.50462004266518 1.86854860837577 3.28509947073083 3.29989107811665 5.87102521734305 9.67749456233434 5.06110183833475 4.98079230925894 0.421356291466784 -1.5608667482068 3.07688589567927 0.71212853185978 1 -113.661037951313
"1" 3.19725427978841 4.12837987714637 4.93799377432464 4.38547624282272 11.116481918117 9.92331476632574 -2.09242818032341 0.0211953106840223 2.3158853086439 1.13702214702188 5.38605548397743 -6.5984462153422 1 418.541916862994
"1" 3.15660500766851 3.34791075364266 3.4949022028524 4.26012464470075 7.91198100101331 9.79783015915392 -1.26016796324712 -0.881213753416029 2.15156779750152 1.04158054386488 2.67782350108791 -5.24855710800244 1 442.873720114183
"1" 2.53511107505322 2.03801345565235 4.42477450800215 4.01775014179417 8.43049613758825 9.88203703891407 4.57099087431614 4.68344757923304 0.86300474150967 -0.83731338719087 4.70555319416498 -2.08981388582583 1 22.4175009173323
"1" 2.86146467905262 2.08914789769861 3.41165628006779 4.4118430745695 7.77930579271841 10.53995444117 4.47185748499413 3.37966860929931 0.689963725047743 0.190430431681325 2.38482632259355 -14.4930646861696 1 376.011695226172
"1" 2.22887090165681 2.33818064548979 3.70141151200382 1.81909216614588 6.26286173837224 6.71287390434761 4.67522433381367 4.71076117710478 0.468748294778644 -2.09910049523066 3.12054472906972 -4.31649493446279 1 -18.7357386333006
"1" 12.2651240205344 11.7582155944734 1.88534812642028 2.67279660226322 4.42907313571133 6.71177914611239 -4.48367380420789 -3.95608526543835 -11.3383527376627 -6.95996118746467 9.50894677335563 -9.59699831531629 1 521.547508333815
"1" 4.20566023357682 4.26565216881488 3.87976496092225 4.38460364816444 8.92653898758658 10.0833610307929 -1.51249139587287 -0.276665721436086 2.33375226032022 1.76785712870199 2.56708848207456 -3.68578237958363 1 292.754535460264
"1" 8.10967004001691 7.79242433862222 3.59790971341981 4.21223078718781 6.227433844323 10.775366809357 -2.63319326072472 -1.28293294168967 0.714175989796088 -0.437429152455604 4.67810192163134 8.09012291567477 1 499.194656339792
"1" 4.10500293291583 3.56379282542705 3.63851882938091 4.39133152826302 7.66651283274562 9.1919258876664 -0.990330974912385 -0.465416208505249 1.55091659900029 1.7943566132174 3.01902948381667 -5.05959949744917 1 438.654977554364
"1" 5.63493302239092 5.50549645696681 4.34620619443323 5.21169276411422 7.60861121207647 13.6082070287491 -2.15494422864814 -0.573875313283445 1.22677214331155 0.364642770868572 2.33102353457399 7.35563934197209 1 483.92471344765
"1" 1.35792630613165 1.29747170568353 3.93950306880313 4.89020023063415 8.5247178531487 10.5850219300755 -0.0287955320812621 -0.775924316636648 2.4736141404594 1.80136507712453 4.73244641885549 -7.07697664493502 1 278.410729949976
"1" 1.41896443944849 1.67657357135777 3.73887290177867 3.98308240980189 9.56316727543146 10.1877076345045 0.571418702619426 0.790508055289649 2.52564647804679 1.76466257284255 5.08891069635112 -6.99003274250194 1 225.31588588428
"1" 2.27722453289786 2.16687728624442 3.12563725102808 4.73841346665653 8.00314983557306 11.8562304716326 4.53389228308952 4.22966587097413 1.21360768382455 0.0723471074331103 4.22859385092307 4.93651260118935 1 118.27008283442
"1" 3.90696256161165 3.40594786927202 4.02014068330013 5.5603202285562 8.8819710504985 12.2837597665423 -1.54664749535292 2.24860118175355 1.57122317662218 2.08034443666767 1.83802336725268 -5.52782886841136 1 386.015674894586
"1" 2.01076104508667 2.51080838855954 2.81018112976665 2.77359864249602 5.37432427058443 7.30341811280061 4.94450929623807 4.85688278970046 -19.2814759984068 -10.3373071508561 6.62048420216127 4.54587984806418 1 -40.3667547539972
"1" 1.85047837762528 2.58851360956694 3.36281779038806 4.20299432164605 7.54299443144427 9.33076445844877 5.27969482052206 4.24724878103348 0.463753299060615 -1.2833994676272 4.05648222962897 -1.63593672928358 1 -10.9133138799189
"1" 3.13647086969649 3.75069966512237 4.15549548261668 4.03369883010693 8.98107768195959 8.71615682058902 -1.30381049903542 -0.483796660804012 2.63907077123669 1.68379950291869 3.48696871762268 -4.66231920953466 1 292.00661451723
"1" 1.87629959401694 2.13916037803519 3.46299993132555 3.5244508493917 6.03422021779756 9.92618636836062 4.83034846778478 4.62162337649302 1.10625396223301 -0.793689785830692 3.16609898078219 1.62528805118989 1 -32.6739361968193
"1" 0.700409733970455 1.32126339654083 4.48947941556934 4.35248466870378 10.3856815264257 10.0595952576903 -2.07243214265916 -0.529714714537422 2.68466110235188 1.690764877409 6.60702579355109 -9.62197530361026 1 259.308112288176
"1" 3.77870398864518 3.9086846605146 3.19444025877158 4.20955061948108 7.80321169529454 10.2829527647679 -1.06600528585982 -0.762483300081302 2.70021762362823 1.43823156039094 1.91290581382079 -2.53170579800529 1 343.061487643021
"1" 2.44288571215487 1.76192580349283 3.15102770878458 3.81418567933 6.26745410309583 10.1188336890803 4.7723471850553 4.64313420488812 0.335438142494056 -1.26621014732605 6.87207799847983 -9.21127073701891 1 -4.00447466623336
"1" 2.54411996208695 1.41898506670536 3.82442719605691 3.21476278323787 7.73432216997165 8.73522575545853 4.53783815020954 4.80939417510146 0.65957125685653 -1.06393599384595 4.64436127804458 -2.80149763174161 1 24.7186090619598
"1" 3.12837878041174 0.0877625911310563 3.6363530029191 3.91392781686518 7.87493381374697 8.54802026242983 4.9002747634563 2.21276282309467 0.361144390831087 0.531363705022345 3.71817137925967 -3.78875787577672 1 77.0382372494296
"1" 1.62146579338527 1.7028581324565 3.95095077566968 4.01276137380898 6.22887756706391 10.663478476543 4.79357404549322 4.46368941538578 0.38800382225671 -2.8361764673793 2.60905599043712 -1.31773856305185 1 41.2395659879276
"1" 4.4327777878455 4.70148640355587 3.3661810716159 3.90908174747919 6.88709630792909 7.99693664024587 -1.87455059255325 -0.958289469420581 2.18406812694496 1.12343706279525 3.60781068831242 -6.05998048953889 1 484.404874330312
"1" 6.89630316974297 6.12759295601533 3.40085844448733 5.10940103534487 7.29231105929354 10.9497770669743 1.14815034961528 2.21683929834996 2.2335821562235 2.20710111169931 2.99326309176772 -7.44922741767531 1 368.207912287269
"1" 4.06583304785262 4.0196668185868 3.23815450681999 4.18550928752588 7.30059249707427 9.45346959002032 -1.34815768170015 -0.983384114121043 2.1288660269587 1.62305838466816 2.49221460252263 -3.10082113824369 1 458.388699713805
"1" 2.42547460041609 1.81136770646315 3.8191180191755 2.74906041057567 6.8335833422133 8.52848816029234 4.91228316651688 5.02894607663717 0.219510410630093 -0.78202702773891 3.74654522354086 0.783807734637269 1 -118.332947691948
"1" 2.82069283050914 2.71144365863093 3.05550582604075 4.54150106259572 6.53140618663959 9.68549811586315 -0.19567896101403 -0.607088310976482 2.65016419287578 1.7783397428544 0.792237793114399 -2.52022289654788 1 346.749587475977
"1" 5.84893108006605 5.64544828215776 4.30857430993208 5.44805363705296 8.95310821146926 11.4809867004542 -2.71305048633403 -1.20006626734841 1.69955146726646 1.86778266241751 4.74661790146433 -4.27761834697182 1 438.998172102658
"1" 2.04549108883954 2.25534095064032 3.61318519951673 3.53208183917821 7.36234156342715 9.21199483550164 4.71497267894414 4.48563353649129 0.670824637643918 -1.24206892392909 3.53474736343498 -1.81470901251526 1 -2.24194566448568
"1" 1.74356803288071 2.69209222375588 2.53764278121265 3.25265353069781 6.98576137665422 7.86430474892458 4.96834693461706 4.60381582653639 0.297847976667019 -0.838553002554865 4.69317376344464 -2.63964978027969 1 13.9471966944766
"1" 3.52674213165394 0.367676546492407 2.04292495991809 2.80273012453429 6.24894222692574 7.37012530186278 5.57266243290098 1.30717533677504 0.247232322460875 -1.53008555825192 3.67696722673806 -3.19009123461114 1 58.1642604025437
"1" 1.89460100192174 1.78464781464866 5.25423071534442 4.63836748453928 10.920826857749 9.5626128867263 4.61152776730389 3.34612054106949 2.24733704174815 0.9105174569895 5.87790172281933 -5.83059609240266 1 215.880124935315
"1" 2.90956161698567 3.65669523726434 3.93408256405954 4.14893535635569 8.67531768286227 9.14911631664507 -1.61371215854771 -0.841434766889097 2.82268987358746 1.17309019974507 4.05453149243775 -6.5549650419431 1 372.976550674126
"1" 6.04963377898579 6.36147632717076 4.72969286296838 4.3918829452345 10.2595360581538 9.49340058746681 -3.43744823748343 -1.08464012023397 1.88251387989283 1.37559538638562 6.93444406184743 -6.75895919285762 1 435.288300612703
"1" 2.79492821219102 3.28321958852528 4.6108244340191 4.77344615455178 10.1403430161307 10.4821920780755 -0.74480311697322 0.313851039140398 2.11970543596526 0.864084215008272 1.75963350143772 -4.45145622623028 1 428.554766368685
"1" 3.64249574635225 3.17096774536642 3.65967805793268 6.15327514134824 8.51067525582705 14.1625334554802 -1.32284446608297 -0.660654791142475 2.21349490110926 1.6731486535708 3.1387617883616 -3.16489576084439 1 385.22728297104
"1" 7.89573745816829 7.46454431130504 4.28304956811428 4.44990441884748 7.40689223729387 11.6068064257757 -0.67845203413802 -1.85521655311736 0.853641717085188 0.299295045866684 2.07327272631314 9.32349648024957 1 493.299790632178
"1" 1.17728987216322 0.900342258442927 3.37695106354914 4.44328791802956 7.81550657650524 10.3978991818217 -0.670778640431179 -0.443950855874922 1.69142222396975 1.64914626101104 5.13100536912045 -6.72428564651783 1 428.232716172273
"1" 9.75076420623091 9.41313779320123 3.4165363494744 3.231406644103 6.21883755788367 8.23060794463889 -2.15465405053831 -1.59947771918977 0.694418083214208 -0.83747572306879 3.55424258032927 9.21634126677631 1 517.143549662118
"1" 3.61182201162753 4.50049447107085 3.90888805121484 3.87211313146181 8.08674350180241 8.00035455795778 -1.49495526751907 -1.16415119458483 3.0274104405049 1.46791350773999 2.81857093032036 -5.32035228193977 1 329.627712174848
"1" 2.17454384509984 1.84057498441394 5.54992888209445 3.63477593320579 9.41713513158327 9.48675474501151 4.549158257792 4.72916756678914 0.77855240514342 -1.86660026037836 5.86310188966177 1.81331177828604 1 5.49157840030784
"1" 2.75431579762729 1.28341192920245 2.9696488508066 3.85353270246621 7.44907579315475 9.61009060148095 5.12924974060444 3.68019730004306 0.214851586509905 -1.25365579579872 2.68484974647621 -2.30816336428743 1 -64.286639487982
"1" 2.26465964496024 2.34981202559575 4.36212996660926 4.64395256853246 9.17788836692545 9.77114822290719 -0.924718052699007 -0.367723781394145 2.25228662145159 1.88814201420557 3.28946842647405 -4.11220559176832 1 264.798738166604
"1" 1.07169125573306 1.24825897565981 4.35154112707427 4.43003901359179 9.68366496026687 9.89487325907588 -1.48048940075479 -0.290667783052093 1.89442419972533 1.01673747305965 5.87303968620141 -6.86855461858879 1 426.165557422859
"1" 14.7214682668455 14.4714790306446 3.13499761104106 2.82569183708422 6.16424466213099 7.402596347647 -3.33743071974541 -1.31298161758281 0.587059339847012 -1.85296729487335 2.01055463813803 -8.36148392829935 1 517.166134006036
"1" 1.23423439719517 1.5956986055557 4.39610725894568 4.55570922665722 9.84797858934123 10.2484439601475 -1.21211668832035 -0.176343007317872 2.27061557191232 1.25056253741002 5.69083074591627 -6.8933447971738 1 409.646802840247
"1" 4.63317781235923 4.09703549763092 2.81111627994161 4.6459345336696 6.76860591366271 11.2417248442599 -1.01397609719748 -0.800022172882307 1.2277629502795 1.76892423478821 1.48291703453725 -2.65142151289985 1 523.847488968711
"1" 6.67052870465666 7.09465350383704 4.20777565658793 4.38750938338292 9.68499384157788 10.0759340015941 -1.86565811357187 -0.0280109562838575 2.3237823425063 1.73006570412031 1.16314119916295 -6.70711890229142 1 392.882638002726
"1" 0.811335518238745 0.994336826289398 4.103776373537 4.16411202903869 8.63034623102535 8.76053258112902 -0.268081647389619 -0.364746260475538 2.52108854880173 2.1373376627011 3.36300816860787 -6.73624589528744 1 204.538975623442
"1" 4.36426273769145 4.70286054879885 3.91842521347895 4.08207846094132 9.08437538258725 9.39204605422847 -1.60253414761966 -1.31201651503295 2.125224982452 0.840599761094986 3.24019341201064 -4.78866660101628 1 491.389247687783
"1" 2.85774679821712 0.833456886570623 3.50857822647906 3.95343845409072 6.63250658040535 8.5805530984037 4.65282977485561 4.83969996805236 -0.0655088766203344 -0.215194730535188 2.41189141566108 0.84212804615897 1 11.1110161087927
"1" 2.69642040212338 2.85420387686355 3.8673149339603 4.03499137842275 7.84784909850435 8.16748659513759 -1.28740713303751 -0.869596962667887 2.38788798353472 2.09672664863977 3.63530700824083 -4.22242365482475 1 289.987783324921
"1" 2.51251068820566 2.67779548412347 3.13807229949785 4.32072004963564 6.80682334981262 9.4115528173354 -0.525693891155435 -0.680975239232592 2.28945723274492 0.99237360284145 1.57318876925529 -3.48154630184237 1 411.577854609322
"1" 3.31427449340945 2.63384968848293 3.71805404557471 5.44907562285048 8.16740287206889 11.9662339099731 0.18644723509212 -0.259258196690469 2.10101898092783 2.06050072600986 2.01584372242457 -2.78401067195621 1 324.857410624301
"1" 2.12427548711587 2.25331921990068 2.11687219155886 3.13776004006335 4.04936189726642 7.6860651979545 4.97993109218565 4.82010592328232 -3.93338425603062 -9.52498847160521 7.74302674770832 -2.92109672475167 1 -58.5927256538507
"1" 2.37297538938267 1.98291497033319 3.59988687949516 3.58414514594737 6.24655503059286 9.79185506744439 4.99040511926837 4.89442313314526 0.817617146464208 -0.763999318529623 3.75254667838345 -4.12639547122827 1 -101.583049791918
