"1" 0.00380134092791824 -1.07041839717071 -0.0923594175902384 1.14801309027798 3.20650482509641 3.48906322817092 2.81339341015436 -1.39422773507483 -0.157050102561106 1 1562.2876208686
"1" -0.661689652003505 -1.21221981135053 0.324826498418902 1.34754271385308 2.03134110293668 3.30695299332505 3.5684553602226 -1.2308689162067 0.00107298625172804 1 1489.63112877665
"1" -0.497105841235992 -1.34850262653542 0.138302162540934 1.51410998992509 2.74978985672217 3.85064477206314 3.28155733270294 -0.47434395088195 0.14715197084695 1 1457.20122624357
"1" -1.92215134626577 -0.416654080632318 1.07942910174533 0.326477323509792 2.78571674510819 0.331005927387771 -1.51317995737304 4.29790763661649 -0.124187152813442 1 -1078.81958537157
"1" -1.47113306082299 -1.45601707557941 0.280300493560912 0.84594211710765 0.336166470323994 3.75576890221745 5.21106233244083 -0.706088703266052 -0.60547282838268 1 -1198.5286884837
"1" -2.18992375376374 -1.48097387746482 1.26259033392772 1.07832667027604 2.71853277969009 2.9911163704666 -1.72379578395292 -1.59283898031884 6.92984340032969 0 1979.1984598994
"1" -0.521843267318299 -1.02950004896162 0.338594275164867 0.404239035650943 0.352436720228428 2.1203744679515 4.41101374153486 -1.04059240885532 -0.320056248023058 1 -1008.02657491811
"1" -0.844614469269887 -1.06974862996764 0.36465691477828 1.4393107409454 0.394439891585247 3.61293120672974 4.51487683429787 -0.312422922332598 -0.541575595901383 1 -893.896748740684
"1" -0.43209803624438 -0.968712636804171 0.169867178959041 1.03824281474409 2.93340105807961 3.51054859527835 3.21976686915051 -1.09413366002948 0.0206635510530379 1 1521.6690511209
"1" -1.48933276510062 -0.768583230701704 0.701490603382973 1.50527211517781 1.05800122766874 3.51057687425834 4.56777789297087 -0.443182402581928 -0.308790936631743 1 734.271992737187
"1" -0.532616962035953 -0.933189101425764 0.112265014515655 0.929466084085958 2.87981151015755 3.97840596573863 3.35277663242507 -0.75239450003703 0.0393429556676789 1 1414.02578022473
"1" -0.199828848811826 -1.50217317529565 0.516546724148541 1.84159704469997 0.444705595384393 4.11817602547008 3.76675145119535 -0.276531533195873 -0.494090177491466 1 -333.76172686246
"1" -2.10753913991323 -1.53852399756689 0.996658874806245 1.27192106560815 3.27408377570479 3.17970309788545 -0.945312963845436 -1.5778180683541 7.09598307486565 1 1969.10058274418
"1" -0.502560154119091 -1.10574088566779 0.166162833432657 1.20544796048594 3.10504384421165 3.64963158788313 3.16803004571092 -0.626540217733851 0.40365361843213 1 1570.88033991478
"1" -0.645748814823809 -0.0348262226429874 0.15661202054791 0.144221012720158 2.54193058450293 3.16708679345402 3.54048249148827 2.46257031785017 -1.3318305743726 1 -151.146975586718
"1" -0.52472523390518 -1.12141593064172 0.246439387404981 1.32394680355533 0.253555378023021 3.18869985628641 4.74061239524926 -1.91960714809388 -0.00972918975686857 1 -1566.90040485207
"1" -0.959134396823056 -0.70714689515065 0.332513189302772 1.19678778778282 0.403493424483342 2.66073760692787 4.69495256676596 -1.25209809409249 -1.51260632025723 1 -755.404158700829
"1" -2.03695503899529 -1.4577484546584 1.23943342380491 1.1134982620635 2.95451099273366 3.19150109701713 -0.595697504420482 -1.37027162551207 6.81485895075498 1 2062.96490064462
"1" -0.585161411500218 -1.13051714014814 0.337336866951168 1.15592146645169 0.239646210010111 3.1502320377543 4.40489381261357 -0.570984563898174 -0.564695890104663 1 -679.451629511153
"1" -2.06104741938383 -1.56877887923083 1.07742300589906 1.09044533614961 2.70885497404177 3.06004490177059 -1.83832760527898 -4.23723171663575 5.50519036673228 0 1973.75419518814
"1" -0.568690167893869 -1.27388796574199 0.706353600939991 0.919226312827028 1.30141425369156 2.90858798720212 3.71971108717241 -1.14563732468725 -0.0535566642569057 1 925.432244140702
"1" -0.433109650880789 -1.2590218903973 0.261001420069611 1.38065809294354 0.231681584017747 3.55417127386975 4.56905001375973 -0.468971671610855 -0.353212928306375 1 -1358.53549445193
"1" -0.51470569290567 -1.34231204392074 0.168136078358396 1.65875904022645 3.12236780963924 3.98077126690172 3.21655031552309 -0.505620673579529 0.198110586836321 1 1650.47163873877
"1" -0.549134009192632 -1.06889363139283 0.387789838904797 1.43261280813804 0.397597039224739 3.96383534153981 4.27388832307107 -0.557215869195333 -0.247799407802192 1 -593.894000307911
"1" -0.667132525646883 -1.30924031378689 0.189039781488517 0.699676427745601 2.89719996958216 2.35793881860782 3.27154576313239 -2.82857399280916 -2.82223783745803 1 1522.9331934085
"1" -2.09524337392919 -1.55169957530814 1.05618276916105 1.13228217795698 2.81966484471011 2.94379786065949 -1.52490675384565 -3.21324012084792 -5.26034730370524 0 1969.07952193894
"1" -0.668990795822717 -1.47688359052846 0.201767215164455 1.80035183540707 3.00420267842442 3.82527829483354 3.27759398218564 -0.654340765105582 0.170041906760149 1 1460.76622426314
"1" -0.645971662344663 -1.37814663346549 0.49290160270358 0.946622629050701 0.453953215502748 3.18395207633686 4.09458373738181 -1.03969657249313 -0.104958103207119 1 -711.866085848847
"1" -0.63345323510789 -1.0836072817557 0.136364573562631 1.03570802011003 3.06787752746039 3.06132076286591 3.32567727406648 -1.73733142194609 -0.0421525454708368 1 1467.2402056424
"1" -0.52293994702671 -1.52170490615547 0.160476522955698 0.962259477927841 2.86957227306048 4.10308501006163 3.22687466273887 -0.598816311905732 -0.0299378003855988 1 1381.2677550912
"1" -0.550313589968105 -1.30810546876759 0.170920948518979 0.890816434281788 2.84820001192821 2.89360162206974 3.24984278088995 -0.713850186688582 -0.028144310742978 1 1495.49728963762
"1" -0.645079990267184 -1.13318595510701 0.134058477128071 1.17723360144852 2.79290833694273 2.99591337524625 3.39501773163835 -1.909912529537 1.26339414554355 1 1518.7649899129
"1" -2.13107296558506 -1.54971678412252 0.87495908451791 1.12364675895918 2.66851379366754 3.13157586759165 -7.93844136743781 -1.79136850159609 -2.18306407807139 0 1943.83923262176
"1" -2.17362109173622 -1.51535165431198 1.40713117475568 1.17978560355837 2.96538779632016 2.91468013920181 -3.57967308715889 -5.45489914518308 -2.14600997344906 0 1978.78676600276
"1" -0.689758172213485 -1.52492046278059 0.292603094997694 1.05419742106099 2.38376243119733 2.99853650063681 3.43847824380008 -1.55934866756651 -0.442113968228154 1 1241.06524035271
"1" -2.07153820389315 -1.51870799961886 1.14930717697975 1.17831286159073 3.03728264475118 3.24851345755088 -0.918961269131954 -1.04207545246856 7.12961031249263 1 2000.58115095043
"1" -0.780998525049194 -1.39150970551151 0.17913584959625 1.52301098993901 2.9633945382005 3.45501819363429 3.36420716900599 -0.576000866582292 0.0597944386634351 1 1319.60839297306
"1" -0.255862014423624 -1.34310792713508 0.290063770935049 1.1347245187756 0.300136388782164 3.11347609386412 4.34092677581166 -1.0312268835582 -0.189141963846232 1 -1239.4744019484
"1" -0.249363315389496 -1.18567532251942 0.265073317561189 1.17267165719726 0.276450568513195 3.88807731333798 4.47989486969812 -0.613868411400383 0.0104791747995921 1 -1587.79043229997
"1" -0.503291566090725 -1.37292051937187 0.175576302647146 0.618288954131932 2.83668872673914 2.36733342876606 3.2034600351512 -2.26243003470238 -0.939376025913718 1 1537.96006266555
"1" -0.234098693788457 -1.02725527038888 0.298686734612614 0.93338632449529 0.295070930446243 3.0827443421157 4.28592075262394 -1.50512769376837 -0.870706134899498 1 -741.815620340607
"1" -0.468781998887935 -1.3164007690464 0.297283647910811 1.23567911192796 2.3310701615883 3.70656868829022 3.31620730254752 -0.44621355269279 0.000836255267554888 1 1477.47312748033
"1" -0.582578283990416 -1.56420714831002 0.368645135032429 1.19322435182075 0.338977614442878 3.26594008604901 4.32533427417845 -0.89541374205444 -0.0356309156411316 1 -1232.88035278867
"1" -0.54760588882474 -1.40528789612105 0.261574598061668 1.47416560633075 2.68726641903354 3.89431735871006 3.23361611999978 -0.754603222083588 -0.268470954283615 1 1415.15761725071
"1" -1.82649218018987 -1.42025847165512 1.06661204307504 1.14668755606665 2.94547807679642 3.06035621150959 -1.90329117909723 -1.47357943281387 -4.10087688938087 0 2211.20959859045
"1" 0.423371873680344 -0.90419945478311 0.281322489806362 0.753067993872396 0.256221247191812 2.55951528029854 4.08344745220627 -2.81349099721511 0.074207940929766 1 -1386.5828457012
"1" -0.45643488154908 -1.21262264360445 0.17282087116098 1.51579079094178 3.02053935735821 3.60490749753896 3.15944931287574 -0.934008583709243 0.090995269673626 1 1557.93150388617
"1" -1.9185462906483 -1.36085837962446 1.15044882847756 1.25096590185387 3.12216093953626 3.2433696460926 -0.97432720449656 -1.25776961308724 8.15096943284641 1 2213.32451166656
"1" -0.565026385884735 -1.10749527268162 0.334168532672855 0.538971858070443 0.364227447574886 2.4752841163305 4.42404386863257 -0.867309518300676 -0.412421871694307 1 -1044.34629033913
"1" -1.54498756717925 -0.301908671165279 1.76886017961272 0.0277316774687353 3.14508036259677 3.44845642105867 -1.61323204618713 2.97736525160411 -0.303671325799053 1 1543.22023829704
"1" -0.634374471404528 -1.13563931900331 0.140947283201594 1.18529312651755 2.85857555199209 3.1900348149199 3.34648202398164 -0.810572095065938 0.364559501591524 1 1494.81860935079
"1" -0.631780883636898 -1.1230159738632 0.169007978463237 1.1990463049161 2.85289668967158 3.89329080897861 3.33883917605807 -0.577815423808499 -0.0767750698467403 1 1430.37752052451
"1" -1.98373414941891 -1.27662888639959 1.19938054609127 1.15870111558643 2.96525359643459 2.95560258475049 -1.9209386648984 -2.21815480505257 7.05555721251928 1 2256.857310937
"1" 0.0806851831764859 -1.55257003828787 0.163824577375857 1.40952188278704 0.17453078088348 4.01255537545129 4.74059914726211 -0.474250361794914 0.0207952079984789 1 -2205.16600593829
"1" -0.651247066000195 -1.29890745823819 0.178672294233758 1.41626971311526 2.71478676572965 3.54491643444163 3.37060418079231 -0.401880852337778 0.0366807230383286 1 1463.2874633194
"1" -2.18712186042046 -1.61104797492398 1.15483364466786 1.49712697917785 2.67802089491527 3.49242374114823 -1.51917555052952 -1.09000611451346 -6.88905440444494 1 1892.24646667916
"1" -2.29990563541839 -1.57189911728411 1.01312772635787 1.18644970202797 2.97708307787967 3.01712132155647 -1.32496121821826 -3.30459636626581 -5.27614513011925 0 1858.06368327465
"1" -0.552953123807597 -1.50072716823991 0.224764267082208 1.33390237073634 2.5313910179383 3.49460696880814 3.45931374053979 -0.857878384414075 0.109145223544653 1 1376.98665468872
"1" -0.505030461411904 -1.42664959858717 0.181910757146645 1.16923471678748 2.96805624327153 2.71254500453054 3.18578768380896 -1.30685545515899 -0.734406172455607 1 1390.82588032101
"1" -1.0020990632817 -0.972846207992351 0.221040860999172 0.858092679222375 0.25127080067912 3.79950792958081 5.12142105973821 -0.797460803420112 -0.357304085189272 1 -1382.03337090289
"1" -2.15742682024672 -1.7122296132374 1.26939955942565 1.21859493002987 2.89272005187125 3.09715190528472 -7.09583822300068 -7.17856081593982 -1.08952595285806 0 1838.15424319596
"1" -2.10747842957945 -1.522142673565 1.01666661063882 1.15322362428272 3.05579741614145 3.21329590242253 -0.868688028487958 -0.924615861490223 7.19439492857378 1 1965.58872728767
"1" -0.59977705239422 -1.17359800456898 0.287114227660393 1.19048279398952 0.29974030178555 3.40771131774449 4.56578198544931 -0.23527504732793 -0.253636697191814 1 -1134.72225369915
"1" -0.498575327151308 -1.35502970758472 0.180034235804971 1.2572780826672 2.76960554093119 3.43881616202577 3.22849797407736 -0.845065027335682 0.37496756009098 1 1406.71310486402
"1" -2.54344352016953 -1.30887042884429 0.278084651452241 0.320236287958586 1.96398585232537 3.32541499672602 5.15736049308526 3.72155457004473 -0.416726701423733 1 -15.0154182934893
"1" -0.668920178848931 -1.52666368135171 0.19125250232673 1.57066806994212 2.80638473810061 3.77737791584374 3.31815576190426 -0.756060641110797 0.172751900388548 1 1283.44860659877
"1" -0.444059693509608 -1.44161461759633 0.155392062443085 1.47150277655423 2.87540752048262 3.86841458293681 3.15900282075043 -0.502966317525615 0.0700410327288172 1 1493.37697345211
"1" -1.01837325275208 -1.04865904894952 0.195584785068505 1.41679576982508 2.58172439440531 3.78468095371155 3.67479047700074 -0.427626319981476 0.342592387578569 1 1392.04154125016
"1" -0.330236751265532 -1.41854517351799 0.312175990020657 1.26262653649717 0.316724280595845 3.61838762209234 4.30457820118104 -0.525025821528707 -0.303907160437353 1 -1236.38208979351
"1" -0.505218484303137 -1.31040001749269 0.157717697173891 1.70487265550146 2.76550913325805 4.17981100734299 3.24628871521605 -0.691181808383542 0.116793573452847 1 1506.12347739985
"1" 0.102071427637133 -1.203172451066 0.210442241708017 0.982547442752086 0.231416390614745 3.44095507341447 4.47148007486892 -1.36614257228267 -0.397614312718345 1 -1542.21153590529
"1" -0.697492299925928 -0.914252613964539 0.304905424242471 1.21825162625811 0.344997688744028 3.872506214142 4.61809058409361 -0.106649316814819 -0.509778838646241 1 -894.976028938261
"1" -0.552527145727365 -1.04693145956116 0.184488719986645 1.41218264930152 2.80267671859494 3.57186877031521 3.35537889662177 -0.50156892877534 0.0947245327594622 1 1631.40939829724
"1" -0.932283852141425 -1.00013005784807 0.368004491067706 1.31755176856267 0.402900645432743 3.05223120407676 4.58076778073605 -0.229781746983451 -0.376825885094074 1 -784.591422622558
"1" -1.85878153263428 -1.38165893856229 1.13614237712263 1.15047524236473 2.99253905252957 3.06528680632765 -1.68072856117092 -2.2923976884413 -6.67246430784453 0 2230.98251333776
"1" -0.211574665042097 -1.18994632322104 0.267321236347326 1.43925506182719 0.275397799152413 3.97893569887429 4.43898481161338 -0.540103479912521 -0.172151116988408 1 -1318.56122831744
"1" -0.959282599661367 -1.72890545287613 0.365134398729174 1.22738019771602 0.411942095290463 3.4189317128466 4.59933326762134 -0.595137968171709 -1.15878168589381 1 -897.690057991138
"1" -0.149752491157407 -0.91081558662369 0.171311074950523 1.5752509163535 2.80011808122198 4.02027677157644 3.10233405578615 -0.882828794446714 -0.185057938232606 1 1568.62842423436
"1" -0.810698860111786 -1.67576439330863 0.157774062080176 0.8059262228958 3.14407671605918 2.67262401460181 3.33038802863027 -1.63437008128151 0.956363334012246 1 1237.88393177306
