"1" -10.2285434003293 -0.901547236545698 1.01687819880798 1.44068389707199 2.8434662886295 4.32565274998862 6.11312319990631 -6.85580507104013 -10.8076787938249 1 1198.44477813297
"1" -1.67759644312465 -1.40674245966608 1.04124468055986 1.48223009271222 3.1109399283636 3.79201098110903 -7.94397523400348 -3.39719745472363 1.02538679062644 0 1147.88612133461
"1" -1.72397365370435 -1.39024135585968 0.739147052988124 1.39476341866209 2.50317452494604 3.64561440168328 -4.22058724713065 -2.40238944513528 6.29101493479094 0 1133.1206340194
"1" -12.0267069616936 -1.60920045853322 1.17681790973114 1.56405790869037 3.31126042232041 4.11392205850693 7.5074659796458 -9.90450867090712 -10.8124747705321 1 959.562762912637
"1" -1.85211953841931 -1.26821457744528 1.16289776020309 1.38875790359546 3.30054533084893 4.30563054101019 -0.742535393862339 -4.16900372975349 -7.26007829605283 1 1206.00105001882
"1" -1.59184779655549 -1.24675783982762 1.26286078640949 1.60405737036842 3.52942185357901 4.48410728405454 -15.6581941132857 -19.877911194707 -6.85262104941211 1 1220.14096338401
"1" -1.70285649306286 -1.37009056706351 1.10805366232778 1.40238730585134 3.25427285501448 3.87580525317123 -1.52169544919556 -2.7763716860032 -6.72383547602526 1 1194.99133638051
"1" -12.4596062896264 -1.52743559341758 0.946340544957879 1.50575003725868 3.10828483751112 4.04475863690578 7.65248800923798 -12.8829057955679 -7.44920187339522 1 955.394295173921
"1" -1.73216464033457 -1.37342299974647 0.815976930642969 1.55527416734165 2.86634672676158 4.30948823332695 -3.58395221038982 -3.18734744287326 -6.39134127637797 1 1133.77122248389
"1" -1.53883934137624 -1.15810666924811 0.957275096191607 1.5692382008831 3.04270821512711 4.33557152746939 -7.293587575855 -2.97969408725605 -2.36294426036031 0 1275.38598016281
"1" -1.54995263088623 -1.34650761915261 0.825559868397675 1.45420697417675 3.23374763349456 4.07320626780694 -1.65041977950969 -2.32077155597941 -0.770056907840858 0 1235.47021363634
"1" -1.68474747077681 -1.20893261165367 1.57608003570462 1.94747892430545 3.88796702254205 4.69265063421948 -1.81744832543876 -4.02141207265509 0.0812389484296909 0 1218.89780812244
"1" -1.70797632057604 -1.31499962777968 1.31364974853897 1.33187646874148 3.19916723296692 3.72447618023492 -1.8696832762762 -5.64950326175157 5.96602728937327 0 1191.35652163346
"1" -12.4070052876728 -1.50018398601639 1.13055155193686 1.38604621450335 3.19356119018723 3.76378563451389 7.8270129502595 -5.61267931436667 -6.59289883523115 1 1011.19542229012
"1" -1.67966181611905 -1.40033129553465 1.08597578856324 1.46247289377273 3.62887255929549 3.88608480966708 -3.96036137287632 -2.2198525004711 -6.20913444704674 0 1161.83772709373
"1" -1.63112410979782 -1.4173723062772 0.954152315810297 1.75559118400025 3.31559682159005 4.23656494468 -15.065832359075 -17.6851233379996 -5.46570879288712 1 1142.03986771034
"1" -12.1445015537585 -1.48320939992824 1.16871816617349 1.62458518743051 3.22803190778702 4.23550862212448 7.6263852258378 -5.52713196711 -5.15759355139036 0 1027.09545048193
"1" -1.66433025728851 -1.4943870198294 0.997074661318175 1.66407872978152 3.28622735489073 4.28049626912162 -14.7309798149612 -17.7702315571049 1.78065128080143 0 1105.92252200244
"1" -1.57251989240255 -1.33623938531573 0.778465558253481 1.5073454517431 2.40765111694976 3.92163114587958 -4.03889995528033 -3.17579542102194 -6.7100180675262 0 1198.19844736157
"1" -1.55299160537576 -1.27201905887197 1.07926818691586 1.57484766657261 3.16482155203716 4.60429904024582 -13.1193117673593 -14.9716224628977 -3.77457772568628 0 1219.75786691913
"1" -1.69633203941336 -1.3044065184229 0.854274863854591 1.51781498614436 2.86209210427459 3.98075530124772 -0.775420511815254 -7.38292883711407 -5.06950124553923 0 1224.60248074707
"1" -1.86530066697722 -1.47823361104403 1.1080739915065 1.54280556692447 3.01159342417642 4.03457461422263 -1.52328547887328 -3.27286261824241 6.63229533622617 1 1083.29386272427
"1" -1.77851749158496 -1.32289856505595 0.967778356775816 1.27639416636509 2.75472441231971 3.35952702279881 -1.06274489262489 -4.3680029575685 -6.28685927602834 0 1198.70260073502
"1" -18.2202822514746 -10.4583426783405 1.06117821985173 1.53851034900441 3.2797418819775 4.10448457540783 10.665358644836 6.34097251959221 -13.9867505310252 1 973.776434625308
"1" -1.66296844411155 -1.45392349723374 0.982026717248242 1.47756135684988 2.83895644883989 3.71587947013265 -15.5952661994574 -15.3352329271437 1.29226316725243 0 1131.52734404515
"1" -1.62416330920407 -1.19262585577935 1.33078585421491 1.39695847146463 3.28942092739465 3.62975483120151 -3.67871862345907 -3.68346067482578 -6.26708968004756 0 1259.37293292949
"1" -1.79368005447118 -1.35288055481036 0.955590471895974 1.21641956114305 2.96697482577751 3.41226663011283 -1.0781399846718 -2.95006904789499 -6.41460627455253 0 1190.53841299143
"1" -1.61281500821364 -1.08593366186698 1.41660370938874 1.53826446563784 3.56521903860288 4.0110584530899 -4.76769794717697 -2.50392042320145 6.40715579355606 0 1296.04599463624
"1" -1.42924705816093 -1.36583400852429 0.703284642948041 1.5870044527378 2.90720177953826 4.22571189749942 -1.87238821184044 -5.27820843707648 5.90264852444563 0 1227.4301476614
"1" -12.0249287450001 -1.4183161367905 1.26591805388757 1.41072690199126 3.39663765903187 3.8258710776434 7.47818538877004 -19.5739927387028 -6.46732837181089 0 1084.70426075291
"1" -12.6189017003837 -1.46801877179861 1.1812811016225 1.5081366567487 3.71604821977008 4.1254344105628 7.89748497954601 -10.2272388921794 -9.25888002618117 1 1004.25184594957
"1" -1.39889403221168 -1.33839613125412 0.798343466061177 1.64711787955602 2.57549839156446 4.28973694580358 -2.48806029621982 -4.73480691790156 -5.9826387186558 0 1252.92785566466
"1" -1.73584999563747 -1.37011297783265 0.964751802462522 1.32993254814021 2.65702642603669 3.57784905763895 -4.21595748182052 -3.54769962914876 6.02133015463453 0 1145.0237724434
"1" -1.67720003675444 -1.55967076523539 1.35038145268416 1.86740176493197 3.36172465771893 5.17765910367889 -4.20567787834166 -2.30272859547764 -2.7165267087648 0 1090.57421373132
"1" -1.78610279487067 -1.31014323748213 0.653654357849688 1.85276670994928 2.55892536206958 4.7830961450261 -3.0757232953675 -2.44289167287279 6.7703674243076 1 1119.57960121659
"1" -1.53674487239128 -1.15957046023149 0.867029536180363 1.67818089232541 2.93082927078162 4.1296225437601 -3.79166992421803 -2.30090462481364 -6.27544523870144 0 1288.74262378069
"1" -1.84494455281083 -1.45672656747395 0.851115206270425 1.55207249826016 2.89289652945184 4.3718260469703 -0.949752690773521 -3.48087624158633 -6.35290494023998 1 1119.60473641636
"1" -1.79633998392565 -1.43652834281924 0.808973689134551 1.50151571384132 2.79689569877905 4.25759393617827 -6.00570118569775 -14.1473998073054 -7.96302485692621 1 1081.18784585804
"1" -1.68552483621524 -1.54614839262838 1.11856740087117 1.46282078129413 3.4064128812376 3.70658881247339 -13.4461276073768 -16.158542680939 -5.13023137547381 0 1092.71317394541
"1" -1.66754206506387 -1.35348777182736 0.929898054742824 1.47339673703935 2.88810768875903 3.75289377966057 -1.56281821188338 -3.49153032738469 -6.63793132759646 1 1201.20143355342
"1" -12.5628148939595 -1.51112145203099 1.24699484407614 1.45159199073382 3.38547407987584 4.04547542669831 7.85937412537885 -13.5046638960829 -8.52983738320169 1 1004.47027989577
"1" -11.5486228742907 -1.33382028133287 1.26403236859176 1.54817238584845 3.62987433208393 4.12034715179779 6.93853639436583 -12.9881109657035 -8.8151916472153 1 1116.88926275313
"1" -1.72915620785034 -1.4587893141253 0.905553855054648 1.34319535336444 2.71212559550283 3.64698413091704 -9.84099436752254 -9.73975891703694 -0.419274072634638 0 1106.23757417949
"1" -1.67636326440834 -1.45283633963678 1.1392596323969 1.69568365132353 3.30744220742338 4.18137696292261 -1.99244341016675 -9.31528904454323 -0.544440119440962 0 1139.00866408253
"1" -1.81756617529983 -1.39992241552833 1.08648279381002 1.20455150587767 3.376617630535 3.32572503664401 -1.17519270957946 -3.81981486400906 -1.92585165100684 0 1154.13786537116
"1" -12.6653581200059 -1.45886345503394 1.09667307400847 1.40056720402368 2.95605734003555 3.70583764073426 7.87689555986194 -5.62978300116328 -6.38944521318091 0 968.265875138135
"1" -12.434032267309 -1.55215717394661 1.63143276049493 1.60181722630051 3.46981181409878 4.09467118597557 7.6593328526763 -15.9547391982889 -7.44559970654604 1 957.718810177355
"1" -1.70297723182052 -1.48714927623357 1.43304884293077 1.63432378282412 2.87950413447955 4.24250899933826 -3.93896711850194 -2.7677127003472 -6.20859069151124 0 1124.2344093305
"1" -1.59396959270006 -1.29430014208223 0.937859542249044 1.4995228474713 2.81796887636902 4.23491995428588 -1.76752164096506 -3.70754792532991 -6.90621404929658 1 1231.77106018266
"1" -12.4616995418815 -1.59793200506717 1.34012774589425 1.36271853654576 3.34733863997147 3.62592587023943 7.63665072542748 -5.69976685307942 -3.59603570464846 0 898.272125411972
"1" -1.40939100627103 -1.23527136988524 0.774874823496939 1.21478623734882 2.79610425208026 3.53681819449315 -8.28684980512381 -2.55012075784746 -1.86503414822704 0 1290.06987044736
"1" -12.3300383057148 -1.62255996310334 1.04163159680025 1.57869875460286 3.34710044490115 4.07462758197403 7.77572431728136 -7.77374274916534 -8.59368833389563 1 934.144157596884
"1" -1.69074535455418 -1.3506273149189 0.782020680386913 1.47608156242685 2.80161378805366 3.87879302673595 -12.4227245544385 -12.1091162998216 -0.0309647109688737 0 1148.16001604609
"1" -8.72266224608655 -1.53183171643478 1.07767545102944 1.93578205962988 3.28111572344551 5.05721094559953 6.28051821339145 -15.9647501726169 -10.5579977167708 1 962.851010739329
"1" -1.6550780845831 -1.56781963794746 0.888085288239113 1.30571645460668 2.91595944546232 3.76565935756674 -2.17960193359653 -12.7156714025577 -0.332050673873013 0 1100.24692387869
"1" -12.3683970198543 -1.44823544080376 1.4331011417013 1.56096946837958 3.50187769492727 3.98239102559243 7.81937470557887 -5.64651085536485 -5.69149590543641 0 1031.45730725235
"1" -12.3466162225608 -1.60996110540283 1.4322677702478 1.60661864167515 3.69874700663142 3.76996736450999 7.8598031747893 -10.0330524850193 -8.72347919804402 1 959.380578845461
"1" -1.67126314262289 -1.28080508574999 0.85705032898465 1.53208994442318 2.7723430007311 4.27909916971003 -14.3184850143552 -20.0826751570542 2.16560561232608 0 1178.35892535144
"1" -1.50861032121111 -1.39910029080513 1.01859035056237 1.55217667799961 3.33070912040829 4.06904276098713 -5.08554548880125 -1.20019050957394 -5.50108624489556 0 1238.2880625144
"1" -7.08449887044433 -1.09293346686283 1.30862851850721 1.36418501458985 3.94229693372207 3.53699421610378 5.45456419589221 -13.704167559055 -11.5653036008008 1 1063.31131949253
"1" -12.0738970832266 -1.34324425934676 1.29630472897643 1.61217097399009 3.65636525977784 4.34519614085789 7.410222186547 -5.43820823982809 -3.1082614792867 0 1009.25724470156
"1" -1.60734635554512 -1.18730464411956 1.21079282962079 1.50121633901587 3.45093134038597 3.79003071487463 -1.83782973503462 -7.18913194357565 -5.20824217679812 0 1271.25882388462
"1" -1.65972909768351 -1.23348542536087 1.25696787023915 1.54220430599156 3.50064978378382 4.42689310721442 -3.65579116822019 -3.62522202381389 -6.529996451637 1 1214.85781681638
"1" -1.48331235089169 -1.22146645833016 0.993050749341341 1.37030766947612 2.92026570136032 3.83044442669986 -1.57862269417551 -6.9051837203935 -5.21783391165845 0 1298.99792787248
"1" -1.43881534167741 -1.27526567721914 0.653669145914181 1.60437180076575 2.80734437775844 4.15081600425512 -2.30061973593595 -4.79021306225908 -6.02948361922192 0 1254.05719555156
"1" -1.70049116354571 -1.27098651233213 0.990791060775766 1.39229343258135 2.81286416463442 3.92425448903843 -1.81430066403472 -6.09569123949421 2.03064067448988 0 1202.66036510366
"1" -1.83148942507439 -1.50524777592243 0.948689966732857 1.54292774704933 2.93873464148363 4.04919830982638 -14.4790722502527 -23.4748855153072 -3.75367687693831 0 1055.97219545865
"1" -1.52840123646789 -1.32415963725925 0.973183483997624 1.59197324082298 2.90784776617275 4.06579534283227 -12.2990357036597 -2.33012193939724 -2.93377840218691 0 1227.00379607203
"1" -1.76364474067511 -1.249945322352 1.1432504832934 1.6635909170454 3.15871243830003 4.2175003427406 -3.43806104993364 -2.22141033962118 6.55619675564559 0 1185.50714625667
"1" -1.92630110395294 -1.58545968819572 0.845907657741117 1.75191809715353 2.46629483022455 4.28534502646471 -12.8483315430132 -31.4773283688287 6.4719427661105 1 992.673295609746
"1" -1.62425558486054 -1.08728539805457 1.23574618194854 1.65551894045469 2.94746022969313 4.53800633347513 -10.7495254316316 -13.8473056204736 5.87064542635448 0 1277.0062678915
"1" -1.8949251610601 -1.43152039557538 0.849899717636013 1.66057325856994 2.88652391327864 4.13777649257861 -0.725778322807734 -4.10198097302112 -6.38591515668937 0 1126.43850576789
"1" -12.450396514942 -1.30331890882543 1.17604014165046 1.83185753792105 3.2570393000682 4.51428438519628 7.86333949350247 -7.66556894754727 -8.8924644614542 1 1100.5621170427
"1" -12.1518221941212 -1.50865082356404 1.35545460474534 1.35291439748172 3.34380441395368 4.0124354589516 7.61673539024334 -5.52985579217277 -3.18955204356581 0 1002.64457802331
"1" -12.5044519158457 -1.35475651844246 0.968453083966587 1.56849782057478 3.15737148132198 3.92780477063041 7.84914395117323 -5.52854886220262 -6.39665116061228 0 1034.50497340191
"1" -12.5475056631834 -1.71511723649823 1.23115462195379 1.65245156020325 3.5239644084251 4.40401236774366 7.78224521950277 -10.4329897523165 -8.75071136718577 1 864.109224320868
"1" -1.5740027077365 -1.15180071083202 1.13094351845429 1.4894231465589 2.96446755456249 4.11993816919623 -1.89340616823034 -5.29727129630062 -5.54538889724863 0 1293.04135177417
"1" -1.72386692445497 -1.51783100574525 1.03643547317137 1.69809064589612 3.18421035314784 4.31629090822683 -9.74191020371732 -1.93961752369718 -1.93607247703993 0 1099.08306512173
"1" -1.83985451029545 -1.60815963281857 1.11805855393143 1.28984218821632 3.28202204854081 3.84355702323249 -4.06835045619142 -1.67954693444088 -3.53393001732203 0 1052.66662390229
"1" -1.68620942664359 -1.36455269687046 1.09203083464675 1.42936306371467 3.0723878285964 3.78502784865117 -3.79966108187061 -3.14422449598878 -6.48106692245345 0 1170.11077136593
"1" -12.2918657356293 -1.53377049875197 1.28697389371539 1.33607901760128 3.96369885898539 3.66826363503105 7.74979565703196 -15.2649501506911 -9.99644686431277 1 1027.89524290848
"1" -1.65330488623435 -1.44393799292554 0.717307095651002 1.49522380917776 2.64604605255749 3.95847542417713 -2.10824173403005 -1.84222410168181 -5.14247540539771 0 1167.30837195731
"1" -1.87355772694989 -1.52448619027215 0.888467560037955 1.59540087857439 2.67956552142356 4.10625312491451 -17.5799474726299 -22.0321820323954 7.82020590481226 1 1034.40163747373
"1" -1.76166676116589 -1.55390509070673 1.30450467103371 1.3681665351432 3.8774059694247 4.11068918163291 -5.60565310158316 -6.25248294809269 2.49344350847944 0 1059.05710086557
"1" -1.86977962028854 -1.60133047817431 0.963011780727646 1.50319081496618 3.08041461508817 3.61581670751289 -14.7240337051884 -20.1152727197557 -2.91458196401443 0 1017.12000213647
"1" -1.69993308151809 -1.20037330717661 0.8379947592038 1.36437247399859 2.63839415068401 3.87665748717518 -0.789969770857483 -4.31863405739433 -8.42092594327957 1 1271.66466508651
"1" -1.60391309904715 -1.29218460359745 1.36055656990232 1.64398063518493 3.47847358172582 4.17787528649181 -1.85158275663559 -3.45529588569884 -7.33921645372665 1 1237.07658890444
"1" -1.74703897376988 -1.38735318943616 1.15006011819036 1.30442915503748 2.91272143402178 3.72532474183873 -14.3175844886477 -22.5408145645287 1.57148583136248 0 1134.53826779491
"1" -1.71356788727951 -1.51002111437554 0.832949632380143 1.64614993367352 3.11207875055354 4.07366020261328 -1.75430996809645 -5.41723038866183 -1.85276312962589 0 1105.1946570024
"1" -1.35641871366688 -1.15104680637449 0.794920546646854 1.6213200413751 2.74370065931618 4.23042605063076 -14.3469912509032 -14.6404015039443 0.0391709236599875 0 1322.58407914325
"1" -1.55693344396618 -1.34039426859658 1.09385634320034 1.50398088641362 3.37814782158906 4.15449069434039 -13.3414150207324 -13.8934203642863 6.08119978265654 0 1199.78660174802
"1" -12.5316021126656 -1.49061977076209 0.915237948145236 1.5219649213765 3.30570229056896 4.05229467020253 7.86681606093643 -11.7219488790583 -8.34942158296662 1 1027.64232388645
"1" -1.54014502157509 -1.09755044484839 0.959949462314614 1.39019168464902 2.98077595029078 3.69858724993184 -12.7326273928356 -13.4532719684023 4.53101702285945 0 1304.93389989905
"1" -1.70219554978429 -1.45319516507625 1.1588428127721 1.49800298446262 3.24294473174863 3.83310745143421 -1.08592017416982 -2.81292531668178 -6.51970296316123 1 1185.41207387145
"1" -1.66462282826759 -1.19754542474568 1.06118589130842 1.41203263947425 3.10115219409602 3.78088922161524 -0.710101276481356 -3.26265295470619 -7.34938842318497 0 1310.89583427055
"1" -10.3373602211357 -1.4719189894662 1.30791336896326 1.19780663421192 3.14664422881866 3.61451682720168 7.02872948746844 -15.0271344335345 -9.85252081192368 1 1042.15964990474
"1" -1.5903225919424 -1.12479434958535 1.18049809190758 1.34160103424888 3.6617338820624 3.87284055022374 -4.69993618244451 -5.22287101967053 2.80114710202027 0 1277.24085238796
"1" -1.53998174578781 -1.39348877786227 0.88065601277103 1.57267201758125 2.6017910725795 4.09073267338491 -1.48212274262408 -3.42252485742643 -6.7415007201894 0 1223.65720284755
"1" -1.62212356491939 -1.18251797161484 1.06535122637866 1.37227065686493 3.0123164334512 3.6564033623675 -1.52245253446415 -3.83281830004623 -6.43704553715603 1 1286.59338141649
"1" -1.76437989909471 -1.40889718363998 0.996195451518243 1.73615503061633 3.08986426225149 4.14450365257888 -1.25191203130074 -4.35258537782921 -7.40715964609913 1 1151.02385768844
