"1" -1.81718385739251 -1.29290297511857 1.22412395258863 1.6015175609029 3.1536365990804 4.07750438468774 -1.09991520386006 -4.3856758760279 -6.1691456847343 0 2414.6776441955
"1" -1.67611648866134 -1.32020585884639 0.830548095079684 1.53767795036873 2.62913378058057 4.08659572193996 -5.10178359687189 -3.83501331957861 -3.19150322683708 0 2363.92436097146
"1" -1.63324757488914 -1.30868020551664 0.925692905233314 1.38496654591592 2.86871467086429 3.81926553123645 -5.31793922927058 -3.67363300307951 -2.50134452686113 0 2417.24690418263
"1" -1.55877966946821 -1.18949792051634 0.998408753190397 1.47886193536527 3.09188480778004 3.88939027406475 -2.42576019735527 -6.71707475664139 -1.89824099068162 0 2574.02966233468
"1" -1.67181771787946 -1.22638693134523 1.14208723826528 1.83297045892334 3.39817416497416 4.54184486028386 -4.95368405766637 -3.97468095069883 -3.25850825387106 0 2442.87870463607
"1" -12.3386809872001 -1.53841529209086 1.20299046085859 1.55369319001067 3.51402861884542 4.26795194624753 7.73721805745558 -5.19258856005923 -5.910214338421 0 1970.45735854049
"1" -10.1745068576349 -0.703022852680231 2.0501637716062 2.23128825240186 5.24635159288524 4.66191986543627 6.73913246028842 -17.8926015498681 -12.816267206888 1 2201.46227110602
"1" -1.51422562513962 -1.16690287027925 1.1522440804706 1.49450124672034 3.00636746779696 3.9957650847649 -2.64959372835974 -14.8610195673461 1.40394154491332 0 2620.24240099121
"1" -1.79321851840181 -1.40604247407254 1.1425572056486 1.56394875925467 3.39236839874535 4.41080437433141 -15.9863835946849 -36.4265445125603 -3.40433533913321 0 2234.1617505246
"1" -1.70604879407702 -1.44868839422332 0.717897909467688 1.28583129373445 2.82646200149973 3.77553682330793 -5.52378099225289 -3.2319784241318 -2.87899917133023 0 2246.19248158426
"1" -1.8096901606232 -1.3937603149063 1.09531435448863 1.50642925023056 2.90748806035316 3.74018781968394 -1.3078754285059 -5.0182551024591 -6.83404220203697 1 2323.92743201321
"1" -12.4072285551322 -1.40987844999791 1.16789872154247 1.41491287223372 3.15539743403122 3.9909200706432 7.79765772054325 -8.38484434955071 -8.58729452924176 1 2142.60181565073
"1" -11.5362471058317 -1.3951039224444 1.62180621121099 1.10744121598608 4.2678200916255 3.28505779534193 8.95083655160845 -8.35142291590684 -9.71341701020581 1 2089.8359127992
"1" -1.64298535012588 -1.22282272786881 1.11424009920538 1.54036475141351 3.22043154212069 4.18875131438686 -4.92936794534334 -3.99991258666857 -2.78153614386864 0 2479.97547386872
"1" -1.74721534145982 -1.53640421739819 1.08614070488168 1.47726429992369 3.0273226406429 4.18476458328858 -6.21362178344415 -3.21898507509742 2.03726952590381 0 2180.80675557269
"1" -1.69423478630963 -1.38105247325984 0.94215730699642 1.72632737167386 2.79078785702978 4.34832708581304 -1.8420631260138 -5.45079752496301 -5.4679769363097 0 2343.72327015887
"1" -1.80169716065368 -1.40704978495077 1.25235030631581 1.53932434157434 3.60847265328082 3.91340922278631 -3.22948251051311 -14.0774903368292 -8.27058531154876 1 2249.95549833647
"1" -1.41307286066226 -1.12550993175502 0.908382052182251 1.28786941840508 2.7553987689693 3.91423249211605 -11.5862766831457 -13.3162202954972 -2.27595920600639 0 2684.34984194121
"1" -12.2629204373091 -1.41967291554682 1.15125201211414 1.37698117562281 3.34082131209821 3.81807820783571 7.72736608736364 -5.0668131129122 -4.07774106464827 0 2107.79988671254
"1" -1.67289788648585 -1.40999753555347 0.851492582915644 1.51330974062405 3.07415110309652 4.30744827316382 -9.76666317776578 -10.0952391432731 2.35473634005768 0 2287.95074367616
"1" -1.72299720392526 -1.49303327593576 1.03795020065571 1.52983002355555 3.01949612570446 4.21519770409688 -5.48303564868712 -3.14951396178764 -3.84972020792255 0 2228.33540571365
"1" -1.76731541672373 -1.26846239014725 1.23619794150533 1.47308892122989 3.25351044509084 3.84037322331211 -13.0820369320458 -24.46996103843 4.37115859561237 0 2375.19820044196
"1" -1.70572873724439 -1.25946821327543 0.946170480175156 1.60086220670746 2.97955831033716 4.22823673659163 -5.22981231889606 -3.03561834993813 -3.26772234191072 0 2409.95860646633
"1" -1.65670376152385 -1.42982327025339 0.98419592558438 1.66412962421519 3.05632682951585 4.41343052454857 -2.1195969404744 -5.52623141674108 -5.40734471005049 0 2324.61732351774
"1" -1.6634357944315 -1.30972051836025 1.1131164871097 1.6097920498688 3.36144772066856 4.24978578663785 -5.33431630804603 -3.7298340430943 -3.8629598516221 0 2396.15870927452
"1" -1.61302461924121 -1.27708074979049 1.05748107456862 1.66571782974419 3.03392997416803 4.37767388543022 -2.09345071473269 -4.65090141329481 -2.46881780634521 0 2476.85122191667
"1" -1.66480478462449 -1.33068052342906 0.95285237163328 1.57220249428003 3.04194400286714 3.99834695645161 -5.89967095842111 -2.38804447797736 -2.668354580691 0 2395.86170000953
"1" -1.70914741200368 -1.31607652067804 0.852099177272486 1.44708696991101 2.69595369559382 4.05290767101825 -5.64357741906441 -3.82270997670788 3.47439165264958 0 2347.46151762802
"1" -1.61804379794071 -1.33062462795469 1.08963733313292 1.27289927957387 3.35508130227289 3.54249948967655 -6.51137291055012 -3.70561318933995 1.34498982378055 0 2418.64706749369
"1" -1.72225727244962 -1.22767373870099 1.00027221214839 1.59602381511547 3.21442878533112 4.15760722701613 -4.2307985985852 -13.242128723991 -8.41582838281198 1 2416.67495833867
"1" -1.73798071066772 -1.24118397024107 1.16741016853363 1.54878455073799 3.29787721110255 4.14673606768476 -3.53817534161913 -3.49672638558234 6.29205135536988 0 2410.72694238662
"1" -1.63269110941325 -1.3458589654235 1.07584270996234 1.50274124003986 2.87349891256799 4.31189282247408 -11.7758614399745 -14.0874572809488 -1.38561399105651 0 2379.17022408801
"1" -1.68941235074184 -1.43523633820533 1.08822593638582 1.56874977673644 3.20426583598138 4.07273625634163 -13.7146838239402 -18.273161095154 -4.46790551481696 0 2281.37751142768
"1" -11.460531664882 -0.651030199859501 1.46716084106806 1.73619061116013 3.28199120762449 3.85190476288382 7.47515798992852 -19.6689785388872 -14.7611549813532 1 2064.61358165735
"1" -1.76453618305742 -1.44784029051238 1.30449503813013 1.60636218098605 3.42224020816607 4.17966669403316 -1.63600551568701 -5.28284522492725 -5.8627891221895 0 2281.99679344322
"1" -1.66184767315628 -1.36137822891577 1.01751876354616 1.66395084671777 2.86418800642845 4.14476469470386 -5.26927212375904 -3.5513437273701 -2.76336041043094 0 2357.98156316055
"1" -12.1729422187302 -1.52284774545495 1.13172770380604 1.72551186704383 3.26425217712055 4.52923273763779 7.71646982976214 -5.13498385506567 -3.84275818126635 0 2073.02984645374
"1" -12.3831056276268 -1.44785230352681 1.07499356334597 1.55444976490924 2.99089645070462 4.12278519336507 7.83176983269738 -5.09716333068594 -5.89363115111274 0 2080.40915563794
"1" -1.74490506163964 -1.31949253700288 1.14495664027395 1.52479931113464 3.06123982885267 3.73349019775591 -13.2860334017654 -19.4186491428064 0.510092215048312 0 2347.56203120761
"1" -1.62973693365363 -1.45615370126078 1.14920841686751 1.45786578255047 3.09588027094791 4.16869036601859 -5.56570415885892 -3.32032348983295 -2.20957505348309 0 2318.61289430596
"1" -1.63518488109032 -1.25716329525915 0.954612436737869 1.51409699681074 2.99392735550935 4.15324481043015 -10.3488354122148 -11.6574269786611 -1.86999435140099 0 2441.04080564983
"1" -1.47010616827251 -1.27984413995387 1.01858605862938 1.52994020438755 3.06760670062015 4.07911237460367 -2.76850530005495 -4.34850831566103 -2.33982820571512 0 2559.02857203486
"1" -1.59182448093003 -1.28304988236335 0.818645352801005 1.62318972664069 2.74919448347242 4.07804890662786 -13.0065798454616 -12.8418904753457 -0.821395496206381 0 2432.54091694287
"1" -10.0417781106793 -1.51181557623588 1.33987579317811 1.30194389660842 3.64720530926316 3.7251561186109 6.45314794758721 -11.7361008029222 -10.0811332022276 1 2077.99108191812
"1" -1.63981886943678 -1.29038053414363 1.00946658048019 1.55878713098226 3.05143927711937 3.94124111623691 -5.86205674311128 -2.47309248061786 -3.62356721327665 0 2445.96568639815
"1" -1.68206262101327 -1.29423175823058 1.2375918170038 1.67446774617971 3.47164854457296 4.33981985277262 -13.3900646194599 -19.5170992976216 1.31639769021299 0 2386.92220059835
"1" -12.3520855164994 -1.46308360677955 1.24592411436362 1.45364792647588 3.50521314923417 4.10596295433745 7.73957874467905 -5.12597574572451 -4.7025243892722 0 2023.33241549955
"1" -1.66143791156281 -1.36248223731758 1.18736748380357 1.27449757990334 3.22570150961527 3.92065846185013 -5.26237211327328 -3.60428419968553 -2.55287634157942 0 2370.22451564777
"1" -1.68184906346387 -1.27961293461971 0.93557675809149 1.32838732918969 2.91968889800425 3.9170156927577 -12.0343701390128 -15.3759693893207 -2.90883996608267 0 2398.99952579208
"1" -1.67108048672465 -1.25095591412188 1.25686779335829 1.53106994155778 3.19074019107397 4.32551243913889 -1.9604055835457 -2.79595732326809 -1.08207737602429 0 2498.24406276927
"1" -1.6931741539872 -1.43146871497207 1.16420610153857 1.30222907276279 3.16508005864644 3.65014221055531 -12.9899523624905 -17.4506567071363 -3.9818234102754 0 2293.62108437426
"1" -1.58208389468265 -1.33748176300496 1.01424455945096 1.31052021274622 2.8637507339953 3.72361582964641 -5.49982514798692 -3.52149359818625 -2.28034470956473 0 2436.31116417938
"1" -12.313700657495 -1.31852970512892 1.20001559731418 1.7744444245493 3.29552333877711 4.5873919842502 7.78071766633208 -9.77545442223601 -7.51019304229331 1 2274.28093966856
"1" -12.4208114701127 -1.48518460138459 1.17001498803978 1.52697091694674 3.43504716105013 4.00439957044053 7.8364015105528 -5.08337045499713 -5.32306708885318 0 2035.28928199877
"1" -12.5423871922237 -1.40009303468587 1.11032756605338 1.48566668857801 2.94818642324957 3.9385531319691 7.87842113240364 -12.8043965054552 -9.0991665543424 1 2172.96777723089
"1" -1.44341117245912 -1.27514928855032 0.834810131621741 1.69869936374566 2.74134155131119 4.30707267286491 -11.2884030458801 -12.0281005968486 -1.22096012190783 0 2527.94693923369
"1" -1.75176047772772 -1.34803497224823 1.17545033131666 1.47513355269895 3.32011259283479 3.98395342295471 -5.32613055987936 -3.61521743485981 -3.81340018794478 0 2325.26599676025
"1" -12.4674006691911 -1.45519275521266 1.11348358147199 1.52066781363237 3.04582289878373 4.11775677777957 7.8285553853532 -9.84215574342323 -8.98829975577874 1 2113.81766691199
"1" -1.69600848433859 -1.2838600638753 1.01429148788126 1.47525934722489 3.1085422763763 4.14415155973597 -5.77569897811132 -2.93343850631762 -5.06524197231179 0 2404.8614440212
"1" -1.62356533232965 -1.34320959416693 0.77929755334843 1.56150946546733 2.80744185320068 4.046618089463 -10.4355348282374 -12.7187258525122 -2.11143220798237 0 2364.47995006107
"1" -1.72023524911428 -1.3646615887071 1.09723639084317 1.63167408912538 3.13075403018665 4.21054235166607 -1.86812376071311 -6.74232826974084 -4.56368887791812 0 2351.46955035409
"1" -1.78175609847118 -1.47123361931543 1.20096254864505 1.49204229256691 3.58732024897683 3.84439744677293 -5.18389956253162 -3.31917623244573 -4.50842255228055 0 2218.00110922358
"1" -1.55982143213601 -1.34947488567835 0.938394616617219 1.45512769937136 3.04053907735756 3.64533768876199 -5.73937362655535 -3.42531168864336 -2.34422377342032 0 2438.39796037905
"1" -12.4684015854766 -1.30616474212202 1.15452415684242 1.46876332735168 3.35603194819223 3.85051096321894 7.89402385337981 -9.39587447028976 -7.5822532066675 1 2277.00530944383
"1" -12.396512134105 -1.52863053958964 1.2234586292266 1.43944565782194 3.25628043341171 4.03704080228324 7.83123874177135 -5.15941282478349 -6.01160045664596 0 2018.75991680993
"1" -10.5277948281757 -1.29015261494339 0.936087292292196 1.5446702982313 2.88748835585338 3.96895198588406 7.65347978621846 -10.2271158685251 -9.50964395631774 1 2051.57624794007
"1" -1.66006432372193 -1.35443042598263 1.07896329203016 1.48949854231149 2.98974709771177 4.14833007669532 -11.9936859905329 -14.0390111679581 -1.83744539028863 0 2359.46560326358
"1" -1.73917115097765 -1.5094726036847 1.12493171042189 1.55090450359907 2.97410214887721 4.03108429621067 -12.7974071745354 -15.6955993087807 -1.51294592598111 0 2200.48385670024
"1" -1.80599624435949 -1.45628047424657 0.978225877759366 1.4668139659877 2.81990372701473 3.87460495340616 -1.59517551227454 -26.1801390843931 2.51705798309667 0 2241.96492228378
"1" -1.50979136443214 -1.18024574253316 0.924452232908443 1.46569123946318 2.96345470708825 4.11223061592326 -6.69146103858641 -4.22510537197317 1.31289228469642 0 2580.16018932775
"1" -12.288882340298 -1.39886477425788 1.07197648280929 1.64045124602822 3.38116902602162 3.9791900495867 7.81286012604226 -4.97377759181565 -5.47970512132711 0 2160.29887463478
"1" -12.4986337199069 -1.5370401523437 1.19286821218481 1.71563456155917 3.2730481283823 4.23062499982663 7.86451124615409 -12.3048507186049 -7.63594315668314 1 2072.29673290561
"1" -1.70244712140251 -1.54673536148947 0.94970412812091 1.42635495299777 3.08141472593846 4.09813269597196 -5.46114790503883 -2.98228110339148 -2.31983094565725 0 2201.10999169137
"1" -1.70230699275829 -1.33100566379598 1.02338430578762 1.59531094555907 2.90908942672578 3.9403888908663 -2.19547377593917 -5.83023984750943 2.47837765450591 0 2374.5118968506
"1" -1.54366913935658 -1.33860713909109 0.97050025128204 1.56156436308505 3.02750346974167 4.10929067191515 -2.48144291676152 -5.83524400897501 -5.31415266039777 0 2461.10470074217
"1" -1.75504949163771 -1.35636723126824 1.08587375334693 1.50245049190055 3.00385813658851 3.9603061293809 -10.5505968321864 -20.7076850061769 -7.68873664785158 1 2305.6508476134
"1" -8.23279463003751 -1.36160342364655 1.56819635351631 1.50095113589797 3.4793867034056 4.23506180760331 5.42217131831886 -10.2156028330195 -9.43794314711015 1 2134.46060119098
"1" -1.70333177585825 -1.22158938807586 0.907923502163591 1.37691918515783 2.85682568205673 4.05051823299752 -13.4296655920603 -24.0790405524764 0.741864464290266 0 2428.08836744074
"1" -1.52612176028771 -1.35918328419743 0.895673716712887 1.35012469885229 2.97298771626711 3.76531464053738 -11.8937616873771 -14.1823831936021 -2.65749438269807 0 2434.46952731523
"1" -1.72758059712965 -1.31114757115132 0.891556306012712 1.49299669248141 2.79588916527375 3.80051580340512 -6.36356737474822 -16.0602092646242 -5.8574468762475 0 2346.70921857154
"1" -12.4316049239774 -1.51879576490541 1.29873434599623 1.60682220212389 3.61012215160721 4.03685874768343 7.85415946588924 -5.52679574800452 -8.6142252289847 1 2015.12867729206
"1" -8.96653201714808 -1.49662948544866 0.954793701479688 1.5155350651705 3.33373838921156 3.64531562487363 5.88330883873516 -10.0214842351872 -9.78451026550014 1 2156.82889270643
"1" -12.5300139905204 -1.54156389863316 1.07388768646832 1.48553753581934 3.39764961358453 3.95861323425178 7.85474427539842 -5.08908515203469 -7.04799700449598 1 1941.08185797448
"1" -12.3567783476165 -1.51322372261707 1.1781612186853 1.65417202366741 3.12833700723849 4.10654893753266 7.80077354280917 -7.98651924778807 -9.5811949974787 1 2072.52452267046
"1" -12.3832273140921 -1.40637511141789 1.3556453249465 1.67421956909752 3.54151271998957 4.28647335708431 7.83330069911511 -5.14277834871111 -6.47694694642578 1 2102.81349645012
"1" -1.70696491051683 -1.29183805371758 0.853206723202779 1.61987429121903 2.94233883562016 4.2394259163404 -12.3779340714397 -23.1133280795829 -6.72615803905914 1 2358.16196264519
"1" -1.71857063873103 -1.38163260690702 0.983110655328992 1.52101296731795 2.69049443322801 4.18952333990067 -1.73612315535419 -5.34834188155504 -5.7782000226935 0 2344.17688460532
"1" -1.74330914541151 -1.34073127046546 1.03359693619871 1.40392279986184 3.17121588971894 3.9134013954543 -10.602521614491 -18.6200864773834 -6.86132148930568 0 2322.25260841771
"1" -1.74033882920774 -1.35356094504413 1.22980961357208 1.73567366341175 3.44945665296008 4.31828050317552 -13.2558944735773 -21.2287685347796 -1.40292280806718 0 2306.22462398454
"1" -1.75378146654524 -1.38450057005888 1.22422263610205 1.38427444497317 3.28134764142381 3.79569688039147 -5.11573455459189 -3.58554204434748 -3.2918862099006 0 2302.97199343107
"1" -1.73407657878259 -1.35709176076993 0.877679647072436 1.3247390978202 2.78066772866763 3.70670049599712 -12.9666228610418 -22.5714435267085 -5.90055430568083 0 2306.68438492721
"1" -1.70090256775388 -1.41201194027963 1.09529762842277 1.57500336911272 3.21250316628217 3.88767650794146 -11.572568861255 -12.1616537086277 -1.25367702057548 0 2295.61563037045
"1" -1.70450750792737 -1.41539847589171 0.919889773114993 1.80827686944118 2.99712423634823 4.28802232866118 -2.0657614675311 -22.9702173467709 3.16960579763344 0 2295.40927542612
"1" -1.5961951570164 -1.34546441761532 0.88971790145541 1.59504574267152 3.04260561358603 4.14893381244775 -12.9888657478382 -14.543483052794 1.22595024180209 0 2390.18805065384
"1" -1.66859140318343 -1.50861457397793 1.06702203384684 1.64954987218043 3.07618109408223 4.40928760367771 -11.7920759930371 -13.4754906493971 -3.07980682658349 0 2233.07793519512
"1" -1.61979900103699 -1.40166258841229 0.909589802151094 1.45296290619343 2.85652857138581 3.83296437334015 -5.30348740501072 -3.48680975227969 -2.28118402669135 0 2354.8479849881
"1" -1.79779355348707 -1.44831064373487 1.075873425508 1.64771081259663 3.42360459178303 4.38198992551659 -13.5984236154969 -28.5876304370868 -0.812860051292633 0 2196.1927994134
"1" -1.64175324319628 -1.54589249839093 0.806827892760744 1.69224955012872 2.83534859872643 4.43547394788108 -6.6933222010946 -3.04285560866783 1.22196765228906 0 2210.14442370005
"1" -1.6662653768796 -1.39222125648347 1.02655140722265 1.64382767426224 3.05734681798367 4.23016959353448 -5.349640792965 -3.43179034411528 -2.66332769712375 0 2331.18428667934
"1" -8.92727557145516 -1.66973483969344 1.10477167904593 1.47644576515014 2.79420272013602 3.79417619870913 5.75196572570154 -0.819949542007632 -10.0392618012617 1 2189.33956186779
