"1" 2.93838331109493 2.66955372226776 2.57864903442675 4.00174664163478 4.9856124756976 9.99025095154891 -0.032324471281741 -0.528365473620632 -0.374599891247666 -0.0783018901842908 0.193379304194715 -0.585256257008276 0.351750180967755 0.344012645010102 -0.454810467677481 0.184893837119726 1 2887.07409085449
"1" 2.95434272659905 2.63992239363628 2.49971766168039 3.98128847720022 5.03158243650959 10.0154845567009 -0.0212600021112396 -0.522705685327273 -0.372381043281305 -0.114507008886566 0.182557281085858 -0.591042602111737 0.348816211857444 0.348015992335646 -0.453165868707214 0.191229843160828 1 2740.14675616024
"1" 3.08699763828542 2.50194745363582 2.47620909053974 4.08548048939851 5.07673517269929 9.97256785493473 -0.0203533509710481 -0.529779009273151 -0.409630836071057 -0.11452089170577 0.199276216905654 -0.618259035757046 0.321001483221432 0.372746795676119 -0.430550173586019 0.171280281785804 1 2735.49732013334
"1" 3.03504351195774 2.56134127731863 2.4698991444767 3.92460822809406 5.05056530984542 10.017210166942 -0.0165906644256789 -0.520029314567195 -0.380303615603162 -0.0586044295803603 0.179753432378144 -0.589764037209222 0.364635584369988 0.345690279313022 -0.464464060601963 0.174049113143515 1 2792.90184474972
"1" 3.00080862371019 2.60047969517614 2.49917974118067 3.99063180143025 5.05418599072787 10.0164261089441 -0.014980149390656 -0.51981438329377 -0.390472030568201 -0.127865612672092 0.172981327690438 -0.599281842759457 0.348823488351867 0.355945885508553 -0.452725229781629 0.187070750656036 1 2816.8455087356
"1" 2.97206815708535 2.63387494571645 2.56181064900515 3.95217362590506 5.06095284053323 10.0144905565223 -0.0135545278520782 -0.516421820011917 -0.432830236362786 -0.0881780488691466 0.165150807672716 -0.588499031428268 0.361204049203582 0.346696787444084 -0.462399016765195 0.193298628297054 1 2868.33888855457
"1" 3.05629228494005 2.54423068458878 2.5334327458215 4.15786938039467 5.05782739456561 9.96304015325351 -0.0335314257809372 -0.537807777470994 -0.414200993939767 -0.164676029145782 0.214846688617972 -0.620245492486237 0.304879110589241 0.376241369366947 -0.417693035918413 0.174629672672864 1 2815.85660607314
"1" 3.01712412156412 2.58699205579822 2.50042723004779 4.02995354736548 5.04087269566522 9.98965736999349 -0.0331001679637115 -0.532611730893702 -0.384144234268465 -0.10533845254165 0.200658982736959 -0.600247563475718 0.328989160470124 0.356447925569026 -0.43758921413127 0.187765305452864 1 2862.92143299725
"1" 3.02625691819565 2.56733126602186 2.4361715173209 4.09901185200748 5.07159990502903 9.96330136274708 -0.0236384037351865 -0.529952170529047 -0.374421614908854 -0.107984379421662 0.195709283402292 -0.619076087682931 0.312005398318806 0.373401768363827 -0.424085591801253 0.186794630278892 1 2757.25591186319
"1" 3.09035860221724 2.51070701813806 2.56837572632536 3.91359250319035 5.03745510950643 10.0299658651172 -0.0173629526512351 -0.520537866659202 -0.424499027310187 -0.0840684130765156 0.174531457203078 -0.578076703862358 0.3693615862276 0.336839697069056 -0.468819438476137 0.189040942742037 1 2833.74476791763
"1" 2.98885782211674 2.60254530984164 2.57622780280046 4.07489608567868 5.03546286848627 9.97913127261808 -0.031343786876049 -0.531606039751571 -0.411121760522642 -0.124731351538112 0.202938584914421 -0.595626322214091 0.334341275529216 0.35427851840418 -0.44019067050762 0.184418629086091 1 2727.5723934651
"1" 3.0570534901226 2.53547426391004 2.54455879133224 3.92447312674261 4.959462276354 10.030422512855 -0.0176441478991741 -0.519733956535671 -0.346465870702139 -0.0929452918226757 0.1773293036951 -0.572955960690706 0.377350074585617 0.331897783284772 -0.474444193723094 0.183188294092556 1 2744.47670213014
"1" 3.05835504034487 2.54865682454595 2.48110871285551 3.96771355228373 5.00679053976492 10.0237230680065 -0.0212418338137204 -0.523081324584207 -0.339342517244288 -0.118553730380779 0.182708765583908 -0.585759939720014 0.365607690279009 0.343368158789979 -0.465027764930797 0.17513605734573 1 2909.28184553215
"1" 2.99771400856136 2.6032080914799 2.55567368821937 4.05779062729398 5.00977736531854 10.0456454352433 -0.023776786918372 -0.525006155870068 -0.378207436243934 -0.259732410277456 0.189260208927751 -0.592007529851284 0.356176553099512 0.34984517905185 -0.456806831493816 0.172483922021027 1 2787.52487730082
"1" 3.02244803588567 2.58346054354005 2.53257926135199 4.07975276806897 4.97721203865554 9.94342349184495 -0.0405020603376405 -0.538745315991929 -0.32593615193844 -0.0446901409923546 0.216544156230111 -0.602348889352091 0.322970721240645 0.359316851923353 -0.432636415965678 0.176320519057008 1 2884.17161676054
"1" 3.01669752335954 2.5728824258847 2.55996237858848 3.98570000923469 5.03336817892175 10.0114379496254 -0.0164537298136889 -0.520466424388989 -0.421980463972552 -0.113483090970627 0.179281804974659 -0.588074484349075 0.358334854325905 0.346217388253578 -0.460117008211231 0.184518507258927 1 2688.77133734398
"1" 2.9550320133933 2.6335290446814 2.59938153488256 4.01051308781304 5.01336955532622 9.96767933813577 -0.03800075024886 -0.532290679685603 -0.406978983957342 -0.049470390375567 0.210125416207441 -0.582346541008219 0.347230283190132 0.340470747121483 -0.451523034067709 0.180377389250776 1 2717.20620766276
"1" 2.98360291404528 2.62259231934043 2.52081035222353 4.0839729505029 5.0698295488665 9.94215292678239 -0.0271727514444984 -0.52974940927262 -0.413720695158602 -0.0337162460742648 0.196182136474002 -0.614097789285442 0.321229068855751 0.36976314960891 -0.43100369243684 0.180268413656044 1 2869.20696083728
"1" 3.0360112823903 2.54117713783233 2.54561895552231 4.16222190881325 4.92800908575986 9.97200174969639 -0.0393145880336195 -0.540842390418249 -0.285250984225272 -0.184695010083134 0.22336076476256 -0.602302608228368 0.315415258101302 0.36017900686338 -0.425837711562333 0.180760287635055 1 2666.40865711932
"1" 3.01921085880061 2.56413061558101 2.53450657452962 4.05607666830203 4.99542487792035 9.97109148160201 -0.0310610362425607 -0.532465104473699 -0.354025956012011 -0.0914549069074401 0.20926448756688 -0.598135197954087 0.332547474369322 0.355352713300313 -0.439556285710632 0.176954342306053 1 2697.67920534215
"1" 2.9522764120928 2.6400238895292 2.40443650658214 3.95105148374109 5.03657117951143 10.0183025280297 -0.0159050542061207 -0.518544033804592 -0.323504425665448 -0.0971004873343363 0.181847797585273 -0.594149323926463 0.368859495788847 0.349462693089301 -0.467311980680311 0.158873594647031 1 2740.3209141759
"1" 2.99286668230398 2.59608348726412 2.47674994161614 3.99997918012008 5.00265343137475 10.0207136797715 -0.0216064691369145 -0.524002589026832 -0.332710746113292 -0.140980413306252 0.191463736845059 -0.593019487897741 0.357279458545376 0.349552618674707 -0.457944792743895 0.167787084888763 1 2710.53243765637
"1" 3.06117620076463 2.53128784722353 2.65856768503945 3.99389463400413 5.03267660819525 10.0033480730401 -0.0322418171619649 -0.530468160528177 -0.459361230931554 -0.104495932929134 0.197659683278443 -0.573605500035766 0.351375346538383 0.333526124565739 -0.455345078582904 0.199836750633763 1 2727.10104492094
"1" 3.08437034836787 2.5146099151451 2.56337410276794 3.99465449300668 4.90238181527871 10.00354043262 -0.0259169813012133 -0.527521990591819 -0.280551227831809 -0.0921700174257343 0.193712362303579 -0.581260239231392 0.359881546303635 0.340642309734734 -0.460406735859214 0.179098255086777 1 2842.69833849718
"1" 3.0214113907137 2.57360351506299 2.71404571077175 4.11155435209767 5.03702352934132 9.94861001472053 -0.105660726133438 -0.55820432024534 -0.28697429362971 -0.0681144734030748 0.470012580137754 -0.658409570526341 0.334611205173665 0.398152221722083 -0.427812360906874 -0.319824333199354 1 2824.69798847738
"1" 3.01257855161648 2.57662340413845 2.48735487127203 4.19633496124063 5.02766858946026 9.90228520839724 -0.0496611309620913 -0.549045758156548 -0.357002581581325 -0.0581329633133455 0.250224193304322 -0.630563597787642 0.288970942721984 0.384107531582223 -0.404507423570823 0.144151603886012 1 2774.03169972592
"1" 3.03734959592744 2.5734230389622 2.54750494628043 4.00043417490707 4.96822920967467 10.0119822936419 -0.0267799959210447 -0.526627979824725 -0.336650134609416 -0.12121804465401 0.189835857316442 -0.585966441200659 0.357232740595926 0.344924058224536 -0.458967253360879 0.17876379153952 1 2926.01064763914
"1" 2.97809016659475 2.62550015969198 2.53268630255314 3.97944236028052 5.06544377721658 10.0350000470574 -0.0148078032805313 -0.517499874971396 -0.424897419547935 -0.158824298358195 0.169800821757574 -0.589217919233568 0.363175991288609 0.346788460620662 -0.463434797799439 0.185503784422311 1 2820.39184502416
"1" 2.94554697626046 2.65744136216212 2.55475279869543 4.02304035343965 4.99430388776092 10.0261054383216 -0.0280250828962685 -0.526043403163609 -0.364833159061752 -0.185002268875684 0.190916820178667 -0.585470983102791 0.355795557763776 0.344306387639105 -0.457437671836729 0.181157022428075 1 2818.66869542925
"1" 2.96442752732889 2.63354127736355 2.53029155378598 4.13529125919149 5.04353093644099 9.9730338397588 -0.0380195318532485 -0.535476076305243 -0.394962074972185 -0.158633535027799 0.215099552180774 -0.605966206089358 0.322999131606217 0.36210938519697 -0.432077714941499 0.172455701964985 1 2779.85690635792
"1" 3.04773260866972 2.5639950350489 2.48178330368829 4.03042002889564 5.04434016078151 10.0094645895828 -0.0299340199688454 -0.530546716310112 -0.385831870832143 -0.148522885373675 0.197392965536737 -0.599330351974626 0.345236520005499 0.354929785475693 -0.44915574777475 0.169385919955905 1 2936.52567937399
"1" 3.00025942183783 2.60770996062488 2.48602047924901 3.97878172612057 4.96041130732507 10.0393244573712 -0.0258653683559009 -0.525377554096248 -0.293535900644922 -0.163582848402246 0.188103810435828 -0.590366208170828 0.354816514330817 0.348388850441992 -0.457105650387625 0.177365941766732 1 2903.29715400094
"1" 2.97602043259904 2.62343381626466 2.47357682195272 3.8935634441709 5.02904344116346 10.0387428164269 -0.0117733537556853 -0.515174769272895 -0.3609001752181 -0.0856495916642989 0.166602042849934 -0.588762970691679 0.366857483645998 0.346156117780754 -0.467765052251952 0.18295483649227 1 2808.93870415595
"1" 3.01859583059573 2.58424631357152 2.55373733846249 4.12437785154787 5.02528737603658 9.98758830781992 -0.0400800327464057 -0.537517719604288 -0.385783998879916 -0.204536464424449 0.21825094948874 -0.602425138285271 0.327717135371112 0.360574079950217 -0.43536204621511 0.166713178326978 1 2821.5288118919
"1" 3.04180856578419 2.55601870377307 2.47845422487701 3.99009505991293 4.9624878813546 10.0212165648431 -0.0188449349110873 -0.522436048952013 -0.29720342398562 -0.134512087528838 0.182114671996363 -0.58924746975883 0.359869697382657 0.346350948640031 -0.460485711817896 0.178923862459293 1 2817.74088381614
"1" 3.04009943593316 2.55019448386551 2.59081656962267 4.10295122660913 5.01217353695668 10.02136241422 -0.0310101720791045 -0.531743058727257 -0.396168193441859 -0.256134385099062 0.203387574958296 -0.593474566574979 0.340382327009823 0.351816506398681 -0.445928729333766 0.178041472622724 1 2707.03552078368
"1" 2.99385672764416 2.62996044204082 2.55495797284045 4.00465764195575 4.8805335468039 9.97849030297349 -0.035515670588714 -0.530678173552944 -0.245136202367494 -0.0451500499850234 0.196484031032816 -0.58648826270682 0.350279363016394 0.345467549335533 -0.453203257482887 0.182002605027045 1 3042.16621867396
"1" 2.95852921574856 2.63628235486266 2.64280134016888 4.10426362520709 5.11175838093059 10.0130681453977 0.0517575158658553 -0.400564496171876 -0.196696780390871 -0.123141677938845 0.378940538382878 -0.67357527412064 0.378414468611461 0.457575575389661 -0.466319360625695 -0.339116085340094 1 2834.5493149893
"1" 3.04298391061302 2.55867199672193 2.5207831088813 3.93509287464404 5.00333414507489 10.0213993085254 -0.0187474410086626 -0.520730097128429 -0.362241253542307 -0.0862324080919529 0.176287437952034 -0.58246533094304 0.365380760209083 0.340153157425031 -0.465360131562614 0.187070604635289 1 2856.11169470185
"1" 3.01108952199315 2.59918649111658 2.49206054064424 4.12019319048907 4.88496763964707 9.96096651102694 -0.0918907175583756 -0.573306251856625 -0.180528880358175 -0.107045977867479 0.330709134283744 -0.618948111509024 0.307712199297781 0.363407442194259 -0.410885135649657 0.0576052099127893 1 2880.32221740927
"1" 2.96247603773813 2.65514279421107 2.51030305598799 4.05488872096055 4.99791869287684 9.90430079105464 -0.0901908921972595 -0.557692073590584 -0.274238019542997 0.067264546653445 0.348437850615971 -0.663467790819296 0.310237860473707 0.402123673079112 -0.413350182418693 -0.0652169200852425 1 2882.50524505839
"1" 3.05716114012121 2.53543646825284 2.48464442998456 4.07540901081079 5.0734925887899 9.92693103911359 -0.0309031809230814 -0.534962103868102 -0.399581228332331 0.00621626039014715 0.216160947034683 -0.612537233867342 0.326927870698878 0.368085879146772 -0.434809473423133 0.154167313036311 1 2789.48447200104
"1" 2.98147357880686 2.61609681134607 2.4693353138367 4.07737394023512 5.00949502684305 9.96614093542164 -0.0324245993642792 -0.533882578085749 -0.325677520314829 -0.0976398037262657 0.20988112467351 -0.611387291648604 0.322694880546292 0.368524700283651 -0.432337772135933 0.167187498110302 1 2806.34155211555
"1" 2.99330806588972 2.48026289123447 2.60827653635208 4.07514075160726 5.05666656458407 9.86266704039966 -0.0439303818120983 -0.594965796240459 -0.368389376819795 0.157781695930164 0.361708021500383 -0.703390593451394 0.294378362775549 0.459160670391339 -0.412089780205482 -0.203794730102941 1 2713.0491564641
"1" 2.96645625724329 2.62074608507186 2.55483771683079 4.08856237743282 5.05447532167112 9.94938791922104 -0.0415812024943918 -0.539845655731157 -0.430784541295701 -0.0632436332827973 0.229262690780005 -0.612800377406057 0.310757026887 0.368855231467039 -0.422514022182642 0.163851922760478 1 2729.45481592139
"1" 3.0135940641613 2.58935997534856 2.50814514448335 4.03525635501452 4.97601380009008 10.0069861840069 -0.0354011755535201 -0.533249970192993 -0.321142086596502 -0.148506976482794 0.20497490534348 -0.590687213659005 0.341004538524971 0.347993024068109 -0.446635794135404 0.181216521306396 1 2852.28276400756
"1" 3.01199748507581 2.58717967901846 2.50245122831075 3.98861862171046 5.01337161157166 10.0209666905417 -0.0180280115262164 -0.5214301270802 -0.358282748105661 -0.139129875880867 0.177205736399211 -0.593489571103747 0.353410766547278 0.351138560513934 -0.455832802971255 0.185453306715836 1 2799.58956822842
"1" 3.00446457698165 2.58806597969162 2.54730281626198 3.98514431047978 5.01820841318285 10.0066544434485 -0.0276019740860488 -0.527817289024029 -0.38342564763777 -0.100173257458137 0.199018445690821 -0.595670053031702 0.346366420686967 0.353069447754815 -0.451604599242311 0.169573685087539 1 2742.99592107098
"1" 3.07536177165166 2.52707732097168 2.54191662595766 4.11510967844955 4.99928694362577 9.97714863998587 -0.0414210685166201 -0.541255713252698 -0.372967187077902 -0.15518925289312 0.222095532276778 -0.605557080847538 0.315456037565429 0.362532665906345 -0.426306036830979 0.176584528408474 1 2844.74531721512
"1" 3.01887017897308 2.59894159195918 2.55099111101599 3.97567794908275 4.98140958915542 9.9869061712154 -0.0290919309852031 -0.527111788233783 -0.351242623756451 -0.0682102337651888 0.182808821871801 -0.582103562813908 0.349553948183421 0.340422861227184 -0.453471542319696 0.20433275483561 1 3028.73445676634
"1" 2.98929323344741 2.61462547771244 2.55549224707442 3.97806446405894 5.00614986043605 10.0138575501515 -0.0190647733341317 -0.521160313458125 -0.390485264428618 -0.111163633877397 0.177020384963994 -0.589327459457832 0.356643986351528 0.347285818134916 -0.458712802847032 0.187388796858556 1 2852.80497538335
"1" 3.03456038190372 2.56981949262544 2.61043038557042 4.0868182942242 4.99269012385241 9.94456531324339 -0.0502236306790687 -0.544503472100896 -0.38939641230214 -0.0600217584778849 0.231667479348954 -0.595134266158802 0.325255780976244 0.35383932037825 -0.433814093863251 0.168875780733928 1 2854.83765115851
"1" 2.9828219308214 2.62316579382604 2.47452513373706 4.02326912615885 5.07636913729073 10.006499992022 -0.0203088857045499 -0.523787624284994 -0.40337284376838 -0.140364544189795 0.183387185327614 -0.609079556637196 0.338162034335304 0.364718806765322 -0.44434409226767 0.176598900154201 1 2866.74661400788
"1" 2.93982879589309 2.64779561364283 2.59610217363705 3.9929415640442 4.91436342819403 9.94819057543097 -0.0454985831389084 -0.527832813822985 -0.292960996345055 -0.0154616407680255 0.230181243027806 -0.588577918198456 0.365793263102954 0.334571847608382 -0.4553304976523 0.139100342000866 1 2782.14069603758
"1" 2.94680839664415 2.66358967541827 2.43025324004018 4.08237137609599 5.02524309237324 10.0008599733877 -0.0265902025114549 -0.527876223591079 -0.330230068312483 -0.193644527323371 0.193380920290279 -0.614343307317012 0.326392754698223 0.369136983175154 -0.435454776070038 0.175406056642324 1 2908.17486597159
"1" 3.05534765062912 2.53911104669496 2.51275514357387 3.95166274786355 5.00277459794341 10.0236871152531 -0.0171987906996382 -0.521144712799209 -0.356677069752583 -0.107186484331992 0.178455167849116 -0.58534132440569 0.361265581223961 0.342803152969378 -0.462185072922341 0.186396071938457 1 2766.04446278409
"1" 2.97585005063393 2.625456757314 2.38690610969248 4.00078704086033 5.01651948949803 10.0095518552168 -0.012135913379779 -0.518800704671453 -0.297111943624983 -0.127071574784244 0.171711279366372 -0.608949591096529 0.342959933553303 0.363585502812934 -0.448086349366279 0.182278483532111 1 2855.57024443701
"1" 3.03680554608407 2.65770484613115 2.61703230248112 3.99072565584086 5.08235886633319 9.822322058391 0.026670691703902 -0.571938726661157 -0.357395798302092 0.198276258792013 0.397680933296283 -0.590751813671651 0.326315543529641 0.547356763606372 -0.616907458542592 -0.515846642723497 1 2900.74594496075
"1" 2.971078625427 2.61716476276122 2.6786284714813 4.04311489560927 4.88283507786938 9.96584700992631 -0.0520424651450577 -0.542226203103497 -0.314278712649529 -0.0628877348556577 0.233122471026074 -0.577548299306751 0.335062503129351 0.339357028976144 -0.441887421939191 0.180817793311145 1 2752.62668827755
"1" 2.993818866317 2.60547165416541 2.50128003906338 3.96073277023694 5.02922226913367 10.0251524067998 -0.0155171270551858 -0.519427924459252 -0.371703378595871 -0.117916079517065 0.176238768136946 -0.595628950410691 0.357236760893706 0.352772715510169 -0.459625114521711 0.176809016258675 1 2802.42269683763
"1" 2.98786754334473 2.59823731992704 2.5140786072966 3.9829932503346 5.01448740526882 9.96406159360557 -0.0241133327669497 -0.526762535102665 -0.362926306545042 0.00251038897186667 0.195361976490713 -0.599551851621824 0.338093216562403 0.35677713361301 -0.444385432590778 0.179803019705032 1 2710.23118660568
"1" 2.94850232877883 2.6602143557655 2.47940866739277 3.99813173300628 5.03960061704417 10.0067783400497 -0.0220452806596991 -0.52236974718458 -0.369663718283537 -0.114879614869997 0.179630146666914 -0.594619589170394 0.350796438570223 0.351145806614929 -0.454148283958632 0.185783768095 1 2913.7975133233
"1" 3.11793225415754 2.49265335669261 2.50175341246396 4.03493230743845 4.98277607925936 10.0079350068471 -0.0326299868047373 -0.533283866735393 -0.337694552720193 -0.145377488342164 0.208261761216628 -0.59277539237698 0.355766090115889 0.349659699924268 -0.456288392378426 0.153239391630506 1 2928.6529503157
"1" 2.99624816218199 2.60900426348526 2.55811179554335 3.90845980865194 4.94954865167039 10.0567849092241 -0.0191040571087803 -0.517809958705689 -0.32899607471271 -0.142487234502748 0.170632297127736 -0.567169522909617 0.383656313519995 0.327130865022104 -0.47948014843785 0.189011008506071 1 2885.50742552368
"1" 3.00876355012646 2.59820016928093 2.56471207655445 4.01558018787184 5.07656847411201 10.0200559045437 -0.0270903519868973 -0.527795242156142 -0.449503121547086 -0.164879377596644 0.189959827011068 -0.596026221253366 0.340020083698775 0.35389254878878 -0.446029156268608 0.187846763862628 1 2860.29644632209
"1" 2.94553864991446 2.66602542245686 2.52039014774597 3.99234348475957 5.0294262331699 10.0107789960892 -0.0234433578008087 -0.523991327671361 -0.379960373624099 -0.119882618679732 0.184028483949658 -0.60021159124443 0.345199677848118 0.357122005737621 -0.449880567382322 0.179671981672119 1 2924.9017471096
"1" 2.98839312406512 2.6086723786065 2.50408267672386 3.88932673790935 5.03963091872211 10.0366574063228 -0.0100231030843033 -0.514250463669564 -0.38621288769135 -0.0770328280189024 0.165682857625913 -0.586975000754482 0.370337871738028 0.344926732750977 -0.469879052855323 0.181630262115009 1 2770.73604394113
"1" 2.99471387825881 2.60859318202234 2.49270339077346 3.9729571129757 5.04634695983349 10.0321320169392 -0.0115673045549524 -0.516569954656698 -0.383890352834776 -0.15188569866181 0.165758858579658 -0.593031110442018 0.360079249897498 0.349701610971649 -0.461065667608833 0.188380630395062 1 2840.94371739299
"1" 3.11612492736129 2.47810972602589 2.46465888545848 3.94181292471669 5.01496688539154 10.0330742962595 -0.0147251424461523 -0.520702261113895 -0.335066781170648 -0.11552881670938 0.176056757600341 -0.586981444605788 0.361419832168022 0.34437331850082 -0.462830854229768 0.185381651525568 1 2768.18876349845
"1" 2.99505033627184 2.61396967643493 2.54391626744202 4.09643727103634 5.02861298691628 9.91955902371588 -0.0395598392383943 -0.539062612022205 -0.385682479596106 -0.00656412353058068 0.219188176532238 -0.618173969137995 0.307906971682104 0.373903187579592 -0.420727390330044 0.16898239546082 1 2894.1799001888
"1" 2.91913141306572 2.66902446172526 2.60881745685676 4.06849858864585 5.03204910584569 9.98333855086362 -0.0439641606127882 -0.535164737039448 -0.429641128220983 -0.127336857323835 0.225892674442654 -0.58706537416503 0.351706805592398 0.345651380087108 -0.452762260335609 0.149850742716571 1 2696.87298283677
"1" 2.98524702216379 2.63405425810123 2.4853348605588 4.05993452371387 4.97763826157226 9.94862366975972 -0.0340896682338672 -0.533438196853001 -0.306161419362963 -0.0374341494538483 0.201395114224005 -0.609065007858022 0.324754530888362 0.364378000468952 -0.433915520379543 0.178812531130353 1 3014.45247444385
"1" 3.08724910892188 2.49946531395729 2.645949101968 4.11146059064422 4.973553134709 9.97111967633167 -0.0475137745192222 -0.549446208043962 -0.380664994251319 -0.117620512353307 0.252173819195928 -0.610387771054589 0.318447251506411 0.370323223389869 -0.430737313452527 0.125604412895274 1 2766.94586838044
"1" 2.9801508671209 2.61529730653084 2.49891308080437 3.91529205272058 5.03548114605716 10.0206871454123 -0.0121261089152585 -0.516051597062998 -0.382896934146253 -0.0614838062903159 0.168757914845262 -0.588800420613325 0.364027510920644 0.346241148054004 -0.465174730984309 0.185265181972228 1 2752.16628298556
"1" 2.96778075368673 2.6349995744109 2.49704737765487 3.96629971279946 4.91330757361505 10.0015630663865 -0.0278981247058775 -0.525579919780295 -0.252052544243251 -0.070592675774746 0.18997351759296 -0.579839678224766 0.362314452114859 0.338921453432862 -0.463127650503296 0.181245821854513 1 2871.93181907378
"1" 3.04005089868074 2.54662845493233 2.50553188119644 4.04255832920458 5.10494349582098 10.0164906991659 -0.0168099353854622 -0.523931822428145 -0.444374773680088 -0.174244178108245 0.185554560591568 -0.605693634332239 0.337036309967747 0.361254632888445 -0.443551153775455 0.182060398127445 1 2632.28693651022
"1" 3.03040643744557 2.58858279197475 2.47112133120431 3.9996622650739 5.03620111974962 10.1069005527815 -0.0376694738841657 -0.518098290498009 -0.336346851589422 -0.286739690872622 0.229729355534029 -0.623760532014871 0.386511238412721 0.350789781943364 -0.459221784397343 0.0710860618809303 1 2881.42069295979
"1" 3.00133270256909 2.60295050194304 2.44478485054161 3.99011515624489 5.02959141314276 10.0106532836567 -0.0159839506976942 -0.520769127253408 -0.345731676357377 -0.113578105915277 0.176479238924193 -0.599936942264483 0.34924736102081 0.355679255334361 -0.452827983064267 0.182843390297679 1 2873.55455145261
"1" 3.06648419433484 2.53562534511346 2.49481101161814 4.13754483638266 5.05688863140767 9.9118766196872 -0.0490294446174602 -0.547835766810438 -0.392230556135712 -0.0114000489798334 0.255910922466358 -0.629456108273418 0.314331061994456 0.382388399411514 -0.423362012416813 0.101563684740139 1 2854.12053478759
"1" 2.98028835034816 2.64341740123026 2.5323251064858 4.03481353223495 5.08667539567225 9.98631399063987 -0.0333647853360789 -0.53197382143428 -0.44061083771323 -0.106569211115764 0.197252357831518 -0.610090592072747 0.324748885762491 0.366294652735004 -0.434547455671611 0.179899395600196 1 3024.76500470746
"1" 2.96476489375261 2.64308656379762 2.51307347970304 3.99291283391041 4.99153824339518 10.0018558080651 -0.0281222816273264 -0.526874066235658 -0.346655737429628 -0.097445059769963 0.18742487121879 -0.589365243466833 0.346755500364628 0.346706223713573 -0.451164633517297 0.192394846517056 1 2905.9129732297
"1" 3.03755804248128 2.57814010405362 2.62653651709838 3.94624320659486 4.98815477659435 9.98118845151775 -0.0485987733746827 -0.537872908105228 -0.404734054056493 0.00208331382937819 0.217794926424449 -0.572212649906736 0.356183292243858 0.331578500730635 -0.458709787419654 0.175244311867805 1 2956.30036688741
"1" 3.1121970105017 2.48240555551209 2.50288569402159 3.90597316799881 5.04896563301614 10.0243763176057 -0.00854926940554155 -0.515872864088504 -0.397436394015624 -0.0714042519307276 0.164794612025653 -0.587121588191831 0.366271087464353 0.344401002820306 -0.466490558960124 0.18911368589896 1 2750.52160771296
"1" 3.03579958952017 2.56404586344242 2.56232093604349 4.09963475676569 5.00377478584262 9.97765492449339 -0.0353058208437716 -0.534437778157805 -0.375701213676705 -0.150111256479951 0.206181121793686 -0.597645734066189 0.330119781949015 0.35566630377406 -0.437169874981316 0.184341301913339 1 2807.8495604991
"1" 3.0042220808774 2.59672616314229 2.54866638529496 4.02174375829119 4.96439274256673 9.9494805750541 -0.0415269129357814 -0.536809154127944 -0.327998124179973 -0.00763654861050927 0.216145012719562 -0.589587775742221 0.338061409209578 0.348355146313343 -0.444290461217247 0.174885588085188 1 2851.27379999231
"1" 3.04517936717293 2.55419011383428 2.56226497073585 3.99317912357146 4.93757271065618 10.0052481343578 -0.0339530026578975 -0.530686950486574 -0.311543420042453 -0.0989386917853728 0.195553185279981 -0.569748630654557 0.358101957330725 0.329683665146677 -0.459773630356257 0.198930344299614 1 2827.57519461446
"1" 2.99082589408645 2.61148999923758 2.52460687800082 4.02017373197966 4.96134355780592 9.98873032572094 -0.0338765354297048 -0.532018305442262 -0.319664685439685 -0.0934074513044918 0.205079239236441 -0.593696493500602 0.342436612084565 0.35159211113193 -0.447411665118318 0.173273903510425 1 2852.56451372181
"1" 2.99480487687457 2.62075085296127 2.47904527336329 3.9616242097799 4.90382070736955 10.0104144678488 -0.0268754077494343 -0.524544354048787 -0.234889303222235 -0.0823694588451565 0.183923342862774 -0.581084436113251 0.36500837836643 0.3394224477965 -0.46500532391194 0.18188913885506 1 3019.58691399384
"1" 2.97092369273446 2.63080169452264 2.47684970618988 3.97543220789888 5.02248971948 10.0284006896148 -0.0121808605347834 -0.517100125901806 -0.35105483003994 -0.139002191606162 0.169054746874748 -0.596639999222796 0.356770343166974 0.353156333345049 -0.458568236077766 0.183996444429088 1 2829.26415401792
"1" 3.03307031559555 2.57417903240484 2.49110692581309 4.10762953772199 5.011041253514 9.99272851433447 -0.033913505727559 -0.535732041428683 -0.354326122494026 -0.188528706433459 0.212122262791479 -0.615854917554813 0.319560353973148 0.371179260012753 -0.42981402879447 0.163297631992489 1 2873.95106281876
"1" 3.00772768497481 2.59126346544561 2.42101174004046 3.97809447690513 5.06202732247949 9.99412070767104 -0.0129792425466627 -0.51945575852926 -0.357949283660505 -0.0593543934432836 0.173748219826036 -0.602787938671852 0.347503978533646 0.358111202156209 -0.451261019475416 0.18377995567349 1 2821.46621019792
"1" 3.00238164064011 2.59446127496516 2.53620571472924 4.10778297593528 4.98997752821844 9.95638027389968 -0.0484555951818694 -0.545241415224043 -0.361304048920561 -0.101176374426918 0.238050016213448 -0.619525011331827 0.303054695393094 0.375120381787037 -0.418989642672373 0.15213962790533 1 2803.75668041545
"1" 3.02913473010975 2.57490761026724 2.5091244945663 4.02054426536268 4.98068313972544 9.98178357337756 -0.0269158653038762 -0.527810378123158 -0.313113309227359 -0.0704044590265017 0.18988304745057 -0.589923211046882 0.346214479888748 0.347596678860509 -0.450330701373551 0.189799188671601 1 2879.79511901772
"1" 3.01063612703799 2.59097183131988 2.46908893783545 3.95072219080933 5.06572005460722 10.0176394227067 -0.0105611870567557 -0.516653883493098 -0.392258383314609 -0.0920216592962975 0.166819929497195 -0.597020131618513 0.356116229415069 0.353549508865327 -0.458611346701954 0.186096788622679 1 2838.48217281351
"1" 2.96249869844762 2.61848640757884 2.52360934210759 3.95590737829974 5.01645684387565 9.97860385360189 -0.0155887189082709 -0.520065080967797 -0.370553654154389 -0.0051003701292293 0.178367303840505 -0.592816188416119 0.346125596195567 0.350781489233032 -0.450893530874872 0.19558832338197 1 2611.57740021776
"1" 3.00263307137171 2.59378776248366 2.35278063178767 4.00289081555445 5.06628629153104 10.0179980697478 -0.00729419338950169 -0.517045958280793 -0.329020756303324 -0.14057259914556 0.168583908165517 -0.616376973838899 0.336885272884907 0.370035781389874 -0.442873293669685 0.182798576766752 1 2774.90302029832
"1" 3.08370758217547 2.54018505828001 2.5832413120041 4.06165762766831 5.01798056919544 9.97080288834937 -0.036972954100049 -0.535564750444899 -0.401363741159865 -0.0877352365695577 0.20510774813476 -0.600999595849373 0.332836333105618 0.358732058811946 -0.440417143115589 0.174682799388596 1 3029.66450634072
"1" 2.98336978571851 2.60423238983447 2.56593643458556 4.01263038417424 5.04151339966185 10.038803618244 -0.0244643353780423 -0.526417190557453 -0.406385529969971 -0.197268710123888 0.19690080514129 -0.594574343957995 0.349656835931305 0.353286277152854 -0.452858623687409 0.168445299621696 1 2678.22087641597
"1" 3.04455260221345 2.56438571772474 2.55750488005494 3.87491531094332 4.98597843897108 10.0360278388681 -0.0189518379055697 -0.518733024881365 -0.36817301599562 -0.0610791518869834 0.169569172494136 -0.57127086986503 0.378392807199402 0.331058283082565 -0.475804122482947 0.190925078784149 1 2976.97251150021
"1" 3.04263934691825 2.55667314045653 2.5616457541657 4.13335770343041 5.01303266721509 9.93942093842202 -0.0547564719230376 -0.549363226198343 -0.38333100868615 -0.0873930301320666 0.246714796538936 -0.605567011893143 0.309719561602597 0.36190490040774 -0.421081073576652 0.160403810528915 1 2826.19778401415
