"1" -12.2064035466443 -1.33365872228621 1.02203458584263 1.49670723200957 3.25542977287355 3.92819098767209 7.62161313201052 -5.47513377876405 -6.01313822402561 0 2136.80490043273
"1" -12.1770160386845 -1.59222730454374 1.20612236556471 1.50926363392398 3.31531562320057 4.03620797391328 7.62603951300959 -5.67642297547587 -4.59461336527619 0 1974.12666863167
"1" -1.65264044402397 -1.47665684258662 1.14915032671705 1.41016404238453 3.01711672784912 3.89028104569201 -2.99156608702088 -2.03675870385494 -6.27815500602693 0 2344.76600324356
"1" -1.58893046016517 -1.20223452980303 1.06805346356273 1.36156381147957 3.31324843984048 3.80116592100779 -1.31564952284531 -6.14643018935676 -5.35115224641916 0 2597.96053284988
"1" -1.66415637584719 -1.29400152589665 0.889575404321844 1.58270172360893 3.0041221171523 4.05879426327948 -4.73146560252222 -3.17733762525808 3.14365131446235 0 2398.40704373183
"1" -12.3982776721335 -1.48227896383522 1.17741556603358 1.22292589503304 3.24312695034349 3.51216589064873 7.81995089002091 -8.15762623277359 -8.12604879302818 1 2055.57760466856
"1" -1.72873463547889 -1.31947917883068 1.24326020992137 1.56188481428128 3.03425777651568 3.93194728448083 -1.75157124979799 -6.17408926183734 1.86459779210544 0 2392.85592430767
"1" -1.60107486511264 -1.35593369626836 0.992350419596156 1.48796699536563 3.02210144446925 4.10043698157761 -4.66787287182336 -3.68108151071285 2.62402766909735 0 2395.2863357421
"1" -9.22272262935372 -1.75575264871719 1.55711282485602 1.73512680874784 4.52835711823169 4.25719045446167 5.63434783969079 -12.1113408626631 -9.70896631190615 1 2051.21037796944
"1" -1.82142559341998 -1.22432220727474 1.04263804242582 1.33502832841851 2.80627472386108 3.62264100135352 -1.08778300284968 -4.33194546628127 -6.45836887620886 0 2473.5540810653
"1" -12.5417517623353 -1.59276446566528 1.15438450312148 1.54882723959369 3.32883890519763 3.80282210868524 7.85241976019808 -5.71148685603664 -4.85294231493553 0 1918.77102317763
"1" -1.92142103482738 -1.46053683925453 1.06078415515262 1.36912822567193 3.58063244844716 3.81985811150355 -0.501327143885795 -4.44811942432959 -6.51519795976266 0 2295.51332945177
"1" -12.4918140781986 -1.48630850171239 1.12419890245192 1.57236836529447 3.20535353685872 3.98476245590204 7.86602955096248 -10.9808913968231 -7.79978061523338 1 2108.208536011
"1" -9.33550336249366 -1.42018928369082 0.986201226275023 1.68241866958479 3.11553807497889 4.01584328627032 5.92596698011412 -12.3849952218452 -9.91786854060166 1 2294.19417968954
"1" -1.87499993554172 -1.16333358807436 1.01564637372182 1.54816570148881 3.10475769755945 3.9696163884264 -0.791387867525984 -15.3222145404661 5.80160822373562 0 2493.53991954708
"1" -1.78634407693854 -1.50599851695951 1.00101267875253 1.44592647957699 3.13548884367481 3.67942240060514 -5.60422333600778 -2.44464157717293 -2.62057046756168 0 2201.28304114335
"1" -1.79199655982259 -1.2930973517777 1.00974449028004 1.59958004800924 2.95918137117006 4.2350245003065 -1.53377314509626 -4.81161447073999 -5.98023283420554 0 2381.24138294907
"1" -1.63054383868945 -1.26774986887539 1.09939149680016 1.60173024728105 3.24295287545555 4.33887590612373 -2.56391184827948 -4.18240145684535 -4.92940496390087 0 2466.75883162139
"1" -1.5981675903252 -1.26370531640477 0.921620111261957 1.44796404270816 3.10715376794633 3.97424127243523 -3.68601783417481 -4.88482100133316 5.49527818650276 0 2464.50717052586
"1" -1.65473238087805 -1.24560992468911 0.794492661126022 1.51759910921167 2.82760371225295 4.06341854015829 -4.99996626089968 -3.28742120386169 -2.35990351602385 0 2438.35644703249
"1" -1.64059336019939 -1.47929446183292 1.29197640304536 1.47256721485099 3.37970218646735 3.81049551690769 -6.63773263248531 -2.56282371616002 4.70862999642381 0 2308.97512349247
"1" -1.62418463006573 -1.23968037654867 0.863998987771176 1.49109997740534 2.65761348902661 3.9414183266175 -3.1172300068578 -11.7740082646276 1.52145307683308 0 2466.82974775233
"1" -1.73353053057202 -1.37560344133679 0.936170739996378 1.48407751505022 2.81155694700133 3.95561884511033 -0.915122358327208 -3.77595557317974 -6.04108193386745 0 2417.36405960013
"1" -1.65372239653004 -1.42209093459511 0.955166591211398 1.3845129292848 3.03265175795224 3.75209140362676 -5.75010173323978 -2.51792673987574 -1.98315599592239 0 2336.70928173628
"1" -1.77486669096664 -1.30733232617282 0.906573284284781 1.36114722357175 2.9385995025452 3.7951790073501 -17.6507750987402 -2.32408521000789 -10.0434941136195 1 2347.91492528205
"1" -12.0103644602569 -1.4994742727298 1.18059692624367 1.47291716227094 3.06331806041128 4.16860291815627 7.53244184553571 -5.55018265819469 -6.28687938407872 0 2078.34520808505
"1" -1.6896480988385 -1.28472895548828 1.19597530862302 1.48747124624513 3.23540453641741 4.03563809654389 -3.38091522183432 -2.67682622031414 6.621305608531 0 2416.47552140323
"1" -1.53907697036772 -1.33455306642911 0.649218045405481 1.32811887128496 2.53182674791747 3.61273526140937 -3.75656999316935 -9.51588155717669 -1.14330360931436 0 2413.61230455902
"1" -12.2585323861124 -1.44882501980879 1.1665302867382 1.48932359459604 3.32845798434408 4.03838220473922 7.71919964670665 -5.56858335538146 -5.74830322152599 0 2090.79029488293
"1" -1.60616048988795 -1.44953608163229 1.0403763681887 1.52016865205925 3.16861734107318 4.01004506364437 -4.10651194969915 -2.81871455379035 -6.15766453443038 1 2347.95142790167
"1" -11.9156805912991 -1.51007319898976 1.05258672985889 1.47154447281397 3.57644249885689 3.93815449638073 7.20987991357535 -10.1831339992827 -9.18907001204293 1 2118.20059261626
"1" -1.78394331231974 -1.47368928868649 0.871623067759943 1.45703104035562 2.86132091608367 4.29243351754645 -7.77420410896629 -13.7608352206016 -6.33929648115464 1 2177.20983099112
"1" -1.63447460726261 -1.23316073107634 1.08673626849751 1.62657903278161 3.05295388911171 4.13163154642024 -1.78790059315274 -7.31885233312162 -5.08577488170757 0 2509.26144672669
"1" -1.61084493882782 -1.2779253494229 1.23721106674294 1.51630622504006 2.98662017544747 3.9085921124061 -14.6328310299397 -16.7306235227674 1.55020511558667 0 2461.3607341984
"1" -7.87103299740259 -1.29608082075241 1.09139199279388 1.3744289681997 3.02652777725139 3.86557269171547 5.34975300854075 -10.21408708196 -10.9479539528413 1 2036.08272690305
"1" -12.4690081533368 -1.50780485205677 1.1570929023693 1.37349053077662 3.36065187521764 3.66721023340355 7.77026408212158 -16.7319717923082 -8.37099043276284 1 2088.28433657666
"1" -1.65902435254614 -1.44065295158007 0.980187950930546 1.35368970180891 3.02209097687119 3.89356274017889 -1.85028967157847 -4.72450293981251 -5.88517655238749 0 2341.95463299454
"1" -1.83452518164166 -1.27457104477207 0.942199709970886 1.5016790907454 2.91071373685876 3.79572779001594 -0.50050079269855 -3.3641546437097 -7.53201307499219 1 2506.35899820503
"1" -10.9022620981525 -1.58860219945481 1.42162796021777 1.55480418537855 3.6589359747441 3.82604150729178 6.62720910703235 -8.17693283432924 -10.1061942614555 1 2100.85588638778
"1" -9.57991115243262 -1.06886371896752 1.37823384727077 1.42340045685772 3.37964108348418 3.90214318063742 6.87731852436677 -7.66378481565751 -11.9290613655451 1 2114.57979691398
"1" -1.62908884626286 -1.32820462261993 0.851585795380169 1.536760334337 3.00888462320774 3.89025818524956 -2.46028256272541 -2.42603118748643 -0.146231951418354 0 2430.3715104417
"1" -1.59127951333053 -1.43318690000751 1.09608527698458 1.71352919913527 3.05491867799838 4.1755584204196 -9.92759448030511 -9.5968028491922 -2.15860539854113 0 2341.26528509915
"1" -9.99901613374115 -1.55350427917601 1.26978806255111 1.23619747930722 3.84490037380112 3.93443415817782 6.70629749716915 -10.6253584688403 -9.86547342303662 1 2229.70451704248
"1" -1.61872084060997 -1.39690481504248 0.930090428878213 1.64427586042104 3.22604105835541 4.29199993764935 -5.29244624724692 -6.75078540029892 -0.578934152333404 0 2338.51865369607
"1" -1.75699404629576 -1.43901295221954 1.214895010512 1.46150461535662 3.11943203790036 3.85787876219481 -1.57329671229664 -6.18956633565332 -5.27206158790755 0 2302.36803839652
"1" -1.72004012521817 -1.42183529751871 0.95738719319769 1.38070319409239 2.85032177068088 3.78911308237817 -1.67939865301866 -4.12426467597407 -1.63633624249835 0 2329.90207958913
"1" -12.2454343059003 -1.55714522431207 1.30736760938938 1.47468830168073 3.5832172415224 3.9939061541002 7.80211265319177 -6.83021534138173 -9.026472292961 1 1967.62630613813
"1" -1.64349440855504 -1.35182457395092 1.02008804110837 1.61065537031993 3.15250432714168 4.1481765330394 -3.7528406021704 -5.98717923122453 2.35013796605993 0 2369.97142908632
"1" -1.70625388212181 -1.37035553209351 0.939192418641205 1.46719014076211 2.79280516831621 3.71407642127636 -1.79345230070209 -10.450092909766 1.3246266398623 0 2357.38834657703
"1" -12.3152065217446 -1.42581161660205 1.32312369029607 1.59105853427565 3.38164524768455 4.50036405431045 7.81036482913272 -5.59948387126333 -6.44018344966028 0 2123.28630571302
"1" -12.3591125560718 -1.41141133739275 1.25366732909807 1.3301116862769 3.60844850336719 3.6934697539999 7.76746754661568 -10.2302221513423 -7.76151827540989 1 2171.69793970156
"1" -8.45921321577822 -0.562056895080936 1.49321843285734 1.88101654934888 4.38861194643501 4.91010041599932 7.16563887492913 -20.6809536490409 -13.5844504744518 1 2384.19189541273
"1" -12.0623219450024 -1.48734558553561 1.22774677773898 1.32426833049927 3.31866307562864 3.79881149480645 7.53154345056013 -5.52960235420871 -5.50304683261079 0 2055.29079442382
"1" -1.79350658062097 -1.37383248382007 1.02549005070167 1.67825556232292 3.18645106761425 4.29230580617994 -1.76819252322541 -3.48791206025947 -7.15410085509369 1 2316.18545927622
"1" -1.56081528345338 -1.20239294367802 0.992057614800985 1.40358466276582 2.82006700951667 3.99434540056876 -2.75215987546884 -4.20514451048391 -6.98951517513968 1 2562.85149109439
"1" -1.61459524055303 -1.39725938538711 0.974661214109431 1.33237834780633 2.95188285362434 4.15902932170733 -2.87665527278166 -4.9031422063364 -5.49501339722982 0 2367.62673591914
"1" -1.78591156374192 -1.32835381359367 1.05508148503308 1.57273144177384 3.1293594814893 3.89661749344221 -0.94507753869343 -5.37360848392415 -6.49735524396462 0 2410.76391937579
"1" -1.83626096804171 -1.37726842870735 0.86813937412479 1.45389002270901 2.96081549058899 3.86582938702938 -14.7940435664077 -26.7432576495213 2.85818210910254 0 2230.0601840191
"1" -1.77078475996774 -1.22957759910964 0.759730183158655 1.5984608914992 2.8643546420431 4.32973655093399 -0.746827402409651 -3.04892231407297 -6.76435906055137 1 2514.65562776777
"1" -1.70786689299221 -1.36837921073661 0.960965468182658 1.57856352811777 2.97241343017931 4.13092915152087 -1.63322175648497 -5.15199275108756 -5.53062682274126 0 2365.19427742384
"1" -1.76453831700884 -1.31719923875157 1.04834946446052 1.3690486213361 2.7941069228527 3.69869669590377 -1.74334239066253 -3.70340442497131 -11.8540003540078 1 2393.29537333276
"1" -12.3576207268363 -1.40922566215631 1.24997950876121 1.3820696057473 3.12980513546813 3.81215683097353 7.75750334993306 -9.162549831982 -8.5635801043971 1 2151.78722389369
"1" -11.0656756212263 -0.951526465963077 1.06461701539253 1.13282737337532 3.65625549564935 3.19617042170587 7.42417001431337 -15.6109366226817 -10.1707323675519 1 2240.1275583598
"1" -1.73407207323811 -1.33534194265185 1.17339943463558 1.33423179445087 3.13273244045943 3.75919417372589 -1.68849976751831 -6.22919809036807 2.70710119658723 0 2381.25918563786
"1" -1.57355511232615 -1.36206428301947 0.900633570959472 1.37914546020077 2.87740889000703 3.70165310803778 -14.5952168650277 -15.4636503451006 4.55314820394832 0 2403.8528299399
"1" -1.75405420427312 -1.38079189040301 0.851966471843241 1.36057247207786 2.86793323378714 3.68539012732636 -5.44685907082503 -2.42731217975641 -3.92188481010383 0 2302.82194648029
"1" -11.8296627207697 -1.35908852317602 1.22284286389977 1.53661777424806 3.14424218539487 3.97317644590183 7.35454228069257 -5.42955816951993 -3.61190351377041 0 2166.89677426722
"1" -1.54079319040785 -1.30023452184727 1.28538381513784 1.35780297361675 3.18942835743565 3.8015586460504 -2.46841967235983 -19.2478329328726 0.825906566193068 0 2511.12316417516
"1" -1.7188060495939 -1.26643092292932 0.828214143619913 1.42131633789685 2.72239316501545 3.76021550105328 -1.90934676768289 -5.01371557765679 -6.15766131829083 0 2422.76591838053
"1" -1.67038599890937 -1.27442046878959 0.813766763385691 1.40718347052406 2.80737637049983 3.87924676499802 -1.7656761190566 -8.51766026372976 1.53331522148769 0 2436.92164012166
"1" -1.58193533146451 -1.22807241349416 0.860206163759047 1.50263592463568 2.92115259584839 3.91138526198328 -3.99872580986671 -2.80693657860182 6.77620579951869 0 2504.57207521473
"1" -1.67116639818377 -1.42427846556148 1.10073700200528 1.50939842075456 3.1565939788502 3.99463466098399 -5.66864347447809 -2.21849445365609 5.12734720709657 0 2327.94323663949
"1" -12.7114094762622 -1.33775418983383 1.05914337095248 1.78224728418519 3.21818159807851 4.15622273929132 7.97530594157208 -9.62851230568481 -10.4261162780274 1 1990.5316909689
"1" -1.67808344457269 -1.33707388997388 0.890289834186091 1.33146121771472 2.82319035402213 3.97608049476744 -5.33530780570778 -2.92105873108935 -2.1195438213985 0 2368.89885333409
"1" -1.70110830638549 -1.39737850273113 0.880503726383561 1.29993716865883 2.58199713128149 3.81697774691707 -1.14804536345199 -7.33554060249478 4.96217733846681 0 2365.56487754598
"1" -12.3264816414401 -1.53527700277595 1.11623702315276 1.55397349074209 3.11544943543053 4.30503591093144 7.81088940080939 -5.63687443121215 -6.05129685158277 0 2053.13914462629
"1" -1.64152162608011 -1.33401036639903 1.02358567121145 1.50752453631838 3.20486751496337 4.06333918807342 -9.47509005521269 -8.24879751554873 -0.176345756000221 0 2383.94685852048
"1" -12.0943808369948 -1.3187999349165 1.29914065405988 1.55659446348215 3.54751928061829 4.15550172729114 7.61875671137533 -5.46370600027601 -4.13603949127692 0 2212.13477762922
"1" -11.9998539856256 -1.40585872359093 1.09286560678449 1.54028628583807 3.22338527665377 4.17046539216444 7.61335595175486 -5.47144370462798 -4.80813410114507 0 2219.32055363109
"1" -1.75038868982602 -1.40046795541405 1.07394342583378 1.54457340762635 3.15929344378932 4.35261916058406 -1.53512882306948 -7.09490515276866 -5.21491332603318 0 2317.31167158503
"1" -12.7457347301176 -1.43663079576684 1.35072272279257 1.58068517832919 4.34843676920509 4.24785611539705 8.44441808551198 -17.3140480100844 -11.6691801512135 1 2145.12947928455
"1" -1.6497300801989 -1.37340826525514 1.14440751222587 1.42274703090386 3.17405363578793 3.76290396408144 -3.07182192337511 -2.94075802016912 -5.87109778862636 0 2396.60223635342
"1" -12.3060768663893 -1.58934708932573 1.33449944245762 1.55025642594824 3.41365207285176 4.09819663240729 7.63566908627035 -5.66306236436091 -3.53464028920901 0 1902.06963137715
"1" -1.6333971122231 -1.3872339731277 1.07588346243626 1.4213906520606 3.20279915164653 4.08939396825624 -5.83512787884995 -2.78677601413875 -1.82935243071796 0 2370.45604075858
"1" -11.9422129728912 -1.39601807894334 1.15899758404605 1.45347639010664 3.26148848279821 3.81091610277758 7.52859986074845 -5.44251617835695 -6.22827010664569 0 2203.83819149179
"1" -1.62169926453253 -1.3391082891489 0.870864186890866 1.52636124574413 2.6174602438949 3.98115499197231 -5.32188192440284 -2.86882078104798 -2.35460905066751 0 2399.38150336137
"1" -1.7254256304484 -1.35109965432717 0.943735867206462 1.71723079018078 2.78758882923769 4.29906019592526 -11.1070038815525 -10.2200563063485 -0.53256327524574 0 2305.97507113807
"1" -1.57421748406336 -1.38415568036749 1.16213945273287 1.40479271069171 3.29628896681452 3.90407215147064 -3.46676933268293 -2.31062668393464 6.36783231710471 0 2419.03496315074
"1" -1.68412146198732 -1.34732222544028 1.07985323762799 1.36270850157603 2.89698337501075 3.65399663751501 -1.40062836899309 -16.8472330598131 -0.0323054177517965 0 2420.43722020149
"1" -1.77559189994516 -1.3931006667178 1.03901488717189 1.41128126839445 3.14765262499069 3.75448415822676 -1.30840952042443 -4.01208412904955 -6.70361222181269 0 2349.39264325349
"1" -1.60410777467679 -1.28220668959677 0.974546356669362 1.42183085873059 3.07699170298207 3.67601276741767 -3.55579993904288 -7.63632916227181 -1.7853892713904 0 2460.71850323228
"1" -1.77029037343179 -1.44531931236591 1.12834509899495 1.50976518306495 3.12446876390637 3.92966558777315 -14.723808163168 -17.5213508840315 -1.20516893910055 0 2230.55571270197
"1" -1.42926570279782 -1.28351196509246 0.902992051263118 1.56316205413015 2.84753254699779 4.15741568664766 -3.69418039361456 -4.93526807574811 -3.37783100780075 0 2556.6599137175
"1" -12.4001566708156 -1.4746246867709 1.23706640337993 1.59902938959566 3.34539665082691 4.30685620319987 7.82522215349114 -5.63248123985528 -5.14554852219541 0 2049.87128377276
"1" -12.3018345458755 -1.40274323642242 1.30939715397566 1.52100440963063 3.47842802477204 4.16821389925525 7.72447394879755 -5.578311440948 -4.79170880259729 0 2091.46311721512
"1" -1.80780504120838 -1.45914594803972 0.877145704392317 1.65861566094365 2.78845513918699 4.26203051064564 -1.12775509335161 -3.40353597821377 -7.16738892185937 0 2278.07640590837
"1" -1.79484370672837 -1.26347377015774 0.718429586374868 1.62158168694968 2.75134154894954 3.88216414288979 -0.621611626282183 -3.73926456121437 -6.54595644346164 0 2479.51676146293
"1" -1.77160246796833 -1.30828381508871 1.0713811309372 1.55114307927516 3.11425384117937 4.16181443443885 -1.19808323634035 -4.56610144860454 -6.62832515351294 0 2411.95563061699
"1" -1.85926747546424 -1.43855739807285 1.01879057268612 1.51726764872516 2.91464575510431 3.86383018994694 -1.41196873479087 -4.06010210427012 -4.76682655344636 0 2253.48976487425
"1" -12.2683045914255 -1.49575835430329 1.36844227409143 1.46395593233172 3.61443496258759 3.85845060080707 7.7219382830845 -5.62451300450134 -5.74828982250459 0 2058.18157417485
