"1" 2.99798521537198 2.59837867882303 2.6087428555991 3.99147093338364 4.98937824425477 9.98525324613782 -0.0381192086298037 -0.53207184584375 -0.393196065102129 -0.0690593530085203 0.20452351904888 -0.576588737134281 0.352300804736518 0.337838383870376 -0.456293637218885 0.184877162022424 1 5661.69662085401
"1" 3.02502318850336 2.58686583154881 2.52366380354754 3.96200346165668 4.99041619905632 10.0264154478861 -0.0404567550523722 -0.532276973396293 -0.352667761681005 -0.128306614508114 0.19699540443387 -0.561404829622438 0.360601189609742 0.321291244276726 -0.461503193591737 0.208354658630994 1 5958.67075793042
"1" 3.07118457379085 2.53963797149938 2.54245135620834 4.01317749800368 5.06112720138833 9.98786677763432 -0.0388488323708689 -0.534378084481091 -0.424169192256583 -0.1026118424256 0.210045959598914 -0.594665745617034 0.342020360992361 0.352691484309792 -0.447975886205792 0.16623549508074 1 5898.91128596538
"1" 2.98269397243309 2.61613628049648 2.52008438743776 3.98929541741134 5.02401870856548 10.0095042655935 -0.0334006930418655 -0.530592104403882 -0.370551530112699 -0.134046522503679 0.200962128917837 -0.587655551466383 0.348170355781577 0.347145587283424 -0.451346679571373 0.178323543766032 1 5693.92317848423
"1" 3.03238735800977 2.57083998285172 2.53729739157451 3.99541123912558 5.02872505057704 10.0154141108931 -0.0310576063719279 -0.52801728002974 -0.393616288092841 -0.148537331675941 0.190894555064977 -0.581331325164631 0.35224772143264 0.339910229402894 -0.454003893220936 0.194554256456276 1 5783.05229132138
"1" 3.07885316875795 2.53168949575029 2.45804642143294 4.03477680494168 5.06936101686278 9.96957407254649 -0.0419877988394513 -0.539738203009928 -0.350202904585768 -0.0779542410885673 0.213136714155981 -0.591336610991709 0.325585471585171 0.348237566400569 -0.436895412353431 0.194045131590189 1 5935.75197848364
"1" 2.99847253952345 2.5996899714425 2.45053454389125 3.99627953484626 5.01653357164274 9.99770121240794 -0.0216491182124809 -0.52342843892232 -0.343782733903217 -0.0985634867362918 0.181973064423526 -0.594034221686356 0.347914691407234 0.351177803728544 -0.451992065464683 0.188181968708695 1 5713.45661041368
"1" 3.0517754124681 2.54584701273777 2.53786258146259 3.99654636617503 4.96535858724766 9.99439312530303 -0.0256526023980834 -0.523604528608203 -0.336682753841482 -0.10482400088468 0.186820142936577 -0.570398441914454 0.373761751711406 0.330745170781649 -0.469017734251741 0.184384655346837 1 5712.82864694953
"1" 3.00509278414217 2.59880477238982 2.52634200565345 4.02179559023181 4.9277641314399 9.98392522081182 -0.0392753034432624 -0.53309990110108 -0.277337466441113 -0.0916990299505019 0.199490178393475 -0.571316250149228 0.347537741880084 0.331414557893731 -0.452932700786355 0.207312915705043 1 5845.02691311313
"1" 3.03261891584285 2.56463496756726 2.4897264432675 4.03482391945328 5.006101938917 10.0146133915073 -0.0369892158822115 -0.533491026159447 -0.348928133327142 -0.220395526137173 0.219896865585169 -0.599772056097788 0.352035189709367 0.357662088605737 -0.453875563090471 0.132774634525227 1 5696.75872383992
"1" 2.95487178535726 2.64295798602417 2.51841043520777 4.14173215203311 4.97978615927197 9.95030288317708 -0.0483266976946705 -0.54272582637617 -0.305586995811995 -0.178957308944847 0.226469718375719 -0.610874260974081 0.295776594579138 0.366632943550238 -0.411239149018244 0.193460810505985 1 5698.27626230941
"1" 2.9912953467285 2.61072051251258 2.53457423681456 3.97489455406932 5.00365542975269 10.0087163748694 -0.0262949660231951 -0.525112063978926 -0.379961647795118 -0.106971803672621 0.181429882053269 -0.573582048976463 0.360873919625218 0.33238348945515 -0.461075585821412 0.203679013031742 1 5787.70885667104
"1" 3.01904486799331 2.5768544543046 2.51319819569162 3.97787268272296 5.02860918531087 10.0137647385916 -0.0328035575886165 -0.528487974607785 -0.383233019435052 -0.11936020790058 0.200967611866485 -0.578459255314206 0.362962357796244 0.337252205372258 -0.46333386966675 0.172025226473885 1 5650.95946126977
"1" 2.99142000482522 2.6145490154064 2.49859654243704 3.97294693315169 5.02447757482807 9.98748038582004 -0.0388847085332162 -0.532223894562897 -0.359753681167306 -0.0504483544594069 0.205409344337258 -0.586576200984127 0.345081542496549 0.345604069420536 -0.45090166212999 0.179342929147304 1 5845.76049662821
"1" 3.01939841813762 2.57750340160282 2.48455594438144 4.03936453061287 5.01868340148315 9.97074487520523 -0.0294410094418119 -0.529632125851862 -0.349272084214317 -0.0756356665703703 0.196526214798308 -0.592273344591736 0.340874513445948 0.350158311980179 -0.446343365312395 0.186794062333502 1 5704.32082655788
"1" 2.9357711578382 2.64922725348198 2.57354519023402 4.07273062134906 5.00632355917574 9.92804117942708 -0.120019603549765 -0.476566823348315 -0.299699887228028 -0.209581908085928 0.418461390285678 -0.65234103269944 0.324042975565759 0.342489747356716 -0.355668573787632 -0.0434503881270179 1 5721.11980285416
"1" 2.97072116645571 2.63173880993227 2.5212185234513 4.03381197496414 5.06363189853813 9.98627601278955 -0.0356196346056519 -0.530985641156164 -0.426975606995882 -0.111968909516091 0.201382421094141 -0.589666036645997 0.34578461193055 0.346912073064015 -0.449155850092294 0.18034921454087 1 5754.30387011416
"1" 3.01758987790631 2.59844344867184 2.5175115018967 3.99932375291534 5.01602188657648 9.98120207778232 -0.0511748246314603 -0.542647516296782 -0.360585303584248 -0.0679584951705298 0.221810710668866 -0.594898422010245 0.317507848002053 0.350042942682531 -0.42947316277162 0.193740255472178 1 5971.85981018501
"1" 2.97985808529113 2.62511326947107 2.52366812347109 4.077937897793 4.9889719779946 9.98690644650645 -0.0546140989372185 -0.54319066786934 -0.325566870086809 -0.174648137054428 0.229453646132789 -0.587481914791924 0.332141545679005 0.347276875750526 -0.437237519120893 0.17496427390718 1 5799.71823806338
"1" 3.04879317321575 2.55420434070721 2.45791787787952 4.07449183668989 5.0489441327014 9.99605512959696 -0.042923570713763 -0.541192433782485 -0.36886136690695 -0.16147866644886 0.231512333383066 -0.62545000971623 0.297709112322578 0.381754144714351 -0.414111750687869 0.156163222303656 1 5768.66440909942
"1" 2.9672057730164 2.6215259634907 2.54875594816475 3.98449595437455 5.03452052785355 10.0005805873239 -0.028241638786462 -0.526789448445743 -0.403469476734394 -0.109681785457356 0.197293493914969 -0.591213305314418 0.349638202967624 0.348068722727195 -0.452745779038438 0.175794117911357 1 5495.45546568724
"1" 3.01896754948674 2.58397795252161 2.49411916938837 4.00517316279775 4.98712349756487 9.99556391075148 -0.0300643611387278 -0.528644058494707 -0.324271686392511 -0.126546705820647 0.188032760680886 -0.580675613988557 0.349539807772948 0.339116630924835 -0.451931515380168 0.202754928472233 1 5837.95952020224
"1" 3.06978897904653 2.54494061972351 2.50417197749093 3.92991539614377 4.98826396137177 9.97755473249994 -0.0468885748530303 -0.539892062231837 -0.325689228038644 0.011632964584277 0.229952756097565 -0.580780502176002 0.365111655965413 0.340549322903828 -0.463958719154292 0.134051380005265 1 5988.77517725603
"1" 3.02393734261062 2.57975349227364 2.50612498605721 4.02469617477244 5.06260221625332 9.98840115901815 -0.0387706770695177 -0.533677364902629 -0.392945321182275 -0.110652536123925 0.205804860443624 -0.588788188698523 0.33806518873301 0.346371434093289 -0.445100985016795 0.187410693123382 1 5791.92695684473
"1" 2.98671306253989 2.6124667124828 2.51644431889051 4.07056415354062 4.8992792208707 9.94056562768508 -0.0565299992713537 -0.543502722577859 -0.243304515882312 -0.051729892902195 0.2398822291647 -0.572652134534871 0.355247785289632 0.334618934077651 -0.455888098891955 0.151920737390274 1 5775.07217685643
"1" 3.05297113874707 2.55545382483194 2.49535086550824 4.03726917918545 5.02100636081621 9.97316979260215 -0.0286177740260143 -0.529407750690421 -0.37299267818044 -0.0907251243111281 0.185315383291026 -0.591625675071536 0.330805791311777 0.349943142404825 -0.438430752087295 0.214017418715644 1 5964.45242646482
"1" 3.02670829305639 2.56945332296735 2.50798304254576 4.00775898244596 4.99233658615412 10.0389486288165 -0.0235560539864828 -0.524996223591805 -0.343533431648386 -0.200703806606942 0.180853192749484 -0.580793227544918 0.348207053209869 0.339119107320944 -0.452363481642451 0.21059060382026 1 5630.54833798388
"1" 3.02587067863001 2.58801298889231 2.53495847097147 4.06121613837777 5.04798034522591 9.98763713827206 -0.0370439607680216 -0.533640441513637 -0.400342291554581 -0.163204157756755 0.202922274534861 -0.59562426276835 0.335296289808423 0.354349661804581 -0.441699328187454 0.18231872892334 1 5935.42492188281
"1" 2.97025993610082 2.63588876630944 2.51828284321675 4.0500220814871 4.99199636704305 10.0001467543011 -0.0508574336358176 -0.538547723296224 -0.345634865855355 -0.156361015287038 0.224100276185495 -0.583496815402436 0.346669695566066 0.341112815363271 -0.452115800107626 0.16437669839108 1 5825.90259290719
"1" 3.03653337923839 2.56561145635055 2.565182328259 3.98854691072609 4.97882713488629 10.0128068487385 -0.0328395034502397 -0.528124152143105 -0.345795924353655 -0.124670154130936 0.189311905351958 -0.568326776015189 0.360563603592767 0.329070855532881 -0.460669129717531 0.203845290327678 1 5791.93352117389
"1" 2.98170812668696 2.63016277243811 2.52408113279813 4.0236982708098 5.02630905962505 9.98173185913492 -0.0487357759583628 -0.540610506859229 -0.37520484859858 -0.124228583738009 0.226878958511081 -0.596336747328321 0.330032010415787 0.356246960609288 -0.437918324067534 0.162841685096715 1 5868.30316839344
"1" 2.97782819338816 2.60693001757856 2.51030199417978 4.06064534385868 5.01733027503453 9.98997465470378 -0.113681331282878 -0.581003696802161 -0.282526221912886 -0.143444970513302 0.399966438797349 -0.623896541310696 0.313494361022465 0.381983083248034 -0.426754245189085 -0.089159268201306 1 5692.46660366786
"1" 2.95593694329531 2.65356363877242 2.52357898771616 4.04539660613716 4.97891265141528 10.0350263472996 -0.0538255204032813 -0.539844290506998 -0.309869560427292 -0.234856027763979 0.225730669395792 -0.579657670588877 0.352023898974326 0.33806060836924 -0.45333039258693 0.162794524070752 1 5833.15744575743
"1" 3.01790443540091 2.59573065907142 2.56059130615662 4.01123176309456 4.96235815003846 9.99290783211723 -0.0614669909300549 -0.549302630632048 -0.31703926107016 -0.143492953872241 0.261352209477768 -0.612752887125244 0.319837037421004 0.37247641400664 -0.433274323084634 0.107456408011585 1 5865.65231819907
"1" 2.99310209567725 2.61149079002404 2.49950198464076 3.96589912547951 5.02588663402731 10.0180946314208 -0.0179961259932188 -0.518556032304918 -0.375035956278098 -0.117280318653837 0.172807349537801 -0.584934981310378 0.366934799313376 0.34300660128429 -0.466183331454166 0.183886739338576 1 5821.28959090564
"1" 3.03416317698291 2.57799119755378 2.52706092190809 4.02072507489999 4.99244985315489 9.97542763171752 -0.0439789670642226 -0.535620198246164 -0.350578597706676 -0.112237730458273 0.203117570342942 -0.576510041353168 0.340563318525482 0.335473428372842 -0.444332413094733 0.208837531023681 1 5982.46338394278
"1" 3.04159950301615 2.5632281597465 2.45921414679747 3.9763864354414 5.0014328639726 10.0177484752815 -0.0168088397867582 -0.520530471870955 -0.3175275312988 -0.124515960847021 0.177630761165488 -0.591924202622 0.360776403377685 0.350827772931969 -0.462278588559914 0.174952960271519 1 5875.78943059486
"1" 3.02164224658255 2.5752737898095 2.45937822890198 3.92031216894336 5.00545805612206 10.0099233108115 -0.0201572218374073 -0.520663604795839 -0.320387529949443 -0.0562547400544065 0.176488660915022 -0.583243593982622 0.359601739710254 0.341393349601131 -0.461809412463333 0.193131436755272 1 5704.62998232279
"1" 3.1183677607348 2.48191294504299 2.51907002738412 3.99882124737066 5.01006549338027 10.0262997779604 -0.02140719016367 -0.52348576408195 -0.368167138022541 -0.160957700380876 0.179086177923349 -0.576043689294493 0.365018181045153 0.334382664682151 -0.464079065399219 0.196043387211642 1 5752.65281748282
"1" 3.06114088930447 2.54411222401392 2.4943614097814 3.94718184574804 5.03717217480011 10.024005718042 -0.0244643893064725 -0.524526923362572 -0.38481210546076 -0.122708790754494 0.178959000291346 -0.5842013165843 0.34523083318754 0.341363213365741 -0.451942578031024 0.210659646036469 1 5849.85558113338
"1" 3.03954013564073 2.56554978452835 2.4892519927951 4.14885921397064 4.98409342957615 9.90125935828546 -0.0542841412044062 -0.547862784289969 -0.305813936702738 -0.0430492908424838 0.239558166236597 -0.605510581191336 0.307952698232132 0.361611281768723 -0.419419727571151 0.171456697846578 1 5861.05329038093
"1" 2.99718340091553 2.62493533832443 2.55002454566678 4.07610941100334 4.9547782655233 9.99030951378379 -0.0524695006647807 -0.540931501386325 -0.352684682563787 -0.167765705802304 0.221072167767089 -0.592955805997258 0.329252318572555 0.350877477747424 -0.435855359816333 0.179364809200918 1 6021.37894660829
"1" 3.01819210118152 2.59721993089286 2.56504678409045 4.02585780264213 4.99384716449297 9.96371462501405 -0.0330587910665903 -0.53083235724199 -0.375099439024576 -0.0766791023306726 0.196624578345939 -0.598705559105336 0.338141877482097 0.356623528358599 -0.444118777650922 0.179529494986085 1 6036.32460593296
"1" 2.97385647133453 2.62238689157075 2.47869509484782 3.98233679872055 5.0298475983398 10.0242990488907 -0.0213033648916897 -0.521091952330232 -0.360064604439608 -0.15221300178185 0.179969808376227 -0.581840491252891 0.363777008056623 0.339156044227352 -0.463215812332168 0.187951057123692 1 5632.14286749316
"1" 3.0453649421976 2.55666425063934 2.43928182795 3.9380313530929 5.07909086490044 10.0168479503374 -0.0132364295613126 -0.516327882909222 -0.379625481523595 -0.0883151128929146 0.170009104474519 -0.580764421590922 0.380570186310682 0.33814159922359 -0.476652458916349 0.173916421630658 1 5804.05641062097
"1" 3.06517429666818 2.53602173251043 2.4864245545712 4.03603767294911 4.9951565064635 9.98032380602398 -0.0432755943249526 -0.537791953089433 -0.343201630729838 -0.101343891451313 0.217323532107764 -0.588513270356673 0.337893702942647 0.345530878304826 -0.445240007979712 0.176669396786219 1 5792.27268129485
"1" 3.03037100925505 2.57997862884664 2.52964576638607 3.99039863418298 5.00696023119104 10.0049590597354 -0.0391008530099691 -0.533211845815601 -0.374864852527326 -0.132261993433645 0.199846963958525 -0.580225710472142 0.341897200312996 0.339922574132086 -0.447377749680927 0.201257670651202 1 5927.82424524352
"1" 2.98351251107198 2.61965547392816 2.44293615883183 4.02716363587259 5.02150976320185 9.99848098117437 -0.0294866106267868 -0.526211813395916 -0.338038058982608 -0.144875995868182 0.193081809739908 -0.581081638912553 0.363930612654958 0.338869761590587 -0.463460913560259 0.175384306694998 1 5785.14946568255
"1" 3.00761565613657 2.59391769370593 2.52129926975201 4.05484498705036 5.06540690729635 9.95496020771441 -0.0232581790708121 -0.527386137877462 -0.426988471912131 -0.0939060379843811 0.186220332654373 -0.603792384336246 0.324915276737686 0.360282577973902 -0.435473686892498 0.201087054437722 1 5758.3657068488
"1" 2.97980707848081 2.60379350744668 2.49726530397715 3.94911508025706 5.03396759837181 9.99050132210357 -0.0304067335678651 -0.527630608446579 -0.375641931095722 -0.0453681149229977 0.204459312807793 -0.581948730372025 0.363391390958393 0.339814282180675 -0.463583901315883 0.162582113154843 1 5486.25234749297
"1" 3.03124089899305 2.56126428676476 2.50258680282163 4.0376794668783 4.97967371018435 10.0016745083088 -0.0373309032256896 -0.534227284105097 -0.331612678522225 -0.14593860754118 0.20406736022273 -0.582292688985557 0.334423645617822 0.339192243585019 -0.441270709918219 0.207692683137947 1 5635.22387217017
"1" 3.08583693630551 2.50683927373021 2.47331027483772 4.02900171337208 4.99419164520155 9.96674813009624 -0.0397712108939996 -0.536999546571605 -0.314659081824413 -0.0865153387472602 0.242846599376529 -0.58724370916825 0.380952269266683 0.344851858924252 -0.473711963546155 0.0870070620139164 1 5737.18564682035
"1" 2.94671698198535 2.67336134596498 2.48323557102024 3.95679156824547 4.99700669356829 9.92084320342346 -0.119252879826551 -0.574575670962222 -0.43175965263916 -0.269963817688572 0.442917583152729 -0.429417701661403 0.426291290652496 0.258824984540141 -0.582640317011499 -0.114883066758056 1 5763.5984840684
"1" 2.95555456991238 2.64127852575737 2.56097308052562 4.07167078323307 4.96171164616299 10.0146552981515 -0.0443646382054867 -0.536209590305325 -0.357174996962206 -0.203911818747669 0.208508316806585 -0.577339804622229 0.332874751681829 0.33572120708354 -0.441129873810614 0.212217440946873 1 5633.75726218744
"1" 2.9795017459786 2.63350732439115 2.46827478920146 4.11108215226991 5.02060096959416 9.95080269830006 -0.0790427319563099 -0.557118482878176 -0.318658905487234 -0.0977566202670157 0.268318535849372 -0.571231069142839 0.337962827414912 0.325991455739115 -0.440590962248158 0.160071436201954 1 5899.5134599937
"1" 3.01574117462358 2.56845897798367 2.51346067990102 3.93977972635501 4.9458137124267 10.0166486030988 -0.0726286203409334 -0.52063442671112 -0.286362692570124 -0.149001747530318 0.270409256925552 -0.600812740150298 0.400647027749753 0.31643332826026 -0.449739632485864 0.0715060399400299 1 5689.13966915126
"1" 3.03530907667587 2.57353268146546 2.53792779599697 3.95837459647653 5.04338899157473 10.0250666299085 -0.0220137269302625 -0.52213481498225 -0.395172639695007 -0.120219420393445 0.184783136758653 -0.588741517042928 0.364484017920099 0.346740653508431 -0.465982774007299 0.167841197417434 1 5870.3581237508
"1" 2.99798343786702 2.60774386212969 2.56043269340212 4.01408958410556 5.02986336153956 9.99890537543579 -0.0297129621145245 -0.526465885980628 -0.394396288485741 -0.119233825008031 0.186525225071747 -0.580470122696942 0.351433259728788 0.339081151548824 -0.453136121422448 0.201769538607308 1 5804.90389923
"1" 2.99048853665058 2.61270232902243 2.51516176377229 3.94695949510769 5.01078826437867 10.0055729323963 -0.0148880021925804 -0.517604512014137 -0.354632546656831 -0.0804300375695547 0.166448389946376 -0.585299169776335 0.358663833972384 0.344175027707129 -0.460950638929971 0.200280869475221 1 5814.89316505015
"1" 3.07492018928154 2.53384081957208 2.47218281438363 4.02078953136163 5.04935407879773 9.9968328970053 -0.0301757940906979 -0.531257645116223 -0.373425968979321 -0.117588641020305 0.196159855477485 -0.605701498819034 0.327191933260828 0.362762744620701 -0.436897342990278 0.183995709134154 1 5935.22206525757
"1" 3.0162835770887 2.58572887426999 2.58844734134317 4.11444289750525 5.04443411494999 9.99551399834779 -0.0436691789418787 -0.536807007806244 -0.408882901425092 -0.220107495293862 0.226001505517476 -0.601968519466059 0.339201538118075 0.361143540801508 -0.443435801817872 0.141231437102587 1 5696.63022222035
"1" 2.951825817783 2.6629530823157 2.53583393506345 4.0187055287018 5.00009790044021 9.99830211642235 -0.0417725587008481 -0.533076787090008 -0.350604285349529 -0.12107301136132 0.207637018202563 -0.580000353743529 0.355401658050336 0.339239015049655 -0.454840499604814 0.17579564394192 1 5938.86044589054
"1" 3.00506671714154 2.59416763247283 2.54193841271947 3.98836336713929 5.01397801428652 10.0077705660097 -0.0338722229079499 -0.530852534258942 -0.366421826926016 -0.132336139828879 0.203767073267847 -0.595560180831209 0.34110697131134 0.355054773697665 -0.447651195583 0.170851188947644 1 5698.49321480359
"1" 2.89957341151723 2.67972965147715 2.5619710003683 4.04235187180402 5.0121426834656 10.0184227777672 -0.0450371082180303 -0.534952616849859 -0.360410874529177 -0.206535164588898 0.222706116814687 -0.573506686565714 0.350878488061013 0.332940884390086 -0.454116852233342 0.176462720371109 1 5398.2514364032
"1" 3.02860195915585 2.57719962203629 2.50695483599627 4.01898891657064 5.02463280598295 10.0099781909649 -0.0256655499665537 -0.524253197688775 -0.362213348699344 -0.14697928162459 0.172405872092404 -0.574683444421028 0.349873557699242 0.332695149561988 -0.452520004964791 0.227872026282481 1 5879.9418460001
"1" 3.04388109013489 2.56615857325324 2.51578964289802 4.06257563929112 5.05569658224746 9.97604538257419 -0.0608216344488879 -0.549193957112698 -0.39623489860147 -0.154991207627535 0.247349715494194 -0.588778820704522 0.328978457790895 0.347314917640522 -0.43691414437212 0.158019438233557 1 5847.30024214289
"1" 2.98347100290604 2.62513068646621 2.54829915790171 4.0243023579104 5.04148845610948 9.96784162666637 -0.046631164088687 -0.539011970661777 -0.413492088739895 -0.0821350385199123 0.222856003937211 -0.594773747430883 0.331725201082912 0.354116598835499 -0.439611751266806 0.167564391373863 1 5836.18106863432
"1" 2.99959245974042 2.60304709321261 2.57934875215466 4.08826290191923 5.03878592969642 9.99838847265014 -0.0498264249628305 -0.540724333487977 -0.4184094584489 -0.182284570597805 0.220522903175676 -0.582727101985682 0.327986047868769 0.340472708002463 -0.436284512773926 0.199443339343187 1 5714.18535064184
"1" 3.00941192362544 2.57390203508131 2.51027160300983 4.05246920871858 5.01061899573334 10.0083424248114 -0.0303688423775805 -0.529770789663436 -0.390312142940184 -0.201963712248647 0.204398124638383 -0.585529495433245 0.352895506052036 0.342074989592136 -0.455467399397395 0.17370554230219 1 5472.19581651028
"1" 3.00005207142849 2.59751231827884 2.48576423997778 3.91741014841489 5.07038502621194 10.0284356471458 -0.0127283978622128 -0.51761341634679 -0.41725828336041 -0.0988392135738873 0.17322940132505 -0.597141624566564 0.357794465527003 0.354212902835129 -0.460096812742424 0.176405067856098 1 5656.79918476468
"1" 3.04385039720428 2.55896784562708 2.55570758675382 4.06957062154097 4.99477006818753 9.97036602411922 -0.0766535663444934 -0.554315522567542 -0.39885147795444 -0.103839052997597 0.271817065463858 -0.565809840942742 0.358380347195277 0.32315861911586 -0.457008291665643 0.130099267111322 1 5780.43137548069
"1" 2.95548107448798 2.64127754764629 2.49267704511796 4.0757991137957 4.99102902221223 9.97504379260996 -0.0341593175406901 -0.532898144133229 -0.329053115160428 -0.145124412228917 0.20714986773788 -0.606315761205432 0.319703897003156 0.363124114046002 -0.430453347904534 0.183737884924171 1 5686.13049437682
"1" 2.98276924318672 2.61953866958293 2.5152816396071 4.04972591433494 5.04021309329715 9.92667814461782 -0.0382043080643165 -0.534977773127185 -0.362238285837105 -0.00955032655710641 0.212643179170257 -0.599813641698654 0.331014769232496 0.359123030080849 -0.43913373503642 0.170190236853043 1 5802.73724038338
"1" 2.97150525410262 2.62267767829873 2.51914580270881 3.99391399457518 5.06455568090455 9.91544237207573 -0.0650793469484202 -0.548191666862347 -0.395849790041943 0.050086884709734 0.252294948116445 -0.569714747288285 0.343336076738943 0.328075392460516 -0.447871778080764 0.165460217459552 1 5715.53637227434
"1" 2.99206413682989 2.60324785475272 2.46415659032492 3.96996901729641 5.0117770150273 10.0074612724335 -0.0278463228152666 -0.525227118729608 -0.358040187431148 -0.106830085438639 0.184215780303924 -0.573078286135502 0.359496431615898 0.331102557635909 -0.4600499521436 0.204581557230102 1 5633.02678563533
"1" 3.07507811013848 2.54721072233409 2.5596369336169 4.0651816846614 5.01097792286486 10.005731626566 -0.0567820299970243 -0.547328075567629 -0.35918045066846 -0.154314252686113 0.235583065159428 -0.599240799545061 0.316079096644221 0.357819621216927 -0.427795216338582 0.170661920084497 1 5997.90383610781
"1" 3.01486098074632 2.56941443441229 2.56555241118943 4.00230187195098 5.01164527094471 9.98526288575614 -0.0572711161719829 -0.546557583007667 -0.394591716060265 -0.115423988722444 0.256966681001227 -0.604840646102501 0.32301074586861 0.364138429047811 -0.433277322573599 0.125048007248936 1 5547.34847331075
"1" 3.03993357012471 2.57365507243671 2.47568021425462 4.03250767636423 5.01125032037305 9.98809155554691 -0.0245664714032139 -0.525756175623853 -0.35366207966836 -0.100784927203996 0.177259448031404 -0.587970501461535 0.345600921390377 0.344336935357261 -0.44982842794381 0.207801050965571 1 6132.6085182745
"1" 3.00422111656991 2.58733382910438 2.52936088401365 3.92765682543932 5.00115091897553 10.0203519999492 -0.0229470353697276 -0.522121652904749 -0.359024523677617 -0.0935493652856801 0.182958679089405 -0.574165272347705 0.367830680324828 0.333452753091786 -0.465969483167296 0.190547705992925 1 5561.97337910159
"1" 3.02979127864364 2.57544162856217 2.54443736186311 3.94106509279592 4.98796905071719 10.0296544956275 -0.0230733617415519 -0.521874759209559 -0.360597223657154 -0.125655746381888 0.171323942443793 -0.569340424404814 0.363237902676027 0.329128469236307 -0.463822387311519 0.215558420198863 1 5904.12285466907
"1" 3.0368860846951 2.55231352665354 2.46548815577759 4.10411786062573 5.05912970453759 9.98137873219136 -0.0297248560484187 -0.532615038403643 -0.381377679056432 -0.186218089801193 0.204992864645398 -0.610729110241311 0.318612238233429 0.366447612689079 -0.42874783572478 0.181354749124591 1 5523.71034633402
"1" 3.00395531582358 2.59495629027074 2.60569823233247 3.91515003161092 5.10892868455862 10.0188854312236 -0.0347346913820701 -0.530522087847932 -0.508733636381362 -0.0693041380828216 0.202986757019606 -0.58156706550868 0.350343012000634 0.340369747904331 -0.454776962655464 0.182949948029245 1 5670.92577274156
"1" 3.01461097851802 2.59637215158006 2.53749420959128 4.00013130764682 5.02957287400892 9.99355055692848 -0.038146660844008 -0.534006522124098 -0.374409494559093 -0.0970961294221454 0.199729966907228 -0.594848045428731 0.325342193580206 0.354541448142312 -0.435899519947972 0.199700147389255 1 5972.59816148793
"1" 3.00678027044383 2.60116073169699 2.56872656560155 4.03934076118921 4.97011774573945 9.97858044628336 -0.0359292009779791 -0.532328745059751 -0.350937835100253 -0.0881396028234769 0.198775338632724 -0.591420341176874 0.334130593765694 0.349392840983247 -0.443163491213303 0.194637074094334 1 5913.49039771791
"1" 2.99227302424826 2.59551137836289 2.45617865702313 4.00106606289524 5.06182613279241 10.0136799752999 -0.012503304349007 -0.519984177579552 -0.361479157723228 -0.15201366244072 0.174859322054898 -0.598334606987696 0.344250664198341 0.355296648680708 -0.448500580237487 0.193933852017738 1 5447.9595639203
"1" 3.05476462350391 2.54758298433483 2.51274272499424 4.0793709273296 5.02273921328582 9.94433311601489 -0.0383811013937901 -0.537203022363861 -0.35441551799504 -0.0868869902556191 0.202671570990095 -0.595113000241357 0.312406326020206 0.352615507948081 -0.425149789259504 0.218587993053688 1 5816.38999774263
"1" 3.00666196035702 2.60125852715038 2.49489545781315 4.1001563428149 5.00901445490252 9.94035347935636 -0.0292770526492233 -0.529595404575452 -0.36788527500007 -0.0525172232233596 0.189223283195513 -0.59209020351229 0.335645298546965 0.350937086827326 -0.440754588188185 0.202644087113008 1 5908.54751621983
"1" 3.04110969386086 2.63890374682349 2.4105231287248 4.01677458832599 4.80656335843409 9.96610398594795 -0.122807227312947 -0.499315890089121 -0.0811172543889027 -0.160626336453129 0.343003051959359 -0.638485798305521 0.525676729838562 0.275228970660807 -0.468581717871746 -0.170350670535082 1 5951.93047519376
"1" 3.02914681203699 2.58249039610313 2.52318303901038 4.01827717610343 5.05636020640664 9.96508395449341 -0.0513438459023955 -0.541545085749751 -0.40059086706172 -0.0389602207328252 0.224853584103223 -0.576516521156387 0.3486692238054 0.335401933256757 -0.452558321606749 0.172689810213554 1 5926.68408738383
"1" 2.94070033008034 2.66407260145516 2.47735452090778 3.98456760948367 4.95924397461725 9.99406812144071 -0.0310505245448655 -0.525633800350079 -0.297861491088304 -0.0725475466433825 0.190243825176117 -0.577564311020655 0.362898875965581 0.335701427482013 -0.462805204036501 0.185488257646883 1 5881.53805966756
"1" 3.07448106059354 2.52240344496181 2.426774315099 4.02564224674445 5.01512026938431 9.99881104488924 -0.0305347500229305 -0.533433167504223 -0.323713197229067 -0.131158614136957 0.207026296396604 -0.612501261333079 0.319299876903551 0.368743527318443 -0.431344443388536 0.172906743758789 1 5726.4488631744
"1" 2.99023510740913 2.60483982605254 2.42081567478253 3.98067901058262 5.00453729547771 9.98247485229954 -0.0310098591472555 -0.531015416546424 -0.329871915380934 -0.0641029506515479 0.20360369780326 -0.607226750398285 0.328779924440113 0.362623375201081 -0.438004439792705 0.172900247757404 1 5701.32704361419
"1" 3.03451528611769 2.56642180526527 2.56817204282009 3.95979101593028 4.9719379545722 9.998640440852 -0.0219683643235199 -0.522183970100271 -0.355595529798259 -0.0623905101664755 0.177024018502004 -0.577206617237158 0.360525883601002 0.336795906754503 -0.461520534661056 0.20103572154658 1 5787.71499978818
"1" 2.9611838741547 2.63999937385837 2.51245435774804 3.97828090720305 4.99262803943594 10.0529246894843 -0.0222015599565664 -0.52134133387253 -0.323796895076354 -0.218159588409815 0.182838292471737 -0.587207825003037 0.362027445781766 0.345670115746397 -0.463028007892828 0.176557439960919 1 5705.83031387431
"1" 2.9994633863743 2.61479323023214 2.55875570049873 3.99984504921879 5.00022358292596 9.97781228352451 -0.0449043305617099 -0.536295216801167 -0.362811456617457 -0.0639304956313506 0.207732561495023 -0.577855673522093 0.343423535056897 0.338616935601083 -0.448716710626715 0.194066167009171 1 6037.65943214345
"1" 3.05001831366956 2.55523810036627 2.4914700964352 4.10572384689596 4.99530022287154 10.0061637943659 -0.0917542575071735 -0.5697127170023 -0.26128967686313 -0.233157172206249 0.318576163612495 -0.614974096216461 0.308807049026222 0.368681389523363 -0.421957236119066 0.060497929270101 1 5803.21904350388
"1" 2.98922546886531 2.6191264350688 2.5231811269282 4.02643226406013 4.96113843393261 10.0175478205794 -0.0222105907880419 -0.521253654627409 -0.296663511562593 -0.18088065495512 0.171417811162655 -0.571174912916877 0.365178698023568 0.330937913693983 -0.462613261512445 0.2115129219816 1 5900.75328296187
"1" 2.99794695845792 2.62056213649701 2.47194504927555 3.99813064312694 4.97910481194591 10.0186007263091 -0.0542062778984188 -0.543627090477887 -0.356712167641742 -0.145293333427617 0.229869802036497 -0.596120877082704 0.32498821141914 0.351612649350063 -0.434739244533555 0.171609268558065 1 5990.44409737863
"1" 2.96216866760723 2.64671568045044 2.53995452095985 4.12440686793772 5.00991002664132 9.93964926221041 -0.0521511173578235 -0.544037532871149 -0.364499411825836 -0.123422037774093 0.234111659056022 -0.611639251830466 0.30358575272851 0.368376771178277 -0.418069897024279 0.170336359313206 1 5837.23935301521
"1" 3.01005313551162 2.59396765831927 2.5718541466507 3.99293710139732 5.0243713689145 9.99159709033343 -0.0414396402611738 -0.536042834401461 -0.416892258500672 -0.106498491181509 0.223150759259275 -0.601882960409667 0.341364217015521 0.359241241459248 -0.447859999216509 0.140699507390018 1 5796.62556819556
