"1" 2.9898614536308 -0.120087420674092 0.138285621629894 4.20777649500316 1.27178936161575 9.05993514741098 4.95026553024533 5.04638705864643 3.75912415785483 1 -1023.28297054655
"1" 7.8792980317677 7.59356546817266 2.48580190069238 4.01101950982381 5.03838466588314 9.9082118152631 8.37668546369203 8.37743510380025 7.8887065945984 1 5137.12908300876
"1" 3.51531610953178 3.32295625537367 2.53311807600589 3.74890275993755 5.12511281059349 9.3852278109422 4.937765344255 4.66256895132542 5.60271602012234 1 4651.97909912053
"1" 2.97203762647107 0.402163728123472 0.0204590273456498 -0.00230371160018844 1.23629384554604 2.5717227874638 5.04911308594441 5.15803951503045 1.63489512644686 1 -8347.2737247374
"1" 3.50777159085062 3.30975711733636 2.50206186473486 3.86287069348085 5.10962256947042 9.66429759470907 4.32549431617822 4.38364896567767 6.68191129257379 1 4842.28783056464
"1" 2.8777575378317 1.02167659408727 0.220947885464993 -0.0425891450640825 1.26672631770585 3.00279819559405 4.92471203918857 4.96752262549039 3.09107937855657 1 -5726.17493059763
"1" 1.50288945479121 2.21191750067385 2.82272406750885 3.6999275829895 5.07029294526451 10.1414138049965 4.11150208015698 3.62399481114286 3.46502711242166 1 3438.54856929184
"1" 16.0560453689201 15.7010268410857 2.42892719200228 3.9299406796954 4.98448263812711 9.93743043069723 -0.649164503887267 -0.00434070650761617 4.11008236154883 0 5638.35010473408
"1" 2.0148713831112 2.50004955959148 1.52231256199802 0.0173672416917494 1.85239495481648 2.51674841822948 4.75130460679345 4.72451214475538 6.67399732431269 1 -3348.49859627127
"1" 5.12445882259055 4.76601858475366 2.6333979789706 4.08522662260097 5.23650844814685 10.1705896477597 5.89573518880479 5.89444710025319 8.24624345934357 1 4791.80050029428
"1" 1.46688980177492 2.80802013330407 1.38805068949653 -0.132948368255948 1.58896100593959 1.64659386989165 4.99560672478849 4.97550175269593 7.24859973146721 1 -9439.70209383621
"1" 2.73794829859955 -0.0132456918788755 1.95101693778407 4.00408054465014 4.71849411440268 10.4124354795182 3.95047726428305 5.6801978205121 5.78478644023803 1 2560.80134273722
"1" 16.1244819452075 15.7498354611088 2.58345308046271 4.15118166372619 5.18911674409186 10.5764353195396 -0.0685645450720826 -0.719751447963482 3.35182287962474 0 5590.24845937099
"1" 17.0663501947824 16.7552333419851 2.51107238905693 3.8430509280106 4.9560188849314 9.79165165386235 1.27145851312877 1.51384962464934 5.67352213909162 0 5621.94702394152
"1" 2.31582031131192 1.92198332002459 1.29709798507173 0.245045098876378 1.83386715441972 3.0014760257586 4.49122853974345 4.60697815695914 5.51529587025016 1 -819.884783190875
"1" 2.47497105824173 1.8289047850872 0.73201881952757 -0.0224511678321333 1.4727847913052 2.67364359345569 4.66914699766882 4.77344241531923 7.03437356254764 1 -3540.78238040767
"1" 2.47689929595655 0.866826745710119 2.35196760148173 3.70105772463847 4.3195974873384 9.7563827077142 3.9555629273441 4.60012215037071 4.42154971179627 1 3137.76552748581
"1" 4.00660458262598 3.802526780876 2.39141681168292 3.96393813227654 4.81582867132264 9.91175460627547 4.88774525890443 4.86710624210358 6.47283865862131 1 4821.06258881507
"1" 3.92527424910124 3.69489045539768 2.35539671009695 3.4908648011795 4.72650952112236 8.87184220627664 4.71091454872105 4.74798484374811 7.18350691429514 1 4927.07217800563
"1" 2.09848574751871 2.3111810012671 1.58469039385622 -0.188253345108764 2.24374991402318 2.70422672645226 4.64246412146937 4.70690138018638 4.67138326837839 1 -2175.19102944498
"1" 4.03846633212481 3.4153511456832 2.32235351494999 4.03743796667514 4.6688130600672 10.0119231292321 4.68656459499531 4.8015508305864 8.10086870813028 1 4889.5747965046
"1" 16.4015532366375 16.023912226175 2.51457258472249 4.03041441436815 5.00596421412814 10.0253838084263 -0.822298490642015 -0.16513914137033 4.62851715049133 0 5635.27240486318
"1" 2.62243621843018 1.34031769367512 2.27738810867548 3.16805640690741 3.84524195183423 9.72511492378497 4.17679641790474 4.32000745916178 4.22036058382622 1 2342.51490494316
"1" 2.78249038450006 0.865549406002558 0.516399484376225 2.55474993284343 1.43458716999689 8.08323661773383 4.66246149809448 4.55245775795718 3.04099781610139 1 200.557372683466
"1" 2.91961404904661 -0.00313919097022172 -0.169186734814703 1.8006525225589 1.05377017636777 6.83979153723009 5.16049712403738 5.04512827967066 5.24531811439892 1 -2956.34177537645
"1" 2.81334111705981 -0.0430976579566301 0.006949371033672 3.37078075122561 1.32132949271136 10.0043235333805 4.93859031622389 4.60496939628465 5.04398064317311 1 -1151.96260529994
"1" 2.04087742089274 2.22629414076645 1.91626024054367 -0.0654936184510644 2.62320932435125 3.13777535105746 4.51609739092627 4.60375394726704 2.78549465121691 1 -637.102966871407
"1" 1.57538774554543 2.7913913513213 1.05588665045327 -0.132286782584581 1.34434073174235 1.57398045276401 5.01144292093399 5.0095407843211 9.22731241381129 1 -13694.9493009119
"1" 3.42769145824077 2.5195906823769 1.93666581178946 4.4116692852684 5.16525131181948 9.91784915264136 4.48276231006294 4.15817039185436 4.28865543231285 1 4672.35818589924
"1" 2.76379249198975 0.649547038292619 0.0768400612346028 2.77743147863167 1.16217928802493 8.72753928429982 4.90410863278474 4.73768899964103 4.37520925852885 1 -451.89530419611
"1" 15.6947554315486 15.3855492114265 2.63384581149764 3.99874028032424 5.15930468837189 9.94912536199785 -1.93152756574533 -0.664827790935647 1.5196402097689 0 5614.86991891876
"1" 2.78018038301365 0.929281587062769 0.0363295511242148 0.554783545492838 1.12248405869944 3.72106185994575 4.97208854648391 4.85096564011093 6.06335666723213 1 -3868.8062326372
"1" 2.37749239924464 1.82991667872572 2.50533977441661 3.51682616131411 4.8039351506856 10.4086140734709 4.08826082228639 3.95979467860726 3.30437648340405 1 3109.08914123353
"1" 2.96734417506988 0.168847634597046 0.113150108135192 -0.0339424912517892 1.2972510580218 3.48629553681817 4.97069478909752 4.98521308165556 5.91317711180069 1 -5623.91800086489
"1" 5.36424630997458 5.25419964879803 2.74381541186767 4.01674077726257 5.41101895348402 9.93826689982737 6.12788527713642 6.13547514278355 7.01873723392999 1 4903.27985316033
"1" 2.77316125825966 0.758208598173614 0.330989924627884 2.07912685258455 1.28837107760476 8.43588471190802 4.75424104458837 4.61751184531245 5.3173299949905 1 72.3272758924759
"1" 2.84649230806992 0.232171360269231 0.370586274780993 3.42031682103938 1.48269264897033 10.0977234839612 4.76400909245381 4.70776987832445 1.48347964007488 1 -523.22286314359
"1" 3.02533308933709 -1.01654680517512 -0.0470065519323068 0.54462569902013 1.23239906459881 4.15526209999196 5.08691521201413 5.22860795409449 1.60641770881503 1 -7882.29407218417
"1" 1.69840734069878 2.68188433913867 1.86325280380809 0.00980148542340038 1.96968824775175 2.10264484331604 4.79878108097606 4.8251150837457 3.35254570283566 1 -4367.89566504147
"1" 3.60747012565186 3.39859358052457 2.48644983900964 3.94244227589203 5.07097898476907 9.89919135343416 4.40370379917935 4.45487829236425 5.3252933097858 1 4886.87006323112
"1" 2.62724655650671 1.36367818353643 0.998662057182062 0.292964029268115 2.05410502209717 5.34210909362226 4.38395446526168 4.66227635567821 8.07960937063131 1 1213.63636602066
"1" 3.78296551479244 3.40910830839405 2.60406690160534 4.09745414534804 5.30282596080717 10.6995701474003 4.55452849031394 4.49766227767913 6.93391180424987 1 4864.08114120635
"1" 2.3864836280217 1.12043487276561 2.14419834799235 4.55220282170252 4.81200449243839 11.3668869521627 3.97501999043529 3.47417501075507 3.75395754720331 1 3542.90845513191
"1" 16.7745936528896 16.4591002977962 2.38844058603977 4.01498543145062 4.91261207579585 9.98421233020354 -0.747111463555236 -0.195699702622101 4.63328269586245 0 5658.54230589649
"1" 2.75780892844332 0.610341098865403 0.351283938198165 3.09529366484925 1.3940197910275 8.15477733796911 4.76392887278968 4.56268904076614 1.80567246637213 1 -488.758630965098
"1" 5.53788590264361 5.30736920226171 2.52886819325451 3.98436359700001 4.80378744341349 9.93362927519936 6.24872683416677 6.24857261747703 6.70625423315751 1 4989.40579101461
"1" 2.45040443298427 1.67225846565726 2.55926562000285 3.6981897087094 4.29306049081039 10.0364492566217 4.07316825274107 3.89314472526025 5.98768288239024 1 3230.18698449972
"1" 2.57665242280028 2.00884805276227 0.393483441198012 -0.406308851975998 1.35247207405289 1.8732171844434 4.96890082976097 4.96600152044959 10.6087771414015 1 -7336.47588280222
"1" 2.72407644503131 0.689793084824572 0.461543383684989 4.35879811247443 1.47921346390459 11.5711987038431 4.65511348940505 4.56813574745526 1.68688319063396 1 201.866884192928
"1" 2.92596796948091 -0.676362757481497 0.0600765346620829 1.52385443719394 1.34049791974316 4.53794419868602 4.9628862088064 4.84956954807317 1.24905974798108 1 -3999.78370212042
"1" 2.46555696462592 1.82076599885374 0.423178345376203 -0.404493053266509 1.33146051513442 1.84380745140605 4.85485548091779 4.98420261107621 7.26331241184205 1 -5520.64977505785
"1" 2.70832935712102 1.80869537184534 0.256372355967386 -0.222213117453841 1.21994259274064 1.96161233307903 5.01340491795657 5.06676758038329 1.64013866358371 1 -7531.54724653034
"1" 17.2788837808533 16.9519383582219 2.65987837290807 4.02253336063815 5.21125289613155 9.98274700058022 0.770365337709276 1.21985936455283 4.39586634908427 0 5582.1674206197
"1" 2.79108967073887 0.597333060339553 0.310924020739379 2.94700847685503 1.35896280140926 9.1395943296062 4.76552701259819 4.67522382981565 1.90950760622688 1 -799.712141888103
"1" 2.39872027421708 1.69731917292498 2.65898865717538 3.98298812886676 4.77352638746911 10.2361378411881 4.09346627124105 3.91105513498741 4.01042085010701 1 3321.31888651531
"1" 3.03720402023126 -2.04814177699645 -0.108665778196875 1.22809024519799 1.1759176352057 5.75240074039533 5.14766515197142 5.65875383765422 7.13196451324431 1 -7457.76031168509
"1" 3.77597535278064 3.59646460433163 2.33710391625084 4.2443287758218 4.77681529766178 10.9006745826868 4.35802430985138 4.50651597636069 7.46506042480802 1 5075.34160165054
"1" 2.1926972402712 2.48119565263987 1.00623351600989 -0.314918430360889 1.64319823372841 2.03284637097082 4.91008019802094 4.90681381662179 5.80197871207228 1 -6613.65072473165
"1" 2.941339015541 0.620873272493941 -0.0237583698073111 0.267165078877683 1.14588024079424 2.50624020666547 5.06695992989781 5.14317813185404 9.9090345215332 1 -7313.09614016813
"1" 4.93134729729965 4.3294068295189 2.55168097437075 4.41483865478705 5.04588910741145 10.9849811255424 5.35131076753338 5.45146209695387 7.07452816271264 1 5211.83928584762
"1" 2.27118410992769 2.08063672236039 2.55646934383749 4.13515391414665 5.22908928800213 10.1750142686319 4.41547428005185 3.73097853962546 5.75079741510519 1 3807.83871479585
"1" 1.8671715636557 2.67645751438122 1.81688120321805 -0.120203895427256 2.22859205186129 2.2744527535385 4.83066768268603 4.82179730414573 6.74080775793943 1 -3819.24468408439
"1" 2.66449458680418 0.791077737897844 2.4004701734221 4.72592283030609 4.93139694695597 9.40453823089452 4.29550529204237 2.86667781545721 3.397628737881 1 3565.46279794571
"1" 14.8773374758924 14.6254199296267 2.40921275036824 4.13472879345511 4.78474878441016 10.0353658517988 -1.05535442650899 -0.149063341264826 2.28399271975569 0 5650.57963674206
"1" 1.99911431383704 1.68641442261796 1.03271477978723 -0.0923418458009768 2.52347409039502 1.42744199592832 4.30845325649335 4.88709154263547 1.94463681759917 1 314.911964742718
"1" 6.45890522067993 6.12356656463356 2.41037178752508 3.88728648266714 4.96013612002684 10.1817462483417 7.04895592098151 7.05239449200414 7.58000647204899 1 5037.1453199262
"1" 16.3740481390144 16.0124487998758 2.43655659658935 4.05019656669641 4.92207554125586 10.1521770429223 -1.56257475418258 -0.538779168853648 2.71343543659551 0 5662.9729584231
"1" 12.3221295384547 12.0268802029168 2.32412630702073 4.10398632375719 5.04501852452616 10.2843859095004 12.7324759610282 12.732478902676 8.679951002327 1 5204.91248224855
"1" 3.02893908569013 2.31354328379766 2.56176395056286 4.51941528384283 5.24223369257417 11.0653303264611 3.94666207742359 4.43384864514866 7.245674177559 1 4316.31868057258
"1" 14.9225531036642 14.5651629865433 2.471697630338 4.04342355691789 4.91348307409191 10.1483238259805 -1.03387957188214 -0.117105826341915 2.78726007776992 0 5640.60127600193
"1" 3.00821524053214 -1.40442124090948 -0.0894066561720208 0.968417447935314 1.18638589750211 6.61566878404071 5.12231562983709 5.16135343552854 1.59723413544367 1 -6695.46551878053
"1" 2.49529811471825 1.61488219680583 2.77752896981825 3.5147971992636 4.65547694363477 9.78803338417438 4.0615036577963 4.21453850782346 4.45452004495867 1 3037.0107591464
"1" 14.9014414920129 14.6027226415303 2.64750117885052 4.13390738046644 5.05244924520498 10.3916017166786 -0.148482442437981 0.463349096288775 2.47352150499395 0 5556.22319740787
"1" 2.82635971689369 0.373090571754143 -0.0575355001894542 0.285255017975325 1.14607201457164 3.38881640678625 5.05219986161513 4.81922556554995 3.76236394779454 1 -5859.98724485188
"1" 2.87195930268915 1.23999955180825 2.85114125096955 3.91645310232126 5.53578215818762 9.86288013543164 4.0203767684897 3.91471927075758 4.40271930277624 1 3885.02626932448
"1" 14.6840329495261 14.366958813094 2.5639958860689 4.13755775300517 5.16583057660969 10.2531746661553 1.74146232272282 1.89879137031473 6.7751014687247 0 5575.94234118534
"1" 15.8552471597071 15.5055746366246 2.58008464626289 3.92263348025661 5.16841320636562 9.8098127747328 -0.210084527000043 0.22872143370219 5.08012334242594 0 5603.66566234136
"1" 2.80693988537361 0.333647426752488 0.0821607862866917 1.88420188115305 1.19381679451641 7.89782346808236 4.91953899697056 4.73930260851338 7.00738512102267 1 -1031.97668933025
"1" 8.22104389397367 7.76726695400117 2.51744377868778 4.16295209281501 5.07834710221788 10.2069494667954 7.30137662297211 7.30148797034354 10.4648094300606 1 5531.19371752736
