"1" 2.66927040708904 2.90644467069757 2.73674147489369 4.09127206460294 4.88983760587675 10.1308779755162 -0.0144045917946821 -0.505939486391684 -0.282727214239959 -0.477656401475485 0.157377872548927 -0.558604161954236 0.392201843906928 0.322409892116261 -0.481547508680303 0.203410103647894 1 433.24262395412
"1" 2.89128206759583 2.60149774056665 2.71012708095191 4.17280188581944 5.11632467418687 9.85222465975189 -0.156923870879403 -0.554639893613495 -0.273023388446524 -0.112515038282558 0.418682960081791 -0.458138471128744 0.464471034208242 0.184113131762875 -0.503996331841801 0.0191939071761943 1 450.47917973205
"1" 2.77171292906647 2.49628438633356 3.12128736627363 4.28658502475797 6.14203810580479 9.6944309536174 -0.195583725328204 -0.574278148674619 -0.587052119158759 0.047363888512387 0.604169867148085 -0.20311955375864 0.490957794739853 0.0567480034495846 -0.547684781359523 -0.167173756038593 1 443.921456258784
"1" 2.95967866183666 2.59880795479884 2.5326876939581 4.13111481403091 4.94448390412783 9.88957164093493 -0.0606386724117867 -0.54781618347209 -0.214631615970717 -0.00371835814032773 0.258223979482871 -0.583663554056887 0.327084932859855 0.344269076225777 -0.436355019091842 0.15599705752878 1 444.044660799302
"1" 2.9038112511348 2.71721634371698 2.42718273971037 4.19350695279031 5.14686545223929 9.97274644070258 -0.0191740089332306 -0.522204665419992 -0.396139873696443 -0.230054557434165 0.173292308105236 -0.61392357862167 0.327965630781697 0.367669215035613 -0.436883076350789 0.194855488617322 1 513.587814023089
"1" 3.00764443279287 2.60648027089806 2.61736244696349 3.87803460616153 4.97641615865816 9.94518398143555 -0.017177128336222 -0.512793058051641 -0.333012285020544 0.0841376102856186 0.165925376745251 -0.556024627478774 0.404072795386027 0.316556393876723 -0.498152398257284 0.178646925185275 1 522.284603814962
"1" 3.15297258157622 2.4798943996017 2.70430387201591 3.84335784934146 5.13677740742521 9.83626718771602 -0.0819853065237224 -0.572055334422569 -0.368679933680245 0.395756287190213 0.31074916876117 -0.623512584865862 0.275467870350191 0.394013944153774 -0.410918666969662 0.0754846922655625 1 502.865873089621
"1" 3.17691593642096 2.42775915915018 2.51573921322757 4.02408447115858 5.03344353052264 10.0080955548039 0.000568686435444418 -0.510555567579857 -0.312632649001743 -0.148806320772246 0.158892982072362 -0.57812054763799 0.394677366500776 0.337283260847318 -0.486949493094171 0.167063419542184 1 490.103012963785
"1" 3.06057857416924 2.54625737591172 2.54656456533874 3.77654123296833 4.95470527851526 10.0976827356128 -0.0219771626150639 -0.512471259870141 -0.312760978196984 -0.121567957631226 0.170459404865692 -0.524795799696954 0.443991060220675 0.285741607151383 -0.52444499025583 0.167652850290569 1 503.918168039669
"1" 3.20608010851751 2.51374555696788 2.41767110372058 4.5374856473651 5.11032741671641 9.94104288160301 -0.165296321287943 -0.624456002253114 -0.113395759182151 -0.39888123472331 0.461115100387152 -0.645570106308112 0.362681427145142 0.38590306210615 -0.440673421369744 -0.307268263668215 1 525.583738805675
"1" 3.05695617625353 2.55058396105719 2.36288998436516 3.97843319341132 5.06227634658547 10.0462071421135 0.00529188716473665 -0.506095456482876 -0.31334243425422 -0.189953667229734 0.138896004350227 -0.600572723993121 0.365390815009952 0.355394017328598 -0.464967398227701 0.195559830202882 1 514.432946803491
"1" 3.10665309757437 2.49246131992491 2.4301953855532 3.97534204686472 5.03842168818944 9.98044355951331 0.00776795062564411 -0.510054997383435 -0.264904396922171 -0.0417612729703458 0.150391966040299 -0.607576322430312 0.358389692328289 0.362537433529711 -0.459729314140696 0.182738205125499 1 491.439046795943
"1" 3.01486691103147 2.55619225123263 2.26339237529971 4.21650029091457 5.05631279298623 9.93458525251328 -0.0358589498972002 -0.537398928028982 -0.224817436666478 -0.19111402933258 0.245240802615183 -0.627601175430213 0.334249028380972 0.379718092585731 -0.436654482453178 0.0888966371155365 1 450.841850785872
"1" 2.78773529205554 2.82621576554366 2.29603803386555 4.18906501874609 5.16757871514015 10.0336800527429 -0.00721991682527055 -0.516751083060778 -0.333203905505769 -0.346329067117712 0.173252368104514 -0.644366100500086 0.317252782448859 0.399936696187707 -0.428782469990694 0.155144380602938 1 486.420502704362
"1" 3.15646983496286 2.4314721560253 2.60892326546294 4.02496520860011 4.8925564367274 9.96539970562998 -0.0288718338945591 -0.528826606845512 -0.252983197176043 -0.0562731307633872 0.184066728703776 -0.558565738580363 0.354243989145159 0.321878005920711 -0.453789686058017 0.234635018729299 1 461.321963623205
"1" 3.00449734177082 2.60722383919185 2.60759862369203 4.03014754438554 4.90256870678245 9.94502380342637 -0.0525961999352445 -0.537149647743278 -0.123387110141741 -0.039254212053301 0.227012886470941 -0.54705741598509 0.383406595847972 0.312183263782684 -0.479263381658806 0.162324392256244 1 495.02470637508
"1" 2.88625529063222 2.71309742249144 2.56617955402339 4.06783657406383 5.06032420305058 9.96385561539688 -0.0257225626127319 -0.524202772966525 -0.407113863565258 -0.106969866980403 0.176509423474541 -0.584252512886853 0.335773270181979 0.343434257814213 -0.441909393848347 0.227403890994302 1 471.043120288819
"1" 3.25170484692575 2.37434096017942 2.49241247160504 4.16196888363041 5.00103119299096 9.98345718968828 -0.0263505970835582 -0.533001271996586 -0.283456285479196 -0.20594949079796 0.179097074507187 -0.607551332332166 0.300506755972195 0.368274820104721 -0.412396932611127 0.237175539830094 1 539.004092182696
"1" 2.80458484430138 2.79666062459837 2.38750515873955 3.9756124522897 5.08724524668417 10.0361090825982 -0.00157607928477465 -0.506124801356488 -0.335608794533643 -0.182225102739684 0.149504631922181 -0.599603078314146 0.367553034101319 0.354579975436058 -0.465055146821741 0.184863695283287 1 472.690977891956
"1" 3.17215159434261 2.50591858157575 2.68650396379617 4.70257981839009 5.22968332982126 9.45908171045037 -0.245492280719713 -0.581153158481618 0.40014872396959 0.486486820418881 0.518343543812906 -0.430584024223368 0.566973844529629 0.161962809459339 -0.536931775104731 -0.874981570242721 1 498.414070157196
"1" 3.23741532637167 2.26520755677941 2.30001909797755 4.36348672689264 4.77748009646039 9.99390418509018 -0.0552605241734616 -0.558637522049662 0.0116462136915536 -0.414400887740886 0.252531285988631 -0.532678087082597 0.339875390424181 0.283830301879496 -0.438320537361068 0.250845484763526 1 431.488429610644
"1" 2.65700822903873 2.0994860223442 2.96454469730745 3.93439754217761 5.54617214990842 9.5043388477089 -0.0663700516726034 -0.355101004900269 -0.20485330202875 0.390768540667486 0.640044465492129 -0.61230321156487 0.313561087121486 0.274478419214649 -0.333913839094904 -0.244504094792687 1 437.308298068866
"1" 2.94542370583728 2.61289880028107 2.58412451568256 4.04497098845762 4.94031813627689 9.99329520543466 -0.0495500484092702 -0.536395295399386 -0.264148305551783 -0.15612537651074 0.254825140312877 -0.570863613923065 0.374888525242791 0.337210931552505 -0.475921161025778 0.0990673971018357 1 436.626182897357
"1" 1.96697098483685 2.10541329321331 2.89008126347205 3.80020509552783 5.8718261773944 10.4696495785111 -0.206516681945421 -0.269961025493316 -0.456137289130617 -0.777399000235546 1.17918250936376 -0.186942320099364 -0.54329219573577 0.240316622051354 0.0778507907303185 0.908315930032095 1 429.663827903114
"1" 3.01128696657291 2.60310212895313 2.54262957049847 4.22274250929387 5.07525929716669 9.97466514815089 -0.0239783919960972 -0.529824814719013 -0.361470304909888 -0.286144028889549 0.19043676286414 -0.631197809530907 0.294948511415158 0.389322429609944 -0.401707369237823 0.199079653803862 1 489.482349186361
"1" 2.94260528560694 2.67061350519376 2.41441023265495 3.91873419206702 5.05741058758654 9.94795821352277 0.000188780711985546 -0.50638604555344 -0.309753606086815 0.102830184604343 0.145481668376404 -0.604613315193115 0.358429656554974 0.360409915284559 -0.460758455015772 0.190948010045465 1 514.682620278449
"1" 3.05719735291913 2.5739845307579 2.76176096205633 4.03355139338414 5.03398452622399 10.0165744553823 -0.0520929746487705 -0.536754469897201 -0.481145949010301 -0.193761962799706 0.208577412856881 -0.559535056081943 0.366169820180146 0.324032656170651 -0.465001161319079 0.187845658205192 1 534.789927651138
"1" 2.9030361500399 2.80484896337047 2.45846967585571 4.11875725412306 5.16423602914635 9.91037863969961 -0.0816754596226321 -0.568755278183358 -0.273878984020231 0.105609379934199 0.29820817522022 -0.722650186683263 0.183481001863645 0.473030506972402 -0.317837279487039 0.0484785448459674 1 549.847100598136
"1" 3.21284360376463 2.42484674006832 2.55297341349218 3.92182823800982 5.08817350764632 10.0417486241949 0.00953101633514799 -0.509834923064858 -0.282778541337422 -0.153793434551245 0.142671886943967 -0.610813261089179 0.361765836523558 0.369715713501179 -0.459745059246525 0.178259206978303 1 520.624788348795
"1" 3.0065710258438 2.60267593867399 2.39450935319588 4.04313577533623 5.15858648900067 9.98331988038411 -0.00202825941293076 -0.512144522278119 -0.414233278375394 -0.119337710923408 0.154883274650052 -0.614359243223713 0.346610691580039 0.369334436797695 -0.449216426476688 0.185141874119397 1 502.024132593797
"1" 3.15939306170474 2.46951515028453 2.44970676846593 3.90365424518764 5.1050792189112 9.99131519945923 -0.0197799878095681 -0.522399110588754 -0.394269650303804 0.00524756290178658 0.171799400336768 -0.602716812898719 0.349329806536591 0.358071588073301 -0.455640044185054 0.180847616792692 1 609.260922312699
"1" 2.79825215900052 2.35717670782867 2.65816849397315 3.85890928174692 5.42094631117459 9.76230262389467 -0.0798319657368242 -0.544393368580075 0.725414590757738 -0.0329307732791648 0.620696572609887 -0.434415248172616 0.4354028850801 0.352530305877393 -0.586343775933585 -0.867828602137818 1 437.749026247163
"1" 3.09371444204118 2.49718198168938 2.60248667042199 3.91661747707572 4.86870734324096 10.0652580037422 -0.0172363956570051 -0.517095142927523 -0.200580386530497 -0.163364362084254 0.175621615526223 -0.553754583640369 0.399983797864567 0.316842396050852 -0.493287605782049 0.17818859337023 1 464.417662710789
"1" 2.87526133147785 2.72440368372633 2.57337541744802 3.85846098215304 4.9237459068378 10.0572299221557 -0.0186475329384539 -0.511537620070219 -0.271627882009727 -0.117228293055225 0.163921213372743 -0.544475773442031 0.409738520460807 0.307323117538887 -0.498806553691928 0.192054628654604 1 476.482402046905
"1" 2.85450563476732 2.75941585478047 2.49536543921239 4.09217314190839 4.96620266924115 9.95195257885002 -0.0358861822666196 -0.52637404864733 -0.268619607420442 -0.0947628058004197 0.195398818752482 -0.582318076435508 0.362419181561438 0.341850699247804 -0.457956542744116 0.174957234085838 1 504.599708602736
"1" 2.90666263535471 2.68365194952272 2.46390732516431 4.23286263270199 5.03672379930906 10.0200936668084 -0.0319688969810414 -0.530698684396033 -0.309836308867543 -0.400106144293528 0.205064129017366 -0.597128573611244 0.335467025336195 0.356124116166948 -0.439732672760459 0.178554062276304 1 459.261647493902
"1" 3.0672552009139 2.53906760483243 2.5085268338374 3.91515447219054 5.10394166827373 10.0037936185644 -0.00748909527502878 -0.512480305409237 -0.413432760344876 -0.024449881183741 0.156982510009867 -0.576716492093208 0.381209404943078 0.335654260539452 -0.478781335878763 0.189915623802474 1 497.790941893638
"1" 3.10291050900578 2.57324128658122 2.49362590639016 4.11036047169295 4.74822851284022 9.95983694134139 -0.0345045206165877 -0.529252027854485 0.0217141197119463 -0.129472127940737 0.184908040843326 -0.575194655022474 0.375672609371058 0.337560687202274 -0.469648059872621 0.173973210010278 1 545.782768406983
"1" 3.03829752155769 2.67304989431539 2.63406498466007 4.00802066736932 5.46033226671152 9.83402014690567 0.0337412441495715 -0.494133227934636 -0.763312923571165 0.146200051162052 0.177028504503829 -0.621420249003445 0.38735665712185 0.430705215671145 -0.527679920901452 0.00240032548975364 1 524.477424071701
"1" 3.1772869995822 2.41596561338751 2.45998024740842 3.90618645961374 5.22162521450963 10.041338277196 -0.00138428291820362 -0.5215545586569 -0.474722375956514 -0.0707662538969953 0.171212055071189 -0.646752296185004 0.284632604720602 0.397256733269716 -0.401246053241944 0.207335580578818 1 471.050748063611
"1" 2.91630010959461 2.69209518647514 2.46004307826209 3.87033280914296 5.03972260549966 10.0392421308355 0.0126743492644259 -0.498692110552671 -0.37348042352152 -0.0856969268539573 0.126976167080002 -0.593977941665053 0.382019029518746 0.350485449617343 -0.479182138893513 0.191061002493492 1 521.345742947946
"1" 3.09098346554722 2.5185749134115 2.50842936737165 3.97542058667552 5.10024260408102 9.99627938322645 -0.00881621850490023 -0.515791512284465 -0.440422805609091 -0.0708421094214368 0.152908741925827 -0.590927930637869 0.350707828685245 0.349228814174964 -0.452773116336724 0.217561260714852 1 531.42590591126
"1" 2.88272516075703 2.77665254842019 2.76460698174278 4.07194591778694 5.41849335988456 9.84453022461398 -0.193519589797252 -0.641198249293483 -0.671654869868007 0.0648190140546522 0.482563188054735 -0.69241749474357 -0.115824909285047 0.446670785154934 -0.125703623493978 -0.21480702253887 1 499.885790495322
"1" 2.96995230112029 2.64932457306293 2.59486723494736 4.02197804090193 4.78079450659782 9.9900146949902 -0.0751123726705783 -0.548167789580362 -0.0584179372102394 -0.13561230602125 0.248688337134694 -0.537380416744048 0.370871396969579 0.304971884268313 -0.468374459269382 0.175585688018881 1 499.329748670451
"1" 3.13864840771546 2.34786706041659 2.54583677903419 4.26030708284162 4.88304423625823 9.8619599690534 -0.0238786096983553 -0.54625071365499 -0.0352597623873729 -0.063303255337385 0.2646242384941 -0.615384267929584 0.304979575542182 0.372366940736653 -0.414342249077544 0.130885174951305 1 420.671052820121
"1" 3.32092774013762 2.24929646988091 2.568952368374 4.06503165030597 5.09147774697323 10.0763623747416 -0.0179529961114422 -0.527793349404486 -0.394812073445331 -0.336092607578187 0.199788729544017 -0.586027105779027 0.368895858295498 0.339804668553471 -0.462214455502979 0.159946717418294 1 438.170391153014
"1" 2.85180625451559 2.75902161983697 2.69419630992838 3.95886398573884 5.11989651435799 9.9848726754515 -0.0491435534987405 -0.533927429767499 -0.529259039413942 -0.0670132707544118 0.213254575552697 -0.584710231555497 0.337404730132883 0.347369997694024 -0.446138863171915 0.182092875465337 1 487.79250581333
"1" 3.15239368395858 2.55974056946036 2.57708544531762 3.83980075127888 4.95573974989521 10.072950360904 -0.118717099616006 -0.584597768243262 -0.136235505716157 -0.253175503946576 0.323267541466565 -0.663622450741227 0.179913147278137 0.425171122086907 -0.330490922270672 0.138061370401006 1 536.577154150552
"1" 3.16208769523694 2.44364245594182 2.276147474923 4.43071086852208 5.20775076138449 9.85946408180521 -0.0519290146551566 -0.564005461455072 -0.322638542357132 -0.208194943951693 0.243411265405223 -0.70530481070011 0.196067411800705 0.444602666526593 -0.333337042308804 0.155909234351537 1 497.040943290915
"1" 2.86157620355856 2.71067030894619 2.54629868100556 4.10171698636546 5.06192186175479 10.0259381291125 -0.0308937183387413 -0.526948038674704 -0.388723616302205 -0.286389986086443 0.203868260568569 -0.588914067618142 0.345496837147619 0.348412088208959 -0.449335078281335 0.177168953556938 1 419.553844568393
"1" 3.08504701087843 2.53705502724133 2.42677045801098 3.95028956151797 5.1024923026763 9.95259559222309 -0.0162513257786401 -0.522867467034313 -0.339652915759244 0.0491584886798292 0.164216703793036 -0.609617432281569 0.319307588314241 0.361852073642229 -0.432516255747769 0.223664818585538 1 565.568574036895
"1" 3.07925298548496 2.55186093436727 2.70313980560678 4.28075916919778 5.16970909810544 9.85977289525509 -0.058433838963426 -0.557126640398733 -0.46654792961315 -0.10310793211431 0.258310387627473 -0.65480537320993 0.252539666209546 0.409903021616491 -0.381321334122211 0.13715202494592 1 509.250793103937
"1" 3.05400721778474 2.51453636172519 2.3980643876209 4.10767497536149 5.0987024492727 9.94039110308592 -0.0175729682602798 -0.527085700223966 -0.303213862887199 -0.0869554263296098 0.211333314559256 -0.611542132155728 0.346110258624763 0.366614029523901 -0.449287995689808 0.132524366508721 1 450.100291812526
"1" 2.87855358630043 2.70140494755093 2.38305746193278 4.23713613422357 5.10597033976847 9.94268316142072 -0.0109304201255792 -0.517448849874513 -0.327239838011213 -0.305545454812765 0.180000929545925 -0.61029679328304 0.341969486103648 0.363324295683033 -0.444660925429084 0.176596701535143 1 447.157944436473
"1" 3.14795854025606 2.43603225612948 2.1121326438768 4.16445687059285 5.27289464087531 9.88035201707676 -0.00551875962933701 -0.531688138367001 -0.366852221546243 -0.00440987539792842 0.199633297731077 -0.66967215880571 0.267050002361504 0.419750429308468 -0.39070553139294 0.159293752408697 1 471.253750377636
"1" 2.81582447653494 2.79694494378113 2.46561562883021 3.93399075070107 5.10791552441055 10.0114424293252 0.0068053753436538 -0.499420987858163 -0.419221210749424 -0.060500983251158 0.131317133029523 -0.594851591637133 0.380276431245398 0.351628672534336 -0.478280600119055 0.187495522905041 1 514.353186947365
"1" 3.05914568450073 2.55325840229426 2.69915042624961 4.23870077273698 5.18765790261628 9.95148685227834 -0.150655537890153 -0.59353524879377 -0.592108558529604 -0.250509754891131 0.37250715206578 -0.517018186556652 0.340573823643101 0.272857589382315 -0.449487437804031 0.134935393783992 1 483.890676792371
"1" 2.79942100276862 2.78569920157039 3.15036584044043 4.36095894710412 5.06761781805434 10.2254931830535 -0.167490333235348 -0.598427269355904 -0.428603140849496 -0.999781134757259 0.306376946832168 -0.433849663801472 0.440473709449861 0.197975669259881 -0.518324394841052 0.185094434419298 1 448.881513569032
"1" 2.81536036598529 2.77769159526658 2.65250963854864 4.20885596600258 5.00398750477898 9.98444149366817 -0.0539706909751534 -0.535055915723826 -0.374985075602413 -0.298773972187868 0.218686944963835 -0.556848263012837 0.355514792651345 0.31966731131801 -0.457230884457581 0.200155229898344 1 458.513148426155
"1" 2.90585168182604 2.67369791879054 2.59508858856179 3.96183666807507 5.00794744614427 10.0550309983333 -0.019754401549553 -0.516019992114492 -0.369855212928228 -0.207106863610768 0.178360982675934 -0.557297502091814 0.390094386502336 0.32008005159563 -0.484522188152546 0.185762986814785 1 425.552579595922
"1" 2.94213214055603 2.66843444083748 2.5940709009556 3.99191835832545 4.94305533363273 10.0314741524507 -0.0518794926875715 -0.532295773530976 -0.317227017134236 -0.182958882444907 0.200854430758606 -0.523800920464819 0.390732791327149 0.285401017023116 -0.482967813319639 0.222307493713619 1 501.314797587465
"1" 2.96794377433764 2.64644587383951 2.50238613165389 3.98575108889563 5.04769536086903 10.0570561057011 -0.02694298226768 -0.52151593146677 -0.419654567452456 -0.233179644066537 0.184582886636441 -0.571716426345462 0.388003947351902 0.328139252697346 -0.481366463895346 0.165094332165455 1 511.407421794367
"1" 3.1184313538029 2.47834830656629 2.41729266690579 3.77953540440729 5.02451663313265 10.0584511205921 -0.00205364999103775 -0.51036482311549 -0.32183708675822 -0.0354074724409288 0.156892085040213 -0.585405193077548 0.382963931894601 0.342555218503382 -0.481991244164573 0.173005274273231 1 482.920405232668
"1" 3.08519168535912 2.53803755698951 2.42209316692776 4.24622734353939 5.09562524917796 9.96956754263967 -0.0263918628674344 -0.530652533339667 -0.343009158662144 -0.279557716722819 0.179708032764131 -0.606355743560834 0.312114546500706 0.361497600603786 -0.421475991010457 0.226505608494041 1 523.759504526505
"1" 3.08070747971305 2.55057732321014 2.59156276421225 4.15996964976434 5.08182762522703 9.65751225932311 -0.0341796134997165 -0.522854175618378 -0.0313048679709014 0.458660255447305 0.264519851906734 -0.497138857942709 0.529674339740616 0.276439207900675 -0.591345512609182 -0.0605177352038782 1 499.641436179691
"1" 0.869267068927409 0.0770581624199516 3.1825320253567 4.59551277357799 5.88855059450101 13.8603299929247 1.63777865937297 1.44595451844483 1.27488653317642 1.34530433056448 1.66172863675965 -0.211204963277403 -0.603811464040384 0.0448365010509823 -0.255684327611255 1.55384922025285 1 466.057158412035
"1" 3.12315549256844 2.48176044226857 2.41288261276981 3.93458927584488 5.06090596704042 10.0342176170516 -0.00672237271388409 -0.513863645371804 -0.347986080300889 -0.114922268220819 0.151664467055876 -0.587876461787794 0.357769176746604 0.344673507302066 -0.460398775534328 0.213170936051732 1 517.145587162476
"1" 2.99831475724237 2.59245817078551 2.53874630883585 4.04438687781333 4.98146605236096 10.0126242403407 -0.0637257476153626 -0.545301069399313 -0.287263633498501 -0.205713025523565 0.246377946710206 -0.559892950448759 0.357804723243459 0.320014885436271 -0.458678722759004 0.165182777071497 1 467.099461437903
"1" 2.95720042819313 2.66906211876064 2.7683073557399 4.07771583542743 5.03582779321542 9.85423292115473 -0.106074436434619 -0.557003885949716 -0.460809362296181 0.0995573418547563 0.309728632286894 -0.526679684573625 0.418933786898375 0.2918331409024 -0.502714618892769 0.0489532842725996 1 499.103281869646
"1" 3.00026431789343 3.01487338307445 2.61134625357138 3.91290756267162 4.99627076651922 9.88067794760455 -0.25459829034204 -0.625782082332066 0.165624613095477 -0.045335754827426 0.423952241200575 -0.355913793685147 0.522645322035873 0.1357085747803 -0.564065233128252 -0.011439443947703 1 619.814224423591
"1" 3.27209957529394 2.30955171360271 2.46674044171394 4.20260218764062 5.19428357951876 9.95131377893462 -0.0319922844859389 -0.543322927731485 -0.449074235538244 -0.199496972368361 0.2284266236924 -0.634210176462453 0.288342867045349 0.387258065036069 -0.40393179008545 0.162807287937746 1 458.250228606677
"1" 3.02655808460846 2.39868634289282 2.80629388097293 4.20595705720936 5.50983479547259 10.3375892930702 0.132411779127552 -0.42194275238927 0.209171298184753 -0.913184784748982 0.25601603140396 -0.730209141470787 0.655693758422925 0.377410692238071 -0.572066843227549 -0.504627011750602 1 456.757634554185
"1" 2.87139622052113 2.70729664990849 2.41312080820548 4.1748786387361 5.08312470974884 10.0308632493868 -0.0408667459783425 -0.537478277027505 -0.321599072918106 -0.376019452722951 0.221788865891864 -0.617357937320712 0.290282101968156 0.372618510572857 -0.411726772064671 0.191513073321968 1 440.253927214228
"1" 3.05365114549211 2.53627125635002 2.33178521561447 3.86157717996812 5.14072694399767 10.0139285378933 2.44211615968929e-05 -0.51127066079282 -0.381311710607228 -0.0153232703728416 0.156253544263043 -0.60987413979573 0.350314735201599 0.363911197416272 -0.456156953880085 0.183829750705687 1 444.57054109888
"1" 3.10896519989088 2.52339794294445 2.50190819173479 4.29819537956001 5.1232319559604 10.1712285726545 -0.07872014377159 -0.629649876069612 -0.272916620104435 -0.658921642119094 0.422143506671749 -0.559763026204732 0.286117935454952 0.428963520901937 -0.4854303577508 -0.139691536171153 1 491.180844855784
"1" 2.76687786543217 2.86359449995961 2.52723528757648 4.0177355816285 5.01598220477043 9.99565447281443 -0.030641049415723 -0.519708936134301 -0.362758722513062 -0.221037577525093 0.181372037339603 -0.571721271710149 0.380671577006886 0.333100491688684 -0.477276515138952 0.173838116072653 1 514.151295171349
"1" 3.0171968290269 2.58137747852034 2.31784931844964 4.03389820541988 5.0859214410282 9.98938989174624 -7.12092415433599e-05 -0.512141377433143 -0.32005652010558 -0.128298608591671 0.150967505019659 -0.613470010508007 0.336492162456751 0.367596374392441 -0.443405226199647 0.204564685619482 1 481.370399462136
"1" 3.24065589969698 2.36099619041777 2.76790496981447 3.81942353951102 4.95540756633547 10.0068221186408 -0.0287874655564362 -0.523434484777836 -0.428526201314017 0.0232018497495637 0.175302795977321 -0.535192056914923 0.39335573980794 0.301153002589512 -0.48566005835564 0.219296646682769 1 487.361034777152
"1" 3.62984226984923 2.78204489882208 2.64331735516331 4.08877012805499 5.27344510313923 9.37965059073407 0.197136850869873 -0.533071171688187 0.289849321749693 0.460694258092546 -0.0521571375258531 -0.0551307341167788 0.766718590199705 0.287778257274284 -1.0683167873397 -0.366289727162695 1 553.473524829836
"1" 3.03051353342867 2.5707693274316 2.5729615788171 3.97694529675442 5.08791587554326 9.9436003467461 -0.0248969640512677 -0.522101193709262 -0.42857678122849 -0.0164954606939683 0.182196999910603 -0.566864787002861 0.377444945667539 0.328138059368898 -0.47395249324156 0.186965297709283 1 484.397117149945
"1" 2.90204101067616 2.71729556780516 2.62111683478318 3.79392282593156 4.9973117142768 10.0806958724476 -0.0205163740088036 -0.51438121375015 -0.402702973812044 -0.096400599787194 0.152296200635243 -0.548108227863556 0.388376405938592 0.310168291374106 -0.485357145280675 0.227754157371408 1 572.460573080194
"1" 3.07687543150652 2.51059735911515 2.39079356686259 3.92661901982985 5.10690264144313 10.0482705305803 0.00107551104607639 -0.510340268640147 -0.374000637757704 -0.144166657371291 0.157828594452982 -0.605523233344603 0.357647819072815 0.360421226236922 -0.462122863966972 0.177885846152965 1 435.655719347627
"1" 3.3262454378092 2.39224252560551 2.94682213637781 4.38210138265574 5.41939317108667 10.1246237112582 0.260912081717199 -0.400266890553526 0.710154019334209 -0.427807162571657 0.114021870118659 -0.903382735048441 0.550952625272874 0.6665568124108 -0.556130088614813 -0.710559671696788 1 493.854045433704
"1" 3.23797359847174 2.36213527587914 2.5113968942707 3.95703069752725 5.04992694350636 10.05036198189 -0.0113673711413951 -0.517319946686502 -0.378867186201304 -0.183006073303973 0.165889280517728 -0.576104855335455 0.37679451260897 0.334453285132204 -0.473416572307516 0.190904820422316 1 480.279563640225
"1" 3.08020857092684 2.52765041344174 2.46316437884777 3.86365729322814 5.05232311083336 10.0420119875237 -0.000352921199958444 -0.509120224449595 -0.364028659986183 -0.0792142176900682 0.147257526989829 -0.594653850036694 0.366927660324456 0.351214103273359 -0.467538197615432 0.19265444264064 1 515.916795383951
"1" 3.16260452333868 2.43237073945916 2.52210756045113 4.09315053185226 5.02989603078505 10.0506410155616 -0.023037334380165 -0.528674974867612 -0.230692222416864 -0.306222187610136 0.202354911584227 -0.551336134984966 0.40160922023872 0.315181938762702 -0.48942778262216 0.156087477340442 1 476.726664786684
"1" 3.10947933944947 2.48589411958393 2.69792021889854 4.00262178934743 5.05002404186516 10.0661349794915 -0.0261245699770239 -0.517824058902146 -0.470361774502732 -0.219853364510094 0.183098857215711 -0.527504996237563 0.425823488967929 0.29095993893243 -0.510983041534068 0.176236175590965 1 460.523503998883
"1" 2.85658872227373 2.75928736436072 2.55700639529607 4.19385034867636 5.32776184837561 9.96851219144512 -0.0279672184190724 -0.529266367235011 -0.617894727408894 -0.298780701597138 0.203637957456779 -0.643284352954249 0.314406112783574 0.39854485732318 -0.421888263664333 0.132858123366199 1 483.354620132572
"1" 2.786095215043 2.8264031299824 2.33759887608054 4.49316602199464 4.80845352289597 9.62683687705957 -0.0526508321298239 -0.548852516006764 0.00893955504398166 0.270265128790925 0.199992173363459 -0.640407205268532 0.207534795847716 0.387784692443446 -0.334075677288057 0.313873373572304 1 515.913639334172
"1" 3.03807713079251 2.55867065276889 2.77337819867 4.05520854135052 5.09250415404491 9.90260214340415 -0.0648186632814072 -0.550784218766181 -0.476328488377289 0.0204885179668683 0.258746167330039 -0.588150284212585 0.329773494054874 0.348694100952498 -0.442187791992683 0.139720553909305 1 477.262154067458
"1" 3.10985300511712 2.51421032967604 2.68752967632162 4.04520268671781 4.96004467347922 9.86927351782286 -0.0558708210497001 -0.54438862813574 -0.476482008130073 0.184374168138068 0.227787984285589 -0.567722858183028 0.352617178151083 0.330429130685927 -0.450364011727272 0.179818354573505 1 506.549808196341
"1" 3.21328756208423 2.37274354285899 2.58390845288941 4.01682797169769 5.06739799878592 9.96768746151296 -0.0442076697490455 -0.548328387540202 -0.416379935654405 -0.0971943019741309 0.265838296432123 -0.662214480921944 0.271449160228001 0.420548500964909 -0.400535768806165 0.0762760950827107 1 466.961689614677
"1" 2.8304779533788 2.76922463937267 2.547398889145 4.00134592894717 5.01766869392211 9.92190673556303 -0.0595528991726167 -0.525283140266296 0.0440417860374168 -0.239501656127259 0.357866614608559 -0.717597756295516 0.300595748721291 0.4942099711312 -0.437319760684396 -0.31166355374297 1 477.955985106569
"1" 2.89939835257367 2.70785122016501 2.44252065726755 4.05031873201645 5.04519834844509 9.91345522448836 -0.0240529696845625 -0.523159879681618 -0.305272643637559 0.0236857790922131 0.188276747850217 -0.607519793826485 0.337273805392583 0.363483121214095 -0.443358623650264 0.175646099161542 1 496.31503834923
"1" 3.03873351942463 2.5430511786084 2.53141767574818 3.84975696222427 4.92549417755636 10.044927230011 -0.0116048510720418 -0.512898094433982 -0.263529746862148 -0.0757079617256464 0.165975000336742 -0.555750445920697 0.395300355217386 0.317087156994252 -0.488624877162729 0.193781907538733 1 438.066003910663
"1" 2.86863953855411 2.717887142966 2.59412516505216 4.01595764740704 5.16649515583737 9.89774852465288 -0.0366740334836524 -0.52775076323317 -0.539960424196361 0.0684886267128181 0.216010843847656 -0.592301525301589 0.353804215807899 0.350188247170354 -0.449463293040927 0.152189447095786 1 465.873755026476
"1" 3.1079782836316 2.51057772985613 2.56800139348303 4.30648209910733 4.93221827737911 9.83219929709802 -0.045882931843158 -0.542678183650729 -0.35860203709882 0.0564634899356561 0.22783207275311 -0.612738797370044 0.320698524049354 0.36921495841427 -0.432142153254644 0.148260624016838 1 506.156868560747
"1" 3.14254050276296 2.47432978380053 2.62734932019224 4.08275209391263 5.02742510674324 10.0393786431844 -0.0335659113184767 -0.529602153017296 -0.411828763614885 -0.2798147104499 0.193409225212344 -0.574743265763814 0.36344386209605 0.335186556676854 -0.464212367221365 0.183508012674732 1 502.897843189327
"1" 2.94704836534672 2.66726616990471 2.63395239329863 4.2198789959077 4.89250802763314 10.0353692774053 -0.078021591474833 -0.552987407134438 -0.278099472014283 -0.407495790231112 0.248926664477882 -0.550434889383794 0.342112119719685 0.314323029689833 -0.44478908862589 0.202656582599926 1 491.444039180676
"1" 3.0271056755218 2.56885253781325 2.46137016536889 3.69348040284635 4.87307541715166 10.0957499955975 0.0047038880286418 -0.498201035957892 -0.180107587257046 -0.0299170376382576 0.137367364997187 -0.545539420570639 0.43372509744416 0.307454958927004 -0.519639415730018 0.178755695188318 1 479.71466201647
