"1" -0.214192711193138 -1.20646871111901 -0.150786573789141 0.236826904098181 3.38355798214238 2.90371519872903 -2.70514647554207 -2.42534538276968 3.38494977532782 -0.643659842273062 0.0861998048179313 0.20184501522894 -0.166335251415042 0.172942556049918 2.04841333813165 0.0724232477912529 1 753.753816767654
"1" -0.181722730695741 -1.02078614306992 -0.00175730535157842 0.325062440480995 2.70780989633889 3.34906399446848 -1.58294806693627 -2.03712663786562 3.55344750761348 -0.480874991434286 0.0339470328196564 -0.879498888056479 -0.0469073621538234 0.382376901699285 1.01387189665588 -0.0445760178005342 1 677.71614190028
"1" 0.399387794940287 -1.15312913960916 0.295541440641575 1.22635753701531 0.315381227029006 3.48693937537808 -2.39221611906255 -2.13811622601686 4.9087059403504 -1.35834758639077 0.331033865942361 -0.683213978279212 -0.0107980029193396 0.216314091806025 1.02515387629258 0.29797652578745 1 -2575.59322939104
"1" 0.843509780082942 -2.04557904108463 0.257904830683944 2.15612464697773 0.309058683700742 3.95446822835924 0.920878332562855 -0.2736045511943 4.7319525784913 0.0146602277022828 -0.165264163320858 -0.767386460782646 0.327632823684002 0.0199832454491062 -0.697082245014046 0.0075770113383057 1 -2920.3690320505
"1" -0.158554264214115 -1.175285223191 0.212502834615127 0.213373422355065 2.20604215247597 3.33542293281557 -1.70838142010452 -1.94122071531866 3.66351544859431 -0.0924042732349025 0.289437612828445 -0.39399388116795 0.267554828516339 0.0988598355828383 1.23190673687958 -0.438097094314792 1 560.51069195813
"1" -0.31467925212799 -1.18502101570311 0.0777239617824459 0.678342382082751 2.65802665079366 3.27699904993633 -2.32505391590074 -1.85984918973967 3.6292919330175 -0.56347035398973 0.0109646683704389 -0.590837484673611 -0.104855302911807 0.242100867307084 1.76470244562684 0.0315968530967749 1 672.749822201382
"1" 0.916355115956074 -1.92452587375078 0.20278151583982 0.850319960905045 0.246207064757789 3.88877751207872 -0.463258301165157 -1.42736655234492 5.04677666247982 -0.594475271925449 -0.232143353518063 -0.299468023843636 0.188412804463042 0.478136110155086 0.128192902706332 -0.0348377962792975 1 -3604.79062584339
"1" -0.650632472550794 -0.720990399985298 0.430177411285277 0.270913099266153 1.41103345090066 2.67089008469798 -2.32543879789155 -3.00797133637834 4.3926203149453 -1.39819098757494 -0.79918933816181 -0.632520398256472 -0.13714875769172 0.279203794250184 1.07293565784036 -0.324643790132157 1 108.848195281462
"1" -0.0250460382489279 -1.16247265108363 -0.0662762455311306 0.700442367034841 3.12645436284277 3.89590072134307 -1.771811743568 -1.63622305362843 3.24039809888613 -0.592966622247834 0.241507172367531 -0.652060961397218 -0.0307308575120775 0.397069896312403 1.03582230541516 0.073794266114732 1 874.253831117778
"1" -1.62344718276754 -1.36367787052096 0.478866046970709 0.987429069068278 3.60232851940975 3.75647349299905 -1.54279355325609 -2.0987995228908 0.342599019033334 -0.760902126664814 0.0221132030067301 1.27338562026574 -0.185028287462053 0.00873587193567276 1.20546196399647 0.100928008059561 1 1156.36127179753
"1" -0.621237127687291 -1.19558823533914 0.152971450972497 1.31456603607694 2.05982191883723 3.65624395308458 -0.867880742409998 -2.09590961996822 4.06742164974952 -1.0767057122666 0.0331000680162406 -1.12544673343963 -0.0596786502257634 -0.193627760631391 0.62556292253981 0.451783913514356 1 472.600460927963
"1" 0.134106670147577 -1.4491917469967 0.311626322366344 1.77358377549537 0.330043885035857 4.10478694670518 -0.460213901877273 -0.917309276103346 4.92335822027703 -0.557082583127723 -0.0702226399714102 -1.1661316863972 0.253916850127486 0.384869356113781 -0.160495717819158 0.209059451120267 1 -2714.23784445191
"1" -1.60946258154581 -0.518200524493512 -0.0935046296049118 -0.0164146053835772 3.81100806965394 3.68237043025584 -1.38167694113064 -2.4455546404766 2.23429412477525 2.01139828700417 -0.268716828595024 0.595418448997628 -0.283841742910958 0.181392471295963 2.23496550989569 -0.000922105487079069 1 867.25628430635
"1" 0.511144426861323 -1.19384585739777 0.245690367390686 1.38834626633694 0.296475764560667 3.875006056736 -2.1785158208782 -2.05401545974522 5.04936147006149 -1.2808860086708 0.304273364606763 0.479002444669348 0.512062237002042 0.100402004702262 0.475723859515746 0.194962403173327 1 -2982.01225425827
"1" -0.220500870052718 -0.980120604356863 -0.0146756915503665 0.279744140544588 3.45813640388186 2.78802952519038 -2.76074415858867 -2.12272184583093 2.69969974996239 -0.433940399697816 0.194772847912379 -0.463539846116357 -0.0867789430669504 0.314886792350981 1.49794466547098 0.140089149864646 1 913.262556022732
"1" -1.09104904257628 -0.169537116955785 0.050597759681333 -0.0971183491527323 3.11503778222734 3.41066155471396 -1.38937281077403 -2.89844610338334 0.65256226582378 3.30753704221645 -0.0270353015067797 1.27308551404755 -0.171184109802863 0.126948811796204 2.21185158845074 -0.0804880643873697 1 789.266757770616
"1" -0.219275766594654 -1.07748392114735 -0.254692614483851 0.32615666878265 3.83789186947264 3.48720743186025 -1.62314307654759 -1.80113760400474 3.24374846290413 0.396576922681775 0.155314662270362 -0.491804334810577 -0.0549259434552896 0.327714860373853 1.42525858250937 0.0526268175739401 1 772.971624228376
"1" -0.764233927576899 -0.283684862626993 0.311323888904856 1.05585134024234 1.41915040903851 3.39509949803606 -2.6054333881221 -2.00529776678608 4.72333458374762 -1.09873222740404 0.295399933082012 -0.76330449892127 0.0312553917591301 0.438082133448774 0.926612859232349 0.156930686221039 1 485.843619617139
"1" -1.17172234692726 -1.31465293965842 0.221289162449028 0.869069374254286 3.27321211222072 3.49710119084571 -1.5932668953478 -1.6396740537537 0.670586617411364 -0.251490987985204 0.43982930423901 0.603716533928985 -0.316474116790987 0.290526093644007 0.913981416863692 -0.268255092296527 1 1226.99217558415
"1" -0.494885416485069 -0.98981624824215 0.0319124338693376 0.276031459956522 2.86115312459481 3.58746346609205 -2.65723900074088 -2.14475909262418 3.71171334140583 0.460326354891574 0.0164745349951812 -0.162972776754815 0.127369777552217 0.201065011666325 1.41293712954124 -0.280032172089346 1 689.347148172412
"1" -1.11416577319996 -1.2377131561752 -0.443857677924711 1.04480474409784 5.06270401284962 3.70516015441191 -0.684709454223344 -2.84351944342197 3.57162718388951 -1.19954704574023 -0.810471228052885 0.273183207102604 -0.280038421995226 -0.145448569384018 1.32939537616249 0.230653205727459 1 924.379512638014
"1" -2.97838493494488 -1.23160004299304 0.993068860146883 0.764672161690338 3.52673244523938 3.39491665869741 1.00298857073738 -2.01163259086621 -1.06983130874753 -0.337051186713988 -0.672223760845073 0.594324706691262 -0.213297847368711 0.203780806601894 1.16347139650028 0.179533992042145 1 1132.06155142264
"1" -0.755394695828744 -1.11844509056942 -0.011822777206081 0.945784084923982 2.74614293539011 3.13984740794847 -1.96609921315633 -2.78143124991933 3.72179914934755 -1.22308786431526 0.0289033804991919 -1.07493783791133 0.839730206829634 -0.0410019600316492 0.681846415643272 -0.286294694585854 1 637.95474346845
"1" -1.39275713935086 0.0304377959455231 0.383814950318772 0.345105190735324 3.14781959410406 1.92300284395505 -0.44414320793218 -2.45574854215285 -0.669088273600223 3.61559298497748 0.0496733735359179 0.668691610535795 0.598493079443614 -0.133697616516252 -0.34097989173297 -0.243034391224357 1 584.389832306275
"1" -1.47061786600353 -0.157105401141232 0.326336492868006 0.0303619638101617 3.55784140897881 2.96000312783853 -0.864987970547895 -2.49498998008014 0.474579435772664 3.36009361281074 -0.075088194418174 0.777558335344083 -0.0504135389790092 0.160254421566987 1.36681181213184 -0.202038402638934 1 805.081436179535
"1" -4.61429810160527 -1.46075517840723 0.489116121761022 1.18525781276185 3.35702649181182 4.03374231225088 2.86444273800763 -2.58537602350153 -0.403341720198595 -0.446629908459478 -1.32917299606559 0.542064859336842 -0.598451144398863 -0.128373674598278 1.38057747813132 0.312821443556302 1 1042.03885425175
"1" 0.350432744786696 -0.790244269224232 0.143269232953316 1.05048457528477 0.196693760188717 3.95393764396729 -2.53488861204364 -2.72847113392881 5.69230229019205 -1.57848607717787 -0.188905003199068 0.574866360948356 0.123595869311675 0.179603916298934 0.580255229247181 -0.209590419218936 1 -4018.31377392853
"1" -4.10433294989373 -1.25150110721838 0.249091091840824 0.837416609220095 3.3638528905047 3.72656327300245 2.30153092866695 -1.93244152664444 -0.571636129069977 -0.0973055310074773 -0.806253065282789 0.907639791645067 -0.487922778805698 0.0291736692593902 1.38903611447556 0.263142727226435 1 1120.2407327602
"1" 0.154235308783156 -0.846094790991199 -0.033884033845175 0.278863084414255 2.9224393581374 3.37428831017446 -1.9677777789243 -2.00169534179417 3.27557809041788 -0.661354236684505 0.227075497217764 -0.740420493390556 -0.0296683006264276 0.347620170302796 0.987698324234386 0.0235447360707962 1 771.115451040867
"1" 0.511123873365786 -0.908436866660345 0.284985705678828 0.521227544369931 0.321774669884146 3.68604857573732 -1.97768418345957 -1.9281515803076 4.91992440551637 -0.812103427354921 0.148137991794378 -0.739954434857317 0.0135387309023855 0.363783162252415 1.08974724244475 0.213958153129634 1 -2806.71013494562
"1" 0.611457967735702 -1.77646290794933 0.244636918680049 1.62467030890444 0.303989519089568 3.98294521400242 1.39597594657659 -2.13337276996169 4.91518085131869 -1.1707683853049 -0.471339518346642 -0.342094953158289 0.0956480307664281 0.20453492231768 0.0961669194007158 0.369148008296109 1 -3030.28149687528
"1" -1.90252121919245 -1.33473713484064 0.976543013898826 0.839385094446077 3.26313462004492 3.63546490220932 -0.845152463145842 -1.99344212629216 -0.398333643282665 -0.388653206356291 -0.256840627476527 1.17200194588766 -0.421559474165824 0.0695564718850051 1.44857224159093 0.105636205253481 1 1161.22990705889
"1" 0.231347862983634 -1.28815906569238 0.244712150891933 1.10950953165625 0.277219088469228 3.49456356274102 -2.48079748567774 -1.79084075281883 5.13423228406443 -1.01211385601974 0.111664821049308 -0.928387495936749 0.106870243701812 0.308657044367845 0.924519765038536 0.238500862932949 1 -3000.90722726373
"1" -0.63743945624859 -0.689640880388457 -0.0829136186328134 -0.025683096006843 3.73585498644062 3.86341791521254 -1.72611835011149 -1.84363996472289 2.41383887435658 1.75583873483815 0.222280089534013 0.112873463680232 -0.126037651346343 0.265650470091879 1.35843311889906 -0.135595965475933 1 947.252188359009
"1" -0.81741929972465 -0.27128908768954 0.0589926162942966 0.105399571800366 3.21601976975427 2.64142561005487 -1.75363781492056 -2.60077373506683 0.713060136627822 3.66095467049162 0.334136398734055 0.85977116702593 0.0904200244953627 0.135236292113539 0.93532537903855 -0.521988636268946 1 711.198147989271
"1" -1.37764483285591 -0.306508639075473 0.587541505478326 0.0905081488672768 3.55758839347793 2.77317839442778 -1.09190369197543 -3.1752118448356 -0.424453843435365 3.49301052769792 -0.0987580283223058 1.0821582225469 0.2344071374782 0.0974925580397392 1.36770718469841 0.135293329514487 1 838.795128624333
"1" -0.706874668891675 -1.67132010674262 -0.279601532252712 -0.0592793554226304 4.35412819032265 3.94279206796647 -2.48886184248127 -2.12569513021093 3.23242427775067 0.93229607206806 -0.0851059295713393 0.889293026972068 -0.200891421034237 0.224346648923454 1.73986423596225 -0.0853709359137881 1 741.583745204916
"1" -0.768689983394925 -1.24212437498468 0.0372238215771102 0.927620415657182 2.7100963130167 3.41288577548705 -2.25283831754102 -1.70376954587725 3.89608898677938 -0.458020869656201 0.335137900772252 -0.72420835777854 0.0855719665406663 0.3796057335235 1.20994871918311 0.195459157393742 1 629.058048474079
"1" -0.29858044252651 -0.783934134569178 0.398277395711688 1.0183920805393 0.46856026468905 3.54111795559486 -2.00056463780033 -2.02539143751634 4.90208391449714 -0.757051448587353 0.126923844226807 -0.894530795959937 -0.0939530811915638 0.0363907213245049 1.16459053890402 -0.19532679977639 1 -1723.32848368211
"1" -1.31476954995467 0.608091658294846 0.309582858784262 0.203940102406349 3.09317954186878 0.247848133469676 -1.11375500772325 -3.20010071442592 0.0476359599749542 5.20364797191586 0.131618588996004 0.871644859926431 0.394970343839171 -0.142176803623821 1.11830622094158 -0.235958321615416 1 -3391.4992573135
"1" -2.55440835623536 -1.54144755366702 0.215527170495694 0.858736615513881 3.41972566145392 3.5442288027649 0.19104732308824 -1.90108500468942 -0.510261910489295 -0.622067343271082 -0.526518569660685 0.732573701786564 -0.00580087575735187 0.166515300135418 1.02162116068956 0.190881346813304 1 977.346737518732
"1" -2.2646493121764 -0.461721646321992 1.33927557514403 0.596744736763662 3.71309784035363 0.749162951194281 0.504546974213189 -2.95650249121013 -1.1573107808712 4.31606124080342 -0.427329982235585 0.635884569291979 0.497814245750104 0.192635493365096 0.529798100285444 0.252186963505355 1 -654.57408215465
"1" -0.748877223894319 -1.0176051993869 -0.0128971855634478 0.479345355143881 2.71638037084969 3.63748054070513 -2.17276369913376 -1.84698177865401 3.79843564168645 -0.0294465263130541 0.645683999587006 -0.469683066231632 0.312560476914198 0.0713066742398088 1.28878514016792 -0.18216830741007 1 671.388381579382
"1" 0.111636760242543 -0.992940031883084 0.510838254308868 0.875950962121976 1.10340713616301 3.31241930350188 -0.714464967809721 -1.33305026648099 3.972512996126 -0.353403323780903 0.127384852773066 -1.23166742594882 0.150833222169058 0.455641652571489 0.408000746926763 0.0619460168898307 1 -62.4112436153519
"1" 0.231818970127638 -1.3575653398311 0.211819877203282 0.791945957139179 0.277185513041867 3.53023308305153 -0.844121571803007 -1.60524260391888 5.25004771984132 -0.681693093665624 0.175927543848676 -1.42409745043678 0.398227848628781 0.279901216385961 0.639546348385676 -0.225074446839567 1 -3514.46208797408
"1" -0.0691760043806465 -1.07380693871426 -0.0252032481815909 0.301494351121774 2.8546040693361 3.0240583259935 -2.14154319776744 -1.98385219150269 3.42623281695433 -0.505355209579824 -0.0793133936411763 -0.908483045811355 -0.0635011664416922 0.403691196201679 1.33503711421905 0.0286804634652315 1 645.329035512463
"1" -1.63222290372151 -1.11636422117673 0.820321854407215 0.424631508117672 3.25828743921823 3.74627622407584 -1.25337505200411 -1.8435470918924 -0.637462829179074 0.49337499920382 0.106047332353539 0.878885036076437 -0.278822075294404 0.111857901666677 1.25873976343969 0.109736288175983 1 1214.70071869084
"1" -3.10017863538698 -1.39155903828994 0.882976972612029 1.12850321842229 3.6219497948421 3.39554247017967 1.00390822694903 -2.16727319634381 -1.0403805580249 -1.11086222481682 -0.741604392107425 0.487645848782914 0.00559733735005412 0.217412252135466 0.754958274087174 0.187563064298743 1 1061.28806720838
"1" -2.35478224397231 -0.3999845602571 0.664633886983222 -0.0467458258287214 3.54771574682807 3.21641899862339 0.442241617918127 -2.64162875713097 -0.826572762540052 3.37123567882962 -0.504416816132929 0.954036482999008 -0.302087463229717 0.174421531943651 1.47682334103767 0.154814132698329 1 722.453179616656
"1" -0.205806876196608 -1.31522594367809 0.291394617626997 0.592205084953272 0.393888284527526 3.52267522166531 -1.3495486306187 -2.24403259503591 5.01390343514492 -0.898598272815266 -0.329998197544272 -1.22817200291221 0.0201795887329262 0.0678887163802395 1.49547579218953 -0.373852581336094 1 -2525.87183316189
"1" 0.294823439153378 -1.25416411889134 0.29258909573965 1.1669933040803 0.340307949174544 3.16355403523178 -1.71268812258194 -1.65855814531113 4.92892287687753 -0.926067272021306 0.116025438095378 -1.33407138973987 0.128842229320169 0.292303422680314 0.722268997423978 0.0322728568941603 1 -2722.31532751035
"1" -0.353896886083637 -0.82761516756186 0.326636169122938 1.98524058581915 0.350366060656603 3.83257706555857 -3.91158256687999 -2.11687060944952 5.35803055298753 -1.22452895202951 0.52362154754004 1.38052121018299 1.2139327119369 0.439249150362 1.13421188836879 1.07303431985515 1 -2458.85603064662
"1" -2.03669128734293 -0.639141810797567 0.738324541866811 -0.0689583018902418 3.79200719570633 4.08561109082551 -0.296293032903989 -2.10961010511633 -0.291862196233599 1.73894333004124 -0.417437994737906 1.08952847451072 -0.775380354786725 0.0946203374066746 1.71263462158777 -0.167655221313915 1 1109.51702642857
"1" -5.42757401988657 -1.36228801203629 -0.386844663496698 0.999992251503014 2.84466491135234 3.5719414751146 3.58360512909644 -1.80203979589201 -0.158546605961726 -0.631673139715486 -0.915075413536225 1.30470120324511 -0.107143332757668 -0.28341747748248 0.943289784747832 0.420566652101884 1 1015.37816623652
"1" -1.96425026896616 -0.258317313816997 0.1339001662392 -0.103940164775801 3.59321006991555 3.50282496354678 -1.24666131462023 -2.73858991086381 0.270583246544407 3.21467579195287 -0.284264858926966 1.03373618345813 -0.300930161897514 0.0776910141309324 2.7371916094536 -0.00897146063874524 1 744.296672380791
"1" -2.08527808772312 -0.154424822947664 0.350915616696712 -0.0559852789499064 3.58679123635616 3.28564961523425 -0.00187760956213583 -2.76805787458371 -0.142452382291937 3.1934060431257 -0.35949509969354 0.997233870130779 -0.409006935296127 0.158206018368582 2.06166485042808 -0.0128459068741245 1 856.676894889388
"1" -1.87265801862532 1.03994702892513 0.523173078937012 0.154763219787064 3.41364419430072 0.180264002024293 -0.31906633875793 -1.87579828276892 -0.852201001657675 5.29250371206537 -0.110187994256428 -0.128145076418888 0.939794550214815 0.276872873567403 -0.697708568487633 0.00348182626181703 1 -3617.56331553648
"1" -0.449967201987305 -1.07556378271276 -0.229931625448438 0.574138576546244 3.89497382038281 3.55916916736028 -1.34901390343823 -1.84306487131497 3.24824584782334 0.195669598893582 0.0298295694379722 -0.385728135955675 -0.244550991595525 0.323994448638796 1.42175681919856 0.0566444370841606 1 806.083705373298
"1" 0.287510459831611 -1.45452986823521 0.226479364322912 0.994849767466324 0.272770713840694 3.52973139183864 -3.42809330106634 -1.94095144026448 5.20544035509504 -1.22704316542773 -0.219649225160047 -0.478304126613998 0.0515723219458915 0.281771631119053 1.04685024779713 -0.106620504808205 1 -3375.41873305649
"1" -1.7854063101186 -0.616163676731224 0.772680417650435 -0.128405761715875 3.75308628469204 3.62591619542252 -0.73184316390458 -2.96877108632678 -1.20457976966373 3.43933171228161 -0.251233386912477 1.19935337197615 -0.118419017947142 0.153440445732379 2.22257383917641 0.193503726000504 1 713.400376420526
"1" -0.257112807174653 -0.953814799599191 0.236633780271035 0.547859738905315 0.252331062551069 2.6438997720482 -3.12443787736332 -2.42610807495678 5.52269272582702 -2.66374767484676 -0.142113948008355 -1.40781773785728 0.0945026578591502 0.327788901135778 0.83511713567578 -0.146795424273725 1 -3235.67383619102
"1" -0.328757875206339 -1.45556444173908 -0.082195720476845 -0.266734474685374 3.14867737200538 2.63380925737144 -2.39801033847397 -2.79690230312225 3.43332955974186 -0.341789540588005 -0.287236702298046 -0.379042475479981 -0.224325908540787 0.270137400238562 2.20986026662394 0.0487798328356929 1 645.2531287108
"1" -0.293229960530536 -1.19480561738702 -0.153493601389036 1.2346059430117 3.16372611009141 3.38764506685027 -1.05821624518446 -1.38074877496228 3.47474906519947 -0.386093450255818 0.000945794960139031 -1.41926655198709 0.101575282483331 0.472724239822552 0.614685166962857 0.255883303406224 1 604.619395007103
"1" 0.0421844331338053 -0.507433554792588 -0.190469721376494 -0.173053352885685 3.14881173369501 3.23710952897309 -2.34342860325808 -2.27122386511533 2.7470889727773 -0.806475218551842 0.120050841170793 -0.942985971936343 -0.0517177081956807 0.347468060495303 1.21392899454942 0.124511718210003 1 899.400848649253
"1" -0.216615184605202 -1.10325063041735 0.441087441928254 0.637221156231083 1.18040322231796 3.15667925490101 -1.99283989664019 -1.90042205644618 4.08794551087739 -0.788194805315329 -0.0920052297591903 -1.13060060152248 0.0432415298587545 0.319088736276283 0.929724935178393 -0.226092284167368 1 -80.8726493242139
"1" -0.748073500296253 -1.27770481124878 -0.144249276800751 0.761823831407781 4.08419807642844 4.01604146318441 -1.50001415532564 -1.45296427036546 2.76272069484688 0.205429912821686 -0.0635750264287046 0.479806501396306 -0.430097682665532 0.265403684962945 1.72026915285009 0.0692884326843954 1 967.471877922086
"1" -0.633402193058365 -1.02103895829612 0.0398568681291677 0.20929122875582 2.67870864075591 3.56091787359915 -1.59487933778952 -1.67295306739196 3.86485673607393 0.431870972215455 -0.089218756935216 -1.1197886275699 -0.13922948969477 0.0356250480923012 1.30116373654265 -0.218957120354681 1 525.665250456499
"1" -1.67849387293131 0.0104249273942836 0.154668965821491 -0.0293458627093536 3.01400653610839 3.08698468175412 -0.462897670487563 -2.73734544811668 0.118344833378527 3.21593692486324 -0.191711355179418 0.704732136251261 0.237683528940162 0.170181238155892 1.03403716225858 0.0137854517149062 1 778.15159042606
"1" -0.382302441640176 0.161383585588933 0.0870971569568509 0.0268902768162229 3.63670434370937 3.53079347219126 -2.01865778244893 -2.84776730022591 1.9374017689273 2.83814788319567 -0.123804915957038 0.0133090883003355 -0.154804615312765 0.248730447495673 1.62458339945899 -0.142605265261918 1 731.062319331759
"1" -0.912220278397727 0.0251198282249632 -0.0216850751137321 -0.229530373307706 3.87975777152818 3.99050367181599 -1.59514515171209 -2.2145408295842 1.19985732490736 2.99884491436413 0.522747129650568 1.08671851226394 0.698698045949016 0.14385272863961 1.91858627334868 0.146181974291762 1 954.273447143278
"1" -0.730854385631822 -1.13198062792077 0.327776715969641 0.984741835633736 0.360435171086227 3.72419153984914 -2.71746560475791 -1.6253571636125 5.48363810817166 -0.77351318412213 -0.233123220908831 -1.51885917421941 0.0219978309664417 0.625592223605245 1.2563522846621 0.309234980937141 1 -2742.81404521533
"1" -0.596232264696751 -1.34814876210479 -0.037690967712264 0.576275398158446 2.88662715470849 3.41366839511856 -1.97564491491458 -1.75382878282701 3.71960733207563 0.149508886852936 -0.0232685219149584 -0.705533726308024 -0.0956614866502718 0.236168897602522 1.40315637998094 -0.0991938064677566 1 597.410111250763
"1" -1.41157822439242 -0.0773342452082944 0.8008684452788 0.245582749428419 3.31780599386731 0.281083273760957 0.290798274986555 -3.32544571992762 -0.633944488647459 5.33435017891696 -0.204820082081567 1.44880211387882 -0.0965815543086995 0.109957816915324 1.68550335826791 0.0792556157864637 1 -3012.65028587027
"1" 0.293372212070494 -1.28513090667741 0.169522860335655 0.74983879058887 0.25183828263144 3.66008020871867 -1.31157448468283 -1.83915863410794 5.41916672848291 -0.895961628054264 -0.156142405947034 -1.39702065191055 0.204756578467056 0.149716172370282 0.977511253469491 -0.167672992058391 1 -3704.78854995913
"1" -0.242080134668242 -1.08522965971393 0.510249276207983 0.730095479475461 0.635388745491156 3.41083764756831 -1.91851493579993 -2.09061954274893 4.46681411798043 -1.25599844677401 0.112009756054821 -1.28155376024094 0.214407727601008 0.323099062901038 0.776281002619322 -0.156055923718593 1 -1074.57938125265
"1" 0.228399417058087 -1.07766678511915 0.238742016121646 0.785502370054056 0.294049298992623 3.24556279880322 -3.03606490947426 -2.30367456940324 5.20253806834279 -1.18727114442793 0.154584562525088 0.0427988816337561 -0.0210573354385814 0.287899193410202 1.26603639328091 -0.244368440435152 1 -3119.02122949661
"1" -1.52453234401555 0.424767024372957 0.574594576804503 0.175129790984052 3.3264662904979 0.227225552154243 -0.75543826872908 -2.20349802885334 -0.551386479234024 5.34676020033594 0.204448072092283 0.682283163121222 0.232162922444368 0.516119390024704 -1.10770655538967 -0.543271350341468 1 -3610.60375672019
"1" 0.104148352792603 -1.14978615200356 0.281629948800368 1.13506535161866 0.357347761600059 3.29610783711365 -2.57527618926911 -2.16487492068066 5.09437585720156 -1.09883093031796 0.199244973156496 -0.861646293998758 0.138459784091743 0.349809881890814 0.776536829295149 0.0134594330475983 1 -2761.15962959713
"1" 0.254119043448082 -1.40120632304721 0.245997599635773 1.29224066051672 0.272852652625869 4.60342064128868 -0.273977079576745 -0.774652695587433 5.05911044403246 -0.647737376805511 -0.110812275193662 -0.891879757114566 0.301277007784142 0.326667856697081 -0.471603095988662 0.0402734507336037 1 -3072.94952096481
"1" -1.94455567597143 0.141730243931983 0.757727631593534 0.256097225308506 3.90257312450157 0.313961012745461 0.617734948978833 -3.08818771231247 -1.07779848472763 5.07757878175698 -0.163474838520392 0.296110930159649 -0.167130921116645 0.191350261879378 -0.597975220669302 0.415085136722135 1 -2752.41219701705
"1" -1.02323443657998 -0.262969678351252 0.667253366009713 0.448461353959511 3.00738220516982 1.65889208746027 -1.11477832705839 -2.37569110507931 -0.101760004823527 3.8038234692975 0.170441742875713 0.772268282096601 0.414609809417043 0.141666862007087 -0.609370916481566 -0.29095658033736 1 517.339777242596
"1" -0.149963397873341 -0.465676516976478 -0.0530256411497112 -0.0402549842026044 4.31902568605517 2.84968136014941 -1.88247338787342 -2.66261449056938 1.96134520240415 4.05042075726358 0.369452389207356 0.659800197885529 -0.094698521420836 -0.274299700251405 0.806710174471644 -1.25743154983763 1 -566.856231657519
"1" -0.404319781998248 -0.673005467015888 -0.103622345013958 -0.0683114966682639 3.54450442573935 3.12628308623377 -2.30066441063557 -2.0410877090578 3.42660004390017 0.79070420462124 0.0834374162739371 -0.270216977969581 -0.0754179936075243 0.2953297267749 1.56376882531331 -0.032198053981874 1 732.536452955552
"1" -0.546517859370449 -0.841699556252657 -0.174437809596278 0.0414369725704469 3.93098601262482 3.55155205392837 -1.78509876142307 -2.36650630542251 3.47745280907899 1.15696299544934 -0.246522384635878 0.49005651118676 -0.271410417943964 0.0823681023178382 2.50793309599956 -0.0708806279428008 1 733.118103600835
"1" -1.52122185831761 -0.0938756451639065 0.766424038983881 0.321204771426513 3.17200410167481 0.42875100646271 -0.0802566520425206 -1.18089733109058 -0.652418583339944 4.86374249301133 -0.145325532570133 -0.207681213822291 0.587047405381292 0.252984837627343 -1.51995139603721 -0.429436101045898 1 -2201.86908219896
"1" -0.524264984925358 -1.27759831076136 0.0121234400471355 0.553882191339327 3.09980023894579 4.02213864499126 -1.67854727062488 -2.0726851383869 3.57502462135418 0.0190523949832699 -0.222527282839223 1.22963942206555 -0.376177666231829 0.202995920814043 1.5881229490158 -0.0943310122408422 1 802.836062302144
"1" 0.17539571998079 -1.09779094434999 0.176114520345676 1.02277060782961 0.278265228672969 3.0128216436325 -0.953718922759483 -1.9107278446161 5.41106466754376 -0.688516828568954 0.233813924894305 -1.45196773427727 0.0422893112565848 -0.0140593614214031 1.13098560832102 0.0417948301591766 1 -3285.10955932019
"1" -1.26836063310556 0.143013449878509 0.741372850491822 0.467865000896004 3.24893746215234 1.31516094976955 -0.723948544187877 -2.89926802204647 -0.299960662656947 3.64639948551329 0.165846290652505 0.794308322211962 0.425766387215173 0.138599294123183 -0.601681374719122 -0.269353672210564 1 452.694950362187
"1" 0.36508172393826 -1.18727354391053 0.215017780018488 0.774040336941985 0.262682245842154 3.5591182234935 -2.03816344373312 -1.80314563057769 5.20613227059715 -0.953617872666128 -0.283736664852156 -0.689241864247453 0.374551399169053 -0.227279670830929 0.575940022256196 -0.00623524351558426 1 -3322.59876894326
"1" 0.368052425190586 -1.79297060818804 0.247205426362643 1.15050540689973 0.28625520146381 3.89916227030631 0.256456015751851 -0.941114052548358 4.9725869889588 -0.454947350582528 -0.0676176312427875 -0.620577066641022 0.256140712627911 0.0954832820886318 -0.108957870750047 -0.151229168048964 1 -3134.61406610305
"1" -0.346446423249575 -1.38727778860559 -0.0182310808657812 1.21386100211467 2.82260973877568 3.77793403031249 -0.953519919596246 -0.985756006723479 2.06188684624081 -0.548508874331288 0.141790836904361 -0.997999929875912 0.20082382783288 0.429890029611302 -0.0599312651050886 0.187873457542401 1 1010.56424061564
"1" 0.186036329016381 -1.46871330854123 0.300736480090478 1.13975985399995 0.395380232379824 3.16244223487799 -1.19073596667589 -1.69268043745762 4.83956229532247 -0.713726410504959 0.102513034602597 -0.928090980257565 0.101125559937028 -0.00348580487634386 0.788234561609698 -0.602716408791375 1 -2464.65705981982
"1" -2.69100377678983 0.907859989995471 0.0342464586451551 0.177899177098395 3.45651711770094 0.219305460438218 -0.0555127919749361 -2.22544742230699 -0.964786867035049 5.13505031018255 -0.379467739890717 0.326990678103837 0.163425743745244 0.239561389687787 0.255798685070562 -0.0219904919351949 1 -3578.6094388864
"1" -0.197099978010035 -1.21994686468004 -0.0303166917423527 0.684682656204783 3.01900769862147 3.27941747041986 -2.26056815758756 -2.07657908260628 3.36313034369573 -0.704007800276235 0.278345676400781 -0.414777984611364 -0.0853680498033272 0.252405370607241 1.35516245944811 0.082734018039386 1 769.18724791205
"1" -1.50664803261196 0.254945096769513 0.340823487135708 0.472853753064769 3.02225421768121 0.39725825606609 -0.338278848808875 -1.90055126901875 -0.59136215365892 4.24410359894934 -0.127194667991576 0.46153405207726 0.575541615557031 0.192554654787228 -1.50986596041691 -0.0746862212040137 1 -1289.01725380943
