"1" -3.24295426502236 0.803005678960418 1.36241566064537 0.220410605127112 3.96105551659415 0.26860750349914 -0.335348238925978 -1.19183909942797 -1.16359834455237 4.93437189482807 -0.0561672101061593 0.0547767392331731 0.199684765420968 0.221098995991755 -0.900317358834765 0.154426606059578 1 -558.88826240351
"1" -10.3967267205603 -1.87603735676233 1.26570072594804 1.18915455761164 4.07798205068233 3.79468946041387 7.0110496496195 -2.43615996598727 -1.68114615217292 -1.50852019592201 -1.07435247373486 0.84703554242391 -0.110491105938025 -0.11875393760175 0.147256715578926 0.183044774027619 1 137.38951965442
"1" -2.0284580996855 0.364254389868098 0.798561564003891 0.253482982485878 2.97041766068329 0.307252071658866 -0.253092609049594 -1.44762242451212 -0.744090246733114 4.99290389304434 -0.227637878685268 0.410075030376579 0.0559037447773535 0.201657954001345 -1.47705412370253 0.0276295388463372 1 -478.990954863883
"1" 0.242487959120141 -0.568310842027148 0.169073283525283 0.326275413368079 2.39281050008369 3.08880454700109 -0.121121982058112 -1.17135627052815 3.0274662385096 1.32493553095314 0.114678324929654 -1.22602969499716 0.153046557712271 0.472903196818234 0.249721468163077 -0.0193136299194519 1 124.234538377754
"1" 0.363714529012367 -0.369005407743886 0.245377016673971 0.111861917451256 0.496507116217155 4.26288850559423 0.0759527548154887 -1.60612639249961 4.65714274869062 -0.765197160993733 -0.532655236175107 -1.61179896161026 0.147822105459647 0.653732178445064 -0.431846625200497 -0.511798504741803 1 -337.209144817485
"1" 0.405480584960872 -1.19916222923262 0.179790977563627 1.94000483629993 0.21667093722309 4.77515225637158 -2.44076483589808 -1.99218566948693 5.38674706647256 -0.798907828138871 0.701216568251183 -0.111201557737753 0.411942241378778 -0.0867913640158908 -0.323135363492979 -0.0182530880161527 1 -505.201350515745
"1" -2.23093336892804 -1.0870985243144 1.7328783424844 0.773539819905457 4.61905686255501 3.77613353141098 0.17849131584181 -3.7192446332704 -2.54743721269687 -0.222190841518825 -0.974286275042664 -0.11189420942755 -1.4757712386932 0.282229262470567 0.892176827257119 -0.302268388905904 1 209.115017793107
"1" -1.55978423012287 0.00223287417144224 1.44441673855129 0.244007849152583 4.08163859136049 0.274534891816669 -1.14716116826652 -0.953511364018031 -1.19161873712366 5.27958422737392 0.357330123041925 -0.124773982326805 0.38126381265584 0.236488877288541 0.534670941735408 0.585428589632056 1 -344.187448645809
"1" -2.248305048428 0.755765494170789 1.66247450534232 0.177006025244638 4.00583266502733 0.211662954171999 -0.686098336232854 -1.79034389658058 -1.44571846050961 5.25254968113181 -0.0667898428835549 0.300929337372011 0.333468000489309 0.203985869015104 -0.789525212960293 0.210915808558396 1 -572.881126879338
"1" -1.77243339114432 -1.21886848391597 1.76121023617686 1.1398406346032 3.90051604080264 3.83943388335814 -2.29842354443787 -5.32385387017021 -1.08116044044008 -2.9514716722509 -0.764260108281944 0.536057555680011 -0.198830825725288 0.305326618220487 -0.084390725506809 0.0121820736836868 1 203.669236900672
"1" -1.59240319186346 -1.34960443241329 0.221808378331542 1.01712850613642 3.88738335660138 3.38198499159701 -2.69083194476616 -2.76447848164666 -0.350318055638075 -0.530096827582208 0.172182639305018 1.18718666031486 -0.0581482462004585 0.0469822999422344 1.39372316285888 0.0942262541812071 1 190.690451529556
"1" -0.147522671829062 -0.542361754384565 -0.320966337920096 0.811805449326148 2.58516305751153 3.99070841315446 -1.45079333397763 -2.34438007986455 3.17007905689158 0.261905680071798 -0.311933827146228 -1.61316525797169 0.222278095442103 0.338562793490784 0.133431270570688 0.172330271918966 1 125.794109916224
"1" -2.25154758522053 0.539652267322997 0.671298685862809 0.200724842264193 2.74155436526981 0.216093898817488 -0.267009084295133 -0.882759831268233 -0.322652788929746 5.10606083615212 -0.119861920980083 0.142804111508454 0.337209939820029 0.191647974832247 -1.31128954010891 0.0894654363747492 1 -567.656847819437
"1" -1.56288259741359 -1.25478420289897 1.74404030940244 1.1545266123372 3.95198366150214 3.9405305361434 -3.64452885575393 -5.24463868638323 -0.559743256062177 -2.96766887243157 -0.204420607335707 1.11150319201226 0.453010153035189 0.0179716499705016 -0.175977912492524 -0.186001793261608 1 210.11334911738
"1" -2.83391712061508 -0.111092634956408 1.77945163088096 -0.157156609065753 3.48055244150264 3.71297995330777 0.963037619422464 -3.10963793023962 -0.830194729492668 2.97433836287336 -0.65907647679659 0.480851764885572 0.131822817341943 0.153736983373216 0.813980475181411 0.243380668590974 1 144.692312943684
"1" 0.42101658682177 -1.32169605140837 0.174934309504105 0.967760651757686 0.22128607254653 3.9783371961622 -1.89081440550546 -2.39332119215449 5.37014305948785 -1.08722654497497 -0.0322173016402078 -0.174861419719241 0.188962015674615 0.242208462042513 -0.00256016114946385 -0.0860458987976447 1 -569.434852784494
"1" -0.899824337963372 0.551143009574328 1.34754356298003 0.370802587123458 3.08780739291247 0.349537342642685 -0.684288580892027 -1.57412709238047 -0.705572110680353 4.55530879626522 0.381913504600534 0.208972359508341 0.169758249826385 0.166357804180357 -1.24516050091662 -0.109892746648787 1 -236.760735300473
"1" -1.77938265607092 -1.55343735622373 0.913338425362099 0.912490811597436 3.69202920233953 3.66633625042471 -4.63698882458751 -6.26375056124358 -3.42680593425136 -4.82906472008406 -0.575431429938811 1.49867677525476 -0.455678326807064 -0.489300000551098 0.924925474582882 -0.0844927004881789 1 177.670586305494
"1" -1.860959843452 -1.28876092850529 1.30876682960215 2.4660596102087 3.58216976088971 4.86040584286016 -0.940478571650862 -3.37206652496727 -1.41358055806357 1.02286866215357 -0.201250180169537 0.541752921697834 0.201627412573188 -0.186057304598591 1.05199645958466 -0.439701463180921 1 185.623672557636
"1" -0.553523279250843 -1.4456694935377 -0.106656649320663 2.25905667223841 3.03445192627711 5.08163159131532 -1.01686812027986 -1.231925754411 1.95782732237675 -1.23845923317046 -0.0157802442691183 -1.06123131977296 0.272279124422789 0.392143872027967 -0.205153253016151 0.195443936330784 1 155.93754098657
"1" -0.280543668077882 -0.879516297052832 -0.179208468701327 1.56681127302649 2.51383273872226 4.50307600623172 -1.53610107436343 -1.56637864255012 0.966492817572141 -0.891567913734147 0.3365610651524 -0.637009654962442 0.307921482725755 0.341589930932139 -0.264064722110812 0.179542601660365 1 228.974309928466
"1" -3.05322195941402 -1.58482496959542 1.34041434784621 2.12215301223083 5.07558575705835 4.92080073452604 1.02806754013681 -3.29666915821187 -2.02273385314937 -0.779264442144346 -1.19160477455265 0.323431346914192 0.289193520386574 0.241757289635919 -0.366450313427788 0.204460448992632 1 167.266347815226
"1" -0.234683680871824 -1.37388355981163 -0.126807689068049 1.78638893177271 2.96773507049964 3.88803130758279 -0.806169586157852 -0.977217256562943 1.52870017420529 -0.158270177287504 0.11294779204474 -1.04012202999342 0.238291549068576 0.392972150569548 -0.00269582069583459 0.219329442504211 1 188.145133416856
"1" -2.12081550479166 -1.41596735299643 0.754231514466386 1.23835266921224 3.09964081829006 4.09555711819421 -0.0360698413331671 -0.512213991674344 -0.36266825746957 -0.109366387960214 0.112037300405288 -0.636017675045784 0.33064821826876 0.329299988532937 -0.528607824119772 0.202147615524232 1 190.439956436549
"1" -7.79372242014006 -1.55786427371208 1.90586291278462 1.00414442158428 3.98575558534843 3.72747733188995 4.76268436403177 -2.09653774226934 -1.51680151412722 -1.14899141730768 -1.06910739028112 0.547938940409942 0.00762109987719665 0.137357363877557 0.100226968593374 0.231578417417676 1 136.475971638989
"1" -2.32895642380148 0.577364146244518 0.794620888460741 0.128004737099658 3.5940851912896 0.194492721265802 -0.508923960034865 -2.4509928103061 -1.28005546029586 5.58224973217231 -0.422482141469388 0.798668243480628 0.293689074761164 0.141572327681656 0.313802739152522 -0.0623189300194601 1 -698.251741997277
"1" -0.613345325762267 0.117828931621844 0.0891792839863827 0.06684141248288 3.24427142785897 2.83036720471002 -2.50868173944175 -3.3829663565064 1.17543325221104 3.35079567261545 0.477359134659811 0.665731713441092 0.210335596259888 0.221675665515405 1.08980255672805 -0.408301307649282 1 144.218974675789
"1" -1.99301846470203 1.54570823350448 0.914831594109462 0.166644292411804 3.29001400896446 0.192319579610788 -2.07055759032304 -2.26572777538376 -1.29436493418923 5.08732824205191 0.071140249825868 0.54424061711493 -0.0889865515690288 0.155479481939148 0.522542470332719 -0.265490007177415 1 -559.458133430444
"1" -2.66069864375069 -1.95631896568202 0.866746274939572 1.05951347864124 4.05644492407195 3.53651475813936 0.361375551003876 -2.55802555476744 -1.61878609160114 -0.208213932736279 -1.23978000109126 0.389540607699597 -0.384687597321078 0.165211531261937 0.817626916838373 0.745636350366973 1 144.631224518247
"1" -0.212364136292864 -1.1667605371706 -0.366037686089403 1.43579596226204 3.88472383788435 3.82188446700377 -0.906229354055697 -1.733897027646 3.25192565275416 -0.101057691612484 0.026209250078882 -1.24924057444532 0.113134316659789 0.45918062910186 0.225713101250916 0.278785662558742 1 123.206977186786
"1" -2.01723624353737 0.335421185297064 0.719754677021932 0.282116934513083 3.35998575248405 0.256268394935865 -0.666551384817673 -1.19008024119729 -0.916708269383846 4.77747557892455 -0.0999566676099699 0.340121722880437 0.369279388067163 0.19077674842174 -1.05004592809567 0.269990106972674 1 -412.56428407563
"1" -0.647181535583352 -0.782733838437692 -0.036123157584579 1.88074477858305 3.23172490807091 4.82498048258809 -2.23142331177236 -2.8789134923995 1.77172770592124 -1.13429050218015 0.335936198589003 -0.311432455265937 0.36354978622085 0.234115610194146 -0.638032212033851 0.18805860855481 1 227.68179318321
"1" -0.891814520433235 1.22694672615816 0.378482152925695 0.209462150857207 2.76457660101906 0.247947843462153 -0.907158110378421 -2.46014111145215 -0.668197396468413 4.97583941740379 -0.404926271486347 0.550214454240385 0.169470183648823 0.108040264536443 -0.510913302231084 -0.0114953116568979 1 -504.52286339831
"1" -0.564285276207763 -1.37590577001167 -0.0558072228735475 2.39114554348049 2.27021055647731 5.81963731956848 -0.0419180055040065 -0.763634561317875 1.64657070467208 -1.72939713265675 -0.171921271382798 -1.22179007617566 0.287567313912134 0.398914698182918 -0.177899285181716 0.199016835699209 1 160.536903240352
"1" -0.270732984794197 -0.677750635579408 0.184851964564221 1.39607337244269 0.268628827623764 3.47500989087153 -1.9891651866416 -3.38666120031762 5.81923631736045 -1.12442316948554 -0.52109572223956 -1.32154243031883 0.0335454698071433 0.249882163942856 0.712160842917799 -0.248543462200785 1 -599.522267859573
"1" -1.59813193931316 -1.26015122866371 0.862787135933035 3.25696107222908 3.2976997359239 6.71257850880175 -4.08321914221849 -5.40161247963262 -1.35731414107001 0.835310468883879 0.0113487126759491 1.83777999083337 0.678647025327951 0.000923070003071776 -0.427611941985809 0.365252150836279 1 203.79086241179
"1" -4.27910053724063 -1.44951083044643 1.3557886716544 1.72139898894581 6.23309779679623 4.29929152262587 1.81256706021651 -2.74202382826804 -2.60885647182128 -0.243290836375519 -0.935696503834886 0.568884666023371 0.200571256838961 0.183591201462364 0.115330778019194 0.19783713837899 1 155.001321420295
"1" 0.38867891871612 -1.54644907525781 0.502278418693488 1.75279041967441 0.44289039438349 4.24126991824663 -0.0370985266806941 -0.92942747893148 4.18677885673937 -0.53680667557756 -0.149137044296797 -1.44893156122483 0.269281346309 0.344492477772665 -0.0969444313929326 0.0682770309970032 1 -188.632894893735
"1" -4.98990572457412 -1.36735809507213 0.870162067098185 0.884910048449967 3.48704358223997 3.38193963607633 3.22857275143229 -2.73302572152761 -1.35332641965447 -0.899507467073615 -0.830352238933931 0.718678055483063 -0.256650966896988 0.155317859316547 0.555689842690087 0.284547699417008 1 172.239266057219
"1" -4.16362889616294 -1.67342967668536 0.603827982148692 2.43927375286484 3.35585772650373 4.79967691564585 1.69973513869047 -2.05823432666396 -1.12487620322729 -0.212969998346396 -0.822562796946329 0.627329342576787 0.155745666914131 0.180604352081703 0.309571861754925 0.215209077086142 1 138.324951538458
"1" -0.168464443345485 -0.879781474999517 0.178947793658011 1.14753213742381 2.89241289463796 4.18739270110058 -2.06172068690455 -2.0772215686571 2.21965967179925 -1.086980157218 0.488417308191722 -0.573152023083746 0.234605079613343 0.339406868606469 -0.29510786959844 0.107878491002703 1 202.746017051875
"1" -1.08315340704032 -1.65942543868145 -0.104685695825347 1.73289928104582 3.07410033142002 4.51987451281834 -2.52824483011399 -1.6484880587139 3.94901235483356 -1.14449302008188 -0.5526505268711 -0.947259653789952 0.243304027700109 0.568661156109916 -0.177141423208797 0.480227644992892 1 74.7422322638722
"1" 0.27139156961201 -0.638281610124933 0.395650405008341 0.361081890956328 1.1930529114184 2.9978993243608 -3.13750794094825 -2.27357464685954 4.03581177158445 0.145323358309163 0.659319947349042 0.668402100289918 -0.0259726301561408 0.300618516536295 0.911224060120082 -0.439641374302402 1 22.1317946030795
"1" -1.54089117569333 0.487057500685432 1.30651426170426 0.177165273043205 4.08125606910626 0.223518052689265 -0.475892658518793 -1.5736077034417 -1.44010676758504 5.28319407441285 -0.115562483731378 0.135524008966659 -0.286717672676244 0.227660141968837 -1.32927674155924 0.0305508074386233 1 -534.78485261467
"1" -0.120873871083898 -0.798129907794014 0.0426129886332965 2.11439293029396 2.42950808901252 4.35812311512717 -0.170475139642783 -1.51992862984145 2.22197621161925 -0.344882782669048 -0.101847322077751 -1.37676829297493 0.168604386865887 0.45270978190846 -0.00152618375592 0.190321163727853 1 150.50553192985
"1" 0.759828841162937 -1.39932638644071 0.211249864931217 1.59430766878081 0.241267541876146 4.29093545623792 -3.03121354199595 -2.30636116742993 5.0894603350154 -0.879259406010692 0.362600111579822 0.203918933506276 0.365840333663925 0.295434826261447 -0.374638330555702 0.717038601077139 1 -494.162466745542
"1" -1.42218872813095 0.719343049510654 0.475710845826621 0.226370272080633 3.07948381589009 0.287457598190378 -0.481267086665236 -1.13386319826867 -0.531650133894957 4.97369603366646 -0.0349906309251477 -0.170413396116361 0.353378577393817 0.241835953714832 -0.871246943205828 0.126664353752472 1 -468.629731441055
"1" -0.22424514648536 -1.20138505563333 -0.0439149794570975 1.02821075344127 2.70362312736001 3.43490276296535 -0.501597677986413 -0.997315891916963 1.74014006919954 0.286322156218312 0.123110767517601 -1.05567697155584 0.229124113189772 0.399856475060303 -0.0266469260926541 0.182790460313581 1 185.108874612413
"1" 0.820473429494067 -1.77655070837545 0.169268930335777 1.40169202514324 0.26567804820268 4.69208611715504 -0.623474612931657 -0.759600639059483 5.13792149258356 -0.779000780949646 -0.346114552517511 -1.07220041526405 -0.215916035151232 0.230891827185092 -0.07865013220365 -0.250594258826606 1 -551.428012202834
"1" -0.124802021230484 -2.21428927486612 0.00589324873198407 1.68162994072187 2.66725971026145 5.5574062454043 -0.953469696049217 -0.723576048285295 3.31384569288724 -1.60727092174689 -0.156780026555615 -1.20427694040154 0.310253295845691 0.329737026257736 -0.263709407864375 0.190278725814037 1 61.9780081480603
"1" -2.33166377620036 0.955755817419566 -0.132031569915951 0.184662968085465 2.27186393829292 0.222363322644771 -0.28866367373402 -2.41477465732617 0.426786677379261 5.1337885450098 -0.107350472144157 0.114086426145884 0.332794922418877 0.190333533498325 0.14364152597765 0.0692920341699096 1 -582.783699423315
"1" 1.36382851084848 -0.623362843829079 0.31790461352479 2.3768503459217 0.222449738673697 4.18785187889423 -2.12116184566142 -1.51128706615331 4.54654302909152 0.021488406586238 0.291895839580457 -0.445356541606505 0.269298073438976 0.270000029876029 0.13763582605002 0.669865708434554 1 -228.993908813378
"1" -0.993117994410761 0.670529450821321 0.477147806061698 0.30166765084133 3.81588481791497 0.290492670958806 -0.905883098349239 -1.55126965513129 -1.18546285237883 4.74114337043571 -0.185714406724217 -0.0155225914007619 -0.17597238034232 0.26265701349667 -0.32694870169821 0.252882934397113 1 -372.141773863563
"1" -1.05508404753056 -0.137482823913742 0.819670333539236 0.581806178738373 3.19136634456406 0.797721856605659 -0.979798541610906 0.28314533546263 -1.02575016289639 4.02022390162876 -0.232457334813206 0.325270715161544 0.55727787136723 0.152136690812943 -1.87730894013714 0.00174795785917941 1 -53.5520376534641
"1" 0.267614421393571 -0.909438590056559 0.313916170834447 1.27502848568912 0.311964329686274 4.12810760999692 -2.66973682352917 -2.85861422107881 4.9405949629333 -1.2886298245499 0.309327838740004 -0.0720081792049728 0.308547972682142 0.244458259770036 -0.269559097161034 -0.179525932037468 1 -372.348376359876
"1" -2.27385015256838 -1.859212440852 0.70015067031033 1.33933821360864 3.15668598060858 4.14494610653347 -0.0959106134038166 -0.602473208758657 -0.396510033929616 -0.201057446930515 0.149855955036389 -0.638822891880043 0.325309091683701 0.328917796375313 -0.482986292100873 0.201832104209363 1 125.535591937854
"1" -3.42231916323711 -1.27692065003346 1.80440204881983 0.776094607127513 6.74119222977138 3.10709038311032 1.42876120371253 -1.89907583176626 -2.92134912511185 -3.58701512165473 -1.03510644366541 0.45870893660823 0.312842851918826 0.170372769885227 0.0886493839257649 0.196351261875011 1 183.265507712751
"1" -1.2324666587684 -0.903952247037822 1.06031612712565 0.475476453748589 3.05530837499127 4.01408488206583 -1.74503976852553 -2.35793527504815 0.178164734186897 -1.39771221612213 0.487900166109948 1.19106146610731 0.00920962032580721 -0.0426753885419473 0.208687114556418 0.194820030105621 1 238.314696974765
"1" -1.79243160054796 -1.91100500890185 3.48831847423603 0.929892043071878 6.64366142091497 3.41235411393279 -3.84980524948165 -3.02904976871922 1.57470259581779 -1.43077399877481 -0.598988583322768 1.15696003384002 -0.369365502052044 0.0159116440180634 1.24877504063703 0.0341761835892753 1 155.962700868529
"1" -1.3412590009428 -0.0160004863763071 1.69489855306584 -0.599136741869587 3.68892624558227 4.87784852378243 -0.58209405130042 -2.56616374979144 -1.0178271934347 2.87320010094595 0.140574540933217 -0.17290005123977 0.41893958223398 0.315380475028154 -0.758136125877159 0.25275308931286 1 169.29167802846
"1" 0.24865742223006 -0.754964580470945 0.397843307022766 1.01759014607835 0.392861710593389 4.43551064204048 -3.33200120745482 -2.82856288057233 4.68926341808127 -1.75683041870999 0.048248011186136 -1.12511478759517 0.246543746007264 0.142169641369163 -0.0483581005479551 -0.151505732745725 1 -319.23579110731
"1" -0.0112715680663081 -1.79108233727535 -0.117576666307559 3.25612742775746 3.22012850452496 7.58858707150324 -2.0241669386008 -0.825867062201077 3.14994706510494 -2.8949763726695 -0.284406539822561 -1.36320962081666 0.276215492403859 0.408752855013304 0.250260510968856 0.229879946330144 1 79.2883675942558
"1" -5.37865617614697 -1.07332691486212 1.10920119871195 1.56550957093883 4.17312456335562 3.93192130604782 3.57160213661326 -2.68607042023753 -1.58314041291313 -0.32764691931021 -1.02665425151317 0.457868676409003 -0.0918769665671315 0.204425455650226 0.474920212628748 0.182395133543162 1 195.463253642778
"1" -2.43822610100949 -1.43266761602256 0.89515194534044 1.88579345672851 3.92021208236881 4.70179507251586 0.0856249849280801 -3.03444987659872 -1.77772605018529 -1.03790248716827 -0.886077960830006 0.588169080946625 0.305967256134138 0.219585198675953 -0.291524601549011 0.196540292920416 1 180.323496305724
"1" -1.23091529170102 -0.174014795317118 0.322948012888155 0.806465381055032 0.310817522358008 3.93301833397641 -5.02097677548923 -3.41648408268466 6.16264936254957 -1.66294941332576 0.345626017236895 0.196174423315392 0.170352533191435 0.878589451680236 0.362416955319331 0.266466455154997 1 -368.65558202295
"1" -0.238436561381737 -2.00643552681001 -0.0412871381111024 1.61095547340099 2.86678085088085 5.35677550879436 -1.73827956737975 -0.802556599448426 3.41209647913152 -1.54189131249561 -0.157222459352884 -1.16299237342763 0.325922812146793 0.341079740075951 -0.252563163409773 0.196672480537607 1 83.2505915292841
"1" -1.61623975735965 0.272602480948101 0.545383506148188 0.379172852794144 2.5942004529513 0.407559751727848 -0.741430493589941 -1.57849373980036 -0.164963529574095 4.57889122504758 -0.186003022497441 0.769215814626588 0.580181224015503 0.147744791415837 -1.34347832705579 -0.104600337973998 1 -332.047860051011
"1" 0.31073018165936 -1.83147418034187 0.263134944798853 1.93636759589082 0.288971485579984 4.79267471831515 -0.629193572081007 -1.03969027702712 4.93948271315883 -1.25939016921387 -0.303583707347134 -1.42307023874204 0.0861474455353442 0.203397761352657 0.00687768816242212 0.0901564317317404 1 -495.91946645116
"1" -0.703534150103577 -0.760675778139814 -0.432772827661872 1.06517353699793 4.34406143061153 3.52328637924895 -3.16037420717075 -3.0780671208828 3.54152767167589 -1.63365694259397 0.338423063675394 -0.659456946665392 0.264887128890725 0.567064321166814 0.317231213841336 0.357290899191469 1 167.418519479508
"1" -7.33740371748595 -1.31002545985736 0.329116752386148 1.15544634175288 3.93355383015721 3.44669355643717 4.44406586135009 -2.50343223076061 -1.48441053410915 -0.682344220714801 -1.00389947271878 1.00194570592284 -0.0721208253885839 -0.182855752335338 0.659768086407281 0.355501478580436 1 154.792677606512
"1" -1.89714982651805 0.0984020278599706 1.09273161705154 0.283118580856639 3.50531575067894 0.293650495412872 -1.00580244258161 -2.33492239071876 -0.963704181137678 5.02616900260254 -0.2139739167319 0.358851119369391 0.117321046636163 0.131832236141904 -0.210977576791364 -0.0327181056675258 1 -459.136774993522
"1" -7.79510511257862 -1.46799852846136 1.00234489984865 1.59660245546624 4.00588415654279 4.2890961735297 5.00760873732518 -2.04511000663075 -1.78616303954058 -0.867169866253062 -1.10728543518747 1.05846954364879 -0.0745399059701754 -0.26766897052534 0.216562849296997 0.108080018184959 1 167.359324470368
"1" -2.34461680372777 0.399511373483707 2.31133226023161 0.255185704640775 7.84128224640464 0.313567404639737 -0.449367117707217 -2.4825769700702 -3.4588260661147 4.92717429369319 -0.282256661946744 0.690798954651053 0.156458688725172 0.213872166709657 -0.782101959831277 0.202449387813533 1 -487.796634608294
"1" -2.69537472991381 -1.28285088966129 0.595933697755535 1.41742226926405 3.22970799289434 3.69452631723584 -0.33504397088546 -2.46504397010882 -0.588461748139036 -0.316101563109582 1.33372290261801 0.697554901552917 0.320783597953957 0.472216017304271 0.611425982959584 0.849219377274236 1 171.100559920453
"1" -1.66468339801518 0.969611372707751 0.560747796971973 0.186095321311306 3.4991208962917 0.233577272138425 -0.920927435186847 -2.84930217870706 -1.2357825788316 5.12324244711378 0.0425187895897831 0.523936610363102 0.22769709515136 0.127609875990791 0.0793715678465069 0.175213703825432 1 -511.068038188047
"1" -0.826748131624535 0.676582170104406 0.797593281905896 0.177118871806535 4.10429246509667 0.209257769501426 -1.56632085789375 -1.12222323505842 -1.44518492774306 5.29829022250783 0.230632494534622 -0.104347843275846 0.153116745903605 0.201350451759807 -1.56305246262393 -0.279657170567174 1 -526.048440259829
"1" -1.4769666996086 -1.25347825651044 1.12546343015389 2.84213980480899 3.92771135318213 6.23880370359728 -4.66478933002745 -5.25617319982563 -2.70068589290272 0.491299507725967 0.19727339886497 0.533367197083026 0.620592937033873 0.206786604013366 -0.827489351856917 0.398899912899201 1 213.347209609417
"1" -7.06974462362164 -1.14270325847289 1.07679823705549 1.28445215864433 4.8238398657294 3.62846557582519 4.71452414912123 -4.19302402571674 -2.1416342268989 -1.27373635259791 -1.33867924151321 0.562871936051107 -0.150835796575502 -0.025287319165246 0.301419865235523 0.307829793773364 1 189.479379083637
"1" -1.59941200465019 0.896426373768579 2.36488001266449 0.229452101737511 6.79513642894273 0.266474762822668 -0.262123564428227 -2.83852380077427 -2.53897761770393 4.93489955864108 -0.119867417209308 0.132493832451044 0.163545426230628 0.26582967681364 -0.340876108611639 0.217091741523128 1 -447.897687688674
"1" -1.8244288125932 0.2098406570035 2.18547844231054 0.230908695326244 3.54869116645494 0.244576245386716 -0.0704497912031668 -0.695250587042778 -0.869537028126004 5.20849954449548 -0.107589636399747 -0.15855475965587 0.529471052422618 0.254122892512059 -0.824915635806403 -0.117081922166967 1 -446.299439988896
"1" -1.29314031817909 -1.4623599241878 1.59900307965965 3.41854889364266 4.03411963396793 6.82472484163124 -4.7689448357695 -4.87884504412122 -0.964475182199987 1.59434293538603 0.590202568706496 0.340400985572655 0.123911539703241 0.198009043290568 -0.0850969222758994 -1.40414429411878 1 211.57831906582
"1" -1.27985625089064 0.541834433665772 1.75629017406705 0.802187673570416 4.30722772764814 0.56135856611596 -1.23792081969536 -2.46606961710994 -1.74753222398464 3.82479873719553 0.237048857447356 0.501377202995516 -0.00914580469971837 0.163548303190556 0.41298472942486 0.178913153614778 1 77.815244368092
"1" -0.957372488250155 -1.48546721043366 -0.406791442110199 1.41386372778857 4.14546849197089 3.66394597888524 -1.0505918552452 -2.96929160998867 3.63670522539346 -1.50320998312274 -0.667620969937049 -1.10866292122579 0.189441850566921 0.252588625066629 0.235493304579753 0.208203483214946 1 95.2223149325255
"1" -2.60568687784968 -5.25936841353074 1.34271743526131 2.02021241750343 3.61582008091735 4.1877112143967 -0.218990863218773 3.02250263716376 -1.1486117101177 -1.13694460843507 -0.814204434197952 0.156318434326077 0.343225502338091 0.199081996269567 -1.1011351698417 0.213515549458704 1 118.082959511701
"1" 0.0567139893253484 -1.30675093738886 0.188735195495369 0.798610753159658 0.250444310348268 3.37602419815109 -0.978904162469295 -3.15503332768282 5.44495956580144 -1.268205233206 -0.577270816972812 -1.18840091495052 0.156851778047017 0.372475096858099 0.577472141390344 -0.0408811737437896 1 -593.44726333102
"1" 0.166976029182458 -0.984632743131911 0.388677610067275 2.01664821788377 0.355740398044139 5.14678746890795 -2.51946215151824 -2.10196777470396 4.6803411566028 -1.2299223835018 0.43835521330887 -0.68214399496736 0.341139604799718 -0.0213413805128488 -0.357440433851062 0.139143656443313 1 -278.845315053257
"1" -1.98557871484499 -1.74704131420335 1.13891501377479 2.22008544217667 3.2541931596989 5.10643842588372 -1.46565621292169 -2.23780683520235 -0.773932599414966 -1.14205368400779 -0.631441807985115 0.887443130196598 0.252745931795353 0.17950911974574 -0.302703313825382 0.16551594445441 1 164.976060130039
"1" -1.86044403362485 0.0962635238300216 2.03461529323216 0.29625513016474 3.49787890818748 1.93147666039993 -0.147202653453509 -1.11802705438315 -1.10316767719451 3.51470496387384 -0.219995743273713 0.514602100144342 0.404571656918621 0.17511132604853 -1.33002356136416 0.344209750886367 1 64.9027701619816
"1" -3.3566771950096 0.22813684858336 3.03096348719584 0.403380655228395 6.33512593750349 1.35105649712905 2.04167278552791 -3.60550635876118 -2.46561861014225 3.77417512816451 -0.898299706421033 0.237492117254071 -1.1739623464034 0.21475390199459 2.42510104770705 0.1355275796366 1 24.5012225881292
"1" -0.0954493375213266 -1.32416805319353 0.273870379610263 1.47205609892593 0.351869275086588 5.60003829592282 -0.292982358462273 -2.35850586113978 5.14673984727047 -2.26513876079146 -0.487543567054407 -1.49053924704669 0.302660290061212 0.218380412340575 -0.422146441256982 0.0482734296366286 1 -497.186514363591
"1" -1.47826932493144 -1.50736548197217 0.678883121992139 1.16206194190302 3.50510637781911 3.34145880150584 -3.99893581196691 -3.80035177429098 -0.118037984964497 -1.61923552838782 0.190603357024882 1.67585442752346 0.198114343084841 -0.106567086933047 0.979589087083646 -0.172946454320436 1 191.569207588245
"1" -0.330969727615095 -0.861090206965145 0.236345672499077 1.58143022139299 0.261405476873945 3.26733471899456 -2.63343695619146 -2.6933175842855 5.63618039849387 -1.16610677513716 -0.484437423988114 -0.0664574679966558 0.233260742396866 0.342289744621888 0.516882296150957 -0.13676991451981 1 -544.001305298631
"1" -0.553533060477593 -2.00224288782041 0.176431049633943 1.25944254741653 2.23233789458504 4.27542862305456 -0.482361950567685 -0.828916357821716 2.57189897429965 -0.539791303712441 0.000789661275775245 -1.06375805087986 0.301688509520455 0.302861050463076 -0.316732359241774 0.171593563843562 1 99.7512640938403
"1" 0.255553928210463 -1.08935618146709 0.207364156455433 1.92739232210315 0.252954779279621 4.98195280320696 -2.82703257574188 -4.12729544123528 5.35222585554922 0.00469641302553129 -0.181964241689377 1.6108614918064 0.182698570331268 -0.238765150330102 -0.111085809086443 0.213208525126223 1 -531.179114718612
