"1" -1.67645181159614 -1.37465528747049 0.877074011344168 1.13532132580843 2.70953559340309 3.21261789691572 -22.7180226503433 -19.7234616240311 -11.2955021719394 -14.6864789527555 0.997376083704499 -3.45445262957543 0 1153.22632596601
"1" -12.5522862482398 -1.59552146303048 1.16437559339509 1.10169835521902 2.66013647815694 3.13257264809932 7.8598891614833 -5.14895052124307 -8.3331632390796 -8.57655393924685 -4.51147854550989 -0.19193837896734 0 947.311177422816
"1" -1.82077885145233 0.341295469079897 0.185661830290911 0.228324432887474 3.24201869479172 0.249834593014685 -0.599767869066355 -1.40879539235915 -0.476264528148205 5.12127848828623 0.12907754407622 -0.0527073877932133 1 -2992.90204315657
"1" 0.439704659808808 -1.03653015374763 0.244992330824417 1.59506621071845 0.29970035721535 3.51430010345579 -1.55136507846957 -1.27106270146547 5.07942009142529 -0.877012124306597 0.445429684657893 -0.251733994030226 1 -2831.13706807396
"1" -1.64708599825772 -1.01001990091039 0.155949900483198 0.242599074910718 0.209124077755002 3.38954338747053 -2.67908277948887 -2.17183995633875 6.97063941078268 -1.65401092033914 0.68294940196777 -0.208805180099486 1 -3748.21775704998
"1" -12.1577724512068 -1.58100054092735 1.23477405120564 1.05504683374495 2.81138875884497 2.79516659860083 7.55935667368787 -12.2005596988389 -14.2154635762446 -10.5026478776556 -8.59347176175381 0.198008503792958 1 970.730689237069
"1" -1.55807556722565 -1.18429414857123 0.979024740368775 1.25962809663897 2.70154025374281 2.95777581495705 -7.60563186974768 -8.51297337775571 -5.73281957921161 -6.76743854031458 0.289676274356538 0.0699820333608615 0 1276.60526569304
"1" -1.65128319296049 -1.4333681194051 1.06358813648032 1.27786919496106 2.69252505988819 3.48561624132625 -7.54069732247738 -2.69962572271619 -1.94303883551603 -1.61791712975112 -4.28031475804233 -5.19596733510647 0 1156.16502981784
"1" -1.7907595107697 -1.32006636586699 0.958099097889788 1.12848656050279 2.65770721473045 3.06990258264966 -9.65098310377372 -19.7908647623921 -15.0419255300375 -12.2480904496838 -5.77623255080249 -1.49174905654664 0 1147.47237589874
"1" -1.66963583546916 -1.31668225234373 1.02652072630416 0.914835915518993 2.71406823436387 2.73239396430949 -13.1594577263862 -17.9240583220205 -11.3972258850456 -10.1261512707156 -0.285478346609177 -1.25125119835836 0 1177.59704150341
"1" -1.60919562295853 -1.37715825229619 0.98028129463156 1.29559020011095 2.51461601776451 3.35328368847999 -1.84321746791486 -6.28969423989676 -10.102437894668 -5.25404122735805 3.10729080794189 1.5309528579894 0 1198.44812592451
"1" 0.36291453319147 -0.711312036099152 0.456126268588506 1.27603083205413 0.215720106110481 3.23672291306805 -1.74225555582826 -1.82132134223336 4.68877728390547 -0.785415987767777 0.472195460863726 -0.143830755427692 1 -152.813381123269
"1" 0.211014779126632 -1.04460332177818 0.204268648584852 1.17146902681381 0.238666996147527 3.50616181803941 -1.11657312372499 -1.34172177870775 5.40219020700943 -0.696604512074184 0.260215370500468 -0.00556717525684172 1 -3404.53475670473
"1" 0.344577459600106 -1.17697626721224 0.253840249485318 1.66823977027092 0.280452293355139 4.02188551057783 -1.64194754474053 -1.48144313524873 5.07031108514161 -0.794378455671498 0.0989151132992487 0.307175583161522 1 -2948.59895505066
"1" 0.692211756491857 -1.29858471072644 0.226978413906207 0.314908898458432 0.267844069709595 3.07709105518858 -2.50459645986583 -2.45948241540847 5.02970261931887 -0.984887979852864 0.301649067706438 -0.156619430076664 1 -3032.40759042697
"1" 0.368397868720986 -1.30323018661709 0.267763966604851 1.70415787808318 0.292865203247513 3.94970223389827 -1.82961738867947 -1.36510046679207 5.02117937468359 -0.677866239723817 0.0771976600661856 0.189945577606151 1 -2957.3122029081
"1" -1.65296885285313 -1.28950399467311 1.05906137633093 1.04064443965954 2.63685273093339 2.80797835539925 -7.98900651881304 -9.44553718482909 -1.07253702376424 -1.48620333645985 5.26035196941263 -8.86574032158313 1 1189.62250705151
"1" -0.38185785138747 -2.58544056889723 0.260308023082686 1.69340932543738 0.270664580706951 4.89220078578365 3.09960388938823 0.765783094075111 5.39553792331789 1.00480232345432 -0.706337722401788 0.536995367658632 1 -2998.18985591493
"1" -1.88221419831765 -1.50265885659077 0.989540579640261 1.15782629111571 2.76091487433601 3.3129685425266 -5.38345553679686 -4.76357567561325 -1.40850690886242 -2.52572254870187 5.97715966636005 3.56700394160351 0 1046.84565143698
"1" -12.3524386503321 -1.44611095600211 1.2005997362018 1.14631750029884 2.96755372040538 3.06802706752655 7.63426815904403 -5.12020620632026 -4.14162088969649 -5.58391764578615 -4.55692570608877 -9.77437582890116 1 986.704806914291
"1" -1.57282482265099 -1.3425424064139 1.00405651839514 0.963704412121779 2.75990318696443 2.77166776353603 -13.855816261807 -13.8623296866278 -2.17270311302348 -1.93585115815638 0.454534578068592 6.2787461778644 1 1193.58177732787
"1" -1.98589172304311 0.524211048484835 1.1919421223878 0.212503325390591 2.53249441954946 0.260446356850319 -1.25733696250107 -3.41283725419094 -1.47688244062544 5.12271771031185 0.430112259412754 -0.0683582144050214 1 -3134.1489869965
"1" 0.227803782765063 -1.60388247192915 0.230398526409971 0.835759962837979 0.273456572672076 2.7403835018677 -4.57700463469652 -20.8644263883201 5.19179568430799 -12.3232055193253 -8.18803181480395 -3.02267988347741 1 -3325.65151277481
"1" -2.13897841633048 0.791594039981148 1.39475295164907 0.229494324647644 3.22139906355656 0.255780374456696 0.267306502565219 -2.25928882175576 -1.03200678316874 4.95160142063993 -0.261905283838666 0.172765098407044 1 -3094.09499513947
"1" -1.7116680391019 -1.15304634161939 1.05490441520008 1.33326123107327 2.42999286401773 3.26944719962773 -12.8251705912692 -22.0051764806334 -17.3682102309347 -16.7537993239894 -6.02166609473955 0.12038439626468 1 1245.87358786812
"1" 0.639372510633221 -0.783814260784991 0.117675414493218 0.734538014648148 0.16481007053237 3.04123473117035 -2.62574759444583 -1.67968085250166 5.66456860529187 -1.22766561734604 0.644887578110928 -0.397080608057751 1 -4058.78418971038
"1" 0.894409324862945 -1.10350047155204 0.155337181608792 0.896058494486085 0.19084985787882 2.90924132948345 -3.03570210403753 -3.62512853559966 5.36329974612126 -1.94275121319044 -0.107720485989796 -0.171622454295443 1 -3907.8053177281
"1" -1.73978139339072 -1.35869902274446 1.02852490964973 1.27315549322736 2.56868352169953 2.87234559672961 -8.76610191751875 -11.505976672206 -9.11821363342418 -8.21819409838623 -0.452857470162672 -2.1750587821946 0 1157.15415941674
"1" -0.56691595919561 -1.33687077195397 0.196034237245774 1.04532443135719 0.222155820394739 2.89755679239251 -8.54377209283276 -4.02294637265557 5.88251297259349 -8.73960144024507 7.63538468838465 7.25665381569508 1 -3562.82126174378
"1" -11.3357458491935 -1.38682941105178 1.07442108320344 1.26872591950786 2.40882696671134 3.10758698763618 7.00098565446361 -11.4118048844005 -8.71332092500647 -5.98540785145025 -9.07861875699654 -0.458730608618474 1 1048.03617111739
"1" -12.1994875588582 -1.36244459591935 1.25896153395346 1.33341980013576 2.66079343108891 3.05817190746068 7.63040554043104 -5.04888926442692 -12.9301987806179 -12.6161841662027 -5.56126754833436 -4.84283788554331 0 1066.52978804338
"1" 0.131270764438166 -0.62308184444328 0.226447498698399 0.870628687814041 0.286640747975502 2.70433887312366 -5.56275142237542 -3.7680549929844 5.36288468425612 -4.10366251590679 1.77965987700924 -0.360493931454875 1 -3048.27256844545
"1" 0.394596591661679 -1.00003020101656 0.2182285537541 1.20390396898763 0.227601536360101 3.12431037538363 -3.16916993191128 -2.13910039400185 5.27324119333329 -1.40850426948793 0.936912549489581 0.456619789725243 1 -3134.19842344316
"1" -1.63489042406752 -1.40939664556209 1.01477403285582 1.08568535274693 2.75093993034792 2.92042097851461 -4.68200524415756 -2.97144433563165 -1.51482763933458 -1.73214649582432 5.60061696647139 6.80787838694845 1 1159.28749089185
"1" 0.536878481015387 -1.23276657343686 0.183719764146597 1.51366538379616 0.207884362137159 2.26842747684434 -2.98921896709067 -3.32952481142945 5.32785584094355 -2.34720946050971 0.713936454075391 -0.146337062550964 1 -3485.8981512601
"1" 0.493559532932665 -1.52546199152004 0.200600679145734 1.20414159021213 0.19317506775315 3.22304067316958 -1.91736543924748 -1.82112544876322 5.24679787276951 -1.34754739099133 0.424850600848008 0.205657952696437 1 -3213.00596926732
"1" 0.39693919811902 -1.09789568570819 0.19910089556493 0.892695081012241 0.248350749640781 2.86372147037835 -3.01736517092539 -2.66526470134722 5.28909391317773 -2.06768141013314 0.602410034958663 -0.0755247440951574 1 -3357.72115145473
"1" -12.5743186590662 -1.29578988868173 1.19079971386347 0.951894147131301 2.9014039865778 2.74011417703532 7.91821115908152 -9.30926309067411 -8.7907040416293 -8.46044235163735 -7.69692685361187 -0.173074908814035 0 1107.61318392007
"1" -1.71167262575077 -1.43227383196557 0.932673775009548 1.09679026581162 2.69629367636104 2.75134287859043 -12.7108487359558 -15.2823436885133 -10.1502517715241 -13.3453441600554 -0.695703357166548 -1.31232963437583 0 1126.82261332322
"1" -12.5447478396911 -1.43459296747692 1.15448275804958 0.995147125879268 2.73240190955417 2.85207444145604 7.84814497995551 -14.8384245910874 -17.5106379734446 -9.5656244316182 -10.2816725872801 -0.462496366688894 1 1033.16112975654
"1" 0.50788847644289 -1.19277836847964 0.143228576912579 0.954661143862204 0.195025498541686 2.53069208525031 -3.01856815366722 -2.3482931160499 5.56218928193503 -1.83765601098822 1.13157936389615 0.227050731705633 1 -3884.6447361693
"1" 0.362693517416796 -1.21945238459559 0.229856543178412 1.588319661041 0.238345761531118 3.55346976196644 -3.7700499372529 -2.48459955168342 5.17411355792008 -1.07149894452093 -0.0295726917868551 0.210498788846312 1 -3139.99689453241
"1" 0.232741071996469 -1.26381233936414 0.245385449664292 1.13959205982558 0.269313485798635 2.79573035968434 -2.29546198457307 -1.93749904041736 5.17091124877057 -1.29707082674981 0.243900421766457 0.0386555018791763 1 -3152.4195169778
"1" -1.77487638947003 -1.43042356996876 1.08095848453163 1.02915338903277 2.64635728027624 3.13334783046916 -7.7960843372667 -2.22660737062172 -1.78316978296899 -1.2732888094381 -4.93995189224191 -5.53026097944907 0 1116.99631187465
"1" 0.304296758065023 -1.15988567461456 0.255042505766999 1.32260786278022 0.29226654047936 3.74143965811531 -1.40968073200627 -1.48707412798162 5.14067369344494 -0.650766077943387 0.190113680357266 0.0739370135007285 1 -2991.37262482057
"1" 0.155798447778594 -1.40204118308359 0.259177830190466 1.2638509574598 0.310433487945571 3.35872573401848 -2.66553149684072 -2.33910449705638 5.14285220184389 -1.52889777166115 0.121116939988354 -0.0169329777391879 1 -3111.57746802724
"1" -7.79215792874387 -2.0216447094181 0.496473522717687 1.19318390335718 1.95762969629314 2.27867654912848 5.11284958152452 -12.9720038855725 -11.2108061725075 -10.3591338185624 -12.8831214985025 -0.417181657064651 1 889.05281837756
"1" 0.0722629681720204 -1.11669055122557 0.198389209198233 1.52630992780779 0.220898567983589 3.4888925254199 -8.13594808754603 -8.67150984772439 5.47695782202197 -2.73459966109301 2.96127580987203 6.88191895263795 1 -3107.20107925916
"1" -1.80600836265209 -1.30099848144898 0.99309410948999 1.2719252168699 2.38592577580305 3.26254609373728 -5.06500468673726 -11.4845828818089 -17.0376143738789 -10.830189641139 -8.02507156996629 1.29330743881845 1 1155.18160119088
"1" 0.63086795870702 -0.78842214406577 0.175927376597766 0.92595978693945 0.213957788034968 3.52099777878322 -1.93426289123528 -1.4172415145283 5.31239790104895 -0.945585520960811 0.184136941069734 -0.600991589283129 1 -3556.0578294584
"1" -1.73348869843573 -1.40909385448429 0.937015139625604 1.31641102326807 2.92079177403167 3.33417061980122 -11.01351707001 -12.5386025748055 -2.08040759547424 -7.785094574593 -2.39828676731061 7.12019896767259 1 1126.34868211369
"1" -0.206308400833371 -1.63302472901938 0.240569124137945 1.90459598966622 0.258307635099065 3.81916272451429 -2.05009042849194 -1.41006946640741 5.4016568297977 -0.545696224894378 0.20889488824043 0.658707806364711 1 -3144.57573729193
"1" -12.5167435750796 -1.57621862265015 1.22763181381609 0.981692976707355 2.72150741215708 2.76144382105351 7.85639619901058 -5.14558264059336 -11.1224648684034 -6.31314607746888 -4.35630287259839 0.120143516259272 0 966.027222848003
"1" -12.4837958760696 -1.62941376219625 1.21978031335282 1.20478245535511 3.07288608600278 3.24417220406695 7.84521619174986 -5.18692662603551 -6.99944185562865 -6.6644354718136 -4.20986308903947 0.0330908881919552 0 949.968363497814
"1" 0.145819958719194 -0.681410093011631 0.223189725145466 0.334283009289426 0.2637570023383 2.44253666019181 -5.64255065555368 -4.72966432408807 5.39441327081234 -4.43781154647937 1.45471629800405 -0.482172527580603 1 -3095.97854141826
"1" -1.67600781890275 -1.26275780525591 1.12061356574041 1.13511590812408 2.94747449330736 3.14663812013537 -10.2977641528032 -11.9440609974936 -1.85243303050328 -2.14582988874455 4.57761838886055 8.30700910277258 1 1204.85792591801
"1" -12.4099024464464 -1.30720210619663 1.33371959215518 1.15097432635896 3.12633195551244 3.36432700235731 7.84163532778425 -4.9800454910571 -6.98527827868718 -3.78397435140325 -5.08448939890005 2.25076605988767 0 1085.43814147967
"1" -1.61412131039318 -1.24497384878526 0.949255158571546 1.17547621969222 2.72936825972124 2.87460409359455 -13.2095900138597 -11.0095841785954 -0.297498028064446 -2.57669649204434 -0.0518098782812513 -12.5309874572644 1 1212.94284115627
"1" 0.262270363111519 -1.51597823101063 0.216509406415121 1.68223770057664 0.254037490308258 3.61041290047161 -0.965299171228411 -1.13584034932145 5.24813941686239 -0.318434313133581 0.150718835222583 0.193894767477905 1 -3168.26708208289
"1" 0.637305807480188 -0.591481517328418 0.109996176532977 0.600450761312177 0.231480508612948 2.74815264662751 -2.2487876274493 -1.94736526961528 5.54063984281221 -0.785161616987653 0.398995675192169 -0.677323078468567 1 -3992.03607294755
"1" -7.47259565136071 -1.51357856862422 1.26754736976618 1.11607246989817 2.90922402240529 2.83809426783946 4.8880472277695 -19.1218942308787 -17.685655912403 -13.5605024929692 -10.2990338049928 -0.76891974515979 1 966.41970694781
"1" -1.61576458676014 -0.960451671106657 1.14411993076972 1.03554256162929 3.06766880600579 3.01347477658194 -7.89795294293782 -8.65815872825722 -1.46288416055685 -1.44966117993087 2.1363075627652 -6.93899690937087 1 1341.33776497914
"1" -12.4985848824138 -1.51620084892796 1.324349862687 1.11539304227778 2.67005224101426 2.48864322799556 7.85191818589662 -5.12694329712363 -5.73783378259525 -5.39347075148487 -3.8659994324972 0.129263194290389 0 996.808615619455
"1" 0.331073729739219 -0.69617230905719 0.231964204707617 1.33375712532512 0.283616235166184 3.37187809382345 -2.81332133901114 -1.95757132987924 5.24324156946407 -1.67356020895227 0.880608085685496 0.00875531910582318 1 -2962.02995134703
"1" 0.829554545647148 -0.43196571995838 0.0888251705334701 0.0101440050112743 0.162796111763707 1.80275623778383 -2.19140199083435 -2.53880544170866 5.68987179741547 0.178750670385777 0.139966603387534 -0.569939013723814 1 -4332.72526744562
"1" -12.6589437677814 -1.4193958934386 1.17340204149232 1.50403126790792 2.57939208825852 3.58029336426014 7.84899088041917 -4.00542955603492 -12.6856767443895 -4.97921863890555 -7.49288769407197 -0.23200268279633 1 984.913176878239
"1" 0.726023519593431 -1.51411077342797 0.150215439984005 0.154284154112941 0.189580233471006 3.405734195615 -2.22140966748874 -2.3333958669956 5.42308352296996 -1.56413833637883 0.404953174387283 0.436167904003853 1 -3701.32835660678
"1" 0.694469843515156 -0.790944162915699 0.123379516475618 0.281074419843194 0.210744803351373 2.25006154864033 -3.14416617579564 -2.57923436606341 5.48069759543114 -0.289059580366297 1.13224730237388 -0.654281435834569 1 -3845.03793751037
"1" 0.29726521583803 -1.22783638824366 0.239966015125735 1.72586742225283 0.263104896830951 3.5987533108381 -2.38079791889618 -1.58355592139547 5.20065160838244 -0.777952879605328 0.187806358311168 0.180679473593617 1 -3098.06053456238
"1" -1.68701262712011 -1.35683334030663 1.02488232755185 1.15898673279837 2.55172932483482 3.13835308190698 -1.37455414311895 -5.09756984373768 -10.3647748416958 -5.53026547159794 -7.55660179247172 -0.807425336757114 1 1201.70506166152
"1" -1.65939231065051 -1.26233470577098 1.06041068981369 1.14588999900484 2.74659396648896 2.89669791091417 -12.3382068763736 -2.96923709610675 -0.311573046465417 -1.48392082102544 -8.98336049106942 -16.5630495319101 1 927.012026363576
"1" -12.5281437874276 -1.56977201431468 2.27106622801652 1.24223313172558 5.09689224093114 3.0545916708112 7.86019578133012 -5.24432835800513 0.821374522188342 -7.5437605761877 -3.60625366443966 0.327316843484247 1 976.530010798466
"1" 0.884083828576091 -1.32582830385136 0.147278864230051 0.915611530415632 0.215856877933426 3.74565747158479 -2.47622349242938 -1.72733230557681 5.33576069331747 -0.771126151443631 0.174937429706279 -0.0157518357600906 1 -3773.73619075359
"1" 0.824951333514427 -0.946157638767453 0.20337964120576 0.624731594234734 0.234604293279336 2.57730935836908 -2.70960935152868 -2.73372741249075 5.19559465123507 -2.17908969338498 0.998615943569725 1.12497920838928 1 -3308.75950261214
"1" 0.587813489487978 -0.928636107876512 0.197275491765551 0.711852998075335 0.247896865256242 2.68768298431072 -2.89573072035921 -3.42374884160768 5.25824885174973 -1.87079424950749 0.0308155211252523 -0.144014498914686 1 -3512.93671831423
"1" -12.4916752873316 -1.27744432997755 1.60390587371798 1.29351651442766 3.54017109717742 3.026706345501 7.8639021073766 -5.08419394782776 -0.533237610234217 -4.97433083663672 -3.88961482346586 1.331220430626 0 1102.7143207146
"1" -12.5659428036367 -1.65133500310919 1.13005431298812 1.04001739342068 2.68300667473331 2.97632788151579 7.85921026453465 -5.06837808658868 -12.7981236340529 -9.76655292796334 -5.05878955007151 -0.00287186650893017 0 922.624374404346
"1" -0.769204547641105 -1.16535655352321 0.0545738660513954 1.07733980711038 0.128091076294647 2.90227212525633 -50.2795731745506 -42.6449208224701 6.98008242215178 -29.2353530555668 5.1563912155948 -1.40859606320318 1 -4246.35861784819
"1" 0.460441494686882 -0.991725152710638 0.17141371168868 0.877194953832275 0.240622097136996 2.34120497688686 -3.74818837989107 -3.04468032067687 5.4379518068693 -2.66878192597621 0.559155118526325 0.0714201627997138 1 -3510.12288374662
"1" -1.58024902194555 0.490816450598111 1.29890760282534 0.300939470682599 3.19646053732729 0.311211921566865 -0.717666182998621 -2.21633249159782 -1.02499573864113 4.83094128448447 0.192835547094614 0.545174932353565 1 -2569.42846052198
"1" 0.344181271153717 -0.87127567885407 0.243154282085999 0.305087687578825 0.264339626133753 2.37834336919241 -5.19165619275211 -5.78465376613278 5.16936498188155 -4.37108468241188 1.43557555014455 2.43441797745889 1 -3019.80062335551
"1" -1.82193744773162 -1.43550505355397 1.27944086219981 1.25872724331043 2.81375033186032 3.09570232573129 -0.646306952155056 -4.53547319648287 -5.95666873937132 -4.56005140680281 -7.67165880333797 0.743921909540431 1 1181.26067868274
"1" 0.496593198078851 -1.57573853137172 0.285738804027093 1.65555010056772 0.292749176352426 3.94393785460825 -1.66209534196512 -0.993641374633539 4.88610072471041 -0.354392063669474 0.213643293731009 0.752612649349746 1 -2645.62916778364
"1" -11.9321441983287 -1.49470721870376 1.18021998393633 1.38820198219847 2.65800341150766 3.20869481219389 7.52311834208172 -10.9304871541853 -16.3015112046607 -9.63056791710335 -9.27949821950135 -0.617128454069241 1 1002.78760690033
"1" -1.49786149620795 -1.25462031509175 0.98886886949185 1.1169470501098 2.71858433751066 2.73926514323874 -10.7862145091664 -7.13033887750144 -0.609860291718874 -1.97172781908823 2.14169003023864 -9.2744717860739 1 1246.43483722658
"1" -12.685409569233 -1.47612575069893 1.0406224858286 0.909693011458826 3.21925006506017 2.64476995363839 7.89178730478044 -12.0026356966119 -9.46869884746533 -9.86037091272716 -8.61215585473769 -0.153783663955083 1 994.408013470413
"1" 0.0803637916963466 -0.500261621110105 0.217236874958195 0.244624899756649 0.268395218402408 2.80650118893814 -6.49325475865055 -5.91654664382383 5.47207871134637 -2.74282675720772 -0.841613614269283 -0.0990211585407055 1 -3374.06291776747
"1" -1.64226924039691 -1.15419606618941 0.910807690925187 1.3044137741624 3.11445874356731 3.19912373374884 -9.44565804330471 -3.35109802213727 -1.90128432456313 -1.9877781964469 -6.47350361914689 -7.9064281929424 1 1259.26684085047
"1" -12.4844779578654 -1.45453612696404 1.17210488818114 0.952867197118923 3.03614858141513 2.86330847904139 7.85153344599211 -5.10394288922894 -6.28535218846283 -9.78503055382683 -5.52853165266067 -0.0971451605617257 0 1007.79402652738
"1" -1.29749066806067 -1.30970754709284 0.457630277926138 1.28135069276598 3.19119455675609 3.59520582889641 -36.3586331567648 -15.0380573226373 2.73211850407126 0.875989867104559 -6.61407291736047 -14.7674994670689 1 1027.46810747095
"1" -0.908849838050318 -1.38428600966083 -0.478647357314565 0.939463358127545 3.61692970922005 2.83044152813497 -9.05019033380429 -8.69682461385842 4.04259470488715 -6.42983266324788 2.25064841789134 -1.96551677430767 1 1064.68484604012
