"1" -1.44182072150032 -1.25813922392839 1.11937848249979 1.30726602590874 3.1963984482319 3.85760181728888 -5.73654699003761 -3.26326418613714 5.17923292239325 0 2587.29988148661
"1" -9.84034467626313 -1.94321833770416 1.31348281104306 1.59346953648319 3.37493126494934 4.21610328543034 6.36274204299382 -15.0861284299459 -10.698840812995 1 2120.4189483648
"1" -1.69992474367073 -1.27165989249262 1.04362948525507 1.35969465224931 3.00846834134344 3.75749044924223 -1.78274418096722 -3.17941133034695 -7.65624033617499 1 2474.28364917021
"1" -1.68980406279058 -1.21524067652242 0.982629270557082 1.53040590042541 2.97568131344285 4.08749137029452 -1.43712505100471 -2.78620150079382 -0.21783014291512 0 2522.15956230887
"1" -1.81407561356853 -1.36413160459852 0.991484699713572 1.55201174348077 3.01279862879088 3.91471592983238 -1.34984390074806 -3.45765348495568 -6.64215751939791 0 2345.95603567047
"1" -1.66148713340708 -1.37082739813013 0.919821070662344 1.33583356935056 2.88280734973566 3.6675219477023 -6.51226450377006 -2.10787432692937 -2.42234318932303 0 2379.31292348508
"1" -1.85350072067036 -1.36878743448534 1.15402447328605 1.60229477035856 3.1125650982062 3.9924135472064 -1.07709916246162 -4.4884675522294 -5.28704195703648 0 2334.3975239357
"1" -1.72909007107508 -1.21478051535936 0.943089799562759 1.37455379923463 3.1706615153628 3.73734736684919 -1.62239692245593 -4.88644064837464 5.88049324696302 0 2467.16505874919
"1" -1.60374723160868 -1.43625656192047 0.682287197339952 1.45036559165764 2.59882548322934 3.96739926824171 -6.47620288264568 -3.28148224417986 3.11548524312017 0 2300.81212268408
"1" -1.88888541809305 -1.42281325965282 1.04424466298289 1.3622873089944 3.17964108513724 3.96376122742126 -0.965308827038313 -4.92275683853917 -6.3873143118357 0 2275.77324946102
"1" -1.76540175791104 -1.53534308388784 0.989157428355466 1.5298348397795 3.03890401051565 3.88548348870385 -1.62194597938957 -3.29965871884624 -6.0701976759525 0 2233.65013322274
"1" -1.80307793965193 -1.42222105739761 1.09133806218766 1.37325454157494 3.08989260946317 3.82030824927505 -13.7049312531594 -13.2786325963966 -2.62597629914753 0 2230.1851553443
"1" -12.1682316023432 -1.42350925322207 1.13000657192896 1.38413260996227 3.40037601540501 3.73124998395495 7.53965246863343 -12.7872419338182 -7.70798026868764 1 2115.00960781105
"1" -1.76973669427015 -1.47012918302326 1.02601521951823 1.42127497329165 3.14164082570517 3.86250790072583 -1.87835032906329 -3.98868185850046 -6.55511550655554 0 2259.68067283195
"1" -1.68366036544153 -1.71993364593385 0.856808533219055 1.69730685829236 2.75998974738128 4.5528628253236 -7.76140461483276 -0.896029314910865 4.76626199228724 0 2164.2540101242
"1" -12.2205371317808 -1.58769848975711 1.08574607044297 1.71554867556621 3.1325947157403 4.3405417614764 7.65636842708406 -9.11699306940595 -8.31779460780128 1 2015.52681171314
"1" -9.92706799743991 -1.04546746935855 1.24766164130898 1.33699345278349 3.53300082073458 3.62464275702845 6.56974105083634 -9.95351923392684 -12.9414332907758 1 1972.05129943362
"1" -12.2998419637521 -1.47669025364257 1.09698807251219 1.33876047270389 3.24006789124558 3.85778232571578 7.70446759352046 -6.09189258663686 -7.51383587123708 1 2031.6843967713
"1" -1.61479465903408 -1.25701909393257 1.18173422246265 1.35055343600101 3.18185169057776 3.82211094923045 -2.96287096201491 -4.1314306415568 -4.18020755640482 0 2496.23560928518
"1" -1.68258598181508 -1.3383780984014 0.850286030263163 1.46560923324695 2.86037907201368 4.00558954335687 -1.69773017293011 -2.1535894155426 -7.13794198808783 0 2447.42930977774
"1" -1.61972305411955 -1.45874694674957 0.865199726091317 1.619278205095 2.76537254322401 4.30215691853271 -6.37055414070799 -4.8745616771252 2.37501064277584 0 2286.7836672418
"1" -1.64725675563014 -1.32602783176487 1.01111703960313 1.449785067191 2.96213994516393 3.93962207717275 -3.82530918436965 -3.07097082545101 6.17427204173106 0 2399.27360982157
"1" -1.62306486253839 -1.4112809079562 0.903978294750939 1.64467346382189 2.85443643487218 4.21630572084603 -2.60719616077698 -2.51104071241532 -0.35391885881146 0 2366.37591004344
"1" -1.66848635402839 -1.40310600080517 0.828174172056504 1.490882720186 2.66457184521934 4.00415655962554 -3.32546610898557 -2.49795705994481 -6.43257681330007 0 2338.95460386378
"1" -1.75044382330445 -1.18317958755397 0.945765457082414 1.51187232048814 2.8652758739268 3.81935802076874 -5.20125019399444 -2.59138033877302 5.46331266603953 0 2458.03791227459
"1" -1.6998413199761 -1.33483841542982 0.956590252821175 1.47737562055238 3.11615998512264 3.89896559576637 -1.182922745672 -27.5812806432356 -0.358149793041438 0 2421.03101949889
"1" -1.70976149843896 -1.34354085827469 1.03615279290704 1.75601939638244 3.01862510238819 4.38122130270001 -2.55740550782856 -3.02420965023111 6.34203726656113 0 2342.05917656257
"1" -1.70993820351089 -1.36858001272676 1.13346941364538 1.55302998552843 3.25127323926162 4.06499425547419 -4.38235945174278 -2.14057253942286 6.40908576191583 0 2345.35424277013
"1" -11.4712731543065 -1.57440805917127 1.07181758057759 1.57223168777588 2.92416543394675 4.08587845737322 7.14834520444288 -0.973397658336079 -0.104127583502911 0 2161.61174585934
"1" -1.58280881836909 -1.42892784411844 0.899379748099644 1.45115603138265 2.95677768853841 3.84644993184826 -3.34762122004561 -2.47835328141274 -6.21867063919398 0 2386.76351378979
"1" -8.68333288124211 -0.908844137422792 1.2405828483216 1.45102724213761 3.83545490718248 4.0214998419043 6.0400934619353 -5.8144892475907 -14.3508700729761 1 2158.78838074173
"1" -12.1179609688046 -1.559210947788 1.02957886332101 1.40266461708155 3.29678289243681 3.94623128854493 7.60495268526501 -6.06263561075507 -6.00185272674926 0 2033.05031746921
"1" -8.23130836255385 -1.32875049739262 1.10731552465245 1.78919046359485 3.22182916555409 4.83043212401242 5.23650706995198 -9.27978204144726 -9.55670662573992 1 2267.48490672785
"1" -1.62435940947369 -1.29452595567308 0.750345411732864 1.42498798248133 2.58939639274785 3.92468531664587 -23.9996449263634 -2.69143286863089 -2.33856021782682 0 2416.37231431096
"1" -10.3988862576153 -1.27922737787968 1.1740942409176 1.45823166539341 3.0909545812613 4.07433998810754 7.3581226493174 -9.60230235883745 -9.5486335700322 1 2179.98645833721
"1" -8.69809119683009 -1.32177762221531 1.07318447505353 1.43510663280097 3.34916362408919 3.70524622604959 5.44129881481068 -5.06127158111537 -9.56216322777999 1 2170.69799817913
"1" -12.0479248587652 -1.3948966355661 1.22494635009259 1.38920053719079 3.34642193924462 3.80880632696203 7.54940180451008 -9.85897312485172 -8.87040460645028 1 2226.6867161855
"1" -1.63536833273039 -1.25070261250326 1.21778188739933 1.75801564659755 3.36820493496023 4.56395350893675 -1.73481293680082 -2.27934224725102 -6.60081959903995 0 2540.07200820588
"1" -6.00954064571903 -1.14222168401965 1.11350114828107 1.40865933666267 3.38143709445297 4.0009804430453 4.78231581059159 -10.9663434785665 -10.297881512047 1 2379.26794007906
"1" -1.54296142890314 -1.36698881464151 0.968160259053614 1.38905444363179 2.82715437924956 3.97157048077135 -5.56562325776282 -2.29296546218292 -5.95795894270339 0 2451.14993043461
"1" -1.78519990310847 -1.36721238375057 1.04571763261719 1.59285506181229 2.97164196604212 4.25597514983323 -4.39744227344103 -1.63876205912165 -3.17997536958085 0 2333.36387327239
"1" -1.63270443505126 -1.44824892221743 1.21687251094394 1.45097842934963 3.22457005596478 3.86059969654794 -1.58894179369205 -2.65307779092693 -6.53053234564717 0 2412.14783286203
"1" -1.54302556970813 -1.10761571483104 1.00063487037874 1.4779082106444 2.87822655602101 3.74767750475974 -3.28111879049545 -5.82722753658039 -3.64497698090099 0 2643.58943203501
"1" -1.49493480375124 -1.35012996932286 0.877264554461581 1.40254070169874 2.85966818897928 3.82858887044337 -1.57558369656258 -3.53686329365591 -6.0611399082386 0 2534.60719614832
"1" -11.6900112200238 -1.41926233391796 1.19915544504128 1.32428459340527 3.39230874928076 3.91804705841833 7.27567280745944 -5.90084142378284 -4.41739123133889 0 2166.0928261578
"1" -1.65889251468172 -1.44871102521186 0.880397467844545 1.41916655376693 2.81450681679872 3.7387644342398 -5.88627069387917 -1.62366636773581 -5.91130187472122 0 2339.82070349619
"1" -1.69482286781681 -1.38953490731832 1.06453767827352 1.49047885540873 3.17351383601713 4.10517692829243 -2.8949864434596 -3.85739661190471 -4.24866416955936 0 2336.02790986918
"1" -10.6135417759065 -1.32770638322033 1.10551164458956 1.37215359882639 3.27096794674599 4.35585605113618 6.52597358755826 -16.3467676954132 -10.1478369123538 1 2259.07114703607
"1" -1.67721275299911 -1.25200443786305 1.01726004047652 1.47405775975161 2.90301117453568 3.83494580767118 -4.514553896958 -4.24118636013322 5.98160224832005 0 2435.78937260926
"1" -10.9007463840264 -1.43216589960978 1.41311149571567 1.5365473443744 3.39368580845573 4.16054006843469 7.28863538967595 -11.1130215612199 -9.57162093796973 1 2217.67804305668
"1" -11.7061461370206 -1.27738754439043 1.01508834636851 1.5904584815316 3.2117679901387 4.13229769038964 7.35908456183345 -8.98131338317177 -8.97222149836835 1 2243.32697920783
"1" -1.880721703607 -1.36709685480662 0.911534667375233 1.71034207237604 3.18042126080249 4.33533876720212 -1.0421980855005 -4.09162497160946 -6.6379652608015 1 2301.90973074533
"1" -1.83952685520138 -1.40963635815033 1.17409211350062 1.59439896130852 3.22456243073317 4.02670640248219 -1.47680261089995 -4.97067024594536 -6.10170982940117 0 2277.54360617399
"1" -12.1471491934793 -1.40016978916246 1.23706381746335 1.29962693216231 3.20200270060959 3.67073276334412 7.59912808359433 -8.52435841851657 -9.54121054566429 1 2198.66487602121
"1" -11.7856343923482 -1.57486325941155 1.23376099865626 1.36657882659524 3.32722320441429 3.65073114596809 7.26150590493652 -6.01595846165749 -2.94524868849592 0 1975.13980140733
"1" -7.3291307790594 -1.43731925163162 1.07627477909872 1.34954361814411 4.01900294688385 3.69520496759962 4.78959830239261 -3.35018514299205 -11.0393970124583 1 2260.65437772446
"1" -1.71178780535406 -1.35933791600376 0.976181080338431 1.49689258064992 2.89099626652972 3.94787799332234 -1.76891409735147 -2.42599816544849 -7.21509605690053 0 2410.68733820173
"1" -1.70678875451095 -1.54102453696524 0.893403775555461 1.46288883914599 2.90575391713849 3.95254717716504 -2.04648586664694 -3.29935323767448 -6.95084477028174 0 2237.24869808325
"1" -1.60482427663394 -1.17928093008394 0.657458575694837 1.45020831744376 2.55349258370356 4.02443160793717 -2.61184686257755 -3.11769529787468 6.73480528653175 0 2498.57941785861
"1" -12.1777522432112 -1.45651275044022 1.21679036372012 1.36304393306431 3.08626590122955 3.77509873181318 7.50235155242264 -5.96875959381514 -3.58017648748343 0 1989.92856017276
"1" -1.8544482666957 -1.23776562552216 1.25615235839909 1.5612602934486 3.31203465660342 4.14348957673052 -0.965271339109452 -4.2964561003747 -4.39729880812046 0 2448.70470604253
"1" -8.93821859137355 -1.48230480061514 1.28918497800651 1.5677888605946 3.39337794430966 3.93269195106125 5.82072894604873 -40.4840096759551 -10.0698269633426 1 2075.39142834599
"1" -12.1140966810753 -1.52207333490928 1.2844441653792 1.57060578993966 3.1570661767859 3.96050504958868 7.5319983144053 -6.59290462046553 -7.74177617981478 1 2003.62499659953
"1" -1.68265791657743 -1.46571323250643 1.23769715304143 1.50500177002228 3.50282981125527 4.08671152461093 -2.8881348113171 -2.96080726250755 -6.00476217662757 0 2303.10782221446
"1" -1.67730516485041 -1.25485154499911 0.834193835125108 1.53276471216823 2.66454213510151 4.36280960780082 -11.0448498306996 -14.4363011236779 6.270998448445 0 2399.24369976826
"1" -1.90425153339313 -1.50802279495144 1.07815979014877 1.43389147616659 2.92191080439398 4.12930965248801 -0.804708825892198 -1.73525424081931 -7.45455657595702 1 2309.09087962303
"1" -1.75816459540551 -1.50161567658542 0.957170944041609 1.54324910519536 3.41374901663434 4.26474620626123 -14.211021448559 -17.6559834180436 3.4171859402839 0 2178.4067497158
"1" -11.9064699776333 -1.47558531453738 1.14843244685586 1.41522630465087 3.06096732453696 4.02735622362378 7.37645985670778 -11.2025066901017 -8.9194677351277 1 2121.30019446793
"1" -1.76472775149877 -1.41924747383642 0.852972301401663 1.42919788975883 2.88126221687772 4.08824432775332 -4.66287080735437 -2.22320833254079 -2.24985794536946 0 2267.63323065743
"1" -1.67485531303959 -1.36186218570826 0.924755847066325 1.42836789262315 2.77539130847623 3.83149376791372 -1.88771884771171 -7.74393375167655 -4.46301767716243 0 2377.86632958932
"1" -11.8116699786884 -1.51132628623827 1.12843294323696 1.42889200525758 3.22184713722071 3.79810922479518 7.35046019247184 -5.96062917692889 -4.33401411639155 0 2078.40124324022
"1" -11.8774154471459 -1.62210293311221 1.17470626509141 1.35456189268092 3.39769538522643 4.09176803445871 7.40669177457803 -4.75852349164448 -8.56211256799062 1 1996.39164715998
"1" -8.5340350389881 -1.35194794627866 1.34297817591729 1.53502605010706 3.54317966840513 4.13976673371513 5.32062098181593 -11.836846940329 -9.75836676453298 1 2183.07653296133
"1" -1.72588089741481 -1.61336752479615 1.18766928438808 1.44044936507223 3.17691996827013 4.09694402358798 -6.36194038793979 -1.06760434199804 -5.52491438660965 0 2233.50241337393
"1" -1.77971805889232 -1.22009003606725 1.13449515125259 1.53436375943524 3.25029223178388 4.00169535072905 -1.2731303202768 -5.28460950087599 -5.3568795354657 0 2473.4313189736
"1" -1.70460131948517 -1.33953231177643 1.35241721722144 1.38237258170537 3.75365460140325 3.81575834158315 -5.69661035828365 -2.06183999695826 5.516043580405 0 2381.36114809014
"1" -1.7133356942728 -1.31386185963383 0.99891046933233 1.4404508718952 3.06130004973824 3.79956975360435 -8.91620235428369 -3.33030561413392 0.192247216911429 0 2371.03672862021
"1" -1.58408421680392 -1.54428554836548 0.882420018285722 1.56645267888887 2.76376594405325 4.00492812051586 -3.93137821126481 -1.78859338751272 -6.98826361614136 1 2315.77662637201
"1" -1.48306579994497 -1.27537626675995 0.99425492472475 1.68337530054188 3.01243098444754 4.14665393545435 -2.17556180145951 -2.61993248809531 -7.9215112249534 1 2590.11489520976
"1" -1.7533606059953 -1.3476753282159 0.938720426228917 1.54792706756887 2.9598630512602 3.92601039252673 -1.46399650709636 -5.45739507756214 -5.96429098977336 0 2365.08068635189
"1" -1.61157074126059 -1.42672213232428 0.736438317429238 1.44285942771969 2.67952149490011 3.90338589757529 -4.48308245454333 -1.81657403194551 -6.22426118639597 0 2359.7131918557
"1" -1.58129923477689 -1.25273859798765 1.04106595869518 1.59626778394588 3.1825600511942 4.11106627948267 -5.38823506328607 -2.8245159632827 -2.97877485508574 0 2502.09674935078
"1" -12.0736926625116 -1.44349140741454 1.18439113907978 1.44486749668671 3.3258484634895 3.88486218464972 7.60631279287715 -6.01642816094253 -4.12842661860324 0 2154.56045821593
"1" -1.80180602273628 -1.32251407060773 1.05378917007103 1.49174618911567 3.09143055552657 3.88276528239178 -1.24782097895107 -5.64206393867704 -5.31084230445944 0 2378.89566151328
"1" -1.6970567971321 -1.49975745324652 0.972841477185311 1.72139386702728 3.12804562442193 4.41849996802477 -2.116159402474 -8.95013064490922 1.57605882791768 0 2240.90736032116
"1" -1.68369901680849 -1.27646217907853 1.18531971415281 1.49094485330582 3.21206583149707 4.15877732564336 -1.94543622790617 -5.607054915038 6.12662809369456 0 2437.52330764705
"1" -12.0012948556177 -1.42752162388894 1.06312221143281 1.49221717927494 3.11071202215662 3.96451444911896 7.59525271964234 -5.97781101019176 -6.4996498266599 0 2194.86742805606
"1" -1.71258865923281 -1.442002761802 0.884136888306517 1.283721549527 3.25318807394511 3.59377045273107 -19.495661774658 -2.17542451709938 -5.36165179766276 0 2286.33539375532
"1" -11.540683952828 -1.35674422679963 1.32071617874674 1.46352584929606 3.85433896287016 4.11294104645098 7.0858628741844 -14.8743464488375 -7.92612252164761 1 2223.26432904079
"1" -1.67817994522133 -1.39882810029815 1.1286734116437 1.46645991389608 3.33030619676626 3.78721110384705 -1.46678248132204 -3.19148261051315 -6.95992757707084 0 2409.95495722905
"1" -1.8416868601197 -1.29814298094615 1.13085955735357 1.36091178262317 3.34107427005229 4.01402990398714 -2.15883173167075 -2.37565283401379 7.67506647807516 0 2330.71261791817
"1" -12.0054223126316 -1.52809100785598 1.26096831307055 1.57228999387511 3.05027849817373 4.23849603402513 7.51373134023661 -6.0067372038422 -4.00318382507374 0 2052.80550086382
"1" -1.72074485064719 -1.38913974338597 0.884999927565368 1.39806985608477 2.68855631163181 3.79726063917136 -1.85496591137599 -4.89376348643246 5.61163138718986 0 2319.84392710287
"1" -1.90066393767236 -1.20708345187746 1.0774879135055 1.39924165672722 3.08013655953412 3.69548343155105 -0.778394457718176 -26.6926486473557 2.04891217667104 0 2455.88655721085
"1" -1.77199422894646 -1.35847974594519 1.17158160338212 1.64252652418346 3.66104354556817 4.19551024532654 -1.04146980043105 -3.81303491887798 -6.59548544917189 0 2392.78328990608
"1" -1.45102088686344 -1.47666859417953 1.09334136023682 1.57894742668264 3.20150389983851 4.14293762811376 -8.81707058287643 -2.56950954225788 -1.93149204311918 0 2427.67715583713
"1" -10.7996947480985 -1.43515712364752 1.29611458014026 1.44214134648722 3.46575809766856 3.86575361954571 6.65914270794334 -11.1147375406049 -9.20651266807775 1 2126.11065861683
"1" -1.79832712386686 -1.33378718205926 1.09826155624565 1.48834879516455 3.10791277792223 4.35826420694619 -1.36291196211907 -2.30581599027469 0.409085605159008 0 2361.15035648385
"1" -1.72612504294318 -1.31860840003014 0.92065831506372 1.62657820458146 3.038876276402 4.25878103173955 -17.0811693557381 -2.40496203565532 -5.40389484852715 0 2354.64153006382
"1" -1.77920959945553 -1.33737847640114 1.15374340462507 1.63196961449879 3.45175441343802 4.14688227778703 -4.1013650631779 -2.30772369275873 -3.50532986430415 0 2337.52436798378
