"1" -0.343412842253778 -0.777982474041116 0.14771965197969 0.520421815094306 0.56631588868186 2.97564352773763 5.23878158942617 1.31132518319598 -1.80863951044435 1 -497.876387552428
"1" -1.47258353283258 -1.3712432244515 1.80416712656132 1.3237716220276 4.14572955414796 3.91853502709702 0.274401514625955 -1.41328448267209 -9.55972345339122 1 206.646629428043
"1" -2.44862707514786 1.72845705091724 1.18872147343424 0.18161437015268 2.48724007656274 0.210300333301661 0.0778317585990033 4.99230846406285 0.186960678958247 1 -545.202901925282
"1" -2.37846757876783 -2.41963187527734 1.84210802531369 4.01990708466505 6.15300522403958 7.60013663705606 -5.16746554469955 2.04439771468927 -6.34661807392298 0 104.666106270478
"1" -2.73968629953415 -1.62077587958384 3.227071217352 3.44024094203439 4.53597409115555 6.36841876087627 -1.55698364201542 1.76381687746595 -9.40157640061994 1 134.551730614573
"1" -2.80875425896782 -1.68043226157194 2.96897394947362 1.37714394120995 6.9529151725842 3.7071235136011 -0.732855781326905 -25.727720031405 1.96538447914478 0 132.537913028314
"1" -1.86710479276432 -2.5904691314188 6.6824118652627 9.46198585943536 11.0756080708912 15.6915888330045 3.43798417054717 3.51266811633014 -3.99507554184105 1 -56.7971835187263
"1" 0.782798371941545 -1.01700776871658 0.161872730684818 1.35782841642614 0.214268688200181 4.51648141641294 5.36045448836589 -1.82922269391203 -0.163084812944226 1 -629.129494116448
"1" 0.663063702937109 -1.88781887182219 0.190972563912718 1.473844667173 0.24250783199513 3.8284129420409 5.14963915915848 -2.728899872795 1.59943671312257 1 -573.769339745385
"1" 0.520813986791973 -1.30787593199057 0.216328543238136 1.87481556345524 0.252801611379563 4.31929203003534 5.15480280924629 -0.535025028325595 -0.0608219021979801 1 -534.552445110685
"1" -1.50585686906107 -1.28209599431786 0.908235113623932 3.2104467325468 3.32373793512053 6.42893274524542 -1.27289074641988 1.43691114744844 0.0470228376059849 0 207.702368335597
"1" -2.23913446935073 -1.75608303169463 1.32985860457083 0.676179804329898 2.33904378625954 4.04413099561643 -2.53367021719005 -6.7021072736406 -0.130383931527713 0 143.339286769963
"1" -1.26259581194007 0.720006493534032 1.05783602937618 0.245249283993072 3.55061051365024 0.28899640680927 -0.793400556892364 4.9532512523776 -0.0673358210778164 1 -435.326161506018
"1" -2.17986498666192 -2.29305330673228 5.07436057970162 0.940327263523046 8.69625025761332 2.96157928735803 1.97526451525079 -6.72067508865824 -8.63262138583434 1 119.079024171783
"1" -1.499665774 -1.17219574901024 1.5536361495869 3.24282876650391 4.0824035112437 8.47515155266467 4.10369897875417 1.68186450185965 -8.40535504859792 1 90.9656336370936
"1" -1.97792445558619 -0.398806852991583 2.09719883804952 0.235770038896619 5.50014414126534 0.271214421239915 -1.89212574455391 5.5168684554702 0.514245665239747 1 -570.280005086972
"1" -1.49264734062153 0.235433121761789 1.9261840538109 0.19061181030831 2.27119079671302 0.216385805416243 -0.230789043743012 5.44659928222531 0.770664535258872 1 -554.527761116374
"1" -1.66121006201953 0.392516585939934 1.85176447840655 0.288963422732221 3.78830808935121 0.289665401435541 -0.927168962184417 4.88623179198339 0.182587788399469 1 -448.711912577807
"1" -2.04438130654112 0.493674324966561 2.05220843364623 0.269803344753264 5.29954243859238 0.357991037745142 -1.80987557376772 4.92697778947639 0.162945623637312 1 -453.827599670109
"1" -1.50136238282903 1.45875846932683 2.80800720286513 0.291856667460686 4.18249768792189 0.292901807902042 -1.34234636461859 4.5273826313313 0.0750729818531675 1 -372.099065567766
"1" 0.160491261814079 -2.36848031616956 0.213912816884326 2.70712909311373 0.246187366310601 4.89376452577399 5.26279777338226 -1.22943558568861 0.205900181209128 1 -625.308633951464
"1" -2.54843323010365 -1.63215160818654 4.47333595124551 3.90994536087952 7.55561445664701 7.28985500570725 0.344201939609329 1.55622641602776 -11.4125966972663 1 137.44846457419
"1" -2.16045211731332 -1.25810903160138 3.05308345938554 3.46430304014412 5.83281772910618 8.01313354594457 1.2965143406229 0.983974971352708 10.3212554871693 1 182.428240018783
"1" -2.83242684316076 -2.02472898530111 14.2241512661448 1.23353568028955 22.7320288247767 3.36253186908838 2.4635500230679 -102.013855872557 -5.3404938416661 0 107.25124104501
"1" -2.76037097182621 0.163055670873516 2.90469042277793 0.300141581999081 3.67751442756294 0.300066296986317 -1.38601324356958 4.93985515678897 0.183068747401439 1 -496.044720720221
"1" 0.492000735370859 -0.465618343656517 0.425322019195236 1.91361027119231 0.368104538910926 4.67654372323254 4.54772505976739 -0.787538933631219 -0.160244047148413 1 -251.742785815798
"1" -1.45985079041715 -0.673598172563918 0.404498231738132 0.974679263290629 0.28009100483411 4.08037400846955 5.74142631961881 -1.01411767341586 0.606749081388745 1 -213.580899790742
"1" -0.199164207077812 -1.35679695983156 0.234157206113656 1.50962424581845 0.237519107182024 3.81178807486624 5.4296979936885 -0.554174588124558 -0.0151258636575603 1 -550.266635567772
"1" 0.107201394872879 -2.23823368769738 0.333881333839156 2.11029343205111 0.338419798491487 4.21149660666475 4.83894716612667 -0.13376554044979 -0.00899359725981118 1 -459.059310031566
"1" -1.69802995688133 -0.860069216272871 1.44884280716941 1.20085546162716 2.27121718346765 3.32148217238474 -2.80417845848292 -3.17069816042969 -4.69000683792165 0 231.421062739756
"1" -1.84533392245487 -1.47202590604152 5.13487178876999 0.886978844599384 8.45981907990442 3.2651898368838 1.86085221253575 -23.627321124459 3.51300693070507 0 175.543694517869
"1" -1.70277119786725 -1.59044236397006 3.00137584110271 6.30639950415652 5.64226096782524 11.7761828931699 4.00634536024431 2.54585825494159 -4.8977050346378 1 93.229281836414
"1" -2.00323180215158 -2.212764983527 1.50331811479475 5.6241920729309 4.37692656890804 10.4393113380705 -14.120771736527 0.826622205756326 2.09667858767664 0 131.13643569338
"1" -1.53589952784995 0.629910573170845 1.49699243641781 0.219876031202104 3.65285969806591 0.271946636936034 -0.876601625085169 5.06108344147235 0.079448037250984 1 -507.899494160984
"1" -0.203245968193876 -1.63174083116759 0.308016818058574 1.27935850677552 0.321262628430402 4.39138573155019 5.14828296241552 -1.16134473806974 -0.250861454647542 1 -489.36247471705
"1" -2.42726383119521 0.685104850833717 2.61386985292548 0.132184848766329 4.02262173343537 0.203870714374381 -1.44591270028615 5.40962812403152 0.0634995166093855 1 -657.899351800185
"1" 0.0288483554360208 -2.1199441086831 0.230762517042169 1.96302147229185 0.304392887998824 4.29426916307612 5.17813987596321 0.222291482670734 -0.641878543360254 1 -570.993150241824
"1" -2.07016221853476 -1.47671003479856 1.13631183043974 1.33556101345233 3.47032384344516 3.2262877948232 -1.10679620476121 -0.349898984111241 -6.77524855138443 1 168.863686162585
"1" -2.1018068652851 -1.48822939271433 1.37414196146647 2.51328355725396 4.19339217045718 6.11413057587123 -0.964624166895605 0.100840310931357 -6.90558464295083 1 168.537649747975
"1" -1.08272163489404 -1.39986571084724 3.24704910964287 5.54891041494336 5.65619077339257 9.6250515714918 2.96235593716063 2.63175023745871 -3.35264507045554 1 111.667728652553
"1" 0.678826735270387 -0.917352449480995 0.198554742853166 1.78281808649993 0.247196783722678 4.39086191946193 5.17645087012362 -0.231644605009004 -0.265887981287795 1 -501.499436019551
"1" 0.317008806148077 -1.67347423173467 0.224192885975516 1.87016844719355 0.264948570678656 5.08147321327801 5.17795779652459 -1.32530254949497 -0.310791517093878 1 -564.122893317614
"1" -2.54894755553749 0.233625106424174 1.28213354324341 0.197766553922775 3.80253383806777 0.274387071481199 -0.771059980179382 5.32500298364633 0.0400282140611315 1 -622.580076722874
"1" -1.70232056445364 0.0788259520795554 1.22212908325003 0.30835956342092 3.26844022224509 0.318330324004089 -0.485283074895775 4.97431091315822 0.406966005579665 1 -434.12488235184
"1" -1.85706651981106 -1.33024009037341 1.51187368374009 1.13153708080758 3.86218168945479 3.27390022757343 -1.71285915433554 -1.40553233297243 -6.12840201026185 0 189.753362756664
"1" -0.759561783557373 -0.853072233706327 0.345580145417664 2.07140495616535 0.362608457262933 4.17968376092252 5.47583299168762 -0.339806432317862 -0.0869961485028473 1 -396.010486371022
"1" 0.243405828289171 -1.86507748969717 0.222830653138566 0.456193784734166 0.22810148175179 2.86964679746319 5.20046573807533 -0.31756004878058 -0.146597655878127 1 -574.835783201931
"1" -1.68499493853898 -0.195482689486875 1.96537870860976 0.358200288322383 4.59954275830491 0.306254653974291 -1.43659240682274 4.93843113145511 0.407776790914441 1 -346.064636736781
"1" -0.0262700766272769 -1.67908128817627 0.257282208122406 2.32969548585244 0.306189285307323 4.35753401980726 5.23126513683202 -0.414095739963431 0.538142723382564 1 -524.442552115179
"1" -2.34228867871781 -0.494519417302294 0.889156122444024 0.320042296310693 3.63158102544795 0.322757986459549 -0.552181459487475 5.22872599390084 0.163530626843843 1 -490.797841489806
"1" -1.36488714870605 -0.770161614160727 3.25428890626054 4.05168035307751 6.40905162222338 8.00242120382691 3.93225500943018 2.42493058191665 -3.04068372635168 1 -48.0725381977836
"1" -4.39237618600153 0.344760027640288 2.98846641529431 0.230755689093466 16.9665547022309 0.245544923090458 -5.25431821788125 5.07967280969667 0.308509668299331 1 -614.160616775912
"1" 0.26734616854919 -1.59109803424186 0.343145180367532 2.17433878171311 0.363391563787066 5.56023048718321 4.81332267806728 -1.56164532735379 0.231463782132417 1 -364.693864119804
"1" -1.96632760680575 -1.11059891122983 4.3904784713251 1.14693866109884 7.61504073718141 3.12303967763457 2.06863547553378 -31.5462876297575 5.89769517844055 1 198.028470327666
"1" 0.755556593612904 -0.818477074168076 0.175628199817242 0.568023241548715 0.216775936056766 4.43560813767388 5.27963929674758 -0.467840268858916 -0.570638142396998 1 -492.117641866097
"1" -2.83315268161444 0.353567043675014 0.783755305069811 0.330741557620498 3.09861941850749 0.330614620691552 -0.259880803236064 4.72799659074404 0.0693227921319136 1 -438.863009373908
"1" -1.87913680361028 -0.653819496051519 4.47569191465019 3.87875124482482 8.1542953408798 7.05853179671468 4.12876594790435 2.4756783163246 -2.61372369974142 1 -91.5356663286866
"1" 0.113752997817589 -0.0779153023967094 0.564294402053431 2.17044555948505 0.474681901400934 4.52417770141089 4.52790675927508 -0.204462450273894 1.24825755409935 1 -184.781060548658
"1" -2.51521282916048 -1.17482691222026 2.88642735539799 1.1388324337696 6.61372270053104 3.46501757650344 -0.733237736349596 -79.8438244690304 -3.86699163862981 0 176.721835441228
"1" -2.56333506101407 -1.19309575378901 11.7087205989318 1.23582080656732 18.9798273870988 3.84618868319938 2.57299262587106 -48.5165683850901 -3.98761918253871 0 173.348916045233
"1" -1.73532774956857 -1.94332142119095 3.47891819983618 5.98217266330261 6.42630935913554 11.03337533195 4.10463335123433 2.81801845373528 -3.63992304775339 1 4.7612457545838
"1" -2.98641205205605 -1.72226523889682 1.71109148592529 3.58129302225232 2.6232989192111 6.8156314967548 -1.62661118377505 1.60527945966443 8.52700379486618 1 123.59349768923
"1" -1.72929081529675 -0.519230168855265 4.48546883611963 3.65949268628123 9.53443651888164 7.77847783757272 3.95260079156462 2.3582752662543 -4.21127043333078 1 -49.2031878306425
"1" -2.18563809316416 1.3041944868575 -0.199185675616776 0.153253134022732 2.51559265237301 0.18706201152913 0.911262580383646 5.25241705933757 -0.0545949809863686 1 -616.162412826813
"1" -2.26280213327172 -1.74050728506982 0.783714523315329 2.46733085407184 6.4287482809326 5.98146122171623 -3.12835741813792 -0.299702482511033 4.68658284130594 0 142.634102536512
"1" -2.53872906782053 -1.32898739144349 3.19951188146568 3.28671367992501 7.92566952749095 6.27581325557237 -1.27974520605474 1.59195991836824 -7.9450604360499 1 161.193380032931
"1" -2.80314794649022 -2.16844818701322 0.681428325767336 7.66101442891408 4.39473026252788 16.47139439894 -4.47953805958926 1.74020899396685 0.560626279278771 0 105.94890006892
"1" -1.84886332055281 -0.994391743402008 3.59038075380572 4.24183515288018 7.74190917896667 9.1492445071764 4.31505366394519 2.147401936883 -6.84461566138205 1 -56.5797213431024
"1" -2.4616949971135 -2.0697615513473 1.11891870429426 4.52958655359156 4.60002685847737 7.71623712294939 -1.76364012377592 1.85705564027793 6.60139720296773 1 117.88679975156
"1" -1.56159155918516 0.267990688223615 1.57051293848931 0.413957451400438 3.81797658711273 0.351372320814776 -0.956568008906129 4.51812935219846 0.238666118332097 1 -290.521947280183
"1" -0.266936505867632 -1.90651146969278 0.300457049823523 2.80549362856281 0.303306745815536 4.92546102579849 5.19195296335484 -0.0190122092660008 0.031213274696213 1 -522.169527358078
"1" 0.0991066637197225 -0.528721505992666 0.223716890827936 0.733663145984132 0.875161030641745 2.85025016266572 4.74831701391487 2.262641232291 -1.11085613781078 1 -599.057793082929
"1" 0.0867172805719984 -1.8114137748942 0.158292718990413 1.50014056239154 0.191873412261687 5.06378515407137 5.66229768441045 -1.63798511400811 0.00745854583987902 1 -705.501302204796
"1" -2.34153292015451 -1.48432375902142 1.36203947354342 1.18597565562951 2.24242252566403 3.46130167853348 -3.70470926922157 -6.13905698387322 -0.135202706061222 0 160.047593638315
"1" -2.37131496367461 -0.5660720547448 6.43589040085009 4.03313628775493 15.5159397337358 9.64754269899546 3.9430985566621 2.52520266874996 -10.98145985423 1 74.3126937016341
"1" -2.09714906722351 -1.54648144347002 3.53473688371466 5.62849799599161 6.30429897322981 9.85899346618489 4.12207660022669 2.73378629239545 -5.02915936385297 1 37.4004745781249
"1" 1.89816652716662 -2.66006384757831 0.575090812636808 1.74728800323916 0.484698366317792 4.12441424801923 3.71810009028048 0.253209411414491 1.0806033466575 1 -158.300938785653
"1" -1.78010313913965 -0.718737027590111 3.57898942968211 3.84422307590917 6.74609625127214 7.24106385829139 4.24043156573557 2.15046424486534 -7.02353691928157 1 -53.8449249899068
"1" -0.179094759950606 -2.74313333876068 0.377840805261115 -0.0981688300528323 0.356555243511654 3.60586447426198 4.8519852647465 0.978737069373755 -0.404690080389951 1 -415.343182084291
"1" -2.00798378649462 -1.75726120501305 9.46353411916371 5.27605337431278 15.2030374498008 11.0909997528576 2.62313997099347 2.3029403993549 7.15961883189374 1 162.264652349771
"1" -2.09127904072473 -1.86070979200111 4.09760219865907 1.31444577546143 7.39091450704113 3.3366924305008 1.95464992641982 -2.0200726046893 6.87379698322132 1 143.183462127051
"1" -2.61654310591083 0.949154102496559 2.50973843342228 0.178745377053541 7.31963139072448 0.207357019677575 -2.94192181069016 5.16327661594711 0.221805781869664 1 -612.193797741201
"1" -1.3217019755073 -0.620158424462012 3.18939297651627 3.98250935069698 5.69634640594027 7.06469816144165 3.85183749910951 2.52053569867173 -1.81147507024151 1 12.0437875631451
"1" 0.767660687919444 -1.01711049472031 0.532519254004759 1.72334865372858 0.474142477998007 4.09845481464876 4.17367602781384 0.472206812144843 -0.0498021372166763 1 -272.001236251263
"1" -1.52286815433096 0.466069756798173 1.12879619119144 0.218834008616615 3.27062879802798 0.251767018927814 -0.506446608958439 5.15243444517341 -0.0379242863947972 1 -515.936621845021
"1" -1.84930221276829 0.946872451514525 0.855892311771673 0.144200577923751 3.55031259345835 0.207873178689729 -0.655589059998416 5.34569785648525 -0.0445147320650042 1 -596.776518482759
"1" -1.01054441806757 0.809829650372662 0.387021936370715 0.132183868897547 2.55092289489586 0.189826992496762 0.72375683429405 5.43217708832632 -0.424834771595605 1 -564.93898331075
"1" -0.707974077450863 -1.92943680639165 0.362985878665403 2.56273507921402 0.309572348253031 5.1633180160573 5.18131204612333 -1.34830434082579 0.301770287351553 1 -392.358616370543
"1" -2.01228221721536 0.638767002252584 2.24823663603532 0.225251648927982 4.02813991250987 0.277975081923733 -1.2555690240956 5.0041465303701 0.130070028339429 1 -513.307999117034
"1" -1.99923945398896 -1.65726910280831 2.75041290522591 3.84553022193583 3.81588490878266 8.15627946623184 -1.79842097661874 -0.811642521344674 -7.22313851713364 1 154.18491191693
"1" -2.09078792359179 1.039840080334 0.768984256404193 0.152487853954313 2.80543506422243 0.241575811312232 0.238023828566516 5.20489675001299 -0.01337960939438 1 -651.496738154618
"1" -2.41102643112423 -1.90341996831988 1.41996225839542 1.23175762730075 2.27118430991149 3.61441503259114 -4.42321727212906 -5.9542082863408 -0.459098521376679 0 131.897061064662
"1" -1.99315820443832 -1.6675688618288 0.999488709923095 3.117575391198 3.78305744963414 6.60360186335179 -2.02215675895338 1.20644233122935 -8.54631517272535 1 160.863798180816
"1" -0.265167682196272 -1.79305288810635 0.31196975802662 1.88936476289875 0.315890471064919 4.23023227149889 5.16407363907823 -0.450300978817444 0.740177724956638 1 -504.272778813666
"1" -1.90762250004511 -1.18168061771004 1.0401526558897 1.32651793653559 3.44689640501629 3.53826798273267 -3.02083906700348 -2.85849605868749 -5.56984588781485 0 198.602106057328
"1" -0.422454793119485 -1.73588691872354 0.357396206163205 2.36359311121139 0.344942324113545 3.7843935570017 5.15805708146167 0.429286093574443 0.480196295324098 1 -423.969297687394
