"1" -1.80327997762899 -1.32595944900277 0.904468950027696 1.28094181834185 2.35104606350167 3.07506624798064 -3.75489298838199 -2.02557530745634 -7.57564242074488 -22.3225938303788 -7.83078064356229 1.50148372758618 1 1169.51013537396
"1" -0.499099216711317 -1.11713743514451 0.312011657799465 1.33894635993932 2.19385247192905 3.04286170755379 -6.3980988992891 -4.37649133880327 3.46135433329644 -2.80546567981737 3.63723886284039 5.99613955738418 1 910.425715924004
"1" -0.630542112325018 -0.854263230081713 0.106902217228994 1.44633404512014 3.03713739235441 4.09559925050286 -1.60147483455369 -1.61650504314745 3.33709286776334 -1.02881457852726 0.834819904229279 0.27393222458601 1 968.260252424192
"1" -0.0419780627214572 -1.26996771237255 0.0227532360773449 1.1479627030108 3.17452307541569 3.25934346799317 -1.72751861599217 -1.38563921958992 2.85590908579206 -0.642727694339977 0.338422104560609 0.0963181858891815 1 989.343129255449
"1" -0.269697652775697 -0.992563833517189 0.314015658213317 1.24948728392315 2.79191818567717 3.10240076293731 -2.74460674346842 -2.80058880823857 3.1104404295297 -1.43509219002391 0.0769620328279125 0.111374404697423 1 922.936061986336
"1" -0.294445444614759 -1.28219124835057 0.0606945007312869 0.790190672000588 3.20151029562485 2.71891290186977 -2.83796283138494 -2.10874010957936 2.98723413621116 -1.62722669668929 0.165608741734171 -0.0722625124340067 1 874.820320850969
"1" -0.548203327737433 -1.37006473628086 0.0280527713508669 1.16975874694086 3.16657001953131 3.364515551226 -1.77059743993534 -1.64531615314196 3.19763605526302 -1.21926754311886 -0.0544134681971978 0.0543711563078384 1 862.064305466738
"1" -0.483340057374688 -0.865913213483716 0.333007590004528 1.22694790318891 2.68410349104937 3.54894071086301 -2.922344154394 -2.54423507391557 3.31716894803594 -1.4790095325056 0.452153737981545 0.678650166122414 1 858.293087914903
"1" -12.5106711277177 -1.37327931936465 1.14712359824296 1.07699407564894 2.67000946391947 2.81160831040968 7.84887357320174 -5.50329437657289 -7.24818497097371 -11.4813033836225 -7.17222470666369 0.340497184961379 1 1041.89976382038
"1" -1.71664315105437 -1.30836326539871 1.03982124107916 1.22663665001557 2.6011141942225 3.47461503640518 -3.7157948395409 -3.32512082351468 -1.63530946003306 -1.85428956078389 6.10571849732111 6.90889349014791 1 1175.70713208901
"1" -12.1126453589076 -1.37478097904884 1.20139581781544 1.26557401873395 2.90731840422518 3.29046421718266 7.61775491748735 -5.42245964077608 -4.03566567830767 -2.09976481965781 -4.87593680780846 -6.86622937665837 0 1087.00031197616
"1" -1.65855003813273 -1.31144295067303 1.06661236785093 1.44870149650345 2.88606280894883 3.53110347712146 -4.88670588615944 -2.02943911658207 -1.59492979091879 -0.863756584461359 -4.75405798817013 -5.52810239542601 0 1216.06950674294
"1" -0.557541227779237 -0.974155154547177 0.121008336474846 1.37683313526417 2.92033516358816 3.43134451661289 -2.32812052391913 -2.13070541187914 3.28833821575068 -1.51053232778434 0.574477483247973 0.179280175529323 1 904.301672905731
"1" -0.348836873219854 -1.13626980039123 0.305650177106512 1.2623796125749 2.42157646359336 3.00280383408309 -4.19222729694197 -3.65871449611768 3.24495916882775 -2.38960552888332 1.40927209895423 2.20111188688231 1 821.189901604928
"1" 0.259373702345296 -1.28931068578996 0.233135116254463 0.820065067681372 0.225592008419909 3.18386245751032 -2.15655144518793 -2.5292686913976 4.31153855948937 -1.58582628915033 -0.0539483392756944 0.532374125847629 1 -597.410077601748
"1" -0.0730572763656496 -0.650230842788045 0.288198307294641 0.806481002386715 2.812799771951 2.44544526787867 -2.99440617842166 -2.84745963368457 3.11962846016818 -2.05942232463532 0.525661987178244 -0.071238701374001 1 1029.87402505103
"1" -0.696508812956855 -1.24555196689725 0.38077852883977 1.25008896304699 2.58226544612408 3.96548155010491 -1.40591569964155 -1.72322653064156 3.42935287908862 -0.85033555292809 -0.282929609583648 -0.092583348341361 1 749.50338407751
"1" -0.756816318073305 -1.19071239685686 0.149762358934726 1.34041141786059 3.16303048932061 2.96334654467916 -4.40150262920925 -4.14795441535408 3.3052850908442 -1.437811522965 2.75455486974776 2.01355179945481 1 877.325941416057
"1" -0.318289930881226 -1.03290060973755 0.0334221609973855 1.55984732232006 3.10613722336112 3.86880828128865 -1.97059252248707 -1.77680666501395 3.07347380023015 -1.22559893487243 0.32306239572535 0.248620032860738 1 967.683940125633
"1" -11.8359262714 -1.30207174933325 1.38667575729534 0.991344367296965 3.18315597934455 3.2526842136474 7.44032413272632 -5.36725479186297 -1.65958863935035 -0.635855112871339 -3.78415323932192 6.50300801772784 1 1117.37706693674
"1" -12.7769862165442 -1.72123668943747 1.12072176758255 1.16788341042445 2.38041821097547 2.54630507580576 7.88917241583794 -5.72027238397592 -6.95224619884885 -7.61854411406915 -4.3165119145671 -0.43127029007492 0 860.843990210375
"1" -0.886739227972284 -1.15214573611267 0.156966233037629 0.910605191739285 2.80517433816918 2.47788066923607 -7.62218840730701 -7.45142130210047 3.55142045249538 -5.60690171151615 1.84880643729772 -1.25319879080537 1 915.982303687419
"1" -0.372395984672101 -0.949828408440765 0.366872951830713 1.06872375096164 0.384781862613864 3.38313059111582 -2.25423036675688 -1.61718424612147 4.24258385366067 -0.643972833915853 0.368621069022849 -0.683594292519969 1 -259.66280305303
"1" -12.3996817684266 -1.54222620722206 1.39083423671985 1.06903207529028 3.28596832763658 2.84938153393239 7.66006100813036 -13.012311454033 -6.02385769474482 -11.6569140812578 -7.54477696326897 -6.41064640596337 1 981.104984001515
"1" -1.64566348339558 -1.21390528138223 1.08650127940295 1.03452948268854 3.08994012260924 3.04362789443326 -8.11742010746619 -9.81803904426503 -0.456687658036859 -1.55083142203572 -4.63152193317072 -8.4005968122002 1 1215.77780439768
"1" -0.712883144867199 -1.10426756001662 0.321359267592969 1.10953818977982 2.32165568308626 3.28007008490756 -1.47650002341797 -1.29465117887116 3.52271150193421 -0.395955528041351 0.00532272447332056 0.342105881601761 1 858.550372930538
"1" -12.9549824647926 -1.65723121469316 1.083164948591 1.16237329871989 3.06236080118174 2.96669497895013 7.94270792827682 -10.8470709927772 -5.68546773141819 -8.88748152765627 -8.19111546047723 0.250134772381105 1 873.00817751967
"1" -1.93317036929216 -0.526397251020822 0.304702019637727 3.2130260497019 2.43256155132313 4.6203742158484 -1.55058973775295 -1.39234197191066 4.7724093398218 0.721534866219468 0.385347786820005 2.11578192329186 1 649.510880465583
"1" -0.459818692832754 -1.36180110412745 0.0228319104429028 1.41379009987448 3.21464595657442 3.53936063451323 -2.07119819448882 -2.09807969061235 3.09610305713395 -1.34643372384753 -0.329523395092572 0.13958395477631 1 851.695473789026
"1" -1.83266159934613 -1.21857693137911 0.904524879502132 1.1109508334515 2.41053610524299 2.89854075564469 -2.03879185324213 -2.60144916543819 -7.01424369913512 -2.3292483515013 -4.74336387407416 -9.389989605245 1 1207.68379616169
"1" -0.305249772526234 -1.26679333900332 0.318114936179181 1.26681187876888 2.7686936992149 3.12757575198584 -3.48179677822052 -1.88076956063843 3.07569543673476 -1.50297866728699 0.558428901376902 -0.284006036051568 1 835.761107313112
"1" -0.0693728932798992 -1.48349544689385 0.27598020057578 1.44519000904291 0.23685218831319 3.56125785167352 -2.40836712532075 -2.5090779231982 4.41011827461679 -1.47812950786915 0.0847783296099582 0.0106751095298569 1 -549.949138604065
"1" -0.789294319243201 -1.53877684574477 0.326331552487023 1.6027594368296 2.29207268958189 3.95626418975289 -3.06057409134558 -2.10710646829841 3.52613534791634 -1.03906141354829 -0.83088552672954 0.0667997713971028 1 619.494762885992
"1" -0.459926951508781 -1.10527741577223 0.324779699255837 1.42074330703487 0.354950991750275 3.8711210068195 -1.35497832719509 -1.29616054682051 4.41395899916553 -0.65342360933221 -0.0398566249464789 -0.286783045638674 1 -350.527069455704
"1" -0.643613314885871 -1.36256236454085 0.172909726263418 0.801696754863593 2.9163017434497 3.32526862551562 -1.92129253613524 -1.4977023026628 3.28391118469884 -0.967834877175291 0.143661444057384 0.0395309434340826 1 788.214123811951
"1" -1.77796477293633 -1.32396938929503 0.902311674914705 1.11310989367188 3.04979658778574 3.12797255837179 -10.1826399513507 -10.5119745820905 -1.0406127272593 -2.64919509087522 -6.43083893170021 6.97103439860899 1 1136.50658344324
"1" -1.55607424973047 -1.16244621423361 1.03265192571756 1.09586980466038 2.52904825618973 2.67597349249973 -6.03662886721689 -2.07818959164629 -1.27341876904141 -17.6696698137155 -5.44147403303958 1.29617755628209 0 1296.8458064124
"1" -0.713275491877229 -1.16510481281908 0.286048352136231 0.890952384976197 0.301928052098413 3.69506131841974 -1.48069741271623 -0.392317840524552 4.68700959420285 -0.314564137348936 -0.0440783014180726 -0.323520676760099 1 -472.535015831763
"1" -1.82643667304301 -0.193737370401583 1.27054838628188 -0.0195013858031368 2.77333187793059 3.39579909560205 -0.287337618085302 -1.3913234382058 -0.500826646223548 2.83213752597265 0.202283739953613 0.135278229034298 1 885.451103563519
"1" -1.41131236680208 -1.3298040873903 -0.0410784987389497 1.01391999991704 3.46376031650199 2.6177600972567 -7.13336675325217 -10.4126912490565 3.77961204324275 -9.21129334201296 -5.7022798090309 -3.21261550767421 1 863.257023247304
"1" -0.267405751139951 -0.940838914556801 0.17042713414128 0.35902044584957 2.97345601940817 1.7253608547151 -6.52564111059417 -4.42961638739776 3.09293821271663 -3.86261196344898 2.22420496572153 3.2855181468467 1 794.143745918158
"1" -1.76173273419348 -1.39216811300992 1.29372731114775 1.27324711889905 3.01559303712175 3.25004002034987 -1.06856913542703 -6.63155394746497 -1.9050479937958 -1.64489513429134 7.61017568590933 6.91083272157047 1 1177.52561772967
"1" -0.608429885097519 -1.06105659224746 0.162001187193804 0.917714320022855 2.80461886928951 3.1315143519429 -1.09177531250911 -1.59100659982605 3.31764964610661 -0.415349306173684 0.150780710753979 -0.00904823656599753 1 804.131050115386
"1" -0.550735305088516 -1.17581178892199 0.291918719861443 0.887916721425132 0.270147947988383 2.7783170814672 -6.33331303023695 -3.32824124410475 4.58574119344014 -3.3694970381298 0.0569940269879665 -0.300084424808093 1 -549.028491503766
"1" -0.104683945483158 -0.93744485759348 0.194076803833829 0.884134597839787 2.9536684980706 3.06698166293808 -3.51986795320236 -2.60854039305816 2.98440780372172 -2.35373016397206 1.03205124889626 -1.64900217573396 1 1108.3680999702
"1" -0.53319506082779 -1.26532402296426 0.499412628327948 1.23651265547158 1.89552005799964 2.96219860594464 -7.5070808460099 -5.45429958369121 3.5642133145432 -2.95104280709252 1.02981735818936 -1.38358852935598 1 739.936166682859
"1" -1.12786473037745 -1.15454787460954 -0.14410790110844 1.0002608548591 3.79792071141772 2.74473641865059 -9.77449022931953 -7.23335965537678 3.61652385185461 -9.75211041909746 -5.53021672596992 -1.3312502719632 1 984.091339707953
"1" -0.631470217375749 -1.19026486886845 0.02792350867047 1.01646828657711 3.16479520363714 2.70127961544389 -2.23563718022856 -2.13048516094861 3.26123434728144 -1.34529124995644 -0.311601193215274 0.136198885590558 1 731.253457096132
"1" -1.78497581209843 -1.50429752994901 1.19624917750255 1.13845155325178 2.83219607125578 3.05774369672693 -1.25174613571401 -3.98128085704306 -10.5056082558465 -1.15196689424843 -5.18871546474318 -1.56780686774554 0 1126.60551856902
"1" -0.663743615993638 -1.16632531886102 0.373712746635974 1.04821357103869 2.26570782694765 2.90888377370536 -4.613330869662 -3.58236185124957 3.51187674228123 -2.49944354778469 0.37566554915784 0.186622465622488 1 714.697940025759
"1" -1.3625489965193 -2.42777983904012 0.348896812205848 1.70712236128174 0.36061523608244 4.44968618066218 1.58654537523551 0.0578080189248368 4.9147002374329 0.475336377226609 -0.25120443027557 1.31826876427181 1 -189.853524361544
"1" -1.09798273364086 -0.311697867847557 0.157162551790453 0.0704765901744451 0.2040919161525 3.09715487185324 -4.61866109297825 -4.64433610245206 5.59904963383259 -2.98261299596191 0.809930885168246 -1.19136751125283 1 -421.191721891922
"1" -0.44013548553336 -1.25796112581994 0.338103886947184 1.36547072800179 2.20929102495212 3.10781486912423 -1.61825541843028 -1.92291075302719 3.30988636551469 -1.03626637811853 -0.0670928866300938 -0.033378414321259 1 874.383089915907
"1" -1.71579851458912 -1.62833557472599 0.97063619604525 1.19335224323781 3.32982713573121 3.24464721980032 -7.29157114083671 -2.79605242116691 -0.571805703858484 -1.76092162984913 1.54430670771031 -6.50563076429961 0 1049.89107997762
"1" -0.241945435628601 -1.18892242016678 0.0220807831050552 1.01650351291739 3.23517219796852 2.81804549169816 -4.31420889607569 -2.71830755842697 2.97927351607519 -2.36344652131269 0.38150478142057 0.0440307063658447 1 860.443244396993
"1" -0.68696251814409 -1.24983561929074 0.294876670398523 2.34541934876453 0.286681052372635 4.23943728362606 0.475473188010108 -0.575850509910603 4.64396756314093 0.32120204954493 -0.3109714491255 0.0131021235574163 1 -305.38494001548
"1" -1.62894736743703 -1.19292929525842 1.07056600837085 1.31030693403599 2.63619518870447 3.52542818605318 -6.54301316613994 -2.66387524180867 -1.04766000468263 -1.50539387472974 -4.58042218660867 -3.66197877679873 0 1252.76262894852
"1" -1.53199334509458 -1.47836057631013 1.00775693062356 1.1962186655262 2.78821282822126 3.63135342039095 -7.75472419091077 -1.52422310368514 -1.33414682905382 -1.89459484954826 -1.9752539086421 4.36089805501913 0 1188.34303065967
"1" -0.324339784110481 -0.917176282234948 0.158967275145795 0.847788426226714 2.9636965700968 2.48092090618407 -3.87319546121726 -3.37575381858273 3.10381026082057 -2.15679405512982 1.59408748455395 0.753305587550821 1 924.992416478399
"1" -12.1588733672116 -1.3173795342973 1.09169941462079 1.0273498173634 2.64136411400522 2.84131672539702 7.81205843505605 -9.64513629888078 -18.1380147081599 -6.55178026968267 -9.43916011593632 0.158498342792101 1 1117.54253107667
"1" -0.41977681459916 -0.93264093215269 0.453287669710649 0.825008907519044 2.05717241922763 2.73788196063019 -3.71422245370391 -2.82896012509557 3.4401931726277 -2.28463995416628 0.84579011221987 -0.243811642973861 1 888.740910594694
"1" -1.64560824370535 -1.21036369676197 1.02441112548195 1.21208222338273 2.50034614070819 3.20503041741262 -1.62657941407992 -5.42693095360721 -8.17556420165313 -7.75418059606467 -3.65199065389335 6.41893302755332 1 1264.07950703411
"1" -0.597832968169172 -1.33874038815643 -0.0582132972546529 1.06038962378619 3.50941270898878 3.55990061820786 -2.94183441742011 -2.2354523485894 3.14603831763659 -1.86266703961087 1.24575500920583 0.947347898559522 1 779.399070455966
"1" -4.6343359163816 -0.197927119632033 0.872856677715478 -0.0613214282732124 2.61855975558903 3.67184747472823 2.90759477320826 -9.32509779467991 -7.81187609867906 2.69653523810122 -4.62808867828938 -0.992518072262505 1 879.60148268969
"1" -0.581010647399891 -0.805435526290283 0.27782411392355 1.25365546317976 0.297155381471595 3.54555763814059 -1.58830435031499 -1.56174539301089 4.61096251008704 -0.793095433724667 0.471482574147441 -0.628919985063252 1 -269.985271456073
"1" -0.526155443968503 -0.737827976251227 0.346328641752044 0.656999051504775 2.57514854471847 2.32890263553152 -5.79688738701097 -3.95470149437194 3.42699416958858 -2.9179514682069 2.19477245025626 0.42129358068904 1 921.4884445358
"1" -1.47061357797818 -1.99477538367985 0.30745411681137 1.20072597554986 2.55962185826879 3.20398710575271 -2.04349132666412 -1.70018072021699 3.92756270326501 -0.563860295769303 0.0350029824175234 0.110341117542425 1 795.826336651258
"1" -0.29812097477161 -1.12056016802333 0.0117173731024395 1.13103780907166 3.38200501621241 2.68969657426972 -2.60241616840536 -2.48320697000894 3.01000723840999 -1.5594976816936 1.03888466655087 1.97927872879095 1 982.552902370193
"1" -0.613842329207308 -0.841850800975838 0.169749511960349 0.508554300129219 2.88368735683991 2.10983860385325 -8.8008336106161 -5.12687124417271 3.3535058027273 -4.28924944400623 1.78900743008941 -6.0372881187888 1 999.303800612874
"1" -0.313954085523933 -0.92190968503645 0.340367828197022 1.14856155869651 2.34573182535748 3.31239652635006 -2.88659838316401 -2.4155748889718 3.28704898195816 -1.54306869439563 0.736962798731381 -0.118194160303779 1 943.127412186142
"1" -1.62805185612577 -1.35712812514224 0.914454120704512 1.09274760816851 3.01037706442434 2.98524879029103 -6.35091483642815 -3.22141811315171 -1.28112367052626 -2.63196789374027 -4.33364608035479 9.4896246712303 1 1175.73900375877
"1" -0.726112983641719 -0.913819376678104 0.32407512360127 0.707280399644488 0.343124600608628 3.40944579428513 -1.925217441074 -1.82020557585958 4.59195080685775 -0.852593456046129 0.459829466731788 -0.506822796018245 1 -208.643149688647
"1" -0.537105162255886 -1.10160667936899 0.328409263620642 1.64211786966558 2.32568639617967 3.357046261986 -2.23823091454384 -1.7548430887143 3.38636574729662 -0.439356436216322 -0.474111342705603 0.10781252951755 1 724.053570197539
"1" -12.4995832421139 -1.51657714677234 3.04606020725169 0.990235101116389 7.20969880758524 2.89303339514183 7.84778477423337 -5.73631925510063 1.6741543656079 -2.59780400105415 -4.85205327772534 5.75421319102184 0 996.922955788788
"1" -12.5738267113284 -1.33066558318866 1.22716060582423 0.93370981469703 2.50915750984942 2.7959554172541 7.90712993772532 -6.89004192721085 -7.63670409749282 -7.88597429086671 -7.67574276103266 0.0303814008169632 1 1064.39801138562
"1" -0.529640152976429 -0.875912312150021 0.0135065865522709 1.19805064395277 3.23609061291049 3.03420004354089 -2.98419845674558 -2.51803500286232 3.26353583041336 -2.32584967810434 0.844852686511871 1.0752862764366 1 956.110799909355
"1" 0.0279347257115363 -0.852520461356847 0.243021118689006 2.41484158202377 0.226933015033448 3.21804976445254 -0.044803403444093 -1.1030892732435 4.50376314484977 -0.0420066370522691 -0.113207055793891 0.225117978095758 1 -480.890461897965
"1" -0.609582060058972 -0.945227904866021 0.00694494664538514 1.36155490059866 3.37585931852738 3.16935731729504 -1.3918664426384 -1.4238297057418 3.24117628606708 -0.791833195595002 0.0942404017795581 0.157367880460588 1 935.079542150535
"1" -0.643278923079433 -0.978675290148524 0.298539689929865 1.1918560308999 2.80778375329507 2.89751383347523 -1.65901535769055 -2.03348782828472 3.36913585679786 -1.39774558774133 0.508260286172445 0.446392252471156 1 873.805098918685
"1" -0.377195064000282 -1.14317969144288 0.0667598477697881 1.04557168862336 3.26721684271454 3.02112142683957 -2.13789194372137 -2.01841791834632 3.04355455139496 -1.37705036148413 0.781023284516031 -0.587245297762089 1 971.629838519741
"1" -0.0499003486852043 -1.07886131893233 0.0786413982493532 1.45427140005529 3.29755560288869 3.50138546547152 -1.83076212888023 -1.35695108707359 2.82756233354855 -0.738728484330312 0.784400106346326 -0.684856933744218 1 1057.70823454797
"1" -0.21271765853912 -1.03981918481804 0.266462218255128 0.798916661904325 0.278568083532773 3.24265859498789 -1.53265825895199 -1.75410086872698 4.46116281512072 -0.734838987397349 0.275092216420097 -0.270767342373931 1 -572.3453629131
"1" -0.537502525906197 -1.12447490918463 0.279591337602752 1.46746485457932 0.267239289472092 3.53097515598188 -1.482324840255 -1.54202901983547 4.54534581341937 -0.506576033375305 0.171343851543091 -0.354157274773842 1 -386.814114489549
"1" -0.267423831449389 -1.08384774319311 0.024167727432045 1.16534262869738 3.09367396690074 3.46374109566568 -1.91564732968894 -1.7654927606773 3.03948015430049 -0.984280721480716 0.230555470703129 0.0297685404044642 1 934.18294931667
"1" -0.96868582238631 -1.2701499883975 -0.0283254458942277 1.25365383726438 3.68600806682785 3.13127827447221 -2.41938837199839 -2.64517991538266 3.39068094219745 -2.42884067070925 -0.247895274493788 -1.02013271938017 1 1051.84093057237
"1" -1.32321283821542 -1.47436089902761 -0.186530155726019 1.03798562819852 3.98856200181409 2.4508924514983 -14.4859831275283 -4.54455082247596 3.58647578385741 -9.81051236062518 0.378602097793415 -7.80404829049647 1 835.348656032493
"1" -12.3517895517842 -1.35641078005744 2.88879925507211 1.30284549367912 6.27925115306408 3.39119163982926 7.82450304307519 -5.61710419579648 1.49380024922468 -1.95757556750618 -5.92508481281751 6.50447563697706 1 1103.77474440695
"1" -1.79436431626824 -1.26253171814322 0.953338436354037 1.04128077671734 2.64031820954254 2.78881827078499 -6.06124837441046 -16.7379128479638 -17.1764379138147 -9.94566146844666 -9.07689163723006 -0.740118734113931 1 1167.90103501784
"1" -0.791159440302078 -0.914728068016332 0.302796654861378 0.798682519789311 2.90256678329214 2.67037285198543 -6.48979977012016 -5.23930641131846 3.45062492515843 -4.35696885747737 -0.294051862300458 -0.976776672568861 1 862.904197314987
"1" -1.72173678373581 -1.35605439053532 1.07377816267722 0.998770667559355 3.03229047063458 2.9064800607703 -11.2582909196124 -12.7777385847859 -1.68163656700297 -1.49818995393566 1.95684208546796 7.90404074800946 1 1144.18393981119
"1" -0.0427226741469067 -0.989838075902713 0.192706206349443 1.19897714101542 0.181750010798231 3.50126325218085 -2.95506063846048 -1.92006985084715 4.70521644448964 -1.34896528305564 0.989036903580468 0.241801600185034 1 -581.326207901377
"1" -0.730147083860269 -0.93747731968388 0.0146629221622638 1.46135370339723 3.32480098532159 3.11474919659949 -2.54834597880026 -2.13688684906889 3.34919536885856 -1.28210343172694 -0.106320342949211 0.0986530648770466 1 842.184563982191
"1" -0.270394473081968 -1.19714809178463 0.365256377522395 1.06491193918201 2.52269781921934 3.72026035111908 -1.07702976748922 -1.45125452247181 3.26053279449374 -0.523582221440631 0.216824362660954 0.105842262999964 1 886.160431333319
"1" -1.75301516320354 -1.42035238584849 0.983894030977498 1.41870230203062 2.76494911075903 3.31532775313587 -6.92521447373107 -2.13032141218698 -0.790738979276286 -2.60346990977579 -3.94935142205594 -7.95387137415107 1 1130.3312470429
"1" -0.322879517830119 -1.40199746278895 0.160115836856741 1.38130308510708 2.84653177379908 3.49284539753102 -2.26137064576145 -1.53189348071998 3.04932191345628 -0.527035612951684 -0.8091297655841 0.136435721368659 1 792.150416097084
"1" -0.467772795902054 -1.0016011598968 0.0185476303864653 1.08972943388524 3.14409761974897 3.39984339808316 -1.98181099188653 -1.62673765626407 3.17209924824426 -0.815873349687505 0.0526355242592544 0.272785545576786 1 865.465880221047
"1" -0.286339089179184 -1.08715721234512 0.274313048778797 0.861837044043512 2.36580503122872 2.80416430447021 -2.97350851872774 -2.26529021101467 3.20762334686544 -2.2210590348194 0.901961006376888 -0.739584125035698 1 887.368711199164
"1" -0.0411884994304615 -1.03364876058086 0.39206673718324 0.794940866582218 2.45652655506341 3.07748581262941 -3.70251414422354 -3.68480396525341 3.04076174336349 -2.49177452927142 0.421418855197448 -2.18376103306771 1 829.576135999418
