"1" 1.79427202215772 1.62343289889982 2.09956960947394 5.03935574804844 5.71725237394662 12.6114408401157 -0.917425738511967 -0.759671927787885 7.97270717389404 0 450.518173532397
"1" 1.69230104552988 1.96241900710665 3.02752069506993 3.79858147319662 7.13321587233964 8.95641758520506 1.81795442143343 0.658331126336329 -4.83108732129788 1 448.969851617167
"1" 12.2540769529002 12.0783295611035 2.31168039723873 2.36234093835614 4.15994008064729 6.73086284995997 -20.5820535945696 -16.3585689323742 5.94185112078092 0 496.65878808644
"1" 1.37279833497462 0.59433999208067 2.26784007868357 3.54895164316708 4.22891888176878 8.66504875017889 -4.08529370322488 -0.883956804900349 7.23091240701484 0 432.652210562368
"1" 1.48623972572491 1.31195520786489 3.16743627436967 4.03611781156891 7.12156183762466 9.10745487684585 1.85438914069068 1.26164313507508 -2.52941783325905 1 440.074356123151
"1" 1.65424723321139 1.99885809507369 4.61399176402964 4.92279031544289 9.08036404612033 9.66728765483438 1.93309683609183 0.902540687563554 -3.66978289602556 1 429.184946584274
"1" 3.5074770885521 3.01375998854394 3.37711791476539 4.71546859076699 7.44939873510067 10.4086179773657 1.39264638140285 1.63556958854494 -3.46893841178156 1 464.947684097489
"1" 2.78600277946156 2.37049007702584 3.28800944148188 3.45673082413146 5.88021343256663 8.22622972736522 0.178481748092021 -0.370211834223725 7.71872846774152 1 482.307495431481
"1" 1.65168240000878 1.5147109130369 4.01819061657665 5.01570416035332 8.1243611578754 10.1145312858665 1.87742003237142 1.53201527009677 -5.21405501654909 1 393.439255743262
"1" 2.17012921481615 1.87024235824386 3.98915711339373 4.61277236027727 7.11008608317161 12.5706966593309 1.20440337026463 0.338513191733579 8.09337695236651 1 468.659974587756
"1" 3.71967556579852 3.27047046158758 4.0967523461536 4.59724472871142 9.19143794629009 10.2953676806978 1.28069371212483 1.5888857101825 -4.3377160697211 1 472.978267231861
"1" 3.44274813357934 3.2230760265909 3.10898639086529 4.19891615762062 7.0651173057905 9.55388663102261 1.49254133970886 0.691167285916028 -4.20181924346883 1 502.359493756053
"1" 4.2853340163931 3.65167688453041 3.22894730813498 5.84236823132964 6.96065092914003 12.628990131515 1.32000541767305 1.30247501014037 -5.35835519718567 1 495.263867495935
"1" 3.47156531519478 3.86596787782398 3.75423060002874 3.74929681818256 8.58650143106474 8.28291360323142 1.99797600959016 0.741885310945147 -6.45714074613031 1 492.988868699328
"1" 11.2492412135901 10.7723664223723 2.91351962300769 3.57129253551404 6.06417061712541 9.16053787241838 -0.211930880993236 -1.29339065497771 10.864063673466 1 491.621998071644
"1" 0.96482826377605 0.845196719189911 3.68421627523567 4.48443622242413 8.22176101218938 9.96259818588442 1.6860318833898 1.45724187285498 -5.09923192392738 1 388.784575694665
"1" 11.1398494397923 10.6864736742281 2.62993813642648 3.77419315125502 5.32876819573852 8.94743505306506 0.182486426195629 -2.00636748445726 7.97947433169613 1 500.98599888738
"1" 14.4217302845889 13.8513611274484 3.50009414819513 4.26443063195789 6.79249136722853 11.0290273834781 0.431053012933057 -0.0591474440147482 9.7119848654152 1 515.840409445518
"1" 1.17268256852579 0.893528986186495 3.85690652110085 2.79111571284351 7.18281036959527 7.11177001568731 0.578698777745427 -2.70204783590532 6.3011729362455 0 433.878590249813
"1" 10.8384008123829 10.2554253601824 2.90623178756937 4.02034587203546 5.90024770063869 10.2126916329427 0.0750643014713997 -0.866311511731849 -9.53457558998812 1 507.61665138703
"1" 1.19424413090068 1.19314407040199 3.68170280562089 4.13110641161234 8.59312159660348 9.82742245153509 1.7273345016905 1.28858712052138 -5.31535329030733 1 426.738737050654
"1" 1.79960432953735 1.29718472938514 3.4139918802232 4.17556118655793 7.08699060692099 9.96559515226346 0.302051995664422 -0.249786457697883 8.29055647864627 1 457.728213485679
"1" 6.07380192801944 6.18431432336857 3.25703968276389 4.01431177593268 7.27973974574181 9.01895142189226 1.89899738839501 1.36671974624449 -2.82055876770946 1 556.685127609115
"1" 5.13036509127872 5.20910168661136 4.50352575788796 5.15662286435717 9.37257868621147 10.7846290781804 2.03603820236534 1.53797094568177 -8.91395370818223 1 457.433793841656
"1" 1.98384871957662 1.93065703461169 4.37020428196449 4.1677338230322 9.03939456641247 8.7333870578012 1.87595075224832 1.84718192097438 -5.33033039606151 1 433.37452447119
"1" 9.89462293111626 9.31186619090492 3.29246320800945 4.06887082773586 6.27957331962614 9.5896468601908 0.0370839336168137 -0.36726963832778 7.9496019565964 1 507.483634906995
"1" 2.47192186287567 2.69336043591935 4.70971694811737 4.06002562948783 9.06796862316944 7.93682090805511 1.97356139328876 1.92805009992573 -7.01101876684976 1 437.912232721801
"1" 2.14316436823671 1.70066620598254 2.07968167580802 3.29051200673348 4.64859781041012 7.90139353503549 -2.33444985710893 -0.46507390219123 6.99569667105257 1 476.132800653955
"1" 9.27333751206577 9.00521357250111 3.27724244303613 5.12926391218039 7.51312217139109 11.6658876895312 1.51788147657231 0.992211426753601 -6.32095598682803 1 503.20906097189
"1" 9.23616432992191 9.03943221985048 3.38454124759294 4.66347480359385 7.73008085234096 11.0259029419233 1.76374218042555 1.06813657909702 -11.9526367665178 1 497.92851451694
"1" 1.45416299365663 1.37619718630361 4.1017018507004 4.23133432029937 7.96017005293987 8.23735823582447 1.45792027075896 1.50853442923101 -2.67153954017483 1 418.896776519943
"1" 3.32600718838838 2.90638967003934 3.2469991833105 3.24980358745327 6.40687787182912 8.38357151019986 0.18277356228675 -0.935961432055212 -7.15109342682828 1 484.887841818111
"1" 3.83732660527265 3.29816842428839 4.13878214457733 4.10163436513469 7.37339604806885 11.0666079373554 0.842238999378903 0.0367864143884071 7.79531132491716 1 482.596317464713
"1" 12.2998195225151 12.1428568346522 2.85817360968628 3.7323659866147 6.04168774500442 9.46518010008818 0.285156231218067 -1.50135526687741 8.80089613638392 1 536.220254449488
"1" 4.83654549656341 4.88627378375785 3.62988858703067 4.22358318519131 8.62981705559243 10.0178656334986 1.69744620823055 1.36867242266871 -5.94855113045426 1 498.342223537165
"1" 6.53477240678647 6.64707695241735 4.26981937763385 5.05599823299907 9.4649489169851 11.1900694652092 1.79739288812988 1.10379200151986 -5.26483903402788 1 537.178104133366
"1" 1.60310164967715 0.806837775458103 3.1253472668718 5.69140695002028 6.71469441946487 12.2452255967882 1.37908858867064 1.63060216803875 -7.73119263332181 1 408.832046976458
"1" 2.06482438907064 1.93982457983354 2.77550046809678 4.29812182942857 6.16286688352056 9.57497268459305 1.70593033112228 0.467942409557666 -4.28896997507776 1 428.837029417967
"1" 2.01050127152356 1.32684402621862 3.40382286758004 3.66641916915778 6.4332650028935 9.51048699249426 0.367836273331018 -1.65682082958016 6.84071181993611 1 452.143384158296
"1" 4.56217662680643 4.06527950736456 4.00880963494053 5.17667739726122 6.91942201857977 12.222435399798 1.07413239238059 0.65102368233103 8.54740134078615 1 494.747530308286
"1" -0.150134283337141 0.125627470132173 3.58953746724459 3.83047667433925 7.60411537974417 8.18668057124173 2.22903256802251 1.84073436884428 -7.85045743473546 1 379.553522555117
"1" 0.998450074629723 1.43069139022832 3.47632602612338 3.57762330815751 8.86376579752506 9.15702871185843 2.22033494133762 1.45824421837809 -4.3016965752336 1 425.911173298986
"1" 2.35278024046988 2.62303258703057 3.70278809572777 4.08017099794738 8.32803059477165 9.13971253139044 1.95147020052442 1.29340260406152 -3.32953454643539 1 429.578681851456
"1" 24.9572029538279 24.45477377197 2.41528334885165 2.29477174833192 4.65549662766227 6.17622096703138 -0.829958398935453 -2.5597282556965 7.48986562722815 1 505.992807923902
"1" 2.59413409247446 2.29753691386238 2.50206406569773 3.24413802812622 4.93991168346213 9.47039174163825 0.0873581836575714 -1.3125921596548 -7.38519432009508 1 479.228780803045
"1" 12.0705319124973 11.6282681564311 2.77678689269084 2.88493695207493 5.54307313979345 7.69525916613478 0.587497834962228 -2.00644640310888 -8.00607582981466 1 541.709056607135
"1" 1.81672996338252 1.41164540723224 3.56391281021527 4.86055848035305 7.80435519726242 10.5368360880558 1.59305779224211 1.80276320579605 -2.70596638337399 1 434.630679960752
"1" 2.05613264121607 2.02155802607115 3.74423181317035 4.44210359613728 8.19487579248648 9.75201006311653 1.43973591510696 0.750978673198047 -6.67053746347087 1 460.089942158519
"1" 2.22647359474843 1.76946084398862 3.83672672329583 3.36768657637507 6.78696746266656 7.94664926394122 0.130405430169929 -1.13421332057229 -7.54915093704072 1 461.549361630239
"1" 0.487867193691654 1.04040030148366 3.65841304169079 4.28570512130231 8.04951921398323 9.42970397299555 2.28949610823685 1.04887385457687 -5.76892364613709 1 366.284400961518
"1" 2.98886685366354 2.61649897311321 3.12393789953281 3.35769134642966 6.12628827216616 8.69942846653077 0.288971330592475 -1.82196121513698 0.371112852508184 0 480.493240134128
"1" 13.3253497525478 12.7203879246305 3.66263807359018 5.02659034308871 6.51420024173918 13.3333658909363 1.20015359414428 0.48870302695861 8.59517875299951 1 524.771314028379
"1" 10.1270261260862 9.7781456854896 3.17507091511748 4.82254422619782 7.95707740064392 11.8885666781671 1.63990690632697 1.47619974327977 -7.41026729207801 1 510.963117267308
"1" 4.35027794123787 4.53098085968926 3.99498523398555 3.95630725982145 8.63132024922093 8.42890076576301 1.89775293427813 1.19343477470721 -4.50906488659231 1 537.50453693231
"1" 3.71817019606087 3.55347200548739 2.55299687814418 3.59751831077034 5.19855567454013 8.90702847032384 -0.800425145491622 -0.858661895225 -7.69142566223787 1 487.224410253762
"1" 1.87956378021113 1.66521895991384 3.63932655163958 5.27283023377769 8.47372880353228 12.0933669228144 1.67839185692724 0.577106093018486 -1.54544302491302 1 444.5618642349
"1" 1.26649746196698 0.615319800688589 3.24915059666993 4.66146070926699 7.43744055824537 10.3357705041271 1.75817747540429 2.03025263739521 -6.19366960234052 1 423.669074970916
"1" 4.13277065386783 4.25537754101516 4.12996126196392 4.5796298557545 9.16392602235381 10.031801458678 2.01935926244545 1.43518256528862 -6.53025877299827 1 480.44038227107
"1" 1.20371155486197 0.761032167776931 3.83114013554814 3.77387828059109 7.08679147302284 10.3724616680887 0.647239397401426 -0.42821293975793 1.2263181089125 0 427.374472167537
"1" 0.981865586026555 0.892430551961173 4.63248586397918 4.4605754905515 7.92876901844573 11.7133181898548 1.25975892325647 0.119346012583164 2.7155030030524 0 416.952962397075
"1" 1.71082027902436 2.27137837635183 3.56446118664909 3.1238727807232 8.97967261751429 7.80610188151252 2.30566367243906 1.7549457725088 -9.8738651167767 1 446.976893993447
"1" 3.49586540040301 3.33247319961374 3.66725244364557 4.51992396095902 7.80957115065809 9.67223830178679 1.67088397056506 1.25202301632087 -3.6134056726029 1 497.836362481557
"1" 1.92941357920199 1.71250890436909 4.16243223214621 3.89090798236295 7.62581308329332 11.4577347954017 0.894051012011082 0.0703981136382732 7.97572963313779 0 459.114397980364
"1" 5.25639693293373 5.22373920146753 3.70971585787096 4.97338663949911 7.77486183184671 10.5597245692042 1.56442967594438 0.739338811130686 -4.16753953943753 1 499.816379435442
"1" 3.9225672109324 4.03542028691662 3.79021466745321 4.1900038791186 8.08331720811996 8.92561599848432 1.75302182221248 1.35622365181327 -4.45435451131382 1 510.233297678397
"1" 8.9017612963883 8.48323242613346 2.21275851560568 3.7650286708978 3.88686705784487 8.53644162908303 -2.28452042122219 -0.828171257487397 8.31191417810778 1 500.686885297489
"1" 2.11983670477519 1.63483754971526 3.18666772066978 4.89399642165448 7.94810989108058 12.0857984615346 1.59017674081505 1.68149575810375 -6.96677004592294 1 431.517724257784
"1" 4.31800915531872 4.646488859821 3.4501343708828 4.37848194526494 8.13758229575998 10.1855556061474 2.07996707677462 1.05661345836883 -7.56945348616195 1 491.321118095341
"1" 1.76685507764558 2.48624679912108 3.49854184017638 3.88125165350399 8.41055922790555 9.30578821375098 2.48835302869181 1.35167075075877 -5.55687720843425 1 445.6095146169
"1" 3.38504054683608 3.02523459664743 2.09183733862043 3.20665469669116 4.24436643952468 7.95353552917704 -0.965436288525061 -0.730822084127836 7.55021061824506 1 498.167730375662
"1" 6.06326266921515 5.96966577917033 3.40746928029364 5.71831069237662 7.52100318087144 12.4483185286505 1.99735407727712 1.42853353685377 -4.99491021282504 1 541.909272397668
"1" 9.7840585296582 10.088759627142 3.95934544588541 3.60433897265671 7.68776944507907 8.89689619413543 0.495559552341033 -0.373752770572989 8.11811718659299 1 496.003553705055
"1" 10.8418925820108 10.2717642994218 1.66550049826805 4.03140721205948 3.60079506027941 9.90640815507185 -0.79019836126289 -0.0238454998063608 8.62744884210563 1 566.11935780174
"1" 4.37462289126259 4.5340935338496 4.30637976963884 3.48541266823245 9.35963949623374 7.45289587340341 1.46348269835201 1.50124641002751 -3.69684930387857 1 499.87883057326
"1" 17.5421519805046 16.7349420405962 3.37587488454943 3.40208141168319 6.53279929090457 9.02569970672901 0.158318170343307 -0.705935959966384 1.06839443441328 0 503.043470359449
"1" 3.36957526361642 3.18699726541053 3.22811980343915 4.84711306585385 7.545017891616 11.3839962596437 1.76494223150141 1.114232682 -6.71926981104942 1 466.540754544753
"1" 19.7264069857805 19.2358318126188 2.66303262424234 3.3745216895391 4.97608837449194 8.68463080968562 -5.16675620194787 -1.82281004806628 -6.65068247767318 1 498.165705906996
"1" 3.55639318747482 3.24075405583458 3.99619321980444 4.84423104616005 8.56284196981772 10.3991400386901 1.50590492448796 1.30254528052617 -5.31392781722336 1 432.328110086648
"1" 2.09922766713171 2.37501122394197 3.96081141597858 4.1844631152855 8.79047721881113 9.23091182916677 2.05378631717696 1.32627644705585 -5.44046110849021 1 435.044564913879
"1" 4.57297502123621 4.71961971088922 3.26920628775987 4.02986879907349 8.72739532714647 10.7475198679666 1.68432055714607 1.1121739599653 -4.78623995074885 1 553.342853277262
"1" 10.2120323098255 10.4359509291026 3.99485766530021 4.41084747930977 9.39743066860211 10.2643653273671 2.15320426864017 1.23176131840771 -12.7763515676442 1 508.088141085718
"1" 8.74615241241396 8.67641312365985 1.8552207722636 3.78253689774255 3.77453526206942 8.85644137017058 -1.10422193525509 -0.643456966982172 8.88302118240261 1 506.528522898654
"1" 3.07179499123294 2.92687042892243 3.45416921173744 4.30859927114698 7.81869519230528 9.55441760306033 1.75795079241986 1.61566165632949 -3.6756297738602 1 456.648017119148
"1" 5.23696580118397 4.86294324052309 3.04838523401351 3.61854511169687 6.23057957824596 9.59407169881573 0.0336999098667782 -1.05330985217123 -5.27303344523475 0 487.210931308666
"1" 12.4679232825221 12.1833250648246 3.16321896686004 3.30941941724592 6.18775311006863 8.27893758111105 0.387162344321884 -1.66923948394105 -8.49177439793519 1 497.313284000576
"1" 1.03865051189609 0.606889000020047 3.98684938722629 4.28807851812639 7.15376053707446 11.6782546816886 0.948225764722954 0.235031098820683 7.47614435339578 1 418.685429962266
"1" 20.2870860631007 19.6056686518506 2.64026888539237 3.49624822101454 4.50030578681505 8.77756982798505 -4.82411745103287 -0.733592812537787 6.87862891272209 1 496.116557205769
"1" 17.9829881930922 17.7412374037818 3.13416409047726 2.34083422604309 6.43405046465157 6.393957442128 0.277895981915994 -2.71434571236586 -0.189376329720493 0 536.875653621799
"1" 1.89474309301574 1.87544871559695 2.82000171431988 4.21611885709059 6.85087619333577 10.1996700654916 2.01731892556901 1.16808085647589 -5.47537717386154 1 441.737747489792
"1" 3.29932885518019 2.97910187858312 3.99946347543165 3.76431115770446 7.00491866061815 10.2402592681259 0.82332631813691 -0.00178572249823423 7.56869966392305 1 482.713631275687
"1" 3.54050120489191 3.55269043306603 3.55548097926235 4.34565663020017 7.38532612368769 9.01423407357049 1.58351903090302 0.932827724127972 -5.53054784731134 1 442.472611691471
"1" 1.52643863096751 1.33238746887878 3.12402019697945 4.27003747755586 6.96216536530827 9.43562682000411 1.1917666402368 1.29591118204254 -4.97129533014137 1 438.451831588585
"1" 10.1662609685515 9.69335288077685 2.93600338651769 4.52477857555162 5.37594469679256 11.1351812279389 0.341355571327665 -0.534284364223191 8.98447928526877 1 521.067962915457
"1" 2.39462233155821 2.09955333915467 2.79230011252117 4.26730063268697 5.98134579329467 9.15447340132312 1.64181088003508 1.50953090875824 -4.69009414075386 1 440.799722694959
"1" 2.07639664866183 1.97326100927842 3.79825055430138 4.68219310345951 9.60147589712235 11.8061436870004 1.57830082384424 1.21719691990102 -7.11823610448648 1 439.210733726854
"1" 2.61352070845919 2.07147121398596 2.58887796890042 4.39010027043282 5.72540236257814 11.312564581458 0.162256148331114 -0.455853094830709 8.24347800853352 1 482.81437201521
"1" 0.904921852023846 0.887743147130095 4.10737015415321 4.32923416227337 8.96388135978214 9.49314552338303 1.71414457208118 1.40487964359323 -5.08085277989828 1 411.395189650187
"1" 2.88188140733849 2.99698194436805 4.35494382674292 4.51738830816402 7.66352102509149 11.8805507159117 1.64753823711122 0.167898055687397 11.7549383583582 1 472.862997587504
"1" 7.34444994796375 6.78192753436584 4.11246098092268 4.87074932921889 7.56516219242854 12.4459071714363 0.894887258708603 0.283194959464134 7.13090847476482 0 488.566449904731
