"1" 3.54556480134294 3.82885535297026 3.54122811858135 4.63039514453816 8.39926122931567 11.0563828103557 0.10945376529824 -0.0398304150683066 2.19480156763101 1.06499178286059 2.5499551992899 -5.03996182199468 1 5204.7303155853
"1" 2.93820145373173 2.78044239190517 3.43211085982212 3.41422475500646 7.26032190067798 8.23057310141519 4.37601963453136 4.3504744204392 1.18256285420385 -1.79670922442691 5.92198634481274 -4.16791973327129 1 4428.37526072627
"1" 3.605627400216 3.95392877273257 4.55617071355177 4.41638883804752 10.3646647776955 10.0496517764912 -0.422936066529913 -0.114830705057683 2.37842564418923 1.4445941474127 2.43242408812396 -7.05724310526456 1 4661.30594905063
"1" 4.22788680139214 4.4738154355306 3.87241820219602 3.87983553210253 8.71543283230943 8.77371649415383 -0.442508005620925 -0.0100810750754072 2.72165513777004 2.12079732725327 1.96486283717525 -8.86464616821436 1 5287.7810785951
"1" 2.37510946807978 1.59848964806218 2.45006436375717 3.64068152485655 4.42280270914483 7.43860057564607 4.73046540895189 4.18876375250218 -1.10482605559419 -2.03170519372107 4.23846240378836 -4.726191911285 1 1895.10251558464
"1" 3.165996175608 3.95290616032522 4.33784231957262 4.28477574645411 10.1179118848385 9.98565066434572 -0.494178346772384 -0.588590585066992 2.76133384928603 1.30885105683175 1.82473764929615 -5.62510506880468 1 3728.81086948526
"1" 2.24777729534397 2.39491472465997 3.78371551186229 3.49179514205536 8.20035929616586 7.42684369304054 4.63091237534156 4.55329997455755 1.27290023482518 -0.658787636554882 5.75353449579874 -8.9444725097204 1 1542.79687089677
"1" 4.95282485269221 5.49169897306809 4.15378743969663 4.80393169766854 9.18749069246009 10.7329145183731 -1.07253952070416 -1.04918834910677 2.56538049107846 0.908211521535169 2.01451376519195 -5.77712854254482 1 5162.48369135011
"1" 2.19120443187215 2.31045820338634 4.00640709352448 4.31150423680286 9.36839452777698 9.45182752894221 4.46790884308707 4.42216054135356 2.37377951997995 1.47313128187397 4.24186253100523 -7.25485258529265 1 563.490782249748
"1" 2.31184762819236 3.27360822291662 4.26644652861688 4.20156516592987 10.1710703669022 9.96460729996646 0.292662162133399 1.2875357694512 2.85813135166827 1.35960236142701 4.61189689834487 -10.2910555284172 1 4046.48350363597
"1" 2.03711066733251 2.63990739196394 3.88062892215947 3.65374347551846 9.2787615972311 8.42479999612233 4.59832101668156 4.5063745587211 2.13523059340171 1.12126439563296 3.99347256961336 -7.59853500318575 1 1237.8320370905
"1" 11.257581247987 10.8543340932741 2.04588345854641 3.12828423642815 3.94626666426185 7.66880375238249 -0.751078831748973 -1.02716761336225 -2.91258314169424 -2.74295105354603 3.787088990061 9.3576606002222 1 5995.02927304641
"1" 2.51552037529077 1.77245898901486 3.99937396341328 3.10740651233037 7.33361479328843 8.56705534887752 4.75499066251488 4.86827634635135 0.752714688231243 -0.315861742723413 4.45707203566087 -5.52759795881514 1 576.083811741642
"1" 2.46882610616016 2.98224056051382 3.98229565146404 4.96551357236732 9.12304563604911 11.3438678208779 1.07782429117829 0.430583737672097 2.63622257868765 1.14286650634819 3.14194873274658 -5.20779986299688 1 4224.97242372615
"1" 4.03476342835739 3.46338634465757 3.33429846782292 4.8785979116047 7.71947270035348 11.2945918703451 0.332597615564102 0.107025078245522 2.27805230976698 1.90341485810126 3.20246659356616 -6.15927740570005 1 4076.00867916718
"1" 2.20922354998688 1.4765363186471 0.85777639151665 2.45133084492812 1.90565990289195 6.23123808938519 5.12358116440824 4.77580180099271 -4.90164169028023 -2.60385202998217 4.28693317928162 3.43647626826157 1 -2314.36006270534
"1" 4.53181990360955 4.68875349097489 3.62592969380769 4.0765270681815 8.32851031262411 9.57317012906958 -0.406530891128809 -0.330302748711758 2.48650954847279 1.42750488137738 2.01419399606587 -4.59302907303832 1 5184.99221460878
"1" 2.14132914877244 1.64747495180632 1.04539043820238 1.37807857644719 1.52444226917142 5.2291278682494 5.06181038126171 5.10445639588675 -4.94933992343016 -9.43350308606439 10.0539588371803 12.1617365173051 1 -3947.70490463334
"1" 3.8026539480463 3.93928636275891 3.72883176614688 4.78173303034959 8.44631548424795 10.7371865088607 -0.273137201141585 -0.244164671793937 1.89037094543196 1.18805933212179 2.80791862295458 -5.7932722982127 1 5274.06230664277
"1" 2.48598427099643 2.86631409470482 3.71337426107391 4.06086807141149 8.66651756095157 9.47678006534274 -0.166417052217427 -0.261670178801959 2.66826470929611 1.56261765957938 2.49317816413808 -4.17203701114454 1 3446.40514358575
"1" 2.75574104458611 2.63957797816171 1.77596098874125 2.93171953575697 3.6522251568791 7.14278082236862 4.88471167703642 4.67240792557054 -6.57387631836431 -4.6696868456124 6.25700281887991 8.71820885057534 1 2886.60315960291
"1" 2.77575500863811 2.75546295773469 4.3698221968657 5.25538288022841 8.91872940353577 10.723712705889 1.0107122867245 0.374522377028304 2.28372583972272 1.66200922637448 3.60875964605195 -8.23196491948776 1 3683.32214235014
"1" 3.30020217054359 2.77191425638817 3.37853213541757 5.67119323540565 7.79963605871184 12.9883760427351 0.571046298070797 0.170905788849512 1.78347645382759 1.50657397335549 3.28947991351263 -2.83588993024247 1 5305.95109786291
"1" 1.59529860341435 2.02413574346036 4.07749205441664 3.77032914817777 9.27606287243933 8.69365305254565 -0.0837687199172482 -0.107272267650253 2.13433952441295 1.48009191252522 2.49649605368294 -6.56058797886667 1 5060.00009990396
"1" 1.89877524368665 2.35641932384429 3.63635108649737 2.94500145995093 7.17912280182592 8.40428198330503 4.8070636584345 4.67483379255685 -2.3461537269656 -0.773985222047501 3.14555035077482 -3.22015973712985 1 970.587806405616
"1" 3.69054332946229 3.996690308461 3.98329206946842 4.11165640200632 9.03978142784935 9.45888059520947 -0.626191614796195 -0.5974944300796 2.23632647318411 1.39628793978003 2.09960149261558 -5.91839877319896 1 5122.29490143435
"1" 2.65644701400974 1.74230524596536 1.71191874231132 1.39282356091178 2.53950377926929 6.67997453400256 5.21217394274399 5.23508666430568 -2.05864389699734 -1.68935485598626 1.98276239311808 0.058103226289782 1 -4781.62807136461
"1" 2.67733124975224 1.67804082152666 1.08787892349681 0.531763210691392 1.96429026834299 3.80567253177454 5.3527694948006 5.39295218929977 -2.48213604082249 -1.71054469428043 3.90831942993896 1.42769490071321 1 -12383.3481755975
"1" 0.182678367839381 0.905248689213951 4.42461012662891 3.84537281520291 10.5238518524422 9.14632214043504 3.27787682948817 1.97767932375818 3.0996918673406 1.818186892945 4.34756349786793 -8.6174641393802 1 3126.84028773391
"1" 2.71061095600861 0.569331877577001 0.355137718372117 2.76821597032227 1.58811153698704 7.71024209052265 5.54358803836491 5.28128127943902 -2.99776963537737 -2.44293935886487 3.30707945678294 -0.280775171144774 1 -7171.14310735902
"1" 2.8784646671939 3.20827881922977 4.06257940281487 4.2101893955086 8.88134601191461 9.07865884191837 0.351068194707652 0.192102615787191 1.88718283376265 1.27512353077758 1.44307059003696 -5.87676000238438 1 5335.23973220793
"1" 2.90350011654768 3.25738840152962 4.23315864281357 4.57403093402496 9.83293387166628 10.6316486641902 1.44659848292578 0.420467557619404 2.4253228699096 1.56660724271077 3.36171067950095 -7.09979464094685 1 3740.10900273643
"1" 2.37309501605676 2.28993589593719 3.76878012088393 2.55416118291666 6.41733244301347 7.53121549790603 5.16000505075604 5.1829685798559 1.25219129440315 -1.43468179830396 5.53987820280322 -4.4643092067896 1 -811.537820158192
"1" 22.6408084422558 22.3674368054733 1.93147263726562 3.09746466494145 3.77813430629929 7.83075884366412 -4.20346204634495 -2.36175129547843 -9.41691126374121 -3.21289828590916 1.14066569367969 -6.38930600825985 0 6071.08461239596
"1" 1.22340057535123 1.46256952619328 4.01505894591764 3.96465518828922 8.7480295283598 8.74455075354052 0.710632423254094 0.600644407033349 2.10381452471942 1.35078015904917 2.83783685901261 -5.64913162390668 1 5158.77514447863
"1" 5.22196824585541 5.55615815416638 3.79168457078242 4.76414709420168 8.97411679620076 11.2752390305049 -1.23488876987086 -0.946547707871087 2.67113201467943 1.10748459226468 2.99213269223993 -6.74197730730732 1 3935.31715837258
"1" 3.28349566342625 3.0200915295826 3.66433540111155 4.38013112250931 8.06735172524615 9.64320574578885 -0.0703151585511658 -0.227888516250145 2.23233750729723 2.04796538762042 1.59664304063521 -5.34438042291977 1 3488.41806496748
"1" 0.78881799553181 1.55519012777377 4.16857504881855 3.89145571429209 9.86141136807951 9.1942016461719 1.91259797383181 1.83527978005199 2.67934768753458 1.87216699752379 4.41879182097905 -10.1825194977422 1 4122.30537577474
"1" 2.98767676673703 3.09570884391612 3.11691185113933 3.89080397376187 7.41279057650168 9.27826413893215 -0.68054048918567 -0.765342178118191 2.10530748323228 0.870767887058664 1.97024691759424 -4.01018993255063 1 5450.07482237786
"1" 3.97897622695111 4.04161091003802 3.42291910142934 4.22779477062906 7.94315904274131 9.932966245563 -0.532592929372719 -0.522850526017302 2.05953818237505 1.49749651877328 1.81240680872359 -4.16555248782726 1 5288.45691221402
"1" 3.46653269113649 3.80829859448178 3.99981026865329 4.40917122718177 9.54381669836482 10.5189414047622 -0.137018427799362 0.197089006023082 2.50511723571344 1.47517313327072 3.06865861982046 -6.56281066455596 1 3604.78977505
"1" 1.48747826678261 1.9952102903736 4.25730974853778 4.28645072933085 9.35144365076271 9.41194417592741 0.139457376443823 0.459735471792032 2.62938898366292 1.65733895975562 3.53266955563093 -7.92686923053319 1 3347.3320977627
"1" 3.66965156266122 4.56312076324699 4.9218332975904 3.91493793437513 11.7435848583933 9.34650282138933 -0.513108443959151 0.0890769641873833 2.47320649581289 1.6769926455466 2.90605904921236 -9.07777114871216 1 4162.35388922473
"1" 2.56829552289798 2.60347264826226 3.53222019273175 4.17330469714006 8.0104922772586 9.59513094299156 -0.074067988531989 -0.196116977332727 2.19325996993382 1.14165157170853 1.54683169195265 -4.88267961431758 1 5221.68845427458
"1" 3.55489283422761 3.82389819430089 3.46767491033606 3.97077351312545 8.43714246113811 9.64732534720902 -0.283183117620662 -0.048882285456879 2.58487041319093 1.65463022299307 1.84155472598431 -6.45993473036455 1 3911.70024315119
"1" 2.65143706708587 3.05045189209166 4.05643685915272 4.56140785965531 9.44044634093317 10.6834164123246 0.386473533796421 -0.10312300456184 2.63407452266367 1.55626325385448 3.66072978359062 -6.05160940788129 1 4393.37911303619
"1" 2.0892187264102 2.11517471579064 2.196895689556 2.01898520568282 3.56107770259543 4.43233703533986 5.13173388627121 5.01652048926065 -2.26087547862051 -11.8754166279351 11.5504863277933 -5.21615661961298 1 369.788483294134
"1" 2.73326306069405 0.74575077979215 0.73143302992635 1.98442594742862 1.6271095422508 7.49939891759875 5.35561216430805 5.23247147345639 -2.21183007652839 -1.48792715464025 4.07777874216588 -2.69148856053769 1 -7798.19139414531
"1" 6.80747400026159 6.80382027046645 3.30759438458246 4.5924841802893 7.77066280736905 10.8725397836113 -0.570801092219601 -0.655457968504738 1.97219237681106 1.0851527083034 1.96942153951578 -5.82384392330469 1 5524.15547903097
"1" 1.88136583504701 1.75119102231424 0.440722058244806 1.75684683682309 1.33160770557295 4.16906304861247 5.37380810778027 4.9355060978698 -4.72372954693549 -3.19593052144105 3.80668869200134 -2.72916663997931 1 -3899.59496977064
"1" 1.00427493081132 1.35780383771208 3.84928819578328 4.05559724172887 8.70812822470649 9.22213286035102 1.49219721396928 0.783643455318467 2.21522364194771 1.47927541947306 2.5332397687393 -7.47311975630953 1 4912.1616123743
"1" 1.81767313007446 2.63209115095576 1.38257752782447 -0.294534737255728 2.07029787796389 1.91989871150684 5.77899621448692 5.80183592911908 -4.09142671561365 -6.0591673016494 5.89018166430382 7.45489368729398 1 -26673.6040625313
"1" 1.4282852856608 1.84653871493371 3.56260944702625 4.19290752338715 8.36379364711049 9.82889297345883 3.13342355365033 1.57441030250191 2.52740937639357 1.01627646652497 3.08821210634359 -5.97924059481081 1 4641.39077952177
"1" 2.52830388302154 2.56406514029086 3.2701279167668 4.12212897634657 7.45722723858382 9.43387993050056 0.978398062581486 0.892489770382662 2.06360011620492 1.21894182077572 2.95094466308166 -5.17118647901186 1 5207.48944487239
"1" 3.52946491557209 3.80926830385634 3.39320566754716 4.06820427923231 7.98271264128479 9.4397202632632 -0.623433739808558 -0.521826684037008 2.27792651334857 0.937792464960382 2.01601292584618 -6.20977706311668 1 5433.23660151576
"1" 2.05366135225512 2.47160298077685 3.88045900028518 3.99176319817904 8.89666939566635 9.25963915611151 0.511436719484697 0.541870677176941 2.16007943527499 1.50187565788125 2.88497712815876 -6.99303675327873 1 5039.60634340068
"1" 1.91995605031759 1.31881198598705 3.59233743787413 5.07675201970801 8.48653007205599 11.9933132219876 4.09618746604601 3.70481008229568 2.51881921120851 1.94343733153696 5.21581063589771 -5.86020212891017 1 796.471908390376
"1" 2.34458648725372 2.23829466577087 3.70642675926164 4.91394157244448 8.51362620720717 11.2868440873063 2.35934260607375 1.42526442115064 2.46528014516816 1.54584949765266 3.6453806667315 -5.13228442304624 1 3642.51839737031
"1" 4.44243600049954 4.90751936962291 4.01455808001479 4.04611152008194 9.08480911802074 9.06451404676737 -1.27980136926357 -0.398344680494317 2.45765637615798 2.01138276103023 3.3322389984074 -9.65370480516016 1 5023.88173311649
"1" 2.61708120034826 2.6298403799455 3.56280196476966 3.95130503811906 8.58915449138574 9.46929455246735 -0.0117739098860159 -0.169453618441333 1.9479842187986 1.68844138967411 1.99646876722627 -4.80141105363299 1 4984.28763854207
"1" 2.93017311038133 2.9521603618491 3.22357778459206 4.14032616180064 7.70421330633011 9.89116844320464 -0.381717440426748 -0.168035962097382 2.16574684192267 1.28456505490014 2.15855203208062 -5.06309826291383 1 5184.73075244026
"1" 2.16202486258648 2.26113970352023 3.66867969183679 4.17699643801275 8.09510382848794 9.20614045250984 0.689877956633722 0.595126227754732 1.80623834032325 1.24325223300449 2.41089093933306 -5.88672610849565 1 5274.2911584884
"1" 2.73756771867618 0.174452042136626 0.780972103227955 2.0744603867114 1.89147518106233 8.89896795272491 5.27721286083508 5.07585007517561 -1.82182287586649 -1.53316973177627 3.41861978277391 0.373871964177439 1 -6703.00353137893
"1" 3.78840874060804 4.01448350464114 3.45272863497986 4.11863506322137 8.09278177448597 9.56873996539792 -0.663819627985025 -0.42415908087974 1.98346909427722 1.17192383502736 2.01324097776536 -6.5552722267948 1 5447.44962907207
"1" 3.4661543503014 2.88341605512082 3.79929866797823 5.61359181459765 8.51764129658523 12.5850476355588 1.47828776454795 -0.0316845741597547 2.15893729702619 1.78652334261464 3.48764236032355 -5.92552361034686 1 3904.39155621215
"1" 3.12681633351843 3.29495412596174 3.62677699411455 3.80848741709165 8.85995650166578 8.89525451697141 -0.333028119306022 0.103572452549627 1.73414323414073 1.09877637638696 3.16612258277963 -11.1117595890271 1 5639.60001857352
"1" 3.64733352549374 4.14966713942907 3.82203453879144 3.90290667086159 8.63125232449662 8.82237817606615 -0.894713148228488 -0.822999908564544 2.6244030230158 1.72278207168009 2.2979361266821 -5.45438206277313 1 3887.08744428502
"1" 4.70961201986737 4.91224858560249 3.83659021169828 4.52238314781281 8.61007729006492 10.193265669041 -0.77092941009872 -0.509352641699608 2.00031638770925 0.760038012029355 2.58511212535519 -4.57812565073933 1 5562.63341211644
"1" 2.4477152687984 2.15294931601964 3.86640961234359 3.90396821576243 7.85823124165093 10.1582885744793 4.68536914739014 4.63014351764073 1.11934044731567 0.504821808272947 5.33891650302329 -8.08253078100693 1 818.408365905925
"1" 2.35875076643494 2.76186214276379 4.93542008163162 4.44935323144314 11.1499156829754 10.0457317207273 0.0509841976453995 0.23094324284718 2.15098226033889 1.8360651813007 2.63025735114367 -7.85995589615001 1 3708.3275544128
"1" 1.38842449582864 2.0601704304913 4.45884455079682 4.25738178096153 10.201151478514 9.73906132948753 0.633669580702451 0.605418729298265 2.66160251661756 1.5696624857809 3.60275614718307 -8.14514465617116 1 3425.00837499343
"1" 2.11064900084129 2.34144183039715 3.62253136235029 4.05162748031244 8.32935248073011 9.31715884163235 0.361785173446493 -0.0817123939213532 2.61321790994231 1.72863057578313 2.7682147735888 -5.43956969048172 1 3511.90983355782
"1" 2.83186480895052 1.3178510596196 0.165635788464531 -0.245183357932019 1.2850020922351 2.03986967877559 5.88984970477939 5.92056255039146 -3.65072763566952 -6.29927120078513 10.4535212094201 4.08976512161736 1 -35245.8686202657
"1" 2.85704673948889 3.43294809975227 4.19165339393601 4.14726222278915 9.7735060590409 9.67192803255764 -0.106246427576473 -0.0720468573039164 2.63159520270619 1.55119330618916 2.26526333976047 -5.57766055417778 1 3619.13312840791
"1" 2.85440584679221 3.29646549626395 3.65291349502239 3.76990830145349 8.46098542136711 8.84070667027061 -0.11230493885933 0.26623090437534 2.20489127598525 1.62898971202599 2.46483216521799 -6.84932753221278 1 5098.43901631085
"1" 5.88120932881131 5.85176861396339 4.06734406235268 5.28329407122805 9.16606780761192 11.8848931829507 -0.31246837476031 -0.38906455944856 2.32141098114535 1.48603119140839 2.3642324290537 -6.50811160597768 1 4103.33168593619
