"1" 0.219797448335492 -1.1054353687329 0.347340820807836 1.00986393401477 0.373380119985616 2.94990767073657 -4.38305528863655 -2.91010649211411 4.82093318782546 -2.83752860831564 1.05868116421207 -0.712142942718698 1 -4443.79495977904
"1" 0.257945696582209 -1.0949376995702 0.220224772328394 1.6755822852137 0.25091844205467 3.60930835897363 -1.19006045284335 -1.10470409605178 5.27398168393855 -0.318465240673227 0.155331545910576 -0.0320191185017108 1 -6272.74322050143
"1" 0.509891221901907 -0.975477168236603 0.241216112935668 1.23168182289096 0.266444358699227 3.52087004620387 -3.37686934448519 -1.99419432443725 5.0830143334217 -1.30156308079754 0.776758963034494 -0.0451924509353676 1 -6095.34375027094
"1" 0.46132604933337 -1.87953192622463 0.241016041949476 0.973949354242847 0.265903023859152 4.16067576739309 -0.349922105107294 -0.980669998986622 5.04668016885279 -0.327082120405964 -0.0263222216847849 0.318561825158683 1 -6020.92081722835
"1" 0.324517031367646 -1.14512897258959 0.537574085651837 1.09939036539319 0.471014413991652 3.1453625538599 -3.57310723662803 -3.91106042150545 4.29650223958507 -2.48045871684322 0.871390199273954 1.95214387230469 1 -2514.99453008463
"1" -12.4055730723271 -1.59363572824001 1.2541538939837 1.23087563880703 2.83873339708389 3.23206673924648 7.83188229604589 -5.14768851735033 -8.81111497745705 -7.1420568893068 -5.17899900891158 -0.14110169503026 1 1990.05056220794
"1" 0.146706137242994 -1.29398990931751 0.240649652142146 0.77155412552081 0.254597441670915 2.59955759997936 -5.95579828186283 -5.48343196542388 5.17549645226533 -3.17991943387714 0.981795070964529 -2.73461503896035 1 -5902.32363603781
"1" -12.5836667313563 -1.50167989083776 1.21281493264478 1.13836041118728 2.94384859344532 3.18124344242529 7.86962152134669 -5.17889109265921 -7.37811006864555 -1.28615363063695 -3.89765218819163 2.1307890673887 0 1958.42689639579
"1" 0.266938880389614 -0.99978891997985 0.200145647778437 1.16597739007856 0.240108274466162 3.18669251226409 -2.88959103177982 -2.60127750618438 5.39100880821291 -1.79821846465678 0.191018941040377 -0.0757336203919077 1 -6943.27052008352
"1" 0.493837095390618 -1.42393162199105 0.244048996448366 1.16903112241299 0.273058989272879 3.00948898386769 -3.67897779042889 -2.79047836074698 5.02103705853718 -1.87825931928655 0.643908838614973 0.0167015454988851 1 -6077.03808899185
"1" -0.239268122593525 -1.38580687216319 0.251381384154377 0.637648569561746 0.294100680568225 2.64804769722602 -15.1813388613003 -8.88049320350211 5.39840334819556 -7.19784975208237 1.03962275043787 -3.8901208747432 1 -6172.00356957683
"1" -1.1802767245085 -0.204889806032956 0.308057836366574 0.444731743376284 2.88007704393133 3.93184700793462 0.317241323275787 -2.5172066602957 4.50099241797706 2.1375675533936 -2.53427908131565 -1.6857956314564 1 -2180.68267946453
"1" 0.313459824790911 -1.3008176643892 0.161120476835524 0.886981349501056 0.228204458805123 2.83790310730388 -4.34048752074827 -3.38196267164485 5.47324196823545 -2.76936904184925 -2.21810624076071 -1.74146799610509 1 -7675.75627613571
"1" 0.636845378620259 -1.20442475911374 0.110415089143415 0.455177742046878 0.185001691827303 3.32923222461814 -4.79665972404613 -3.59658677995694 5.57377121844723 -0.51072641119952 0.0871801549864464 -2.45809535990717 1 -7679.86281406059
"1" 0.278257137143429 -1.3151101371122 0.259213764126851 1.02773125217214 0.267302424300457 3.05397762470247 -2.4621024018725 -1.93808416411705 5.06626403402148 -1.40285946666593 0.492840568904084 -0.0394052710884847 1 -5833.55187117484
"1" -1.82777120126168 -1.44614191490957 0.981334551087492 1.09836811493729 2.41163493073526 2.82813672967941 -5.49748244632839 -7.85010046405848 -4.36112323700068 -4.65858949085681 -1.21759416904226 -0.152166910510904 0 2193.13434115739
"1" 0.108744027733195 -1.46761909656988 0.151995545883431 0.327834032980207 0.199685680502896 4.03073225334306 -2.23250799737537 -1.58761640424746 5.66975664138597 -0.94554269235941 0.526368782410527 -0.147583196912923 1 -7558.13054602382
"1" 0.373874225958834 -1.33874663516217 0.259747624372675 0.703569850522401 0.306286265871013 3.51648987472323 -1.68006673133588 -1.77068846854966 5.02431386368051 -0.85389249832853 0.280970191330804 0.371554279863789 1 -5749.38234566014
"1" 0.335270483144022 -0.773387774415033 0.194402335109882 0.605326023702565 0.277049855139322 2.5199021060132 -3.02038089649619 -3.27331147026601 5.31744082983532 -1.8771887345603 0.447862661974273 -0.930361446730623 1 -6868.92086537016
"1" -12.6050711334035 -1.54443666775437 1.15013129531511 0.977835475597028 2.8118790422251 2.78248613817831 7.87220529459313 -5.15833800040462 -28.5358757958051 -11.0720328748924 -6.70910435745048 -0.0768793750599928 0 1916.21521946322
"1" -1.74182584742192 -1.26189485796942 0.883007081155996 1.03860495843751 3.10880411540171 3.04051280332032 -19.6493808100897 -30.8967244087029 1.26201030962406 -1.23124050227885 -3.76077568897262 -12.2395061157877 1 2291.16741804185
"1" -1.644951213618 -1.3156807144573 1.25071139206787 1.33042430156964 2.81410666520721 3.50203775056 -8.17336957275121 -10.5454103752957 -1.12377560655068 -1.31733258922635 0.343786535436166 -8.60854355919812 1 2413.249661888
"1" -0.338287116796151 -0.893739884408196 0.251225305622419 0.90279035748127 0.284689771360739 2.64351749332461 -7.80935475300949 -12.2628547577607 5.52801179543821 -7.38524909582669 -2.08751397892317 -5.66251370086879 1 -6150.78620700061
"1" -1.74534885015149 -1.3815930453882 1.1583913499103 1.17259039188466 3.08318567946371 3.03217094678821 -9.91546760076212 -11.4656447273995 -0.890499769773125 -2.01617821076828 1.85771912344514 -7.56209149807579 1 2289.86676411232
"1" 0.800638368914964 -1.10819224068035 0.245144304560263 1.4663383570691 0.294186385399303 3.65614621919381 -1.30004087431665 -1.68272700715745 4.91321757408932 -1.13930957421308 -0.0287357059149912 0.146362082647406 1 -6106.75114833745
"1" 0.893969541410673 0.197381738272267 0.211765903803323 0.418247409239089 0.229735425142986 1.71046028562149 -5.68257534913893 -3.39393227258527 5.1651154470952 -2.89820796791422 1.5174190241665 -0.806709760022451 1 -6067.22995518419
"1" -12.6339601609693 -1.5242728099033 1.09769156510218 0.998061334013823 3.03080282855745 2.8445574465617 7.87790758805754 -5.16260316673927 -25.4401718743805 -4.76075943324623 -6.8935258177067 0.39844257694063 1 1917.05060835526
"1" 0.420778729586331 -1.27332420856496 0.249377840396507 1.45745284626513 0.284179015993016 3.77874842647514 -1.83452886371624 -1.6863020504685 5.0482886400588 -0.628811560793654 0.0539982029526785 0.00155371395000591 1 -6037.19062092068
"1" -1.804254363486 -1.40524131975676 1.07593253675853 1.31833857244998 2.90186817742026 3.44311641171472 -5.11856268619539 -3.76765830366661 -1.00576392207868 -1.54457071355907 7.24209419915783 6.61810314740085 1 2240.911612342
"1" 0.737222061503674 -2.13995659962576 0.227579129916034 1.33801829535129 0.265584439067187 4.39234651572052 0.871233076971392 -0.501241705684124 4.96166418381526 -0.163288601270966 -0.264937498812224 0.216742639582978 1 -6319.47634652069
"1" -1.81907725104595 -1.32887375746679 1.11137563746983 1.09124836153403 2.73944527658611 3.01469041721837 -9.7123124518539 -11.6757303887911 -1.61099975862842 -1.78559754301131 6.67151379419147 -8.24579060389065 1 2284.75290545542
"1" 0.598053219493564 -1.23959523708468 0.128754418985295 1.73756636472507 0.198161551304301 3.93325122904318 -1.65305766806542 -1.7239929510306 5.56545208533267 -0.728643583056599 0.0376665216406011 -0.0555167772151284 1 -8005.04501055296
"1" -1.68462640988398 -1.3554225016605 1.03880515282747 1.02780436217841 2.48969172566115 2.97488842561268 -8.37809258248449 -9.52248945953403 -2.18935823798901 -4.03059125908304 -3.49778730754034 8.3717703372641 1 2339.088103769
"1" 0.503504952644624 -1.39667327792168 0.139968991858207 0.910412352784129 0.196057505592276 2.87790503385878 -4.21036567782606 -2.81404798020083 5.53420164515107 -2.10600877560432 0.677347994690016 -0.482689652150249 1 -8021.84527050046
"1" -12.7290370174203 -1.61718791990317 1.16993351777267 1.09003252251042 2.95918052652637 3.06356239807972 7.91326243435618 -11.1352343208456 -6.1459452396574 -8.52850053244111 -8.22225637735641 -0.204801863237525 1 1909.57951140375
"1" 0.470589272589781 -1.41878247895308 0.249027554996331 1.01512269171334 0.272748561672378 2.71261018323923 -2.80536514001915 -2.43525188268853 5.0604404807152 -1.88691436184735 1.09873075847623 1.63954721462545 1 -6199.09016361664
"1" 0.607446603232054 -0.901971013142377 0.226151315761009 0.962181592540668 0.270293773546139 3.33951591170209 -2.04176563778756 -1.77582501436676 5.11715304997383 -1.074914810109 0.582989168260602 -0.163666643961016 1 -6454.82543614792
"1" 0.147743424711235 -1.11852845847161 0.19057164363263 0.678574199011214 0.245359916264688 2.75222574442811 -2.03045038549337 -2.3947715860768 5.44855144433911 -0.826624642625196 0.851119387430434 -0.187699708243439 1 -7253.22995093533
"1" 0.504047289206656 -0.22466276747045 0.0565845755265339 0.7687194380568 0.238485300078297 3.16453116409987 -2.62627740284466 -2.54683193946616 5.79945478668329 -1.50863228122206 0.417701039371896 -1.15333397571566 1 -8496.39898139567
"1" -3.02822985504603 0.884066827725904 1.12861112702032 0.269587092154371 2.91228356044272 0.306261469584457 1.67134381060704 -2.14413858061563 -1.19340733114196 4.72687587082999 -0.487534175895266 0.0928293910313945 1 -5804.18364399011
"1" -1.59960961931034 -1.39037878635408 1.08097007726682 0.990976598381579 2.58628148294623 3.02354846796814 -11.7944281916474 -10.244897613897 -1.23674910561006 -2.19585693235556 3.38395279374617 6.79640433474849 1 2352.83768465079
"1" 0.371146475245176 -1.28955362567348 0.235732573167918 0.859248482565692 0.256339633735851 2.9719127440314 -3.68410120314851 -3.46577508962687 5.12430102694876 -2.42200198112141 0.89368216358215 -0.300566569775018 1 -6229.90386171624
"1" 0.160881569071601 -0.658066637236207 0.20973449124519 1.08228239684184 0.283137428897903 3.0564942359166 -2.18606604368619 -2.06710932441457 5.40267477875477 -0.950126268466968 0.335258548684559 -0.0884781365810527 1 -6543.26783777907
"1" 0.653846936039355 -1.59781434387416 0.258050394705163 1.73530004776907 0.264521973943195 3.50096112043983 -1.44538955763044 -1.3363339885637 4.93546582796114 -0.52272883860906 0.352194474125641 0.427147671546838 1 -5814.81258803702
"1" 0.576136472905137 -0.814766625841601 0.235874926500356 1.21752320714908 0.228937073110382 3.36050199934436 -2.5442719545354 -2.27924952771756 5.06211886183719 -0.7217199442946 0.497673765745362 0.0186259273689587 1 -5848.42798538589
"1" 0.814927226032839 -1.59437953219851 0.283983860609814 1.5881426656311 0.307782444113199 3.05221118801585 -1.45739883812346 -1.71719090551701 4.72948773150763 -0.669207609667862 0.0341242391542994 -0.413172511822757 1 -5556.63437645859
"1" 0.390785358761811 -1.17539993826763 0.204874334036493 1.26529878273831 0.200654791834743 3.23231440595191 -2.91906334517349 -2.8808891245484 5.271910951148 -1.22385958538448 0.033046596939189 0.00344257552970708 1 -6428.48140237371
"1" -1.57056738752269 -1.11284478347787 1.04029727103987 1.07467788677047 2.68993917661213 2.8503868573458 -2.13566535436264 -9.95568278441106 -8.45974316842294 -2.28701212340826 1.61722138261655 2.46879238083065 0 2637.79604684841
"1" 0.119753817301947 -1.23042854850497 0.252209014800822 0.746523691905572 0.290024740777471 2.5816790490874 -6.18332326933806 -5.03565563500027 5.18852435530972 -4.01877521634829 0.66524198727781 -0.0291961864750132 1 -5953.23083087119
"1" 0.939756133022778 -0.747772666719759 0.187709040631282 0.888076849849926 0.226892627264769 2.93014422069004 -3.33085339140281 -1.55707700865606 5.1852973781237 -0.974253426003741 1.34197249619502 -0.111136383696928 1 -6895.11116495047
"1" 0.310162701223271 -1.24545195204148 0.224538652669188 1.00864047797018 0.2592847158084 2.94480914292442 -3.72397614491401 -3.38862043642184 5.21632250910525 -2.67109402001757 0.127478503147731 -0.222618021347951 1 -6531.19323161313
"1" 0.233478274111667 -1.10998069054367 0.223201626862855 1.07645123543796 0.270352750980878 3.2025455624737 -2.1374471314547 -2.12288104736466 5.26664649961496 -1.18797905893492 0.343308453831355 -0.0189687212351441 1 -6440.78934809116
"1" -1.56696236443706 -1.27717882489538 1.04778574304582 1.16315851660929 2.84409432604115 2.92228207815619 -6.78116865146265 -3.86997527211289 -0.873789565649114 -2.33982861126446 1.90886259984105 -4.13789903568606 0 2471.58668845246
"1" 0.506832073372873 -0.964146773730262 0.176056302470924 0.708386262629691 0.233391805846981 2.35675245961914 -2.64407647003275 -2.31021671033537 5.35903227446934 -0.412034727351815 0.731953878583971 -0.246544389588788 1 -7221.12593245521
"1" -1.78677382218145 -1.33327936936595 1.11035358854932 1.2851152137409 2.55116419913591 3.33465865056584 -6.08448242238138 -3.82923395287546 -1.58076675359502 -3.02227390260646 6.21123395325618 5.2517902593474 1 2314.29423732572
"1" 0.377324376850351 -1.5194156366536 0.271063835430291 1.37602097558335 0.262178932418612 3.05291967068737 -2.26407755616169 -1.94883704458994 4.95676968616199 -1.02089881541922 0.313943382424928 -0.00062859141806039 1 -5488.32481129625
"1" 0.215408986936736 -0.767543548812081 0.0895226274735609 0.892764155311745 0.162502969657123 2.92193976829716 -3.82533643980765 -2.80215617447001 6.04516210872857 -2.83096305837308 1.20599870269607 -0.646654074949586 1 -8877.05227068561
"1" 0.486729621317775 -1.01797075106789 0.14388235313022 0.608466025284858 0.208845068921198 2.59869579811041 -2.84390842729577 -2.72416117412349 5.53710949020685 -1.1221584061814 0.584775319623221 -0.215373737971196 1 -7790.2505236796
"1" -12.4175284464262 -1.44125500085737 1.23829700349318 1.03777056235784 2.70124479337787 2.83524503264826 7.83807708579995 -5.03333749335038 -8.68826703806957 -8.65961718317224 -6.14032209731212 -0.0983930376694819 0 2085.98425650643
"1" 0.417626709581089 -1.29655883687157 0.235326252478404 1.1508116964746 0.278070444038006 3.27749092274609 -1.62977056231322 -1.53873884859247 5.10365508358189 -0.701329058629866 0.271346369305822 -0.101990414375364 1 -6375.42124712534
"1" 0.363118989976996 -0.898173693256529 0.186989114890589 0.76757160709376 0.243424504488429 3.01732117521709 -3.54552588596647 -3.71306572928304 5.37204877019728 -1.65713262358166 0.587001916503975 -0.400791533104219 1 -6944.2917601192
"1" 0.415198809436875 -1.21130687277359 0.201144740038205 1.08494211889294 0.260401632919457 2.98017196307212 -2.29992662019508 -2.15888680330996 5.24822769952981 -0.995977238842786 0.508698249443887 -0.0943519375587703 1 -6428.78608723619
"1" 0.676742620484673 -1.42568770578581 0.148082036879849 1.25156122550377 0.215374130353621 3.2047572578259 -3.71103392971838 -2.89951415816398 5.35933252246172 -3.22951321255949 0.69272339284117 -0.239654872601768 1 -7554.63903271756
"1" -0.173989348810326 -0.782532907480255 0.195513656169362 2.02424597360737 0.281985311921295 3.08290646117472 -1.66103459527279 -1.54060486941734 5.56901230514682 -0.87027525201438 0.2859943189642 -0.213211275698265 1 -6726.64532516463
"1" 0.478983878205062 -1.31204687494003 0.242661513364888 1.41201713568301 0.273054996207528 3.51462285888051 -2.12360936062163 -2.13464917842348 5.05636155829038 -1.13065883892435 -0.0403970497046615 0.117892632261758 1 -6342.4254379217
"1" -1.50777028720423 -1.30966020644951 1.02907228058246 1.05476113037055 2.8535997513631 2.96136392981297 -11.3265477030809 -9.43579066118503 -1.28206331312808 -2.41111292335993 2.27579356777719 6.9108592855259 1 2478.35253048997
"1" 0.0836180695143044 -2.16554545061659 0.237069203287072 1.70010007299865 0.275164011784548 4.52496477072046 0.811596742139331 -0.504889059335213 5.20606368115514 -0.278575967095288 -0.350946120439061 -0.218662987131954 1 -6001.49205167723
"1" -1.03973154501939 0.628713766938459 1.03881028612555 0.18941228329396 2.67172342891988 0.213424320886181 -1.27905997215628 -1.91240387473928 -0.291197757419895 5.25809501401308 0.414457970983392 -0.0636211204739012 1 -6819.7820672724
"1" 0.135790468730265 -1.01120924104977 0.24741282136421 1.24695623281913 0.259222603716096 3.38512498276342 -2.54251815815214 -2.16357840346292 5.2359355478552 -1.21345881121204 0.242615575082329 0.0137797200758661 1 -6067.21556754869
"1" 0.528533501917067 -1.14664546575533 0.218807517944044 0.72260140128301 0.287931053951001 2.87371376811307 -3.53314572275937 -2.08947813858831 5.14148869387262 -1.42196102530422 0.827864356326503 -0.117847603294565 1 -6524.84211487326
"1" -0.334638489036836 -0.725927444101151 0.310489580853958 1.56557965452831 0.351668827814277 2.47258969405797 -3.07108427965096 -3.48868777419358 5.25709622780026 -1.50481627634256 0.472358432207531 -0.341867110126407 1 -5225.50089756737
"1" -0.644653822741866 -1.22423613413353 0.320060954272939 0.662925969876591 0.345028968129501 2.41155365044851 -12.724455438709 -9.07985922035204 5.45249920678908 -6.68859522180579 2.40348946845446 -3.52778876583086 1 -5031.44653577154
