"1" -1.32153000722745 -1.01036810283486 0.193275185879068 -0.0492817053361593 3.22606223724836 4.2034216637906 3.53655159687326 1.41838526275862 -8.35984400917953 1 1127.83139662667
"1" -1.07409892850355 -0.847103320558556 0.426764710911552 0.998223338090754 0.354842473803096 2.46898623982582 3.97168418809253 -1.76985211457442 -0.970484946003045 1 834.13222701212
"1" -0.795634140140233 -1.58052962529477 0.465459976353402 1.07072594308735 2.7765847081517 3.29950242269746 3.14869252570602 -0.00287215954959135 -0.172839687008027 1 1410.22317592555
"1" -1.20234062077525 -1.17991540379527 0.631973846726046 1.2033673473512 1.87662606496581 3.21570469630059 3.67255138964307 -0.987528426838235 -0.124612734258206 1 1329.2717589749
"1" -2.2144210440629 -1.54074296247867 1.08983279516613 1.25989869499687 2.82750349386098 3.16160588254232 -1.3127635080179 -1.48465846548367 6.83526731169353 0 1923.30766764586
"1" -0.574735356784804 -1.4238096352836 0.472466325261814 0.835716744760429 2.54864941983495 2.92934868959026 2.98120669473305 -0.485242604401143 0.450093612175321 1 1476.83410650028
"1" -1.34348205758304 -1.08962319260532 0.656357897321124 1.45833576926608 1.96026882963698 3.77971795039844 3.74231940724792 -0.353901293949375 -0.227403007451354 1 1470.1115505281
"1" -0.601780090493955 -1.45001318384581 0.318417251415738 0.771567907738061 3.19669475335316 2.55686022876069 2.9209245328286 -2.77739371589117 -0.365150679647968 1 1626.12917486206
"1" -1.26477203644622 -1.19061046055332 0.517059652250497 1.13375547633716 2.40583952207748 3.34198364175055 3.54537675422808 -1.31411845669529 -0.0846852149046046 1 1531.82742357543
"1" -2.04127503300795 -1.59547981466375 1.17109900782619 1.12615497824725 2.89866004328449 3.42584573448016 -0.870683933231428 -1.12558063742601 6.94215180940887 1 1954.78047023787
"1" -0.813229649923772 -0.83236469662909 0.221013760867007 1.35739496904635 3.18970282997501 3.80903728616034 3.14540257835706 -0.627148038142017 0.0980817292403894 1 1555.82720983403
"1" -0.765547216225337 -1.17107629169368 0.565770920789058 1.47550243543625 2.26168593511659 3.71124677614219 3.18661091394873 -0.398321434297019 -0.0454905207826871 1 1675.58086126186
"1" -1.9742775046357 -1.55143570574447 1.06025870296508 1.2945840083621 2.84383809014285 3.12427716687024 -1.41524271091514 -2.85352446345885 -6.91715142156679 1 2036.71215837327
"1" -0.545056621783478 -1.25339332335026 0.221278029317214 1.28308896971289 3.16778210495766 3.54854056803565 2.82265940802508 -0.713108724817834 0.0935243780068693 1 1789.65468107817
"1" -1.14848395593594 -1.05063284898781 0.722143526202234 1.41209684016736 1.54539002204288 3.92248930722429 3.59146418418699 -0.373073206890713 -0.0919981427080085 1 1376.63312219272
"1" -0.711625334682745 -1.2928181161888 0.34467880455329 1.43477728596051 2.58393109702299 3.66302012321178 3.07695473519781 -1.35654820267225 0.0867755624343047 1 1495.28565481668
"1" -1.23604336144387 -1.17363689030456 0.711534143779206 1.23357346208351 1.43775732714494 3.61853067945264 3.64278098776288 -0.549520354702384 -0.0819659623283861 1 1550.17694327717
"1" -1.79007300539836 -0.661983872728671 0.695685676458695 1.53732176296491 1.38136554232479 3.46567959058016 4.26175996105165 -0.786202906064178 -0.886544371042994 1 1433.66725370052
"1" -1.13510732127631 -0.960760356078528 0.636181839303021 1.42298517318094 1.83052042150479 4.03724235022236 3.56941866766526 -0.578228945224647 -0.141506097774179 1 1326.17882378909
"1" -2.23072678279944 -0.234723696531086 1.49863491134851 0.277976235197111 3.24114669985645 3.32789780109329 -0.990113863937058 2.41616243384374 -0.338101701659548 1 1751.79379793727
"1" -1.00321666890286 -0.999454039680858 0.555753948435535 0.408393351290475 2.17608146556701 2.20306563961454 3.45090002011755 -2.27778218256448 -0.126245010087355 1 1519.2702943929
"1" -0.930583492720037 -1.48829958520651 0.413294835052215 1.58359281318033 2.6787620816322 3.81210290106518 3.20569195630355 -0.45718175971338 0.0619452702243575 1 1391.36154904026
"1" -1.9464402340598 -1.66761048676126 1.01384794420238 1.06440602123332 2.98498220697717 3.20929787122988 -2.00212889472147 -1.10438275766274 -0.420163349604729 0 1948.11548191008
"1" -2.11252392445196 -1.39358189117884 1.26428309577983 1.13578088018242 2.90777309301523 3.25675996030062 -1.14040142013453 -0.748741973408798 -8.20732862699155 1 2076.14197512545
"1" -1.05251759068896 -1.17027244089595 0.685969429443909 1.52443412905295 1.86006763218448 3.69890772754015 3.46588207666644 -1.09674550276921 -0.130199214160546 1 1426.38108198612
"1" -2.00073805617073 -1.42805846458558 1.25731962906395 1.07328090649011 2.8080112104961 2.87289070235275 -2.53725222728753 -3.21616841666526 5.73395185645978 0 2123.53071082887
"1" -0.673277862954629 -1.29892654206069 0.17212752320902 1.38411355432549 3.32086714403037 3.67907245136006 2.89093605862556 -0.411271939641868 0.0785333378210641 1 1762.92315209031
"1" -2.04689837517487 -1.50539842735761 1.05987049491538 1.16270578008987 3.04301869581185 3.25347006856302 -0.870814373526791 -0.730964745386516 7.46460642623936 1 2009.10559586197
"1" -0.777386365022767 -1.43957133691955 0.686248237954484 1.02033203511019 1.90443019962001 3.39331328206547 3.19645280065686 -0.893592143205339 -0.915072862577198 1 1328.85836609715
"1" -0.740259587919526 -1.02018080358456 0.377507430571358 1.13184350170936 2.67726064343572 2.81126098049816 3.10719162383184 -1.26879695104713 0.0382835798926091 1 1565.40509620744
"1" -0.673636988378504 -1.34005420314467 0.437193946681786 1.45479463660591 2.6267515107826 3.73535647042984 3.00858401429259 -0.39042119919606 0.111371270544412 1 1608.92615995918
"1" -0.796754188952249 -1.19427695847675 0.480033423652248 0.714925376093307 2.68184094863839 3.27330114214857 3.10989444829959 0.126144950695613 -0.0403001080738216 1 1527.38159184595
"1" -1.9676991243565 -1.44541045700087 1.12347428960548 1.06923447527363 2.96766680542915 2.94009576936666 -2.3683656615475 -3.87131012410906 -6.12733722112582 0 2120.86038999384
"1" -1.73601313033724 -1.52107066584835 1.07632371292221 1.36221261955206 3.05768239625561 3.44198504063852 -0.647617363417378 -1.11247225873415 7.31902256063062 0 2182.70130125958
"1" -1.00395304901651 -1.43048200113033 0.435737183766754 1.55798639874268 2.89005181866444 4.18858249961044 3.22941214277988 -1.13950119368367 -0.244965270465784 1 1421.10581081156
"1" -0.894163819432316 -1.25607180643913 0.59357434226614 1.45246727325804 2.09707196258491 3.71766075130417 3.32248502267573 -0.349473602358051 0.0277090143422967 1 1499.72347302334
"1" -2.09303472120041 -1.50018574860023 1.14856800782682 1.25995233122252 3.19485033495834 3.36272993200273 -1.39977312152444 -1.42670121771069 -7.06632685755155 1 2016.36559777666
"1" -0.760895934860442 -1.22976165081896 0.63116116340399 1.11844752675174 1.94688909034343 3.63612860601647 3.18904432960218 -0.639963568964184 0.0636097849808287 1 1548.90041975849
"1" -1.06656667161743 -1.48891494875853 0.275997765073219 1.32507045667171 3.04235699309351 3.29040374857504 3.23170688011164 -1.71834306056412 1.09590704584263 1 1465.40719350427
"1" -0.695646775161641 -1.38312682671414 0.448311380066912 0.722526495854963 2.50647645537381 2.39923724403063 3.01523867510952 -1.93866633371989 -0.551620996333701 1 1528.67150192458
"1" -0.760118373361397 -1.12198685628751 0.372625210592102 1.16570108686941 2.7668247409796 3.19316356673559 3.11931105824839 -1.20539096396141 0.0235495051931127 1 1579.37719715215
"1" -0.836819269615575 -1.00560535554658 0.400207697292481 1.52438457104338 2.73307806316008 3.49359911313338 3.17601600817357 -0.545987874717116 0.31797450249764 1 1659.48714787027
"1" -2.12254480393236 -1.55049885490886 1.06431913234298 1.27170851178053 2.9145466869562 3.47887645376215 -1.66387706975227 -1.39977725912861 6.84496359422415 1 1959.25789259324
"1" -2.09963716405433 -1.66736931497641 1.33271891655231 1.08247647662213 3.21634665198781 3.31114270014101 -1.07729065003034 -1.03779158190557 -7.15069254394128 1 1877.7370824054
"1" -0.974119065863987 -1.39804063004741 0.414955963915078 0.696483552018881 2.84974839924544 2.3400645808587 3.22864605360877 -3.65358733441269 -3.94670274187335 1 1534.31082235473
"1" -0.611761252859714 -1.36561197825892 0.41688517835468 1.0717045144544 2.74686520514181 3.18711330551325 2.87051668784642 -1.12150227180589 -1.05215689386931 1 1665.78342778408
"1" -1.22883513377798 -1.54274667012089 0.289800733550363 1.45821092067911 2.93887019037375 3.73986502907412 3.38682870604175 -0.355177767588513 0.216671290172802 1 1254.00337199113
"1" -0.742411893809336 -1.34586539467676 0.456451514735947 0.999689038165084 2.6281480747011 3.24452282478686 3.02443238667658 -2.13316339848729 -1.56489217308262 1 1566.93077383471
"1" -1.04900517447121 -1.26798325184956 0.452450218544414 1.39367089157181 2.53483675663428 3.57648421297451 3.25040883567251 -0.482553447867227 -0.0608574735143542 1 1487.41701254935
"1" -0.90815144326911 -1.11153473898539 0.439999038356418 1.04592992698772 2.7189634356028 3.60110328952594 3.22952126346061 -1.20608604313809 -0.0296117722259774 1 1464.41056864578
"1" -0.766343704254971 -1.06990983891486 0.670316819896119 1.14898718356105 1.54088013058398 3.16648329202249 3.28891519318295 -1.06217872701482 -0.0817644237004158 1 1496.56142950858
"1" -0.914399796432622 -1.46161683102377 0.66886534072551 1.25204922077238 1.41999458869731 3.31453427062174 3.3348986930959 -0.764553433870991 -0.0810975845099532 1 1445.53505464588
"1" -2.05281521837071 -1.5157913175439 1.08715166770372 1.34946368041654 3.09526875300247 3.31745573217133 -0.876920098034466 -1.17973165467217 -7.40097970407532 1 2017.93978897714
"1" -1.06995248892891 -1.36223816948602 0.693085648472759 1.50948457881345 1.76570749875752 3.85124596274434 3.49478282285139 -0.567013252105987 -0.242071297890471 1 1385.40994902117
"1" -0.411907851104501 -1.45517380293765 0.421601726285873 1.33497922117938 3.07503527982423 3.2456725549307 2.79210254314227 -0.734826453068839 0.379624766480161 1 1784.3540211104
"1" -1.00119445606843 -1.35155273952163 0.549321640939404 1.33781177069309 2.24403561088769 3.81740275460956 3.36860591125405 -0.637307685812733 -0.100904968226442 1 1429.88891406608
"1" -1.03384885772442 -1.45634769902709 0.611038924631531 1.2925601906215 1.79649011658097 3.45656174879277 3.38830440684612 -1.0196748265809 -0.0386417796989217 1 1267.88920200352
"1" -2.02446405218631 -1.58982681299064 0.981269093039671 1.12220091702389 2.5781335474372 2.95707947857835 -7.1647907267728 -2.20828148234164 -5.52542600058998 0 1976.15630081946
"1" -0.834483143450275 -1.43962053849202 0.443518616277246 1.56296676109459 2.86021072543474 4.028681566128 3.06244664749054 -0.57581242983696 0.112997597101182 1 1467.2453716332
"1" -1.30625025831701 -1.53310469278147 0.615818674850555 0.960441949763809 1.9366240325617 3.00820604614113 3.60775151154122 -1.5168542661497 -0.0941029196214964 1 1338.37878214523
"1" -1.21348595498315 -1.34505731407111 0.399390285626176 1.27105332589881 2.77826653822206 3.7905016498979 3.44485328678728 -0.681896215300023 0.0666549842799572 1 1420.75319554779
"1" -0.852943203514029 -1.24260463137339 0.383912232872888 0.305385707578043 2.65791757520357 1.98551877174313 3.16289110488952 -1.66092133905709 -0.565533890784503 1 1449.89847975226
"1" -2.02061491475914 -1.56035781393241 1.27544419421395 1.44881220852568 2.94463184642277 3.30866116081605 -1.54941857574073 -2.88415415215701 -5.96804791130651 0 2018.87398657665
"1" -0.864449971084043 -1.39583601272784 0.387817669864895 1.41956099113265 2.74988629935033 3.98562355643302 3.142751030203 -1.04800402223516 0.130432056644301 1 1548.50297736077
"1" -1.2560596846507 -1.24303548778571 0.430104566017275 1.38884493655518 2.66623700482132 2.64938648608902 3.50983588792016 -0.898512634417906 1.39969246888707 1 1470.16174146717
"1" -2.18723970416743 -1.6843860485971 1.07061648340592 1.27048677414089 2.86946024293474 3.24553547467007 -1.12873286385766 -1.94963516325816 6.77734919563659 1 1826.03915793301
"1" -0.800236551250536 -1.2707110506154 0.346409891315334 1.19447356481718 3.14596452215771 3.74208793636241 3.07244963965489 -0.591785375882651 0.0613160402224098 1 1547.62854164362
"1" -0.73926042789905 -1.32249960901181 0.238781033193836 1.28568439974471 3.13768049340583 2.89688533434079 2.97289272355908 -1.7036336059093 -0.996999753528139 1 1663.42064869834
"1" -0.383218557349776 -1.14078011623339 0.266055933439042 0.817224617703776 3.25991243228944 3.90398657184529 2.67803108323668 -0.78012396987713 0.0847545733434009 1 1680.48642620745
"1" -0.639569277559394 -1.26782487190614 0.21872313197822 0.999205535659849 3.24137409930089 2.94984997774809 2.96710541266984 -1.56640779105728 2.17725977888952 1 1681.18748150143
"1" -0.89788436785791 -1.02247844926623 0.436719820914574 0.642484761690814 2.7866045632517 2.38365055255815 3.24057590826603 -4.57524171325926 0.0146413320008644 1 1753.30944013372
"1" -0.711936331883023 -1.28054745772635 0.415427536341722 1.57737394589245 2.71690978842518 3.96383264785231 3.09661936260762 -0.568865473406776 -0.0133204938542954 1 1657.20521613794
"1" -0.751888762984087 -1.50346194055615 0.285178842802636 1.40466899745562 2.97902118473026 3.64869356985887 3.01279903351232 -0.811637649769183 0.0794985713266952 1 1512.27817550852
"1" -0.808169514652431 -1.42976771161872 0.395487858070149 1.0983966880571 2.43829357051982 3.45549453149565 3.18309212075018 -0.213734314465319 -0.107616098057322 1 1329.48313472451
"1" -1.93859928216236 -1.45960749909491 1.04272209210822 1.32103598020597 2.75284082340289 3.34779948426545 -1.66615469663695 -1.81383117179483 6.96615681376415 1 2124.81413385857
"1" -0.850763703416238 -1.3872649206592 0.589720954814953 1.25678636107255 2.26014789413866 3.81345062472617 3.28031445961258 -0.527072846692071 -0.367800303452068 1 1460.80722724249
"1" -1.05899054854341 -1.24662061707236 0.647415905683268 1.13259874863564 1.77788448009789 3.15982968539941 3.48549280975096 -1.02802595435532 -0.0413973975030542 1 1382.59184114538
"1" -1.08704265933357 -1.31813740567085 0.555592889103202 1.37702969114562 2.29732206915657 3.64149088664993 3.38875723923754 -0.586810920878492 -0.029173932320146 1 1496.03093436594
"1" -0.993215679891529 -1.71841152949277 0.40302055843707 1.18263996743154 2.84441904021102 3.72971960428761 3.2361913847943 -0.356537255239605 -0.0414703593421615 1 1343.08971378794
"1" -1.13845188455338 -1.19438876031185 0.637161259596063 1.49684992460366 1.81521700299502 3.86594096967426 3.57123859566033 -0.909612748210864 -0.0819723542480075 1 1347.88738354558
"1" -0.868909020020023 -0.953101445838934 0.47239256481158 1.16026497349345 2.71113893806446 3.10993092890777 3.20502162805657 -0.883430463370508 -0.57636491318814 1 1511.39788622798
"1" -0.790710957000289 -0.996412813112084 0.627638651144324 0.688156483201448 2.0020073906509 2.83851139358366 3.25904641953489 -1.42517595505547 -1.09273933517007 1 1569.86230419976
"1" -0.775035296960233 -1.31208032036017 0.459527152128422 1.19723591646698 2.63735516167985 3.716707580327 3.1364613466272 -0.859582788594068 0.0765427950085183 1 1585.62340525214
"1" -0.866259430867922 -0.96582890291456 0.302177632761174 1.43140455011917 2.82067346912454 3.99412203971562 3.22018697513076 -0.579224221112579 0.0597195185340785 1 1455.51386692125
"1" -1.87114671645241 -1.46079180599874 1.00939434293749 1.07029649349489 2.91784445671743 3.23330836822474 -1.06145939712688 -1.46365200476007 7.2568295547286 0 2135.77625857876
"1" -0.746683144076156 -1.20870126501576 0.323884052703365 1.06740358720378 2.81862220298043 3.48049595342652 3.05941001374298 -0.249775778886585 0.301363636718444 1 1587.88953345452
"1" -2.21830562858198 -1.48976794564605 1.14696077670178 1.18484502459077 2.99254709425488 2.9976040864191 -1.42737601488406 -1.65396002476439 7.65688811864838 0 1963.28822914605
"1" -0.803773846635971 -1.28692343368874 0.60272102517409 1.30266446593706 2.24183329516353 3.38097306856147 3.20137150352927 -0.463993393212938 0.0103337805842974 1 1455.57907050484
"1" -0.514890652822328 -1.11310137169795 0.426454013171819 1.27479773889884 2.77213161651945 3.73722430969655 2.92964581434021 -0.826897731438733 0.115144160407264 1 1520.08072166534
"1" -1.86599152101709 -1.38038809843431 1.05234222286694 1.13123303252013 2.72478372193156 2.9527369950281 -1.53701905944423 -6.28358807488768 2.2881047059702 0 2222.57804446586
"1" -0.715971542626359 -1.10678869670312 0.340755576350815 1.28361012601717 3.20266850467133 3.56589085893759 3.05845873114634 -0.616260928483601 0.0154031127814381 1 1748.18931249368
"1" -0.839814966835467 -0.875809865845525 0.424154716254999 1.40305298018209 2.69877099485031 4.02171724626638 3.25442521852799 -0.574840260414239 0.0169121035162045 1 1755.08207037959
"1" -1.1300395269575 -1.21561709726404 0.624325156158944 0.977407501907955 2.0975562349347 2.91990798954835 3.52445346178588 -0.904151190680475 0.313778838059614 1 1486.61084207594
"1" -0.562561056715735 -1.56548211437175 0.336874229265472 1.90902196163494 2.7838110906851 3.76712537811377 2.91539085372124 -0.335167417655908 0.0665509088163579 1 1517.75342244976
"1" -1.08699878230161 -1.69225445403783 0.602019336221222 1.38694860848258 1.92345001204114 3.78387711104527 3.40835833236551 -1.24479320475428 -0.441381871674657 1 1208.33047290854
"1" -1.0823673574829 -1.27882450095998 0.335255617221968 1.45557210819592 3.10807910318813 3.67946914357203 3.30225774319304 -0.542116901123325 0.122427267339893 1 1420.55510173316
"1" -0.920150849114383 -1.79149400627373 0.600763120163688 1.10196133020626 2.27075421814626 2.75379469221548 3.21725247150083 -1.156700343714 0.380655797073348 1 1630.59019098105
