"1" -0.418559693952747 -1.49399792530718 0.474972624015877 1.89880342000859 1.88787055647665 4.84067434442965 3.40075071033752 -1.10119665328133 0.0861872942168936 1 92.9592545033645
"1" -0.478360178701562 -1.83825191687813 0.461357225227029 1.25605559330589 1.73485387059699 3.5895695670567 3.45068437230552 -3.1249735162625 0.0252405241532468 1 62.0534072472926
"1" -2.02361044049838 -1.38755357867458 4.02100770046123 1.14860954578588 7.41532984455773 3.77257184880472 1.97443853248431 -10.6896706455519 1.25391130260206 0 175.72276498386
"1" -1.73170931523379 -1.33948663365035 2.64724183279075 4.19287930714169 5.02980442831916 9.08020462276186 1.2509916879276 0.92584132593914 10.1108862878798 1 194.71532796059
"1" -1.56156213958431 -0.546119108522326 1.4930440073583 0.497655100796111 4.31491251058203 1.8766414925084 -1.39349562257602 3.44237232204687 0.0912320154611437 1 88.2315417179486
"1" -1.24693775296757 -1.38001176294479 4.81405074112495 6.72182909747959 8.38339926467475 11.5237506435814 2.73007028409272 2.24537850975785 -2.20771239596325 1 120.509615200865
"1" -1.58917397710615 -1.64087495435995 0.833019919289083 1.52733420629621 3.16772613074197 3.86298207693781 -27.1531956021925 -8.32973564420704 -6.02312801314074 1 183.384405954869
"1" -2.44900761223649 -0.585585042567768 1.52244728128484 0.568292220204092 3.38341439237119 2.23482073593042 -0.666863492824414 3.33667413806344 0.142484174990037 1 62.2737722157572
"1" -1.69475186976574 -1.24700792864548 0.757987738356369 0.957657393763885 3.77373610395292 4.12388699579102 -2.62606184951457 -1.18724533336733 5.78381977381203 0 198.894857267036
"1" -3.4885382933859 -1.59429171488023 11.3004961410028 1.13342801345747 18.4352075140005 2.83888043691798 3.35062671069525 -23.1149859020474 -5.70378256324368 0 127.614983502063
"1" -2.31224437106498 -1.41703765909138 0.661852779153985 1.29626718783737 3.45748268613637 3.44268386821541 -15.8530330822329 -14.3967274132446 -0.611435802994136 0 164.342278310715
"1" -1.4098828656677 -1.55119480227274 1.02257149342339 3.64333393574637 2.65346806920275 7.15007870954139 -3.67873016855617 1.64087774845297 -8.39676844280467 1 197.33576694216
"1" -2.06339173816527 -1.43582507888702 0.841014119479054 1.0059489096849 3.42560213378469 3.20446656355484 -10.4811174131508 -11.8721447479518 -1.19747993233507 0 172.352103120203
"1" -1.74731391272011 -1.52605639891061 1.23586413115544 3.73767992266367 2.69816936972548 6.89317334652891 -1.47767129733011 1.74495540228306 17.7767588323571 1 64.5400869047871
"1" -0.128255983409913 -1.25504040239065 0.270856606730663 1.65652535605275 0.252237737648519 4.12772730814593 4.37838509161899 -0.379647462449991 -0.388302117262899 1 -115.530934443351
"1" -2.60524803085806 -1.90378574568311 4.63400728077355 9.13972136576777 7.96929269980817 15.3658582940743 3.99115152237428 2.04725378884981 -3.74477357093395 1 81.0820292378742
"1" -3.32831263903085 -1.78315571263492 1.281048431785 1.21514208600236 4.92588640047794 4.07051827089336 -10.5484534410959 -39.8697510767164 0.249212460376217 1 114.441614711734
"1" -2.54898130182711 -0.697269716206821 1.27547294403652 -0.198517471922609 4.19453400080564 4.25845659116359 -1.08777253170123 2.9463155338453 0.168018386202848 1 81.9153359926638
"1" -1.11526603304861 -2.06648603780348 0.472817100196884 1.89143063776155 1.79434296902967 4.43119527968331 3.86705897746775 -0.893688997240854 0.0669441746827797 1 27.6877284024649
"1" -1.94705471532218 -2.09818350043001 0.854497419409141 4.1331506461321 3.74163445622273 8.6062889069218 -20.8813637722474 0.343331967236297 -0.88112906887862 0 138.92579647665
"1" -1.89611048349248 -1.57772444743088 1.13805519502279 3.60722367746895 3.76451512140078 7.10398185961292 -3.85569996937396 1.24887784451736 -9.85441143921599 1 170.842043016616
"1" -2.98416751189755 -1.67838730122427 2.0234908273415 1.32904274497442 2.75704787804056 3.48794051330322 -3.28020105203394 -2.73647360402297 5.77735157535079 0 128.472602457809
"1" -0.853432985498138 -1.14887830787408 0.379192864987572 2.21986505925571 0.33966496841214 4.73983547578158 4.44886181509886 0.24930769155469 -1.81329638414642 1 -63.7299336994656
"1" -1.92487905236368 -1.23775000095185 4.18272640371808 3.1578683805243 7.28946826342629 5.60234246212231 3.40090330092274 2.74872598405018 -4.45095550018802 1 128.08968570929
"1" -1.19770363736393 -0.973983274824369 -0.282478003298099 0.849201100081854 4.6644720296761 3.16103105898703 3.55224958659964 -1.13260769092224 0.156270972543557 1 149.988805245449
"1" -0.172195094969762 -0.0831056093182767 0.553214280595501 0.460483326868337 2.91948246214306 2.49691065861904 3.01296621372157 3.17185244244196 -1.06460876759319 1 -30.139148260926
"1" -2.29187525617693 -2.23393450215507 1.05882171946932 2.69123278289694 3.29738611379293 6.44580316993917 -1.11472874347136 0.262777952638516 -0.434659143926826 0 119.30202178726
"1" -0.357427347535883 -1.31212248786789 0.492176586210572 1.98471467558816 1.95602044152832 4.21269528447421 3.35932819812426 -0.00756196605641222 0.0370637125491811 1 103.949941736462
"1" -2.15433509391713 -1.31639822711399 0.777825262812214 1.08414395842836 3.46465537387348 3.39972570259997 -2.52038581281977 -2.73762508597902 0.237062430591999 0 176.775803946186
"1" -0.74566288289777 -1.43162600951394 0.0405241387797184 1.30388341570763 3.28903096167517 4.1573752095543 3.23709748417888 -0.176823513038284 0.231458105866943 1 115.802137462687
"1" -1.56723852457029 0.0376626960972335 0.782855874560714 0.53823085726982 3.37075128962237 1.6183168194745 -2.35385927249894 3.22073305359299 -1.82875000298204 1 132.548004918231
"1" -1.06526952077159 -3.10637259241885 0.411977642957942 1.56758638053006 0.337177015280308 5.61008983407009 4.44414206160865 -1.43465194130443 -0.338388326344183 1 -76.5739420381242
"1" -0.582155316295183 -1.78053144641441 0.0587497852427601 2.33875460653839 3.1054995044203 4.71620932534099 3.24463633773347 -0.728935662556206 0.23810356559242 1 101.645755833031
"1" -2.09484986134781 -1.73537992377921 1.0292762351169 4.16768798094393 3.18541739715595 7.54467663887009 -1.09611515971491 1.78697943903003 0.559840966223989 0 149.109158116386
"1" -0.0230117699584674 -0.701400510985992 0.461012976787189 1.49324787106029 1.71392833664624 3.8357106043508 3.32358909472921 -0.401272115747169 -0.0658613775449438 1 160.182054227329
"1" -2.08985846764019 -0.711529584333945 1.71597657611307 0.577679227709738 3.4671417321183 0.419176671453654 -0.789349962443336 3.98156225385095 0.140028219216668 1 -15.1353973402563
"1" -2.17141190520672 -0.45459765873852 2.42747250891279 0.435174330341249 4.17811293945587 1.78203814119346 -0.123755890710926 3.39592289326332 2.29623366576557 1 59.1187682677757
"1" -0.874588300462185 -1.31277319950747 0.55413752177353 4.26795471998081 1.52562784913358 8.97359704435399 3.81278762519276 1.16684780289556 -2.71685151974031 1 79.562126376037
"1" -2.88660144343076 -1.46001092409682 9.8690682093143 1.36718916861095 16.1694404592438 3.45152732350753 2.84974520987681 -26.1132800239206 -5.71312358797537 1 150.286481671331
"1" -1.52126888473268 -0.909844678117304 2.94802372996892 3.89896927725689 5.49284676853878 7.16570413932919 3.4849032540522 1.94060369177747 -1.35950225442551 1 139.888966188868
"1" -0.887566399470257 -1.27091106341161 0.348023467400547 1.3620958273091 0.330463072239858 4.98603559953991 4.6806407408148 -1.38664461162436 -0.183221988845894 1 -110.789531018645
"1" -0.629281504981487 -1.4797523388979 0.407874554349277 2.52280375598172 1.85654439930187 4.60886182681042 3.53584941258977 0.140263668390811 0.0414603142336904 1 87.5725965395216
"1" -1.73609781699613 -1.49757638897494 4.24076488029279 1.42984688282829 7.32559654520308 4.75246139985573 2.00838013180983 -0.89603727007319 7.38745345766629 1 181.681799562906
"1" -2.5337973142007 -1.46367725283863 1.01932530620389 0.819019275614397 3.98170013305451 3.35332326996944 -4.89718539701698 -7.69791570308584 0.0864205770910867 0 152.840090350824
"1" -1.99533461573411 -1.45605067072958 1.49240723884569 1.39393531609181 4.43764499020751 3.89732914527889 -1.37685845966188 -1.63942000207685 6.94842450049846 1 176.209095350085
"1" -0.333791262288748 -0.471330340497041 0.321005288135925 0.308598565100572 2.60848804321829 2.19568975747851 3.00215652117719 3.47673744842067 -0.793207898801939 1 -90.3393613144281
"1" -1.88779459367778 0.00924536673951396 1.57522298726697 -0.182905519348347 5.15207982529111 3.88398638462202 -1.4221198338962 2.79366401882014 0.196211651577007 1 170.601500553021
"1" -0.147492087389767 -1.57961626732861 0.0349155870632283 1.15865731963631 2.93289574268481 3.60486276888868 2.95997761805985 0.0676987011992169 0.111233070316131 1 146.675911667011
"1" -1.09044192394716 -1.15167600276255 4.34929079433193 4.14330024581124 8.37382876919949 7.97290520234293 2.41134733323888 2.74747038463056 -1.65838952179152 1 135.992349358244
"1" -0.811887737591656 -1.36248561345515 0.397423138091096 2.68229238144206 0.335537462694043 4.72742793789208 4.35223462658876 -0.764762746451636 -0.618288854670986 1 -79.0450442850592
"1" -1.92859301913634 -2.06403320319405 1.4636300799221 1.25876561466441 2.00308293477915 4.08469992457048 -3.10924830752836 -2.88795499874676 -4.01473590549433 0 144.149367173501
"1" -2.59039898994945 -2.00594347201178 5.66317667554053 0.980489439426006 9.8598195446908 3.99562818942193 2.03717296871045 -17.2638565353456 -3.58596794074628 0 117.277301489935
"1" -0.308943781826475 -1.08434312767377 0.506959055662646 1.55089682385885 2.24150985218666 4.02725921305605 3.30074987191249 -0.399451230204684 -0.071860921053143 1 121.749616451762
"1" -2.50924297250029 -1.34854951078875 0.956024326478236 3.10898071787788 4.34855548637438 6.36721418494623 -8.40922546573627 1.30387597198048 3.17467788052344 0 163.718298199735
"1" -2.0594967505727 -0.761773075964337 0.892254219764379 0.406935561997273 3.0685159014394 1.8207622476277 -0.272506402132948 3.58718284495126 -0.247929396022528 1 43.3590304340978
"1" -3.34968605648043 -2.12422320048398 0.839970832462486 1.11949555592854 5.16507158510861 2.6893533773814 -13.495261912562 -14.6551903867838 -1.37796602788623 0 93.7657064844525
"1" -0.997429908249555 -1.35274369588117 0.353122068161506 1.8415721611718 2.45337236523088 3.71907506369305 3.71525285921345 -0.0639457721006182 0.236291557970396 1 80.0045604796758
"1" -0.951547301523997 -0.967641145830298 0.42490465515886 0.741767572834864 1.87882046685894 2.86674373402893 3.9068561523094 -18.5793820519551 -0.759927255599121 1 114.402407960933
"1" -1.63898002143765 -1.95614115601588 1.26020332269563 0.92527875597608 3.28862337117838 3.35624298087813 -0.857331449455455 -1.07728358788286 -6.56669315081902 0 163.412083458651
"1" -2.14029096797607 -1.16091284160536 0.694977904826219 0.28553463820676 2.93174246504649 0.246266932308712 -0.16323569984677 4.90795518037458 -0.380086576168123 1 -159.1258755421
"1" -0.511831149600147 -2.20283916700046 0.510793230108583 2.36495439966965 2.02633321866935 5.07995059396696 3.34142540451299 -1.51010918847162 0.125584193504279 1 46.3379988583954
"1" -1.58497616377785 -1.11705397638751 1.30146174186985 3.72850153887955 2.60407712320122 6.99935386676733 -9.33145467734489 1.26206860326845 0.925962413439008 0 214.538718608969
"1" -2.03724465154004 -1.2938429662879 1.07443865340165 3.20628337128399 2.97661198356341 6.32226072088655 -3.87861125065834 1.48118679438366 -8.15998481484501 1 184.438808629067
"1" -1.8717722831054 -0.472926849303972 1.08155634540864 0.517929811008459 4.11117279929045 1.38741937915373 -1.05494639324288 3.48659744556784 0.5248017703856 1 104.096295415636
"1" -1.91851379173811 -0.0516817955036313 1.22761142932498 0.182735741160707 3.6165647104096 2.46128578812984 -0.73136284141783 3.00714004769135 0.111017211659103 1 133.566934897635
"1" -1.1101518695407 -2.25905872995221 0.0389727173445837 2.49650721936466 3.34694862568565 6.38783533721407 3.48872531496179 -2.32043810426163 0.234918958605793 1 55.0637346106912
"1" -0.160168680682478 -1.45396211382356 0.474599679803872 1.82805992081324 1.90910629960631 4.26552359717978 3.23414400125673 -0.292900160534731 0.184857137738717 1 91.1319937514838
"1" -2.26615583013477 -2.35181080722475 4.39072425575295 1.32451606168452 7.86125149539082 4.19812531386519 2.20415467914957 -6.70518610096577 -1.04635935289142 0 112.745696913209
"1" -0.458666192126232 -1.24898285413255 0.449824400615554 1.21096934816589 1.76456450312937 3.66890474708666 3.51779246103749 -1.36555433068956 -0.209891999262907 1 88.3311317718708
"1" -1.5295078070955 -1.61561383656719 4.81879711365865 1.34497478466095 8.1617469099442 3.9455200119157 1.70667679454865 -1.67124991559609 -5.10209462566139 0 186.29264234161
"1" -0.268823402410105 0.15570290873014 0.288740269376466 0.306858975679028 2.25388003133378 3.45463052827062 3.93364796323017 2.10326324639014 -1.14457931057672 1 22.2105483168443
"1" -0.692089101213797 -1.82257721344806 0.503029815553874 2.16846937210991 2.22182144370732 4.71023355305737 3.42593604645992 -0.107563913522183 -0.0300034837585707 1 64.887505581233
"1" -2.08054249237496 -2.07593831685901 4.21762715801658 6.92322337665104 6.84777993550636 11.7967976716056 3.31422197351319 2.61564966184381 -2.29236314157709 1 105.757979378841
"1" -0.962334062827231 -1.02906067528162 0.374012484693795 0.379493520034449 4.0744856566106 1.61504846488681 2.21848372451146 4.04896311414523 -5.53309659572991 1 5.25004954004248
"1" -0.279310278036896 -0.683378349234898 0.500583482553374 1.78167574945803 1.88651508816502 4.29607489701267 3.4499677070784 -0.901962947523141 0.148707141569321 1 131.984654403287
"1" -0.590035862135708 -1.6087849348684 -0.182828028180546 2.91191226671705 3.90219280751458 5.43685499330563 3.18874255488206 -1.59037657263018 0.256832697092454 1 123.67176223458
"1" -0.881590890811124 -1.27713477833468 0.747561020475726 1.91243523398335 2.957575084602 4.36507690587925 3.47000131057158 -0.293672890562575 0.187015963404421 1 125.043765160186
"1" -1.66003628723171 0.176822547786522 1.49532842346971 0.446518880391642 3.40486023190142 2.14360564089263 -0.574092345574975 2.96246403025248 0.063078324354683 1 173.724989814398
"1" -1.86267365742381 -1.66010953639017 0.838416218426726 1.29637017593242 2.98288879468781 3.22002138795636 -11.6835032916252 -12.7001815792595 -4.75369841340405 0 168.043975544831
"1" -0.0389607766236263 -0.983069670221541 0.408736368389979 1.53536355487329 1.95913662110753 4.07765498306248 3.29437012502758 -0.442372773641795 -0.156200431142915 1 153.140550096917
"1" -0.799929939575352 -1.30639991769512 0.312915318609364 -0.130243422916136 0.398506238849191 3.45737082134482 4.55399917254503 1.1833194787809 -0.645404496828977 1 -112.15955058941
"1" -1.29012338592755 -1.56344180499624 3.36039379314981 5.40986257993837 6.27182728947252 10.1071386707789 2.96979796360653 2.5024065445767 -4.10189096506138 1 137.987095360239
"1" -0.723265881025643 -1.66075810154091 0.429104981379609 2.09358673755488 1.98189569638098 5.53819535433991 3.55192997613134 -1.52364779826079 0.140247772500538 1 63.8875130087413
"1" -1.6705246618283 0.16168321359684 0.4244339527936 -0.290721811433435 2.3839591863572 4.2547481126605 1.18174840070076 2.52101562733117 0.114379497163512 1 136.397841417225
"1" -2.24067565594666 0.445910507396961 1.42879061523161 0.281062425466612 3.38843572949322 0.293878139638418 -0.749976945132684 3.99330315984491 0.119307634359799 1 -87.1137584573605
"1" -1.86557616830211 -1.51039790696856 4.78336509481739 1.51441471152859 8.61013103147561 4.76565457489611 1.71608909476136 -0.115223910665821 7.28136466815072 1 175.509288393025
"1" -1.96640227300524 -1.63451781864829 4.10002064155158 0.89484561080414 7.71181644753939 3.64180716337041 1.82173011982791 -1.36743697953714 6.98589807119567 1 161.153819013597
"1" -1.10511141062141 -1.08397812795104 2.66137700666383 3.85645100898933 4.84534908588215 6.93545801817051 2.97839063144635 2.38324971122648 -1.34895665697856 1 134.481873960621
"1" -1.79111451171585 -1.31244013296217 1.02154621411566 1.03038356079243 3.33192241572308 3.33619903747686 -0.878119637196615 -1.35364219359149 6.91088503177824 0 191.034150719674
"1" -0.335573715092486 -1.08848485049691 0.239721137779 1.42867636728108 0.217806663388961 3.7586397901435 4.6725073770972 -0.185476371592052 0.185645522110478 1 -117.958021950148
"1" -0.0956435932171781 -1.10594032801469 0.454321130528167 1.16924593916004 1.69297689410668 3.87589717721054 3.30927073394149 -0.217065359205364 -0.194835053354911 1 133.958044070472
"1" -1.91313394658036 0.360052133136087 0.457293370487756 0.048354945262253 2.85616944168473 2.88375771030223 0.0516881120049254 2.64728841084911 0.138506989630233 1 143.515933887089
"1" -0.696978258764111 -1.42951328037412 0.0246369167208873 2.12715600948102 3.39560154710232 5.7945047461333 3.29662080454717 -1.85854860235781 0.246457474822818 1 113.122068853829
"1" -2.16623731035324 -1.57177399549524 4.01395488650661 1.63634887047795 7.41605988677738 4.93616063379993 2.16205300245955 -21.8138801483197 -2.91387009678906 0 156.209618742237
"1" -1.94736497335485 -1.56751774364989 2.82800229888533 3.29423139123013 6.3848687506144 6.71036494357772 2.03773239775637 2.43259743370799 -17.9282655250581 1 -26.3673557699758
"1" -2.77026569143226 -0.936933249527244 1.31116065083962 -0.34495004608425 3.57599106297224 4.73604061193168 -0.743074682051329 3.12027277376866 0.223491916829828 1 71.1130639791004
"1" -1.53541520008935 -1.86416239445664 -0.209564912883332 2.10619274916235 4.14204171506029 5.15065884492156 3.91279630211982 -1.55066375078824 -0.0927916697110099 1 102.307069749948
"1" -2.45979558091004 -1.76897649173085 2.48451067787243 3.88581934571422 6.17052648010735 6.95385285927365 -1.6203619844887 1.97882755473223 -0.00185288102893804 0 134.314403874672
"1" -1.92510229348759 -0.194512977487864 3.19754870212064 0.418066617209176 5.18911685553879 1.92080424118552 -1.86691175174114 3.22479572517331 0.241393368737152 1 85.706872179223
