"1" 2.25382933544425 2.39234468604555 0.978601174177318 -0.220403229138969 1.56186349304394 2.16228250868882 4.1605679811587 4.18031536082669 -2.81689068514574 -3.06585778047331 3.48957376192246 -0.618092841946666 1 886.132898818687
"1" 2.96312204937884 0.498079979349069 -0.105798772395942 0.638289686059814 1.06949116561726 2.98206143397613 4.42817890718368 4.58663206074656 -4.60664366095662 -4.25900938928541 6.20718401239292 1.9425350910147 1 722.464139260395
"1" 16.4153253237986 16.0636334196671 2.73035062207954 3.95348497529506 5.40286503552043 9.78999384468791 -1.9221524719131 -0.450902535005246 -0.0648403815167814 -0.358738949068662 0.929253123813953 -0.562545327353572 0 5935.32126851778
"1" 3.00829366443818 2.59724575948855 2.74224506979379 3.00377222904051 5.43405807431667 7.98681280328817 3.80627035218303 3.78500262467966 -0.0619018003928839 -1.36879510038945 3.9957895986163 0.403566428689412 1 5136.24916075157
"1" 0.767953255253692 0.535456660403089 3.42676158051209 4.43089508100725 8.25029640957212 10.5528493094682 2.08797200858656 0.792814155310354 1.76735427347916 1.24839762366863 2.62424951465178 -4.81485659425757 1 5364.14508780284
"1" 2.92082941592404 0.161128901710556 -0.0631141057746892 0.93992062111966 1.08837529515836 6.18172871293953 4.41065571611801 4.39652531722611 -1.39222315699955 -0.857608877603552 1.82640045937084 3.1924626457892 1 1414.87496845497
"1" 2.95792386996788 0.115059303829775 -0.012868309172865 0.418248346380992 1.1877552778074 3.41419998640547 4.37675613593647 4.34075765232283 -2.08543742424021 -3.90294542273948 1.86402020440202 1.72188590923902 1 845.013960586781
"1" 2.57148323181539 1.78928434376895 0.560822815736333 0.5176247491187 1.2880432516568 3.98492168923201 4.04677945424284 3.96648098729944 -1.76659142571853 -1.92617002676296 3.07916081734975 -1.67214038081041 1 2325.17436924216
"1" 1.735746314777 1.56592293997889 3.46671263044875 3.44427180261292 6.45627058166454 8.93109583603853 3.41518799641437 2.83535935361019 0.468856851733746 -0.70728704686558 3.2807425468903 -0.296787729961856 1 4831.3464739025
"1" 16.1201833104864 15.7516101624155 2.14524337677131 3.24895744417885 4.22852480252312 8.02852072869974 -2.63341459439402 -1.49144000527815 -1.06371904236476 -1.09150635134821 0.294045898730052 0.591055878321805 0 6086.62081675737
"1" 7.33751914870505 6.91998978525983 2.29899940415651 3.62667121541484 4.64801020216858 8.80825615306305 7.58404547271895 7.58358864297969 -0.708547432676072 -0.840927138191911 5.84633203057902 0.400937761779888 1 5513.15416292007
"1" 2.684948260438 1.53788057028674 0.315023478126287 0.187987877595382 1.19609740873467 3.62240561200466 4.16839424480503 4.0837414044929 -3.65371678506638 -2.57131343882004 2.79914542016266 0.744776894023709 1 1763.49020725923
"1" 2.17599125238565 1.83526044588337 0.929460485935756 -0.249866952957861 1.93259423818309 1.51760669184322 3.85997219715547 4.20825355064361 -3.15347501546122 -5.65144246025892 7.06868967204295 4.82847371053887 1 3145.38376987036
"1" 11.8914809201279 11.5978241388805 2.18194102960495 3.45967135723635 4.50955726510741 8.49411181435685 1.57508791020321 1.57186550339657 -0.899482733000709 -0.930948872320473 7.95393646540615 0.558140233391999 1 5946.68742131623
"1" 3.01914470419904 -0.327281032446864 -0.252469785432326 0.799341950329281 1.02962864573388 3.24267133414948 4.58074908998173 4.72445093250196 -4.18882462094487 -2.99708705991205 3.87168603332408 6.50968174345328 1 -53.9078587657641
"1" 2.71553692218988 0.864249792301466 1.62723351234646 3.13983811392364 3.01310637815306 8.19683505054006 3.64639251691647 4.00372746452448 -3.18986102921004 -1.49503611596145 3.70975184677705 3.9584240263708 1 4057.62183529195
"1" 2.41537149646316 2.29183140436194 0.293872954369062 -0.125515504695792 1.13663088278164 1.69007616369135 4.32876562575478 4.32278102071595 -2.90501676715459 -1.20290288862494 4.46926616085664 -0.232450760681271 1 -2019.34721089963
"1" 2.46670927278658 2.23555719759421 0.212431186767783 -0.107744413862938 1.09545655307124 1.68564796600585 4.3467094013545 4.3443938021501 -3.44591468365332 -5.06309270163595 8.18672921049604 1.21824568508638 1 -2340.46940482057
"1" 15.2558715504888 14.9315289311063 2.42108627355758 2.89719319956486 4.81505525103071 7.31131239963326 -1.59686983143424 -0.872081565260115 -0.432945650631079 -6.68922752033244 6.30994478992091 4.21075052177045 0 5946.55274273032
"1" 16.9641364153542 16.7109251268532 2.33940190985151 3.8386780826097 4.67843377900287 9.49654227759586 -2.8675705297556 -1.65457748506653 -1.03708560712116 -0.404772150115733 0.746509447673473 1.10640295128406 0 6044.13276321871
"1" 2.31519430967168 1.85514942988745 0.835766408975554 0.24304309360158 1.83753573898743 2.33470334423903 3.77041044478664 4.193475059545 -2.41354843641784 -6.67727921764422 2.92478697161383 -1.091114582945 1 3240.48443423173
"1" 5.64141045667216 5.30695505299035 2.23695029192133 3.93029579850805 4.571226732627 9.95116754746144 5.32899282451532 5.33233088809843 -1.19363307771884 -0.171816290474252 3.49090698404978 10.3907940211405 1 5747.88512042998
"1" 3.66514920006703 3.81252039210139 3.56242830406847 4.27452277414573 7.88260914331892 9.50811139522519 -0.171918283191461 -0.490238527970897 1.57585842249156 0.69742159229214 1.44133485395691 -2.57512302144688 1 5755.00002833211
"1" 2.67059809542926 1.88929931578311 0.252444767930253 -0.12375784378551 1.18214674084406 1.99913875707903 4.29117880391794 4.30446826785003 -3.19352450458873 -4.74707857526831 4.07925396184701 -0.318148410380587 1 -645.006892580855
"1" 2.87369162926066 1.22041329333847 -0.00475917345741133 0.0244117176486668 1.11525705982964 2.01264141069115 4.3940143164694 4.48053404136302 -2.89537165370795 -5.08023654416905 1.94994666743126 0.649824749764148 1 86.2462536075363
"1" 2.84219605927947 0.615119502388361 0.101464237118483 2.00344225133178 1.22814713158214 7.7069423548622 4.2500218084908 4.14926201147689 -3.09724853633876 -0.379028721762771 1.86976234226532 -2.7411293667623 1 2270.6644979482
"1" 2.93666226837415 0.596079637273546 0.133039403119689 -0.00412635803422471 1.23090558459702 3.16055421241613 4.27843878629672 4.37842021983456 -3.71139496066768 -3.22275409624793 4.7918574583268 4.54176374442748 1 1223.81693095433
"1" 2.95933655389729 2.79255476046561 2.71056205203558 3.4326958205851 5.61430508018416 8.45478439279138 3.66413152538214 3.70807164561898 0.0883609082135194 -0.825750234302303 3.90831445379598 -3.3278437236233 1 5240.16028328223
"1" 3.41477156006493 3.21453881199486 2.21771430460834 2.99517466542122 4.4841688152687 7.5750964946742 4.09400003348699 4.1412798535616 -0.86397109397332 -2.54583641047644 4.02413780105581 0.333222461271065 1 5278.50601008139
"1" 4.02024902631815 3.82494746491425 2.25666680797312 3.25140532174864 4.37048600347417 8.20801450709921 4.82229180210294 4.65454116038931 -1.25495460839234 -1.2448278914185 5.45857603345882 7.56528314482962 1 5399.00314871157
"1" 15.9322699907724 15.6158015981788 2.65242262539163 3.69472705109331 5.34429551296798 9.46942033818706 -2.44541701160616 -2.24218934464202 -0.103944755922064 -0.383080255232449 0.0843184634964931 -0.154351214205391 0 6093.3722413523
"1" 2.7214454681908 2.71313713125952 2.99919790888574 4.1115673626727 6.8417085647415 9.56971419608771 -0.279976638703534 -0.432563613449158 1.42855390585894 0.577771248769945 1.463729354689 -3.49909269678937 1 5712.52119629892
"1" 1.97089768079296 2.54487692917774 1.42959038188106 -0.163048581674226 1.83081440100269 2.10527154602031 4.12230480753555 4.16233923400065 -2.58675654022915 -5.41581643861733 8.86883408459328 -1.77063423160704 1 1633.57103548452
"1" 2.95603158576156 0.215728650743043 -0.0907524393155276 0.553239214202641 1.12746202009482 3.29509066604061 4.43156904628785 4.34947868306598 -3.97173450014577 -2.41085358553556 2.93917240151968 2.26930784381793 1 460.74397575072
"1" 2.86573651223673 0.357154006220891 0.174989162349885 1.5405475350996 1.23790651083017 8.15776807036379 4.2321624011404 4.26981943374432 -1.27521684683143 0.636516566716751 1.34847498870112 1.44244502987575 1 1928.46587070848
"1" 4.39396099142779 4.19463940478668 4.0018498763825 5.0881635443165 9.64119822332018 12.2163930883477 0.552151584747703 -0.536013867083354 1.31542139202059 1.2308125693939 0.746384617338575 -3.56372387030758 1 5739.65424414091
"1" 3.20671230301604 3.23563043255797 3.10613815352661 4.36583040680335 7.32047238790539 10.5119161226921 -0.043090498985649 -0.445085602324769 1.4424467219602 0.625991884362568 0.863033478872687 -2.56671600617617 1 5795.26175243788
"1" 6.77579782427752 6.54140053232088 2.14224153925091 3.88110616672885 4.23701101275723 9.62707273546944 4.90077479192335 4.90149142895717 -1.2407856486561 -0.515864131620078 10.1226950364995 0.930019667347872 1 5870.70436472282
"1" 2.07111625738056 2.44090199899991 1.05809915518591 -0.0828740237419344 1.49698737551392 2.0513014681977 4.09616576011846 4.15699908857199 -2.38191685571494 -4.58325843278223 6.5547621372235 -1.19138715716105 1 1191.84382505763
"1" 7.1504906082304 6.83359471478265 2.62380769316101 3.42121161986711 4.84013870382677 9.0570884734313 7.31799606298349 7.31938857445096 -0.879351436502927 -0.692390909523371 6.14575838716589 0.913952266173461 1 5548.65704898061
"1" 5.38819902122291 5.01098053242237 2.37524106906374 3.81634030439843 4.75851987557865 9.39586382491009 -1.64495138698983 -0.216989565651147 -0.371783651088241 -0.631359194961238 5.25382131206681 0.143254444384561 0 5922.49199503863
"1" 14.4714830974611 14.1252208565283 2.6799503215583 3.22301035705907 5.45103384879531 8.19102466106371 -0.489020944182992 -0.0277308107615743 0.0103669137700115 -1.33278565269708 1.17564334735107 -7.84372717757964 1 5935.20496207857
"1" 1.33258235292582 1.5040391509045 3.50412230990554 3.93696831728088 8.22121499143745 9.29931928536358 1.33934903393884 0.952032912173069 1.59678948255021 0.650592550095178 1.76912468912062 -3.63376410983171 1 5499.18152320202
"1" 1.83449885704787 1.86043967763827 3.35609691032001 4.41604184392244 7.72268063177779 10.090326198591 0.83859713476611 -0.0417636263246747 1.56609333099667 1.00824243769835 1.7518171357419 -2.71568348502616 1 5416.33884848653
"1" 2.81630153560538 1.43882997042976 0.00348609591178983 -0.00221009475050341 1.09794952434561 1.95436719737414 4.38495133332719 4.41312439275918 -3.46935066064993 -3.35101654859551 3.04012033482219 0.112257493753319 1 -1168.7538897058
"1" 2.63390965445972 2.59088542624699 3.16517785591947 4.15865466893592 7.33802881989946 9.63869394423212 0.633706601523851 0.221959627955535 1.51679056195449 0.707652772866667 1.27863667540994 -2.88096909112856 1 5680.70812340511
"1" 2.17212246767219 2.13074355862218 1.81575157831285 0.372179009765646 2.22475312665406 3.5302212615764 3.73506128739456 3.90321062249454 -1.39322934496832 -1.09257155119188 3.41518511081042 -4.06250086651731 1 3143.09449221985
"1" 2.69783223208818 1.28247798053173 2.39765254296657 3.05817286728507 4.5089430544318 8.0503808062222 3.47175980468223 4.51308200048565 -1.03427544907211 -1.29907191346924 4.63114004224699 8.00934547329444 1 4626.6271569797
"1" 2.08491346894541 2.550005194048 0.725773009141426 -0.124327104841148 1.2687995407997 1.77029614638338 4.25509747929731 4.25802841733085 -3.18121380013729 -5.06349213667299 7.02804555121319 1.13369259433684 1 -459.07013070934
"1" 15.7415598982272 15.354999388435 2.25006796039892 3.28524639630529 4.53365985195777 8.3777560599278 -1.45383129331631 -0.798838205409874 -1.00596452253213 -0.749290209247917 0.773639370606669 0.908543448006143 0 5985.9273322994
"1" 3.02179071030227 -1.0864497208371 -0.103612653167477 2.47809615021425 1.13552901041357 9.65459387185925 4.45750094732065 4.90396725826162 -2.79233797495043 -0.16596664766966 3.45682911430456 0.757029106002661 1 1600.54514416342
"1" 2.75218232386928 1.01851481984194 0.216045873971398 0.370668217143088 1.23735335287393 4.10376979237884 4.18479027551404 4.01511922099283 -3.60390456518326 -3.0489384773513 4.09613714384789 -1.8084752577369 1 2275.29198402476
"1" 2.6172603450643 1.54114594933768 0.0493953106063151 0.148965393690709 1.06285282797819 2.40068415356642 4.31419043446763 4.15945140914766 -2.25756125074041 -3.04604301474246 4.58750446322877 1.15217215404694 1 1043.22377024566
"1" 2.0543976013526 2.54699384703815 1.47392481972691 -0.158694496317232 1.86159989824208 2.39362193235897 4.16606390634329 4.11357778044543 -1.33754092619928 -2.01540043672514 2.64846108805721 -0.595908001260078 1 1786.43552490908
"1" 2.78538287300819 1.20703652608711 0.402567932254863 0.91529589345756 1.30420431683818 6.25378532525925 4.10201876748194 4.07597840341342 -2.975305569679 -1.97273709231533 1.90833836829817 0.494056899040132 1 3007.08569112619
"1" 3.8507485648645 3.53190404730703 2.11678668973681 2.62475387667226 4.51813911207426 6.53732072077424 4.15745092649607 4.55868098105943 -1.06456846699586 -3.13757257909008 5.17313693087521 1.20863880333362 1 5639.74515852409
"1" 2.93814600052235 2.97643287553846 3.56834688082878 4.93668138547377 8.14310809169666 11.208616136537 1.17522914438161 -0.478728627207532 1.56547237268868 0.901008841692525 1.66585391674421 -3.87644952037418 1 5603.29452063558
"1" 0.84878364629657 0.950409818912659 3.41071386627939 4.40312434874475 7.84324685043137 10.0834674999568 2.12595604169737 0.863623639475429 1.94283310456796 0.835912191045728 2.84316130343371 -5.13832674374872 1 5473.05594599235
"1" 15.6476931540749 15.1446402623288 2.58226414953962 3.53580511896233 4.9513631977654 8.92487235205152 0.0974438287429306 -0.274427923409497 -0.403145431661836 -0.899920577128827 1.79858563206923 0.2048903043696 0 5905.3553673337
"1" 2.63309003103371 1.76297402741946 0.24119821342588 0.0426557087614339 1.16152383778546 2.3270491133736 4.27639035369407 4.12203003594993 -2.03003657623712 -5.07584513687437 7.78055906022584 -2.45773447043088 1 1079.86720051721
"1" 2.84513022402011 2.96532182938865 3.63162498109588 4.12947926430034 8.20879663083847 9.28808261635285 -0.112999851439887 -0.263465909251786 1.5697400101058 1.1211912238419 1.29926773197615 -2.83956835063607 1 5607.49243336044
"1" 2.46654825435993 2.04011849843073 1.12981418613996 0.304980785737713 1.68200231859533 3.57555044782903 3.90073829071885 3.98455465479928 -3.06437208362507 -2.20716647136133 3.11334242664023 1.06056723054161 1 2537.8692811357
"1" 8.59461347888895 8.30276393559516 2.5875711372436 3.59018578680006 5.16179782616239 9.01385440024597 8.74706813329207 8.7473288301415 -0.327760253237148 -0.562136575303638 6.88241367724652 -0.21434011813353 1 5584.07876325741
"1" 2.11950841745233 2.34509356943084 1.57864262115836 0.125581289508611 1.91279705897172 2.71066387854753 3.92989090172294 4.00337625116858 -1.33535135640429 -6.91959654722276 7.51773029656127 4.7754413076997 1 2459.11431350615
"1" 16.4329675561606 16.1638281289364 2.91770804185643 3.61307721453561 5.77124142981031 8.98471119368678 -2.17615905070509 -2.4156572936493 0.0270651363600421 -0.662735832040846 -0.0794391409149973 -0.135392955081663 0 6138.03175989808
"1" 3.11597610669836 2.8859453563308 2.76230444016876 3.09822971455317 5.49259707175493 7.62255690702171 3.90623608027589 3.90423904830993 -0.256322729491872 -1.70050089709014 3.29337778085794 -0.781758363899054 1 5169.03280820034
"1" 2.45493986854455 2.20656569702179 0.389665165487901 -0.083747527443186 1.17580821162425 1.86414605561044 4.25574503064993 4.27611031255932 -3.15309055662107 -3.55776668115538 3.03034999577574 -1.16701769179364 1 -268.084335226329
"1" 2.7284587078509 2.57693376650941 2.23964661668056 3.19235122845428 4.5786597420364 7.94512884934679 3.51486270685724 3.51914957120638 -0.52526242179361 -1.21910540647152 5.05809514998497 0.0595222981036412 1 5230.27339816157
"1" 5.49611716031561 5.04882278985394 2.6029062602819 3.95242713329545 4.96114622753972 10.2877462917521 5.54935354878143 5.55705796702416 -0.800619927429235 0.372119185412936 6.4699297235405 0.264757575547306 1 5613.61473447639
"1" 9.29596138877927 9.35849633809073 3.25224196586982 4.15422928817716 7.56876980894433 9.61609373120641 -0.372622250163221 0.161069355398855 1.48908976745493 0.671962752420209 1.99772283086286 -3.84916438128446 1 5857.64873742099
"1" 2.20526996517048 2.46988535576351 0.704828583430123 -0.197006495747847 1.31064749034063 1.8115037926313 4.26419246409649 4.25822692891552 -2.59624177304436 -3.494457701844 7.14435268669189 -5.85928616953888 1 -72.4479051242852
"1" 2.85468086361145 2.64533725106579 2.61087715053878 3.29901271101749 5.19832645622163 8.2376789921722 4.32422604721495 3.66227991786684 -0.353761474785438 -1.31231249947466 5.12446275561094 -0.279639986511535 1 5184.45375833974
"1" 3.40273777416445 3.05929258039544 2.75006635895107 3.23500873197673 5.52825373988608 7.41869131418393 3.94890114568766 3.97329187557992 -0.119146595354032 -1.04549906983627 4.900345934274 -1.78103861550183 1 5294.92796244489
"1" 16.7866378401888 16.3711110847468 2.55915561182349 3.34550856565709 5.17396847370365 8.3714698628766 -0.585366538713019 -2.31917621387458 -0.363988193307573 -1.44703733564211 1.56438309872445 0.0108111670111737 0 5974.67971273807
"1" 4.42564473726671 4.11650460276923 2.27600361203071 2.90454653094627 4.43973397045064 7.39089205666408 4.74258929918001 4.78011320202874 -0.646181213090643 -2.1194333741853 6.6767337637969 -0.581455874505924 1 5498.45526754244
"1" 4.78757241366828 4.52368945981613 2.4425985949549 2.57025835192565 4.85899700022207 6.5547377208183 5.12016977176046 5.13634624759766 -0.543741307120025 -3.8987614372106 7.71302578706525 7.13711129810408 1 5508.7990025391
"1" 3.51118405698792 3.5868770185898 3.245444285495 4.13007297594041 7.4487787797251 9.41349445206948 -0.310602769573512 -0.612201181338573 1.57753322513487 0.875763667868418 1.01894615236805 -2.93791401921586 1 5829.99672864424
"1" 2.82781700930571 1.41401733859044 0.577210855334654 0.788749223259185 1.44043545369858 4.76964429684829 4.03011089623624 4.0899855672171 -2.69549885179867 -3.26703703794822 4.64630826346833 3.46854049992387 1 3034.56798717109
"1" 1.89349850095545 1.71922997608146 3.47739256089035 4.72891207158811 7.95085368209244 10.8366180087534 3.84052343533731 1.48716143662544 1.45650152334273 0.301985588824899 3.30217359362857 -1.92257673204574 1 5248.71321586324
"1" 2.56073784919044 1.81196170476618 0.276600146727396 0.160255328610247 1.13440929314643 2.42444179058587 4.22585592638207 4.10791971698866 -2.95825275947609 -5.05341781860294 2.5668925550826 0.812783054281265 1 1195.6825621853
"1" 17.0612786005816 16.6860157509278 2.17090957101897 3.9143095358879 4.34834247033346 9.61962126838974 -3.87339193286662 -1.866970886039 -1.03440596075396 -0.272990918715545 1.13710098572561 6.94893832250269 0 6054.53773742664
"1" 2.18220026577324 2.41980819485701 1.36320630714135 0.0617453921483066 1.7562754944081 2.61781728843471 4.01717898369003 4.05422290071837 -2.04413822647931 -3.19008905047841 4.98380931604551 -1.06027505869482 1 2001.403480238
"1" 2.51571471267105 1.53800176885905 0.562464353673755 1.80221026035312 1.46156837153292 5.7489431457491 3.96874164343839 3.71701311392118 -3.55281084401477 -4.0992000247504 3.27516334208722 -0.617949878907023 1 3426.78955726429
"1" 2.63904982893061 1.76508637839685 2.47363329649412 2.49897431261658 4.66837156998568 6.51756314770936 3.49335170269615 4.36765290225796 -0.788805949055279 -1.92969520059359 4.57747916290708 0.100561113882952 1 4740.72614584873
"1" 2.4971953349767 1.21296932115012 1.92224126312334 3.35917023547164 4.22754281115768 8.41145879768275 3.73196179225824 2.91246656610954 -2.20353958881955 -0.868432483920301 2.59494435413336 1.80334130787161 1 4513.32436584743
"1" 2.61705838876658 1.96052464939498 -0.0963154213683953 0.0433664905244814 0.959633141892485 1.70689613763013 4.44237691048435 4.43063960755591 -4.79514557836185 -4.23029684855576 3.48166599832398 0.797474648211782 1 -2780.99112156183
