"1" -0.41021286532826 -1.139923802705 0.0173500886406641 1.06299931874135 3.33038618108392 3.50154302732543 -2.45214175439812 -2.14398213394761 3.07096627650929 -1.84376586330261 0.00443393027060503 0.349391326684849 0.142842285882773 0.0558009842446426 0.712631934839994 0.182660719133738 1 928.312712470113
"1" -0.466679600507964 -0.455465922658682 -0.322989260157084 0.278571175794221 4.44243991760549 3.66113270118729 -2.43026162498505 -1.96933160482389 2.90698387075733 2.0733678427096 0.369931012621265 0.966143880357471 0.586646226345754 0.401687027492509 1.61876827715516 0.294974911930137 1 927.754413862218
"1" -0.748335453267489 -0.686890635112337 0.0314923490188157 1.5129158666748 3.21162454090391 4.02877308823062 -2.00360402055981 -2.2006380756211 3.48543366328932 -1.32331907003436 0.0694151699711445 -0.21616194362626 0.225650752568879 0.9274213551648 0.115228642932955 0.642705425049462 1 953.631339778105
"1" -1.91740175440148 -0.466344344025333 0.557363333822515 -0.132342907950015 3.26881795735445 4.20539804988248 -0.684742659300035 -2.40762862803098 -0.830765801814809 2.87283285998198 -0.264574056970706 0.949862430057699 -0.127112565252288 0.160171152909163 1.8828338641314 0.0996187025799144 1 896.001268118864
"1" -0.490052634744235 -1.48583271268776 -0.0421233155176576 0.778845067952657 3.65459805699018 3.0973200563005 -2.10307333940745 -2.1510291872151 3.04808028562563 -0.799291899483423 -0.456225484069383 0.159557230358101 -0.00189505087661656 0.154201068047755 1.39866976917843 0.103556326086188 1 802.182225563811
"1" -0.779362439391012 -1.50229279559949 0.261562821761466 1.80623098567431 2.3186158847795 4.05394380427191 -1.38092037032239 -1.62197426378617 3.53744228600148 -0.698399966594492 -0.217129371396284 -0.98332140953958 0.15006993719038 0.0842311880579877 -0.00792491064684224 0.561832174227982 1 580.627015129699
"1" -0.924344108563838 -1.11290925674287 -0.255668735165384 1.10807962064935 4.2887257777992 3.56651241437932 -1.60037243031726 -2.74730188003397 3.29661850148142 -1.54584680153501 -0.755508862468679 -0.400202418107597 -0.341752761963884 0.187677847459954 1.61668599139229 0.220846710122766 1 905.206819036153
"1" -0.908042079173729 -1.07542901026114 -0.101346027932417 0.724364674659422 2.57016498141953 3.83898281027506 -1.57698916755329 -1.65116380791481 2.18855124394299 -0.768823051516852 0.0495892603704303 -0.417146555592564 -0.0325869864452898 0.69030836730239 0.963696216039084 0.0256259290774597 1 1049.94142292742
"1" -1.67147912065835 -1.22789251160035 0.766670022274146 0.674739153756736 3.14870378676754 3.58668993820404 -1.10780955258695 -1.47526167387141 -0.515685380452832 -0.191280179163555 0.105075248527856 0.606092779357964 -0.253542000362144 -0.103522610109565 0.952400822898393 0.229519273907152 1 1224.79936622281
"1" -2.78164364827204 -1.54069267279295 0.130097433103459 1.36898508070512 2.96180154367124 3.82183254356649 0.695552111553681 -1.81091067520356 -0.659952805738579 -0.903102829558445 -0.70416575679809 0.782068047373191 0.0894342915941047 0.189719441460487 0.294168498650567 0.216309736021916 1 1021.28816756404
"1" -2.87080913972514 -0.21076784264471 0.458520539928255 -0.0320671619285754 3.24451586548243 4.0006215149508 0.929717511327009 -2.34112656429698 -0.665494583453446 2.81262081698222 -0.327216513818805 0.725249948657601 -0.766163844434542 0.258507448709959 1.28846310877435 0.0797181643443557 1 863.834722571952
"1" -1.50806675959569 -0.15965845659409 -0.0647570541744219 -0.0170856003557275 3.0805117214638 3.40487165701526 -0.856574507482487 -2.0649371856862 0.85203145526163 2.86940499644512 0.13157805495317 -0.209220862504294 1.23132212311164 0.277775911273504 0.100549301342333 0.195558296894282 1 763.81242625841
"1" -0.521033791640768 -0.731704229855089 -0.0862611418161181 0.548984861412696 2.55380131635785 3.21108129720134 -1.15937863746485 -1.82160524218915 1.20218508276592 0.00971988125828239 0.343228941546694 -0.761115651498086 0.422304275677421 0.451178232243946 0.752039793319015 0.397873736939745 1 1227.71668274646
"1" -2.65823170424686 -1.65278080623354 0.0807948557888598 0.966839133222674 3.31775265011908 3.49244561692128 0.272232277072468 -1.8105808130829 -0.191051248952004 -0.698099205068143 -0.750746896436865 0.428432449467734 0.00347405163496805 0.199042467943101 0.832008970028348 0.198220385445347 1 914.401970872332
"1" -1.46130555964409 -0.130893930286105 -0.162710777091956 -0.012621445989671 3.38482452245975 3.69675694221025 -1.10373595024709 -2.7504115044084 1.46232822764277 2.76100727658272 -0.253666187413839 0.198643868780463 -0.125792608318924 0.190559990647813 2.03639946865618 -0.00436745652336508 1 795.461373170081
"1" -0.576556669155762 -1.3718697465543 -0.00176325007731083 1.00933758314842 3.88666763798222 3.21280715420388 -2.56747458642092 -2.29400257895201 2.96013324855705 -1.02641617499413 -0.155670123976076 1.3425530805846 -0.137617923103162 -0.00940286258717915 1.46402089535217 0.0602740873199474 1 917.033187633602
"1" -2.13033499337769 0.0253301030377621 1.17633916415489 0.0629059091734932 3.72457911155029 3.19383059519615 0.17366527341956 -1.90135464806497 -1.04601659698251 2.73559182966185 -0.0628596397005245 0.0655685767066826 0.52863291699872 0.227962150620023 -0.0424585960959321 -0.118182696550319 1 971.275325735507
"1" -1.50496088919606 -0.152682223581952 0.0771779828303063 -0.023708446702281 2.86856770222634 3.75939053726351 -1.15762082476775 -2.65563750710746 -0.102716014299257 2.74701847432568 -0.0969847498025597 0.999241922052651 -0.0581229810282645 0.105635660327914 2.10776598468865 0.0804418698923251 1 929.037092991912
"1" -0.753235514776442 -1.44447489276465 -0.0700204919268684 0.992879278609379 3.80064616268187 3.78300930002211 -1.40467219478272 -2.37133525560305 3.25294016552213 -1.30093349836637 -0.622068823313646 -0.500576140106219 -0.136238206867448 0.230997464708527 1.19005446487167 0.0777763919492955 1 738.199879280259
"1" -1.71404311058456 -1.31959338400438 -0.0038466041762357 1.1117617213225 3.96812972527007 3.55548511022044 -0.814563919206501 -2.33891877378957 1.36505198718033 -1.02336554898597 -0.0221353060798945 0.570460824149078 0.7421070838114 0.378695975734001 0.867750376211634 1.17509391991465 1 1081.67029110749
"1" -1.49404459821661 -1.24670901572476 0.0577687402061811 0.82238806321338 3.04310078662486 3.5718588210824 -1.06617088684003 -1.63517016191216 1.08914970565759 -0.353001654591503 0.404650681102332 -0.0196416146580097 -0.139921588500585 0.477321376363447 0.774044024276482 -0.179584086646025 1 1087.97186444838
"1" -2.48586448887501 -0.291135569561661 0.262768841578585 -0.0162945460946205 3.16830886398537 3.77129996505341 0.653116041240545 -2.41588455473024 -0.285148166496459 2.6890060684795 -0.617836587822199 0.793794740046891 -0.111049462552722 0.150077443330436 0.840220069523057 0.102292255710058 1 908.219021584395
"1" -3.55528468357681 -1.42311258215309 0.260011159718417 0.815702570350214 3.6581295405679 3.59130347140177 2.05239076237932 -2.07125684963493 -0.897411615393599 0.198282822707409 -0.90714184303883 0.720261862312883 -0.749383719750683 0.0402888975041882 1.4655780094119 0.215041842483716 1 1072.1620806036
"1" -2.13289557718288 -0.593988039264167 0.820596663599978 -0.0808974637860096 3.12061281495171 3.07047652132511 0.115258518081017 -0.693053389787602 -0.699523350246563 3.18746760996568 -0.305544610256127 0.255040913832598 0.174439161011691 0.217392276623203 -1.54139636995218 0.131864115800759 1 679.116867087232
"1" -0.690624589747731 -1.43831542118275 0.163965451045479 0.753151804382341 2.86870850072851 3.31240688801368 -2.72328050422957 -1.91554316383501 3.32389893051289 -0.99892167922421 0.0133714103156375 -0.87395605038849 0.0158647842644883 0.470746634239921 0.88924035313463 -0.0805863818148171 1 913.604706598195
"1" -0.808193755392267 -1.59829694787249 -0.0330757728131759 1.19921276624458 3.74680636605901 3.82442600641488 -2.3334805260997 -2.16258881254775 3.19071429002799 -1.28412732752932 -0.507862842572196 0.864988437400365 0.118766330064758 0.109727648602553 0.562476105274258 0.156276551966806 1 786.685188403873
"1" -0.926427069918274 -1.57256624724798 -0.0969629800298276 0.914317423991009 3.75794021006419 3.63635835228625 -0.777213296771662 -2.26484846667474 3.31662265781203 -1.23512080085565 -0.700636927569126 -0.530404995394483 0.0626959595562106 0.19730545801088 0.88448284279154 0.148833116401546 1 633.108034528461
"1" -0.725655444825232 -1.05937638703399 -0.0584559552419298 0.302077348453199 3.54913009530202 3.66556418556056 -1.52554173101718 -2.23463098365465 3.28562394874017 0.272140512262457 -0.253633051462071 -0.644381276704385 -0.259747984563304 0.186061805252829 1.6101601062248 -0.13235993202314 1 771.593591472978
"1" -0.401517723041683 -1.52419488416156 -0.0730868482988592 1.02663921661309 3.51067500486208 4.19820540249996 -1.7886893033361 -1.51564182618459 2.97455202439976 -1.01401587843107 -0.0194903557148375 -0.420055623858855 0.164239955566892 0.191870754249875 0.291290478992841 0.13824906701934 1 836.230444930388
"1" -1.7282279435048 -1.36159459931711 0.651475703403038 0.855406723510718 3.67724813589862 3.32535149575194 -1.78640148955845 -1.94042428525655 0.223565546412312 -1.34427273529079 -0.506368535660044 1.58491847049772 -0.400451778403842 -0.228046791236566 1.72224191003522 -0.0420277495734423 1 1157.8042416281
"1" -0.583206977778223 -1.39292991986912 -0.0374554886422453 0.752696659503747 3.98752802007769 4.54536679934608 -2.05219813233228 -1.14439747533103 3.20631543178753 0.392358861087876 -0.367292573972039 1.04715738541884 -0.39590123460615 0.108752580912359 2.33227917359943 -0.0125064018640706 1 922.968221015148
"1" -2.50604344514086 -1.41103053834921 0.504791647618621 1.11684604771797 3.25360917672082 3.64206188921628 0.378567269596679 -2.13920956553042 -0.796226555891436 -1.03917339047797 -0.795725415980327 0.652750725338659 -0.0619119434776949 0.150053141207284 0.631788390250365 0.15218347830836 1 1097.12376920757
"1" -2.68609400961419 -1.32501836750895 0.590048265532557 1.23118700150991 3.20489513132929 3.81872350195223 0.756607166157641 -2.24524150335623 -1.37364306912337 -1.20256921678805 -0.803293973392152 0.623885098902183 -0.102533743889245 0.201072584507707 0.631152250859062 0.192501965606853 1 1151.4911322482
"1" -0.36928912596312 -1.40344316146714 0.0325107560992921 1.12164143782614 3.06837476154353 3.5886950203576 -1.28776363992746 -1.42333478870017 3.13486111981043 -0.642071815019325 0.147501376640119 -0.672806993719831 0.389314681760794 0.887116878963734 0.380984921530763 -0.0457243031194041 1 762.355612469204
"1" -0.943393831416514 -1.29880436947647 1.07069716652594 0.935771083573931 4.00373492465253 0.690805909029229 -1.02832650288596 -2.77404524671552 -1.20909447198765 4.13351509784029 -0.106232070754949 0.155341578947316 0.632269181486623 0.475742208416755 -0.0904789792204328 0.198273002868483 1 672.346547363417
"1" -0.766920792884921 -1.06717296449158 0.324869540266536 1.18234066435619 2.39670921415303 3.39599878374 -1.06678282556361 -2.35947592037104 3.53512307075533 -1.19888151728219 -0.269771320480148 -1.93299531164891 0.043565595725974 0.119692268154052 0.576419040617637 0.0343786811450309 1 681.235047117116
"1" -1.25277806652284 -1.31139850714059 0.266983922076125 0.709025366968357 3.26011053786248 3.5784096797176 -1.85874827220497 -1.70048342682564 0.742633296197434 -0.736723095367365 0.338362261335138 0.845009094392166 0.0928240932935015 -0.193821906117529 1.01069866443649 0.0794964637054551 1 1221.68485157481
"1" -0.68178451947457 -0.683709210070838 0.100693024388997 0.0165146971309121 3.76905752686678 3.70855882597832 -2.07295109712287 -2.28461513757266 2.65767456812854 0.57381654147053 0.0993228773177782 0.14754434630815 -0.183775728300787 0.235626254067742 1.68349030274844 -0.040516098219158 1 987.296968980747
"1" -2.34661433429975 -1.2512067588849 0.698653520437318 0.924549037607756 3.40080768289627 3.68236917706699 0.169941156027777 -1.71602903427191 -0.578384425185345 -0.505742867088419 -0.399156759520336 0.746746645270029 0.190719770281084 0.312559312242559 0.853351761765411 0.34929827069407 1 1175.63686333603
"1" -0.515532304622599 -1.54698203183672 -0.0131955192882757 0.636216985930732 3.59414009424175 3.57008004468664 -1.40344124412014 -1.55167084884201 3.1212420430542 -0.368149080759538 -0.196833174000087 -0.762465748674044 0.0926690006077933 0.255096268958471 0.889930288340712 0.141938424226537 1 651.565017872355
"1" -1.15774439051526 -1.55556120938966 -0.0601739736270879 1.25901387057345 3.95831761710554 3.754236358235 -2.31920730502001 -1.75841022102264 3.43853937577633 -0.385092386628671 0.323671242844772 0.146259008564997 0.631256764574407 0.974153416084169 1.42877800404673 1.27065385533083 1 819.216437588489
"1" -0.28272928993479 -1.14185879209006 0.00554748489682405 0.652226034845313 3.22180118596988 3.01734667067748 -1.44544736337209 -1.56085464051628 2.7016179053983 -0.674948117381996 0.170248809068196 -0.665366329788718 -0.168432263338089 0.469191480672159 0.63144036020144 -0.0545494232857754 1 933.149057219507
"1" -1.53609929202141 -1.16161355350285 0.472250538357515 0.968243982739722 3.50659315522253 3.74852865086852 -1.35134817754487 -1.49498115222114 -0.0243421004351409 -0.362531477141688 0.0716730448664995 0.749134820440725 -0.21854488451024 0.014062413490526 1.30907412510527 0.161402555796252 1 1277.52780525774
"1" -0.133316515371655 -1.18542222469462 0.252461116512929 1.40822916063236 0.272694780627869 3.92759828011847 -1.20555655156256 -1.63172045400865 4.36160997540415 -0.825785823238533 -0.00832791811577616 -1.03216688352022 0.206104304261091 -0.149039765581916 0.164317850701598 -0.129619055818053 1 -511.716744752073
"1" -1.88948507075515 -1.2809404727384 0.827973346675204 0.867053625577584 3.06385968027587 4.09332203047065 -0.607198238101244 -1.47243078076104 -0.605748990197502 -0.277919187929068 0.0756717245624964 0.262869492890338 -0.87724850693473 0.288271629942129 0.781945596915404 0.0138898639620278 1 1188.22064095519
"1" -1.593666938343 -0.251888856375149 0.584930447182261 -0.0239562449235586 2.83478173455612 3.74587650691541 -1.08812712132757 -2.1213768182727 -0.37020455155067 2.84511222518533 0.576482864463223 0.617832968100939 0.675018990185923 0.349500158337937 0.327655570856255 -0.0731006178601913 1 866.228994334444
"1" -1.38948019729725 -1.55881758090967 -0.0414949150108797 1.63555736437771 3.1819228832711 4.08996414784257 -1.60229677630936 -1.50795696308321 0.612321379656733 -0.822180523863568 0.469134436311828 0.485509675081905 0.698570345009626 0.753758192066096 0.0169272154356978 0.859902602217505 1 1082.49111598507
"1" -1.9889532517945 -0.547457111324456 0.799180719602906 -0.181939815526018 3.21663467173042 3.90296743057935 0.2605194880319 -2.10780051348377 -0.783806266381192 2.99280977071054 -0.0442477472361101 0.492236387815101 -0.0248809299548265 0.340017346156517 0.36597177487669 0.255635319047608 1 990.620202451973
"1" -0.56819039399315 -1.32679576014701 -0.150201358107106 0.598601429605723 4.08574429888083 2.6873997543248 -2.46528409100387 -2.77246234466371 2.74811286835939 -1.41854666893348 0.462056972641155 1.19008478454766 0.757841567758321 0.190303365657281 1.51912571638847 0.238265071755589 1 994.586006349313
"1" -0.690636196919589 -1.27854667964352 -0.116745814216746 0.844283113410321 2.67459121643129 3.69376079547823 -1.13230584972155 -1.03577144210191 1.28347238124292 -0.291503786961734 0.070914414543945 -0.735194268979434 -0.210668842021269 0.434070475659213 0.533454007670135 -0.174092602813552 1 1145.47103854661
"1" -0.424083224569329 -1.04947113830918 -0.0357158227239565 1.39977172649267 3.30625219446124 3.59628738137318 -1.43935372417223 -1.54301027671742 2.64866791057356 -0.473374022369147 0.414603543780229 -0.870019878979523 0.484440770932378 0.240329852236633 0.816063956456932 0.311873801370189 1 966.529564606495
"1" -1.76816515058209 -1.50919001236241 0.705169482686381 1.31827589081519 3.38123155923094 4.0178418632495 -1.89777931481105 -2.85831111173271 -0.26372634873104 -1.70295521460621 0.248767748804136 0.976211163700752 0.39335348282611 1.16516193369073 0.560643921662746 0.613320260414714 1 1076.17892875798
"1" -0.745946201068305 -1.23153978645846 -0.0623111864741523 1.23471098070752 3.91023746130851 3.27905753716011 -2.30414309837267 -2.47735999241362 3.20991758017529 -1.65958686542412 0.055133224130275 0.968915057520879 0.680697632347844 -0.0290185752012947 -0.0785266822926187 0.0749083142657543 1 930.721194550439
"1" -1.78328092909055 -0.497347995449132 0.799854393199214 -0.039923224457217 3.18008601984776 3.79535454647129 -0.347001382563202 -2.57092848360964 -0.792707190834401 2.95185560280456 -0.315477066749526 0.739250997055637 0.106555911950213 0.1701152302496 0.703315932689716 0.0853816337643234 1 909.270167821382
"1" -1.41905450020594 -1.2673515425598 0.811022622298577 0.672790282258367 3.11103564822439 3.33871688592748 -1.63893361456993 -1.77901666171898 -0.6311067563595 0.00629255711274646 0.458424587735462 0.806598222636601 -0.178467005125873 0.249800087068211 0.95133038695938 0.131623669276702 1 1247.84263269991
"1" -0.364892498971277 -1.15508492064899 -0.0702580675431038 0.99817223418521 3.52810250338614 3.75891083681123 -1.86542554068958 -1.8559866188807 2.99771188161747 -0.877726457247177 0.2534827925785 -0.113662117526726 -0.381242256883523 -0.0729787690719321 0.759587108323687 0.380695396571575 1 871.765470288901
"1" -1.18340067781868 -1.4141809789044 -0.0913640344045516 0.96755160868657 3.72013137633417 3.72555793740358 -1.26506765160475 -1.69653576100877 1.70504082847837 -0.867388194928633 -0.148368679448251 -0.0539263734509415 -0.285011297012673 0.633271443176529 0.66713297724287 -0.345068703653912 1 1043.92182987024
"1" -0.421474556227887 -1.35011399496811 -0.0458689332239143 1.46238391309298 3.0916368844111 4.24898440210466 -0.76203739159607 -1.65416745702082 3.23611535111312 -0.858297817001304 -0.257020622131156 -1.19379691883203 0.207043651996002 0.299018973546244 0.0298866087170447 0.222089746091869 1 651.304275716593
"1" -1.83755384170997 -1.47325265007691 0.821553453267938 1.11304211476748 3.50610824398066 3.75670299519235 -0.716749964059917 -1.59040221184562 -0.322096201636264 -0.650985271146077 0.00194512355795263 0.871255328745988 -0.17800097074748 -0.171002763228568 0.363448950472044 0.488868315493523 1 1154.71023936299
"1" -1.88353525971281 -1.37698063420511 0.492426076656053 1.22734031810567 3.73768783446059 3.73094117214832 -0.93552674638631 -2.16261048106179 -0.0565948988089054 -1.45923427391544 0.0361642309199423 0.897031539003777 0.770040174201495 0.597368457569401 -0.0332614079592076 1.0921565500566 1 1109.6826403267
"1" -0.775414311372026 -0.733376400921385 0.288471456209204 0.0326432459329016 3.49497080008077 2.80320080971092 -2.06815472191414 -2.41376911745165 1.9820898479327 0.149937355516317 0.476697761780917 0.719359407803375 1.25624451513446 0.935204982897361 0.926142485946239 1.69835200061309 1 1072.22248211876
"1" -0.244210403055151 -0.860128604064279 0.0196387769927922 0.280482131722751 3.1152337386816 3.00852880071726 -1.60038504530574 -2.18335011371598 2.90397364187776 -0.205389713860609 0.269678606149197 -0.609944384036448 0.0719284007199642 0.350505014874966 1.38826632410708 0.110302294227073 1 891.332043524333
"1" -0.534808732976187 -1.6782807294127 -0.0177405724978048 1.31723358874696 3.34971175435421 3.84641897061518 -2.36819253116109 -1.8852122184951 3.07170946424016 -1.18586071478396 -0.240628910572118 0.78614463652202 0.132722587888159 0.122823513565749 0.539960336211167 0.0467255549117542 1 794.350509330037
"1" -0.734796293881384 -1.02248949128118 0.0879923586247572 0.664311719869493 2.96664997053441 3.08284483997251 -1.86028974507522 -2.16270285160206 3.41137889191919 -0.670255697298396 -0.0625369152879558 -0.735858766278029 -0.150776157021631 0.200648835854737 1.5784010703958 -0.0548766758172438 1 815.542261871964
"1" -0.909089537982586 -0.43163769313946 -0.217633876053535 -0.207418353741568 4.09188469976821 3.70365725148154 -2.01368277639936 -2.20025738636847 3.24102064383905 2.89721924803851 0.523046754536622 -0.839826820406266 0.361912527427212 0.238605683233135 1.09719981114984 0.0201972750056402 1 662.81565577631
"1" -0.837466554268615 -1.45872433235319 -0.145322272042463 1.23262447233675 3.70747386321899 3.55685495230696 -1.82182525647416 -1.33604370593626 3.12151207569417 -0.0109525761686609 0.0113694062071218 -0.680589494575695 -0.382569982772488 0.2645879172791 1.44795937769005 0.278811670520456 1 771.825629767245
"1" -0.886847133440282 -1.69314096844186 0.0421714581914569 1.04754328808758 3.79028772650033 4.61592075075571 -2.25970666657668 -1.13850080940448 3.24813709189066 -0.102099733522696 -0.0994825619061003 0.926149496316149 -0.399132391317408 0.0963926705713187 1.41245468153163 -0.366921801375625 1 819.736865712239
"1" -0.77031746045892 -0.68648623033333 -0.157507873371533 0.0696417952005176 4.35241022952052 3.89340423226262 -1.20910567190879 -2.68752224392674 3.23134844092226 1.64883162562753 -0.584402982353764 0.280485902210303 -0.863879614605867 0.023121155640043 2.00933643232157 -0.184887226631109 1 866.904886059139
"1" -0.552644755830185 -1.23349186199548 -0.0937908543558299 1.21781215457999 3.43467119902674 3.65231982155048 -1.62825798094411 -1.71352390829192 3.14981526120112 -1.09172448164196 0.105115130844861 -0.968911088672043 0.665271218607171 0.170904233438152 0.269006659545752 0.0998020742844477 1 808.553501723964
"1" -1.67692180191298 -0.22338760996479 0.782174090326731 -0.143624433546874 2.99334909382565 4.12608697435195 -1.33374091247422 -2.2378720471391 -0.461815632640478 2.67894557779344 0.282581908533476 0.853757060893394 -0.00346352100893268 0.577550858303122 1.02495299927033 0.31102407564762 1 1006.53664476921
"1" -2.02464781806678 -1.32730872607728 0.910901494047239 0.875393091903004 3.43898132236634 3.36649351587231 -0.556503507044996 -1.65803569580764 -0.863167658993178 -0.336112773560301 0.147023186171107 0.413685902053376 -0.358641823743425 -0.0111450202948274 0.844210420440291 0.350314698544876 1 1138.60673241956
"1" -0.595514176855543 -1.15731516248539 0.0902456339475627 1.3185996979028 2.27017707287509 3.23919498354898 1.23151409435177 -1.92727946138862 3.69764450270211 -0.98451678211228 0.0676107924122193 -2.16584431032477 -0.424037958922921 -0.146307856284781 0.713714087306753 0.38817996805055 1 673.561242562377
"1" -1.0536541127406 -1.22490222746796 -0.103239405886386 0.955005001970343 3.66829619933358 2.94501141390984 -0.828353977017829 -2.38360554173769 3.49647557561205 -1.43327834416439 -0.810427484239249 -0.896467034286655 -0.0282637557157708 0.246825673242259 0.57852019793078 0.145633586015655 1 710.31320626106
"1" -0.84455275367063 -1.52470970159922 -0.0901222022698112 1.0067245259435 3.53481469511368 3.68727321182258 -1.10994867174161 -2.26600562478018 3.31979538276005 -0.858583691217154 -0.34633874315346 -0.658939586069408 0.00132752041886656 0.331835334628556 1.26235640400133 0.232644811466041 1 760.673619488651
"1" -0.340876234925488 -0.86204285647108 0.126040998650258 1.0467725642871 2.91379354360061 3.2887657890927 -1.47629110580412 -1.918473088802 3.1498726564397 -0.813187786349072 0.462887822906403 -0.847056302138471 0.389358978378421 0.35603877862042 0.667201904015873 0.195429509918708 1 924.263042060371
"1" -0.676068856170587 -1.28511864292976 -0.0813599760973615 1.11103371795424 3.60954401410646 3.56354289423321 -1.57270996693855 -2.08661330432643 3.19634592870356 -1.28118784751407 -0.0604172198425102 -0.535606603994079 0.199223944157332 0.478180616410273 0.669885288930868 0.309491630609839 1 754.528059124747
"1" -0.717165893235381 -0.731945668797699 0.0602349724330526 0.275237194364421 3.2238262976682 2.95939359390496 -2.18087368612462 -2.12462351604227 3.42185467762117 -0.021172723420523 0.234259750483367 -0.714102399973902 0.508968793573734 0.207610697743556 1.64336290516455 -0.141207309560165 1 841.987766961953
"1" -1.92994539362244 -0.286700316013251 0.290124400126235 0.582567968415658 3.52295887959228 1.24275104136392 0.526903389980647 -1.95888941127411 -0.544600036050323 3.41595933634933 -0.396277270119056 0.801780962571897 0.580834740344242 0.141533969653721 -1.35318303951558 -0.234324485273741 1 562.334925642706
"1" -2.16927354948098 -1.28451869326932 0.817562964398179 1.15297293405919 3.58945941653054 3.49938294985172 0.0582236052830609 -1.98396119568452 -0.417093965617131 -0.836983717070531 -0.378481681953188 0.623983405945636 0.383441754423889 0.00619303009420636 0.77977216042649 0.069942163650141 1 1207.398137409
"1" -0.620224495238659 -0.82076636045618 -0.0362506306100992 0.39495542662701 3.61494995159175 3.47774241092782 -2.6521445463711 -2.09177319091105 3.21851060166972 -1.04846489010365 0.47195756411725 0.825035070202637 0.771145384156035 0.118973353499973 1.23884863961465 0.426669233277728 1 935.964955346662
"1" -2.19389357149093 -1.67957514551566 0.746622377072376 0.896895709750303 3.35618409778599 3.43346362534651 -0.70108426503784 -1.43309660973868 -0.871615883282045 -0.215970826569138 -0.122583553784553 0.495691699368446 0.611433074009926 0.10635453073343 0.811159281657626 0.0307553223034072 1 969.457412018255
"1" -0.208167545840802 -1.30565911816062 -0.000434493632107335 1.89112812668808 3.08758444227005 4.13028950070698 -1.78930469656197 -1.1388641637056 2.97578366731755 -0.849761806246338 0.0411543991481636 -0.511762118405304 0.515858456065046 0.369031849403654 -0.0256798896326784 0.497748016466727 1 913.146874497736
"1" -0.271619184899653 -1.02414223240705 0.00766683515483843 0.660401652739165 3.07268351468008 3.24815870888654 -1.27186897355178 -1.74059196511112 3.00638159986283 -0.12753676907999 0.133763564862405 -1.08834471420112 -0.029312001146095 0.394905187297623 0.772878527830728 0.0721064294239683 1 928.690625690895
"1" -2.68761746680138 -1.34172923938885 0.406740859192798 0.886018000952781 3.18675729842088 3.35783399319297 0.723981302168524 -1.71457317520213 -1.10677570076365 -0.37042761188903 -0.638315576898948 0.568728503012006 -0.111472633039944 0.210540918086599 1.03696586350623 0.166046924166196 1 1116.75181397765
"1" -1.54043047429175 -0.55593147384879 0.632165555831776 0.0167963424213522 3.37058800815852 3.68234877497587 -0.889340507676173 -2.14437667459743 -0.363903106156556 3.00779683014955 -0.171371923697695 0.787003474586808 -0.00505786266954928 0.109237356071591 1.50904935689226 0.0620442155037233 1 887.83401549199
"1" -0.490936061477144 -1.15531785738849 -0.157143466656512 1.14851739670778 3.78050390230289 3.55122045424194 -2.34848939820075 -1.53631140480908 3.14440405277211 -0.882506496118104 0.159123538356524 -0.376109027635299 0.137748463181081 1.30519260835522 0.709946017349761 0.621435655944939 1 838.87306667375
"1" -1.76765804072988 -1.2488809329009 1.14161841739849 1.29116098690769 4.27635675776541 3.36469159857401 -1.77194353583777 -3.5619206051727 -0.811833112381032 -2.00252500952263 -0.00244069666676245 1.39488893053182 0.549958169334183 0.220735992537625 1.30831325902916 0.769052615113766 1 1206.37513945577
"1" -0.381932619986193 -1.00119321694941 -0.0071241317794336 1.05799896255864 3.46482388026781 3.39788839787442 -2.94102233163333 -2.03359886867903 3.04712082068825 -1.03966609942839 0.435423741508392 0.964429691741155 0.641714735807818 0.246624884029436 -0.356127803615506 0.40220817670754 1 1013.1574995526
"1" -0.665849932923996 -1.45294573776199 0.253655514622648 1.11971640935461 2.18046554239086 4.12522848577746 -0.328580427076797 -1.08760892763465 3.49165265975469 -0.688054499272846 -0.265555707690132 -1.57579876540072 0.166901996207858 0.349148688463172 0.439827915257445 0.153768980449609 1 474.978035033459
"1" -2.04852875059321 -0.363156648047388 0.501538023503768 0.0498387308042916 2.75722298163253 3.22636268873367 -0.783561629804494 -2.09680424745833 -0.374051512819349 2.94400282656247 0.0257522627787248 0.614820423371338 0.128842188597249 -0.111773747527968 0.751534069573006 0.132017126633301 1 868.592781776071
"1" -0.937292038546339 -1.09327234810043 0.316546058171058 0.876236521595661 2.94952467962296 3.43085798704977 -1.22344458197754 -1.3991361336967 1.59974297026235 -1.10656277912062 0.242363079308487 -0.664607714440382 -0.0512926622117335 0.593515424824326 0.216724258058858 -0.231996994218011 1 1103.32930551009
"1" -1.48813363637981 -0.587540065199522 0.181510228126994 -0.128830785919441 3.94037396067255 4.18471642697077 -1.6821222817178 -2.18159489041671 0.672141330622726 2.96376767988713 -0.19089888950054 1.15069511209996 -0.223801169909759 0.10441589949398 1.46374234519692 -0.0744351708325532 1 889.397440256951
"1" -0.605052705527329 -1.08282873196366 -0.000891791021319838 1.10524821127174 3.3263454951098 3.79449587550736 -1.64705372341773 -2.11589957230739 3.23326975136837 -1.16576007545114 0.356062782773733 -0.502091352039906 0.849800687518109 -0.189174935777524 0.647390367632954 -0.0737516307274583 1 849.898351533757
"1" -2.0119629382355 -0.282415443754207 1.05697335889665 -0.0167584145581271 2.94875920091894 3.06188847804772 -0.377327646339149 -1.25058231222733 -0.586014448163231 2.97873082295553 -0.136149697292959 -0.111379362104558 0.720175660901685 0.253994756822922 -0.859172001270593 0.26006733854959 1 798.89799888197
"1" -3.45702118687151 -1.31169532888359 0.159644839575586 0.892625176094407 3.67007330691376 3.25656343393084 1.56204599638528 -2.12222840412431 -1.06785692978511 -1.02032316678001 -0.870793853934088 0.900719564639828 -0.362631985576834 -0.00685832771781214 1.03699618247219 0.255023842530458 1 1058.35665308924
"1" -0.694741270580885 -1.50165745877666 -0.105527056286985 1.09400688439913 3.36511908796374 3.66400287101137 -0.488931304833817 -1.12648695034832 3.33058255809881 -1.18499087181602 -0.35817192135314 -1.11886118746332 0.0661683723765932 0.644801804611371 0.330537729710581 0.16208289939892 1 687.291324301124
"1" -1.03347782904081 -0.934638505754804 0.221839217238764 0.793640896246466 2.35674593238592 3.56184580934551 -0.0679010405519777 -1.78087415824526 3.84667458684808 -0.199452403878154 0.176102787152397 -2.09598558904503 -0.0922746744667912 -0.350271975633988 0.916755271933867 -0.152383934811395 1 609.711810621815
"1" -0.555543210505922 -1.2224900396539 -0.110028844672346 1.18723836379414 3.50136176777033 3.53864745696681 -1.28573905803346 -1.52958284624845 3.13272053289845 -0.641721644242585 -0.358696633492899 -0.87014891195606 0.0340812030006151 0.278803238330682 1.35151110319165 0.2457073258971 1 741.461394442489
"1" -0.656381445516919 -1.31242382998282 0.325587567696716 1.44974775967063 0.3317027660275 3.75233691028604 -2.53081056424544 -2.38679234426855 4.56337846486587 -1.23924363739221 0.0661268468805665 -0.852155272953254 0.22472524765036 0.434334561835269 0.395530910178016 0.259232705090264 1 -539.485146084018
"1" -1.18739177499087 -0.196104185269214 0.134076073847675 0.00246148160360457 2.76264666562722 3.41303695648094 -0.73160641763072 -1.79439486572763 0.159365864554193 2.92036762367306 -0.0267516148737703 0.123270542417341 0.339364613775609 0.209616834728366 -0.708611499183971 -0.0174419052592434 1 923.286444716741
