"1" 2.73537055130373 1.30294891944007 0.454322191225386 1.8603342689033 1.39085564004975 5.82861724522326 4.04101329437143 3.9263331518299 5.5112177599346 1 3238.24611379677
"1" 2.92620817644017 0.182712076049687 0.497624172651803 3.25363134853028 1.4424870704052 8.56917341556564 4.0272020315908 4.35551119545641 3.85563673396271 1 2961.50164433571
"1" 2.87628165202481 0.40944953471098 -0.163288896502166 2.61769333351285 1.02079073339147 6.92480955639829 4.4436091876896 4.41642474157997 1.92017396566076 1 1903.87397861981
"1" 3.26037158685234 2.862196110404 2.5588187411779 4.38246974299324 4.91239324018256 9.67271150165414 3.78112616429171 4.10095693286137 4.64023066122073 1 5164.13231115424
"1" 5.23873958511226 5.09954106243815 2.38110045612928 4.0198123955814 4.75219105068487 10.1705097450198 5.79184391664904 5.77916049193864 6.66898981309527 1 5057.40199335998
"1" 6.79952790491741 6.28328368172143 2.54674806757266 3.71440468852709 5.07128348248008 9.28771369974247 6.96877323536576 6.96814419497991 4.58530696521618 1 5281.23607824361
"1" 4.71742256482297 4.73535284934845 2.47876785566191 4.05957587666654 4.94504080694799 10.246931669392 5.27646812227539 5.27135599794439 5.95388223560444 1 5140.34553754708
"1" 2.76043521413806 0.329686082157026 0.394305916162004 3.3426108027368 1.35791306303415 9.57932396795429 4.0423254172968 3.80119253384664 1.2978135775674 1 2943.54574668072
"1" 2.79251075314268 1.51797339685199 0.0832619352558965 -0.00289000814587956 1.13208170868878 2.1629386023856 4.34604883509164 4.31438028047661 8.91719436701305 1 -391.486790721969
"1" 3.82038248476193 3.58874269800174 2.41956479503198 4.07405055308145 4.87804513376764 10.3893405498039 4.23855227820754 4.3236128013661 5.42768624783321 1 5169.90296939818
"1" 2.68723470081247 1.11894494209957 1.74134252789843 3.43140491858636 3.01555597148156 9.47827065904706 3.66781203006403 3.92541954403631 4.17181004788473 1 3972.34314140618
"1" 17.1515937620677 16.7908386910835 2.50867772247448 3.78154334502423 4.98509498766311 9.63293715515247 -2.44985918741314 -1.22966238794641 1.39725325433334 0 5747.73666542829
"1" 3.01306519526106 -0.0478112017995987 -0.215901038489148 0.724029277861507 1.05034469576078 3.02650328513088 4.54565959052179 4.62626534615552 4.28505009078141 1 -218.142661590147
"1" 18.1984738394669 17.7682439480209 2.61828767166726 4.24926725680273 5.17401492022718 10.5982609435173 1.65948356695007 1.9602666175518 2.26683062685796 0 5552.96944653256
"1" 16.4818878396306 16.107237559995 2.52766703358522 3.93563327823393 5.00604100696791 9.83237694463538 -1.73993664614992 -1.83715597601187 0.495187216751995 0 5690.0776998662
"1" 3.44254712458999 3.04101749599812 2.45915503257519 3.96501746102681 4.93135588161167 9.90313957048085 3.47107062064301 4.06410493181644 6.29363020941466 1 5345.99809388899
"1" 2.67823967859011 1.10605465246165 0.330901639924879 2.72089882280353 1.35617001157038 8.18761017191021 4.05484828684742 3.87384044960955 4.19013332844187 1 3315.50763095686
"1" 3.07811947449592 2.68605877787852 2.60942843346983 3.9898126610621 5.21308229162473 9.90131590384048 3.71830609612803 3.85314434081318 5.06591086972854 1 4899.64175225851
"1" 2.72507266783315 1.19361288971116 0.00628642860164398 0.54423010717758 1.07904511911165 3.00883387882893 4.31104520952129 4.16117508426959 3.03373904999374 1 1206.63596893417
"1" 2.58754331718005 1.82640669595191 0.591560392486648 0.0249130669866919 1.34988080569756 2.69274906374382 4.06766712679537 4.15008874402173 7.13289368694725 1 1483.73975690218
"1" 2.83935347494667 0.310201905804132 0.68864216559236 3.63576332874641 1.89750973367208 9.85834940684978 3.9568802006015 4.05525376609448 1.0496590806863 1 2907.57372518919
"1" 3.03410412214659 2.57671120787795 2.51856116887841 4.05682679556015 4.92558042867587 10.1526475982339 3.36865578111944 3.45480806574032 5.24409871317213 1 5067.50503997985
"1" 2.9477539996613 0.784383386394842 -0.224881773930459 0.398858949963004 1.00586912390883 2.29913580475604 4.53637221982007 4.56751236596006 5.50302608024133 1 -1224.9407008219
"1" 2.82081870094276 -0.0527273966615376 -0.184596008506477 1.24176849422227 1.10132561166126 3.77973832563715 4.45189127915937 4.2580162510031 1.48413587298913 1 565.110943740716
"1" 15.9081022390754 15.570492721576 2.56527285010116 4.17394426561005 5.13158157746154 10.3369511141646 0.607117255408917 0.80282527234276 7.48390338962515 1 5575.75397114875
"1" 3.00963899057238 -0.26066765425661 0.000682517429496203 3.63604785063839 1.14609837686887 9.48668928004472 4.36393646529464 4.96126404838646 2.32736573224354 1 1750.92670588082
"1" 16.9357863767298 16.6088777488996 2.38650358844847 3.98369541008556 4.90718095195272 9.79863850598984 0.807614478678419 1.19985051098233 2.77462803983325 0 5644.97700675763
"1" 2.49423965390206 1.51874384961179 0.378442327181116 3.07911732980113 1.39138774307175 8.15297121286455 4.02362990249206 3.75687142310838 3.82815794121429 1 3319.14477239937
"1" 2.96848314521081 0.228528120068318 0.166762745355702 2.78744519195871 1.2401755909266 6.53608891930427 4.23917045832659 4.43124431912798 5.13762088713991 1 2664.27962685074
"1" 2.77944223175084 0.658532103674429 0.129461731918647 3.20841301898817 1.20071813450057 9.00544605130647 4.21001767329219 4.00241875323636 4.35862072903669 1 2905.40942775586
"1" 18.1648456063101 17.7766340379545 2.36761857475955 4.15677390579405 4.9200326893793 10.3707503724363 1.2204585942685 0.841186669916174 4.4070416349688 0 5622.36751728418
"1" 2.6277874782948 1.9952943852635 0.304139490176632 -0.146454259612094 1.2000691884239 1.98558662794152 4.28736497665852 4.29360878966654 2.9732947833062 1 -112.591203976377
"1" 3.9599775471837 3.72403813889557 2.43035744548082 4.09079434416863 5.04198416614194 10.1137321107725 4.46157200599981 4.50588630594605 6.29620320746506 1 5135.84137020102
"1" 2.85213809438693 0.131008018666583 0.531422094724537 4.18257378820484 1.65365623557338 10.8077540209789 4.01413986323348 4.24768512644153 0.88403576994829 1 2595.46602910342
"1" 2.66246868465624 1.14998471993692 0.44307389741209 2.54209222389394 1.40280037183144 7.55921520708464 4.01569800449325 3.80541046106025 3.50195076087729 1 3095.48901192701
"1" 2.78313251599595 0.936727758478765 0.635024649684083 3.3681858726696 1.42512082648437 9.81714295013108 3.96771612922216 3.89086456604334 1.65016997727791 1 3342.53826522444
"1" 2.86551549943539 1.21683691415127 1.27036646006971 3.48193598766646 2.33297979261485 9.90992745569426 3.79530385053885 4.01336749911209 4.03310645518896 1 3966.24261191444
"1" 16.6943749334399 16.3302979500193 2.49566369384424 4.11706061565113 4.98043353811039 10.2546025178393 -0.56510947197682 -2.03787195006505 1.74062366482424 0 5644.10741276363
"1" 2.92267071447438 -0.0208837320305268 -0.166555118801596 2.25629275450306 1.06937322734192 6.50170050798146 4.47348770730385 4.47584398339132 1.60638537934218 1 1052.00104817795
"1" 2.95198204636622 0.613240473881969 -0.344193047343499 0.592334625362376 0.951408718075744 2.43994742986442 4.6348102846829 4.70188132403923 2.01410654589469 1 -1094.1485087453
"1" 5.47273379247073 5.14190122897804 2.73935563914647 3.9696871058224 5.42646957111474 9.73802572969961 5.76631175041679 5.75994698848325 6.69373469497155 1 5150.60395752022
"1" 2.83824602056029 0.616745105655214 -0.0545567625245507 0.283370899757211 1.15374169251412 2.7069287324418 4.37788217538664 4.18130498997313 2.21526286570344 1 714.97915218695
"1" 2.83428074683804 0.187863481632812 0.953421173949757 3.40745207513839 2.26517424084108 8.35003571701388 3.86914049169287 4.14640926304475 0.584263747868565 1 3410.59561049667
"1" 2.69081750819581 2.35282286247033 2.59031034789003 4.32283155674112 5.16401167126965 10.7200569001625 3.47127968593947 4.11704770115639 5.14544921025006 1 4797.25877506041
"1" 2.5945790470971 1.38571604373944 0.957233750963196 3.68575701375395 2.20927877435963 9.18504003497727 3.83577525352873 3.62709953956288 2.4357511973122 1 3373.94877372031
"1" 2.75398695458986 0.767629637770014 0.769183855355416 3.49678194254866 1.70331903330496 9.42316230500935 3.88266604338245 3.86957319967532 1.16227373308967 1 3470.88038032544
"1" 2.70936568623622 1.16892214202448 0.335450140500743 2.20375098944737 1.3365139401087 6.35932464876165 4.08173815430326 3.91020694220984 4.70594307648416 1 3083.66166161635
"1" 16.8014171923441 16.5033480242215 2.39001680602951 3.87833600532538 4.85815744952513 9.80188944992869 -1.60089366049039 -1.26462364075424 0.958679600997546 0 5712.79732475114
"1" 2.46657967804632 1.63608249205102 2.18779558824869 3.98333477321627 4.84806936412263 9.88754108086484 3.70133232281493 3.33545481769519 5.19489727449817 1 4394.07288295806
"1" 2.23829331441535 2.15071911549747 1.57996465101321 0.0191602797782175 2.14655526159748 2.52651021040531 3.8816299832447 4.00269820512021 8.25677060381745 1 2904.46045059229
"1" 2.6938534552678 2.45016326866055 2.43670358432253 3.84915661140721 4.89598379396275 9.65560036333517 3.41088131926594 3.40519144649762 4.73256911875195 1 4942.0789343382
"1" 2.5436190187339 1.92559835377066 0.711691531034344 0.366660862685275 1.38227226189199 3.29341482823087 4.04604555539672 3.94152794050934 5.62249280181764 1 2303.63331073832
"1" 5.45911251211459 5.29048375732066 2.5837597417851 3.97175631805689 5.06198537369551 10.0709743194872 5.71730898625671 5.73806978050791 7.04091881398202 1 5249.06948889151
"1" 2.75495707354095 1.60262898675478 0.139136827949942 -0.0240528762862102 1.12582022285326 2.21719156520021 4.29878842790743 4.35193046318674 3.5976924381011 1 217.003400888601
"1" 16.5194709195509 16.1552718464877 2.45630382773097 4.15297913114166 4.88065678924365 10.3311559705506 0.461561251048117 0.953868811168519 3.10612543586778 0 5606.20922914235
"1" 4.26332005426251 3.83507307580031 2.46721558607744 4.09309019661421 4.9723057941054 10.2482017422403 4.46367613623954 4.53382913157467 5.56775176416062 1 5201.38351235987
"1" 2.53864921855831 1.59767460554779 1.99583590053972 3.25758933876894 3.36838625286533 9.1883948820676 3.63807693162897 3.76286551741063 5.84202162691387 1 3973.05384029075
"1" 4.71264233274133 4.52613582332196 2.45032749124352 3.95150831101637 4.97361661914618 9.71127253736939 5.3184159909107 5.28685895122331 7.08873582832795 1 5037.43224771396
"1" 2.72984434117728 1.03166259494293 0.257889411596802 2.17837864778337 1.31000833046185 6.52673768306346 4.12079989859687 3.99602619744446 1.93214246162485 1 2651.4605822482
"1" 3.05295449221523 -1.76043277076878 -0.193920997829315 1.58658209059828 1.09879577476877 5.01781464815993 4.54462833828028 5.48361442321584 6.85059803694031 1 118.17749141636
"1" 2.72453520572961 0.975281707310192 0.50480117496667 2.5232555476948 1.40007559012171 6.35855375923604 4.04965799791918 3.86036348233736 1.83127101017909 1 3114.44775425401
"1" 2.95503781269409 -0.529331259586986 -0.26905059328968 2.31274635920718 1.04090274798045 7.21609056657655 4.56944361529345 4.43358034962125 4.1655623507792 1 1136.71007508876
"1" 2.57886361738947 2.00250141362457 0.17551918062143 -0.116234247854909 1.10058304151442 1.86696665960842 4.33400087288438 4.31534641740549 5.98953911395309 1 -425.929177638684
"1" 16.4028209269599 16.0795859450471 2.53085921744411 3.9660913787966 4.99539672275676 10.0518472705368 -1.06584733835266 -2.218060481206 2.86771061172435 0 5657.25784408716
"1" 3.85210853264693 3.72171429662114 2.55239641161351 4.04103620419375 5.02631948209748 10.1439669517276 4.19719344534467 4.24212741891619 6.72891813414861 1 5163.09180635087
"1" 2.98318754685312 0.904453757054924 0.0526184713598286 1.20415832019903 1.17574537142817 3.21793529630556 4.29676547278502 4.52199751395611 2.49544761077271 1 2181.70667930323
"1" 4.18074059761001 4.02028863520579 2.61556637550687 3.92534602532958 5.23774979030792 9.9664784061668 4.85559611441828 4.4779701888074 3.80506498638014 1 5424.37333982404
"1" 3.35148750638606 2.88209284575331 2.73321089565064 3.73998429999325 4.93529808374192 9.84789805475757 3.81857772188308 4.6449685315902 6.49968857052234 1 5270.59071246754
"1" 3.0253475019927 -0.310011317195505 -0.200298465883185 0.777800618566867 1.07530305951388 3.13551530390649 4.53947984325267 4.70119970878327 1.82224640839098 1 -552.954967514814
"1" 16.4917561281548 16.2037683540149 2.68904181154983 3.92577157675993 5.30816794927273 9.99003471461973 -1.91289519984915 -0.862718633459688 1.76794811985073 0 5609.95012378418
"1" 15.0547005312988 14.69670256009 2.6757169547232 4.04209564038684 5.32495401646915 10.1320106245779 -0.143841595870246 0.711025943395788 2.05152854787043 0 5558.89006434833
"1" 3.01953920349269 -0.128209035085912 -0.231333592265835 0.783475261168807 1.04383708693357 3.05422749232746 4.56045473032085 4.76860470085851 1.8716091736921 1 -661.879806330731
"1" 14.7975994691654 14.5158265991872 2.56246070598751 3.99263324101246 5.13115875292767 9.95678721355261 -1.14415768495121 -0.415941121028001 2.40032209848969 0 5594.96630948377
"1" 16.9657977681674 16.6215142016605 2.41539247090575 3.96488368672241 4.85913206267626 9.93567258348459 -2.23036817099351 -0.818832661665784 1.66996912179251 0 5697.43461086187
"1" 3.03180114366314 -0.838863550280713 -0.188425498957843 1.12323643781689 1.1016607806701 3.9854050616733 4.52922634997795 4.84033137037341 1.37392194313204 1 -293.118220599836
"1" 2.57053149977441 1.7145703346568 0.010145125425265 0.17066610230816 1.03077292860381 2.10940623575758 4.3394491355242 4.20053583654958 5.61513644848381 1 479.22367290474
"1" 4.15765615292479 3.96795698736668 2.4247050448494 3.9916353721716 4.92467987681015 9.87096002176959 4.76561729077006 4.7923019849352 6.46477943712356 1 5097.68643562635
"1" 2.96419989734569 -0.79062512643242 0.226681013206519 3.90619810570522 1.26341370221208 9.74797925334321 4.20375648760083 4.91981341072763 3.78357313703111 1 2171.25919816826
"1" 4.08604746430857 3.74007400497249 2.46155642499071 4.1085274447593 5.01040663136397 10.4180205713582 4.63300672153917 4.74754171208203 6.19669601580418 1 5338.97617399205
"1" 2.55902638608598 1.43334083310396 2.20826245377856 3.44593821865694 3.77020383784806 9.5259331236536 3.59581859560554 3.78058009034757 3.2201338697241 1 4016.53884936937
"1" 2.24656869435496 1.44590390122028 2.38074262051018 4.05511880726714 4.68503952240695 10.1883300980877 3.62550676621604 2.77095136507942 3.43481281378116 1 4545.00777015703
"1" 2.35387441909616 1.8487084394815 0.738530829728987 -0.0785010468043645 1.38661237175972 2.26220509140821 3.94661303878214 4.16958416614598 4.32562271409853 1 1983.04495804071
"1" 3.6338139816305 3.37915803047826 2.72925695027337 3.95666161733805 5.35424228763457 9.8065365284826 4.13540707057796 4.17163450672993 5.11690873930479 1 5100.53608515789
"1" 3.6239469182721 3.49135297811637 2.4927653017233 3.89795089958628 4.90337247075264 10.1271492328724 4.6114582192462 4.27142108828053 5.65790359868223 1 5120.69931477822
"1" 3.76066532831581 2.96410384843961 2.47958751892515 3.91493232763635 5.26368590903223 9.78862649262975 4.22842507132971 4.364774137568 6.76318601661816 1 5058.39165477184
"1" 2.86453282397307 0.0863674473909815 -0.129596329833008 3.5133151833923 1.08521727319497 8.72098322008236 4.42584484776514 4.38401684734408 1.49218781460501 1 1783.69134048106
"1" 5.16798839866091 4.70110809274611 2.35715497898407 3.87158726880635 4.8939728613475 9.68151458759731 5.37067706029449 5.38429018263553 5.64131327884648 1 5254.64589452494
