"1" -1.99656290266664 -1.12498146366787 4.74210271630046 1.32687071708335 8.82625516586652 3.24516904744713 1.78155028488892 -3.84924755826283 -4.96706318219831 0 196.706965709249
"1" -2.4021121853793 -1.59412134746112 2.25778057093716 2.16050843293801 5.71119636371889 6.19018587800317 0.256139673411764 -1.11975460812352 -9.69548234163178 1 147.933341317633
"1" -1.72607481541234 0.289762853494104 0.0209406599330102 0.519200379428183 4.96975038601529 2.09019682194845 2.68069333205271 2.42372053544915 0.115174378488596 1 114.848836555228
"1" -2.0570764214499 -1.72852625297081 3.48355253400296 7.02557016548883 5.89252845425266 11.5121353636675 3.361880375311 2.15161067034696 -1.18889474278197 1 133.617550561002
"1" -0.21347805050174 -1.4191019002341 0.520015437459319 2.13840415133568 2.47166587942119 4.40338756442267 2.91465345658481 -0.496018935867745 0.0514430050480772 1 161.647840172918
"1" -2.54196083151769 -1.60027774999314 1.42803762096047 1.68965601490711 3.39219918168827 4.29851792255026 -0.901001852496609 -2.65018614349583 6.04729294364998 0 145.627380797568
"1" -0.436897255208657 -1.47899129669031 0.486282346178723 1.70861974720644 2.46194214613448 3.4349433929425 2.95169265358441 0.64770578452423 0.313546532489225 1 141.404875762438
"1" -1.13223455222562 -0.684670242519415 1.01588929680187 0.679173577084332 3.09452235687865 2.13575103017526 -0.390111554940864 3.11913595802067 -0.700579203147177 1 163.319443756629
"1" -1.75166579213189 -2.0239726782853 1.20681357531996 0.978354155378678 2.91329443580234 3.94242275392658 -17.6083311675446 -41.5621881899703 -7.4647290723604 1 155.774243327171
"1" -0.817361719893596 -1.47025322059053 0.602478032281623 1.3360465625906 2.03524536217413 3.84001497556582 3.16546567547819 -0.435380320392047 0.0226914077179246 1 88.4998641502216
"1" -0.774921265721879 -0.782473336496391 0.146229834290254 -0.0932908110318304 2.57340728556509 3.69861214764816 3.11617358319879 2.96656790107055 -0.637226302949075 1 33.6155742575359
"1" -1.43503774412981 0.173990174793652 0.457771552215983 0.59983217728927 2.1146254672928 2.45710932487138 0.841148521494666 2.58475089415628 -0.0951086329362178 1 170.988316015562
"1" -1.74701560968762 -1.4717202809151 0.98304580115418 2.95046590192872 2.98934109269368 5.92282141336252 -15.027225418146 1.29269355770574 -7.18989761172006 0 186.057559387834
"1" -0.709399034971793 -1.12463318986304 0.642687612470738 1.17593479148052 2.38871763671875 3.56784605385621 3.1209748268388 0.439032215967536 -0.0787420045154898 1 137.220579105703
"1" -3.06099254009527 -0.559156413839249 1.23253145960458 0.58918040777268 3.70553867917735 2.20022699214295 -0.789642777232712 2.84391203116675 0.215190109420727 1 103.292411351153
"1" -2.28705693864294 -0.760291044652817 3.79815289848272 0.597912901902408 4.63444801772189 2.23250490714188 -2.22069937958744 3.0254229696556 0.167256124435823 1 78.0150838336785
"1" -0.691832231520801 -0.626787842634887 0.70685724426153 0.0875526856821774 1.7140320661191 2.34414009097334 3.44520126350326 0.623390381007619 -0.769513138343399 1 95.368370198926
"1" -1.01632902658509 0.254818121312016 0.11663662082767 0.194875160124506 2.88936276131341 3.15027655142458 1.6212588451332 2.66094705208248 -0.112250281548678 1 195.071539084581
"1" -2.05620981265102 -1.48983383405679 4.88372156062712 2.46133703201223 8.43333923895256 6.28708842157628 2.20212841853231 0.328431682766771 -0.0695774068804775 0 168.367530499513
"1" -1.84399668113418 -0.334468942454204 1.8346463078674 0.672822473219321 5.80728293470116 2.85560076708848 -2.08289565296763 2.7363604454411 1.39451251602839 1 148.915521247932
"1" -2.3644269552699 -1.58617012536589 3.97870609894586 1.25378988833439 7.00206377968835 3.19807221191744 2.25049675235851 -3.30332426227707 -9.54869388412095 1 148.864735974294
"1" -1.29321276592204 -1.58607231508911 0.61351895610504 1.27988258188914 2.3126620926103 4.89800903667137 3.52910229229062 -1.39683671563628 0.0469735466057055 1 86.2155445629046
"1" -0.828908958534832 -1.78113186523727 0.534676028329843 1.97100337111998 2.47802815150647 4.62698113741394 2.99369911665973 -0.761964689331675 0.74402985645957 1 92.8852797889781
"1" -0.744725741505491 -1.14863473278569 0.624704618032893 1.46737788912044 2.356664462352 3.86002297259513 3.16896642941166 -0.550026538880064 0.0700263431156757 1 135.212940146871
"1" -1.0920781023265 -1.47056986058274 0.674735565093821 0.63770409005562 3.45507912653984 2.35087057051413 -0.540317446241275 3.75649258614997 -0.801440363906367 1 96.4196412953867
"1" -2.19199287028394 -0.530336711833337 1.10613074624727 0.670650723558261 3.94499959904337 2.57454969228733 -0.879748424760561 2.83632270972698 0.117922334216254 1 110.444415933627
"1" -1.4819250087147 -1.0551576987962 1.3033214549013 1.16632744250843 2.7642260397626 4.14008109707626 -2.2798053669089 -2.22791815840439 5.10992592006246 0 226.676793021429
"1" -0.863669834759719 -1.6563148008327 0.529174612870228 1.70405514157737 1.95310288119431 4.09572971719786 3.07635674333862 -0.308461341322377 -0.101054845311648 1 97.8464619652918
"1" -1.59440316756408 -1.19615389771794 1.34324467511707 1.38686848494507 3.36053078498816 3.32870947345371 -0.6359705289612 -11.2159432641819 -0.3472372548022 0 211.796551230689
"1" -0.543803140650849 -1.26161546072801 0.545844397075277 0.847395428876357 2.41129254658938 2.94569907350337 2.86612260123636 -0.49136358715266 -0.154333127632592 1 121.308336398068
"1" -2.07661288899532 -0.554960938541901 0.845396329837143 0.429691741926119 2.61715989009646 3.07204371065168 0.0643431744866919 2.79827324871017 0.158635964955279 1 117.560527415658
"1" -0.92029808168004 -1.54474133592414 0.697221718908278 0.299088457457188 2.19561632112694 3.5144296839271 3.5250216696919 0.329152971664264 -0.190381701482927 1 82.8401059636708
"1" -2.3743292713361 -0.798426618784745 0.0793680000425739 0.719510962240285 3.54066604743517 2.18831471710353 -0.353080961326705 3.13246883703437 0.0814114409320383 1 71.4750168907182
"1" -2.19223487730861 -1.3678818900943 6.93444884917032 1.43155613536153 11.3795143586406 3.9608028716025 2.38799389325524 -2.42665094661271 9.95463343375428 1 172.450460827683
"1" -1.15157916467518 -1.54335209141346 -0.182499758871557 1.49226608431809 4.71045784452352 3.99642555448753 3.21973797044466 0.210353876801352 -0.110387304692089 1 142.087830328246
"1" -1.53526818142832 -1.98265460188878 -0.139364404153959 2.20818927052044 4.05645095672817 4.3373621424472 3.51758940343129 -0.112671373025802 0.434216062628929 1 76.0535515407745
"1" -0.780059379987934 -1.20555153663358 0.551845897576812 0.539328217821243 1.82698602953795 3.95567165272237 3.24795479087078 -0.471443645518076 -0.234241914028877 1 111.52058178371
"1" -1.44010358632417 -1.23364535305645 1.03907686376918 1.39286731714106 3.37256978015897 3.57195729103906 -1.66307379042719 -2.46588574771113 6.3901719477238 0 217.214991716888
"1" -1.59305917968842 -1.67123834786207 4.48564418522512 0.992209218575279 7.74035075793279 2.86409507822011 1.88403172220646 -4.77082338928183 -9.27496899107581 1 178.041635843824
"1" -1.01678604191519 -1.66471880175496 0.682886370781301 1.13334851572566 2.16245700443175 4.29082859326536 3.2961787555554 -1.54894303206605 0.0868995239078552 1 86.4067183402898
"1" -0.882897802919599 -1.31699751514403 0.601325586534072 2.2652652215928 2.16154587883477 4.94141969020716 3.29091303546182 -1.23444293704953 -0.0299792786425028 1 134.385309105797
"1" -0.656962111304795 -1.9150388324329 0.685085876619195 2.72580889186535 2.29772410420443 5.69637354074178 2.85046079571978 -1.68360235972699 0.228806539734083 1 119.454578415841
"1" -0.371359895936084 -0.904913972010103 0.658009549719967 0.732881932210327 1.72570001636898 3.51693547040582 3.01015783804996 0.206740455777691 -0.166055805838686 1 163.472775644587
"1" -1.75836102137719 -1.79508446154577 3.68020907474073 5.40805633475152 6.24936550996962 8.87323924276382 2.36669606052896 2.55066382251027 -5.11044904337808 1 119.509519854529
"1" -1.76189108488073 -0.692368751236445 2.29695286627987 0.574015376132857 3.59314754067596 1.80199816302392 -0.118829084730168 3.03728560254839 1.21921161145227 1 118.547088367547
"1" -2.36155271206039 -1.24155749401017 4.23194709158818 1.79502987937409 7.53050944462909 4.00462725258337 2.74250005565044 0.494386730889042 -9.9854128581892 1 168.074476804335
"1" -1.0261779494136 -1.14747860469381 4.41291701757343 3.49990638424613 8.49561068818926 6.52333686072442 2.1248966594783 2.626677627232 -2.36828080770322 1 172.527764437667
"1" -2.86136538353901 -0.806561196851724 0.237009476952376 0.692094340408324 3.63881885548659 2.06599748303935 -0.527556346636198 3.1392237526036 0.293266398524275 1 71.119738540424
"1" -0.266917894488099 -1.87409126521154 0.682670555144531 2.07553406143964 2.38940436996523 4.56587235159315 2.70442270435558 -0.791069611309987 0.713788069594321 1 131.302436327091
"1" -1.00282011149586 -1.4188110970722 2.88256057413336 4.140046237947 5.91928848155891 7.91813436272761 2.03586110239486 2.63125289706467 -2.47931322859578 1 183.009044801982
"1" -2.0827153162201 -1.29165204780407 1.53059960489313 1.04812635029708 3.95557767420076 3.34277425569058 -4.47644636120378 -1.66888276365053 -1.48905431820127 0 182.427608344093
"1" -0.539402219752001 -1.2455418293906 0.714912637946155 1.78321160883454 2.19757698885636 4.41874885829547 2.97116297218364 -0.796793850368351 0.185972893444353 1 146.435477907729
"1" -0.810564042026808 -1.09272610960972 0.600250161616774 -0.163651501018491 1.98513220255001 1.60939682836726 3.2208304609664 -1.41765693987888 0.0138715171327434 1 98.1894608330317
"1" -2.72040734552206 -1.35823335382303 1.17532707022819 3.17574185778462 4.96338833928793 6.01968054364187 -6.11620167122846 1.40334960048353 -4.7339839657957 0 157.460048992608
"1" -2.50048304930117 -1.60836521216809 4.79081164403131 1.05290480966779 8.93218817816893 2.89373344552898 1.99112869114555 -2.85937522082342 -8.97327528475857 1 142.539149435116
"1" -1.48427013781723 -1.31973567868942 -0.218862613423444 1.40097805190361 4.35959171158567 4.40894054891171 3.44587958398813 -3.23481502004275 0.151693300071803 1 120.850125103331
"1" -2.3641767452047 -1.45048621820039 1.90176602772655 2.79279622263996 11.483398513486 6.6605543461748 0.076346603158517 0.637061674375449 9.14824379814148 1 157.36489709507
"1" -0.748917841754049 -1.4301929547538 0.709698088020695 2.48487254955321 2.04201950854552 4.46042881874834 3.13228949086182 -0.0193973481104077 -0.0385173293089985 1 140.496499564757
"1" -0.711692758701645 -1.33581643772658 0.622918805859513 2.60414889762445 1.9700758073714 5.28085910523854 3.13131792527865 -0.675202901371963 -0.0199588713429129 1 114.813116044023
"1" -0.825908509727245 -1.09566062838781 0.735168880661538 2.03135793231083 1.7798764860918 4.71539994783661 3.24854937328288 -0.953392573108671 -0.303623771699473 1 133.966336800574
"1" -0.997607185493664 -0.776314069999623 0.676067756844578 1.71764598594731 2.11315355373812 3.3422098976922 3.46966609619389 -2.64991721819208 -0.0115807841488937 1 88.4480768934357
"1" -0.877371157133647 -0.00200367766291598 0.266422542822045 0.218720381409847 2.7522290486922 3.09164344843813 3.58782780269106 2.17354081862231 -0.642963201756847 1 64.6297998453804
"1" -2.08742660249837 -1.71632835767767 3.85630740864099 1.52368825476227 7.13815227403507 4.78839432888724 2.00383823783407 -7.00764146267515 3.33138624551434 0 152.786144807685
"1" -2.07189586657553 -1.01230908131243 4.65192485511519 1.14240165367395 8.41509904211669 3.07426377817624 1.91016497577365 -7.34744069735715 9.55357961640876 1 201.9586591554
"1" -0.928905303478734 -1.32429435414636 0.727885894382703 0.545407904883355 2.32850057742736 3.15844762013395 3.23436889582404 -1.50535168333633 -0.0532979963903933 1 105.63512468722
"1" -2.01526055973377 -1.02864960497058 2.09520040459888 1.78488796212287 5.45340294758822 5.74214910109513 0.417643365944172 -0.578290198446463 -11.17609124659 1 202.741189376523
"1" -2.12710797275535 -1.69976653846547 0.887113212010566 1.20739465336223 4.21132817573108 3.79136037531918 -3.40681811974371 -3.42625996532363 5.07864340194126 0 153.651921399299
"1" -1.56698233333649 -0.791090577208115 1.20193543773563 0.474273659739511 2.76439730186537 2.77253811733915 -0.0786775467927549 3.19406101535613 0.22786462525912 1 115.754389029589
"1" -2.19757154544947 -1.40982823379637 3.26134956353866 3.67547331713932 7.24590125460546 8.3554535145186 1.52220324341775 1.8785276786482 -17.9899662463719 1 25.1861481788114
"1" -0.311460607933111 -1.00642656990932 -0.130577212653053 -0.109821223727198 4.22096401412925 4.09304380587913 2.24158300388254 3.43308623217985 -1.16610235197287 1 38.3615597931594
"1" -0.527279825434211 -1.38165189072084 0.613003116854542 2.3204535833285 2.58442291028369 4.57474071036821 2.95400822254585 -0.343366729110103 0.134093026039935 1 144.484435791908
"1" -0.512701065610382 -1.96953148847661 0.571062711865481 1.52428224334574 2.00284503266202 4.99576360850004 2.89105338789749 -1.33913432470512 0.0802189951707327 1 107.906975165383
"1" -1.40376625443102 -0.315618189614777 0.899120870169121 0.636424785705546 3.88168189416532 2.0223097034543 -0.644055623176761 2.94977039222094 -0.241921007227938 1 141.361470358599
"1" -1.57198567036215 -1.48696894612604 4.17486646468101 1.64778613079475 7.2765899689265 4.16996577188688 1.85041543984687 -3.81842926489907 5.72885196573198 0 191.596527232668
"1" -0.34592159520919 -0.974914547885877 0.651844218203516 2.63879321666933 1.95970211313891 4.22158134414758 2.93410818618277 -0.378887963017223 0.139948001625807 1 150.277035192987
"1" -1.32247257521481 -1.45593306418369 0.676533616743572 2.15770505875156 2.48130322394278 4.78989068870231 3.53625006848855 -0.520480865779783 -0.0293013747942046 1 79.8774942327506
"1" -0.626216466876311 -1.00818472588765 0.471006180974205 2.16778994622891 2.45653813110918 4.5353867733926 3.12957925987034 -0.0154053262059355 0.166953560595458 1 162.820667912678
"1" -1.87876339443115 -0.856717842524957 4.89968764332353 2.99955895340984 9.39027732748869 5.83959130227278 3.14614287515214 1.9787860616934 -4.74760898311104 1 186.317438343224
"1" -1.5499203667026 -0.779629766826329 0.646964305626944 -0.1622342918706 2.96031858859107 3.88019669800489 0.0117046502400163 2.93295214690498 0.0397322295762536 1 120.573158541497
"1" -2.5681217403192 -1.9736952903597 1.0352827305169 4.6019006967993 3.33611298415028 8.25631027458794 -0.96213351773354 1.7854118638318 0.153594372573858 0 118.146042745103
"1" -1.52269750364598 -1.59873875245347 -0.240219915904034 2.38268762113666 4.60886612542577 6.80999850532733 3.40263386047473 0.24611285744387 0.386749958480964 1 104.345746079752
"1" -2.60416416109225 -1.59169552922817 4.68135575416688 2.82800776215374 7.91269236843134 8.40507302531221 2.77085958039404 1.03911738065445 7.30607078110909 1 137.781647998644
"1" -1.71521287478086 -1.27931199401703 1.09520714991362 1.22692255095598 2.9255015490296 3.55376920873176 -9.70965792017321 -21.7542072020224 -7.59511638445307 1 200.274379177163
"1" -0.6036811467648 -1.10421033034913 -0.0699905172519554 2.27174825690684 3.99020993205578 4.57177683528669 2.93848285281663 0.521976569875625 0.285240823521584 1 175.56400615345
"1" -0.975891113992252 -0.52560366435829 0.368398221737607 0.53104217586446 2.40302946094085 2.83012951550413 1.1210764416312 3.15620431359074 0.0742956380148822 1 131.885870149756
"1" -2.40285877259177 -1.40313146156881 2.94203667102241 1.33617505020371 7.40068757853175 3.43749634039963 -0.835399214206601 -1.13558936940821 -7.41358593512073 0 162.319571070637
"1" -0.655001192912895 -1.28029210750018 -0.193418945623589 2.16368731566939 4.07022641495663 5.81941297631635 2.84522108870482 -1.94558349496116 0.694461512203732 1 137.346529633822
"1" -1.06927116342997 -0.448197106468256 0.577999328044663 0.760445344507016 1.82451608376363 3.62829850542402 3.6665194302463 0.610342428646011 -1.10906208839063 1 110.771217083932
"1" -2.02645196136804 -0.793013505108459 2.77680967654255 0.614381459886213 4.16429921117973 2.19418820308149 -1.24934145595087 3.06200136581179 0.846050077900546 1 81.5591625289467
"1" -1.02978879141101 -1.33432448262757 0.591162030892842 1.55794643731341 2.12218352223256 3.95182326423444 3.29599326350138 -0.253802340910082 0.133917164039989 1 98.2485465868597
"1" -0.253514141977881 -0.105249569152362 0.481721932656664 0.439184445988102 2.14069951945245 2.82961948776937 3.1446506950904 1.37942329362188 -1.00486173882619 1 138.932912763034
"1" -1.29489993047242 -1.70098750243188 -0.0827596710073611 0.493641423558252 4.10470428313632 2.44107017761396 3.3549964830052 -2.14935132715427 1.00318808525239 1 102.62927014009
"1" -2.19932915205866 -2.11063919038054 6.7050299779614 3.38763417155636 11.0209568647292 7.61308895184417 2.22352182373186 1.79295780828326 7.71506232522878 1 130.342856096539
"1" -2.48431987669911 -1.20962213971837 1.0255633594181 3.38979571771715 4.40850184211909 7.11869139185469 -4.95817752189708 0.717545112525226 -5.01009312604592 0 173.74613023167
"1" -2.26780668815032 -0.721456663651836 1.64456776615563 0.00918048037738136 2.77516832611685 3.41220643451189 -0.249015098398546 2.78855298382594 0.163203371854737 1 131.637108180473
"1" -0.995974242133405 -0.961655744681252 0.608955321354768 1.32705803028737 1.73013211938895 4.15570497011863 3.42579701108307 -0.734607170859919 -0.163809809262325 1 124.438005945891
"1" -1.46251361791137 0.108850043469331 0.411677699080073 0.50479471209949 2.73183379646313 2.42120572975928 0.213848754423904 2.6362925230754 -0.402523067745352 1 135.415709012066
"1" -1.8820043654568 -1.30628968554818 -0.271723931285483 2.43834224143323 5.26158438791619 4.68033784099121 3.772970986455 -0.296909084015193 0.286029179940784 1 87.7008792365259
"1" -0.64650681628256 -1.19620720354042 0.588003394741998 1.40609771980095 2.19637530398783 4.07437767772543 3.06810916315001 -0.578537586135118 -0.0580804187198188 1 147.987680537553
"1" -1.71975951416524 -1.34046050250917 1.39356810577419 1.15925648050924 2.90044631648181 3.50388477240869 -1.18451081954956 -4.27211177763992 -5.755924057073 0 195.659976639832
