"1" -4.26262363237038 -0.0317616241806235 0.487503357725091 0.618000548474635 3.42644409838728 0.438320171737625 1.99386467585411 -2.71489414632186 -0.640734418334969 3.46240257760456 -0.697162544623508 0.19801888900152 1 38.825693902043
"1" -0.132796837908976 -1.9717937956894 0.52013716314794 1.67062817361369 1.5496487187526 4.28400071970954 -1.22290037306984 -0.957599669331445 3.32364628154168 -0.567991247371022 -0.114039222496385 0.175372254231943 1 88.7229023243476
"1" -0.648488246683297 0.269756349633977 0.0683635690751839 0.515307208050171 2.90573748153314 2.2873850322568 -2.85622245598509 -2.96205220482922 1.07967556975973 3.09752247098849 0.790594667976535 -0.225015564645764 1 153.388903212422
"1" -14.886814239595 -1.84361043489644 14.4299818177731 2.73084835649214 49.7624607290416 6.46190048363205 8.28359377731146 -6.51442214878076 -25.9418800186129 -0.387299404220071 -6.11215872095286 0.339453573022594 1 93.0287121739784
"1" 0.180159790622377 -0.945443373482711 0.219990251502146 1.38992671341664 0.21833501228772 4.16297901943739 -2.65563748622528 -3.23246373205191 4.45945005472821 -1.31671837683334 0.318525524864651 -0.116753263246195 1 -81.5324180766074
"1" -1.72846520484553 -0.0157480406688564 1.43044812120734 0.272326508507513 2.95658829833048 2.57247566965066 -0.824089401446075 -1.23534535040529 -0.489277235336955 3.06906455606055 -0.085136262728089 0.117986023443148 1 154.141155767758
"1" -0.339628443003352 -1.32828868431564 0.393676640477479 1.51671518203644 1.84942318864118 3.87840803769482 -1.10270606716746 -1.27116288634577 3.36741331538233 -0.427376879491586 -0.0374930079580919 0.0393140453151392 1 102.635200387548
"1" -1.26268783492312 -1.64302896253638 3.19459294249877 2.46994650646281 5.7777053458545 4.94814944966625 -9.88644733481525 -18.4498449644899 2.51391834650275 1.32263055290176 -11.2103328112863 -2.47485602344172 1 153.953163985863
"1" -1.61957561216035 -0.317969457322985 0.952817113309833 0.503085118020964 2.62840824259186 1.99437747701833 -1.80049698960604 -2.43603558445862 -0.30984206188747 3.27764202463304 -0.0233352977803047 0.116040333252728 1 99.7445545841838
"1" -0.426837529355164 0.143323258606544 0.12927980234826 0.441502344933728 2.90457959960476 2.15055081278345 -1.14299924336486 -1.47143474951236 1.02238928838982 3.19631586326752 0.330527123709677 -0.347120436282387 1 163.446379248267
"1" 0.055981186873506 -1.40992573235777 0.269232946404098 1.98325422912098 2.50711352741574 3.96144157618369 -1.38773133831487 -1.12425969935381 2.97702553839715 0.212592945001506 -0.119912895403296 0.178226702662118 1 146.843970828119
"1" -0.186299541225586 -0.0053619401741083 -0.00274996010722554 0.196023543785494 4.07274708413986 2.05847330312841 -0.436750765399713 -2.65993096538717 2.35394543658134 3.38065806334478 -0.200894199528798 -4.12773103583049 1 16.3191409958663
"1" -2.12011092759794 -0.22425657312608 2.283804562335 0.0578723822643002 3.15665165384084 3.22912152077061 -0.217640489774389 -1.13299701880415 -0.811931763992243 2.85338058524437 -0.0222382308332308 0.180269707392375 1 126.354072727837
"1" -3.33940099812082 -1.67355013104973 0.845825382936439 1.88290962546802 2.68247671593462 4.509915468614 1.49942771263807 -18.2944384042192 -11.828733076735 -0.375918719968852 -10.4877307472507 -1.78117149026928 1 155.014470628781
"1" -0.539018093782744 -1.71446194095424 0.0415628838963616 2.01961832511153 3.00174762525501 3.42050358564713 -2.96811864673213 -2.89686084467203 3.16335852859011 0.0982055668000414 -0.725666356213884 0.173515154672497 1 131.862080487523
"1" -0.687112820986957 -1.1080525752182 0.284065271219754 2.10448746323957 0.252457539478488 4.53903976655548 -1.10516216192766 -2.39242754284238 4.67667503018584 0.183299708221276 1.22281870898611 -0.330032445358719 1 -104.412373424232
"1" -1.88436002873688 -1.0791787777917 9.98131557052135 0.845216716890273 16.3196981279459 3.77778961499504 -3.06661965236209 -5.83486998157643 2.04254165668858 -1.50298384446871 6.5735105661003 -9.06130593733119 1 203.187900753659
"1" -0.328656773513405 -1.07039172892997 0.0976562063377283 1.58246998974172 2.90817181707947 4.15116424302566 -3.11555998477426 -6.12152049339861 3.10641802900728 -0.40219697939598 -0.376558308992515 -1.01289874666461 1 187.112214753232
"1" -11.0983237564356 -1.62529038544779 1.12216282393023 1.08129828543328 3.74212078163308 2.77515967084026 7.07977137822424 -19.0735564183447 -8.20566402567942 -3.52612014030755 -9.66681635056443 0.0771894049674815 1 146.668786840344
"1" -0.573963831741892 -1.15610859469045 -0.0200269982610245 1.38194595600853 3.60887999775651 3.83232526376296 -1.70891541632165 -3.39461701409452 3.11187469692058 -0.963522077667213 -0.49486675182848 0.300338151103455 1 134.391284187401
"1" -1.86953927826495 -1.44819877606112 2.53773364256247 3.98044714805299 5.09547573568872 7.80044860589871 -3.57054182439911 -4.25580677342739 3.47621176249675 1.94180334277714 -2.29735109005074 -4.17740243038692 1 120.822717725497
"1" -12.5270314039038 -1.17733267759598 4.68015599540338 1.27043290453974 8.69244022685426 3.22480510250628 7.8786702600215 -5.65034225617791 1.77715815853052 -5.27400171866521 -5.54143645641392 1.60021603614982 0 194.564559870103
"1" -12.2570365685393 -1.51288608627063 1.30228766625551 1.14640959308531 3.17721880001398 3.40357440347285 7.72154676714485 -13.3674499975562 -5.38048835062064 -6.21061770527266 -9.43689541941094 -0.184880375239014 1 151.712656233207
"1" -1.15024842939783 -0.801947345275782 3.65906661911052 3.18453952498946 6.26107297623232 5.58815651864626 -2.68924198156886 -4.98905373273603 2.8025678187017 2.78819793895086 2.6031638831149 -6.06959638866113 1 123.288024721227
"1" -1.71723373392679 0.270229709792514 2.07775384525794 0.401135071991037 4.02472120779981 1.88831203592108 0.142915461595364 -1.691068289916 -1.1224848170139 3.03559961474934 -0.395720445124435 0.168375907814351 1 147.667617500614
"1" -13.3092096346825 -1.42975602271092 10.4314075360586 1.15790415739045 24.9594885563732 3.19226631156061 8.01013612575629 -6.06945411910627 4.18958637920418 -0.460206157961063 -4.65873013855239 6.68925105736918 0 148.098721253102
"1" -2.94627242596703 -0.115234214269334 1.43957806075794 0.262521121652139 4.07944916456134 0.248237481475593 1.13002338488152 -4.00742291025908 -1.7792856652642 4.30886050568492 -1.22818090879256 -0.232968157604928 1 -142.221399287146
"1" -1.88426915939117 -1.85179732990787 0.758969307211287 2.08516907728422 2.99132545175367 4.97032157244144 -14.746539836698 -21.4536147349083 -12.7426814316022 0.137725091025248 -11.3340010088054 -2.1679737208317 1 156.007146766498
"1" -0.674205592375164 -1.6024562066942 0.426753473254502 1.7645971833855 1.61458905716459 4.89850207010933 -6.95406006990487 -7.07358524791324 3.67156280143426 -2.45478695671492 -4.42429718111447 0.160898091504935 1 62.3913566976298
"1" -1.44278742689686 -0.53348925742202 0.537468210969131 1.29069910300963 1.43175753441835 3.26570506552769 -1.70867459908967 -4.47933591649235 4.54557507418707 -0.0130226698680389 -0.310236200079176 -2.72197358523815 1 60.8539364413427
"1" -0.472394137745795 -0.043872387092652 0.450456694569369 0.753307414023865 1.82317394811847 2.96716340509071 -1.35887316998337 -1.822448677783 3.67113141873588 1.99199285717273 -0.265913927169051 -1.13878164916999 1 -37.4048063667133
"1" -1.56363085460997 -0.243432537991548 1.15875498283399 0.418085224691215 3.32702501323953 2.05532458928316 0.157655191804562 -1.2515038299304 -0.409734344494336 3.27704398260457 -0.199700721716014 0.117702166635568 1 147.291425556693
"1" -1.53991874411578 0.260051692854742 1.16155873286864 0.0525164861557427 3.75701692949956 3.06557032190077 -0.498834190543702 -1.50001647560391 -0.925744344511515 2.64743340708926 0.0409289553577228 0.13173208827745 1 189.567870321687
"1" -11.2657938932852 -2.86691722161653 2.363277835073 2.76111108431269 3.21991201984394 5.58260612177359 6.51050703868939 0.542228313343256 -1.29376234355292 -0.343848425605253 -9.31497294633871 1.06947542246372 1 102.880706220975
"1" -1.83485747503884 -1.31471640859963 1.25763069258162 1.39724693403977 3.02095725106222 4.23577916010949 -5.9757413494037 -17.0908522662414 -5.11807863608657 -7.48666828184543 -6.69992511967055 -0.0769222526053628 1 192.135951680486
"1" -1.33115604326919 -1.16751190970857 3.55298289133029 0.904163633546642 6.48283845605376 2.79475888166154 -1.66376315539513 -1.43356716414213 1.73531277982769 -9.13011454653661 -0.532472614329591 -4.50447383026528 0 235.062182445968
"1" -1.61057810463579 -1.29233438318846 2.95858187922527 4.34484443177083 6.11778223966378 9.30984506476266 -6.37749231995981 -10.5258863633111 2.7565986243855 2.34001634133556 7.67618559249745 -11.6227751928979 1 151.219324333504
"1" -1.54831054065948 0.144960734281069 1.78463365129802 0.299085941871282 5.57148158219661 2.71391527050505 -0.501633775448284 -1.9272759722127 -1.86650478744311 2.85947050970247 0.0455458803370678 0.0889267097593143 1 163.234720918213
"1" -0.837111112459727 -0.530516855051552 0.474253451898812 -0.159935041727306 2.78290712654743 4.14530953388355 -1.52985774926396 -1.91491859569825 0.39463402000706 3.15624095130813 0.274289916242509 0.191764485415316 1 158.326832996861
"1" -0.114221151114324 -1.02838248282929 0.494610019529654 1.51880341880769 1.85688678572091 5.00642068897453 -1.1531903147471 -1.13182532808265 3.24959748473555 -1.00330900458043 0.0203983624771704 -0.0174253310630187 1 133.999293822592
"1" -0.490735350961262 -0.623983130526486 0.301546053989373 1.26151022382399 0.346714051214712 4.35494696101692 -0.989425891987945 -1.88158835349255 4.35010254565465 -0.555704437989356 0.848086535067675 -1.72940703778716 1 30.8314210628355
"1" -1.54802769573882 -1.26599544884395 4.15607198840541 1.43724441661389 7.74207537846846 3.86749863536081 -12.2108221078434 -12.3609078802856 1.49189645890824 -4.26025717134077 8.3975764717408 4.93906865247123 1 207.871423462448
"1" -12.5684189428103 -1.2039086761374 1.19650974375156 1.88466440339931 3.35816757144784 5.33124565787437 7.93012544354 -7.60457481776912 -5.31227748700425 0.124801908962702 -8.08181366825074 -1.261247238413 1 192.138353990108
"1" -1.97897470572975 -0.173270116986316 1.09572666114388 0.520460020415308 2.84802476006402 1.93322102050308 -0.237093041001187 -1.36889860448558 -0.333851913692583 3.19423065075009 -0.137351529757063 0.0334318628883137 1 114.499986818908
"1" -5.90256125954036 -1.39694706641492 1.90153955293058 1.65646672795953 3.71789055620072 4.49667485480482 3.82025264984728 -20.7908381298185 -1.4769623433102 -3.04659720024931 11.4716233752872 10.6678600127146 1 160.853924109508
"1" 0.269793558796043 -1.23644523796186 -0.187598929204024 0.958245324371365 3.93653428598071 4.20327814693487 0.185539626901765 0.171826851958861 2.73692495741506 0.48930698351172 0.146958081413001 0.0925947605115081 1 193.363734725301
"1" -1.30307304698782 -1.21989004000452 0.687547550225575 -0.463697595738365 2.24822554430563 4.58161068626148 -11.6061695224327 -15.4312818944039 -4.05286140277447 3.39949451092911 -2.22802626817236 -2.5061398126263 1 134.622910894621
"1" 0.237658518878 -0.699025756432478 0.471051757837345 1.46142590850239 1.7461605394043 3.55298735413626 -2.68170892474466 -2.13045462516317 3.15733182192579 0.0709406942475928 0.844209592299721 -0.0828906612401188 1 160.595444589258
"1" -0.501249686612116 -0.963575307586376 0.556259340773256 0.869472122768288 2.12118916297185 3.06926402809294 -8.54882247774306 -5.06881045060052 3.53815422313282 -5.41097109068302 -2.13214522304216 -1.36694743042212 1 138.019834257709
"1" -1.81088910876057 0.386953002086103 1.52804511214108 0.0539582666852754 3.73666470350833 3.22035949181473 0.0419529871786084 -1.31251640369184 -0.941046802847358 2.52952015385576 -0.132934913828416 0.198596564608898 1 157.955215720627
"1" -1.22516909942668 -1.79355193067496 -0.177098497571368 3.54941269361804 4.03133230486077 6.3039194291481 -3.82251962762213 -5.34782484736361 3.65109390905908 1.8443477953273 -2.01297769623142 -1.80106898132727 1 112.447524470595
"1" -12.9971080894251 -1.70045878790157 1.13989111405386 1.37628716623931 3.20022473780631 3.63244897062583 8.19889052038479 -13.0253348789942 -5.43003588288791 -2.82032045035345 -8.68889206205893 -0.0230967353000732 1 140.144523023584
"1" -0.67185564638283 -1.10269028398792 0.0440290081023151 1.52316515258918 3.31032415661702 3.97937087362161 -3.492191448728 -4.07167507122662 3.21276552210195 -1.05382124973533 -0.465496334679813 0.279718284477559 1 138.2914742452
"1" -13.4273077041328 -1.60502276756225 1.14206805099032 1.19845613986965 3.69021936583004 3.79656639453315 7.89367996056148 -1.81039903500333 -13.980797804278 -0.75900672407741 -6.51248263174758 -0.0445872717906405 1 140.932155023061
"1" -0.941788288691226 -1.53189240286212 0.0403758485986846 4.22649409295051 3.19009914061381 8.27023959565843 -7.14282657711632 -6.01217536536252 3.44936902603614 1.27053987927637 -1.2313210632916 0.528540397390201 1 124.985816366846
"1" -1.91883364342398 -1.55104658030892 0.921013678761464 4.09441008491056 3.25517514767538 7.21691769228927 -10.7274378787101 -11.9076817132405 -0.640842633947671 1.68337140815919 -4.75215188714782 4.29368647094991 0 166.376406249587
"1" -0.262043529322375 -0.931925040911098 0.323237141934808 2.24005288275806 1.96773765199641 4.40892503968958 -1.95797546611665 -1.68836678347195 3.39086352436968 -0.31991748048706 1.04697442013893 1.23684545785936 1 135.53401828189
"1" -1.39004955206714 -0.842347547465177 1.74855589790696 0.640838924598603 4.82807522266842 3.52604322550907 -16.0916326478609 -23.3546192498653 0.651160249776756 2.53898740353171 0.467639508926772 -11.6265864235042 1 202.595176199569
"1" -12.577011101784 -0.447104518038227 1.3427247151205 -0.221063389355617 5.07415790045682 3.69047942249083 7.78713012052376 -1.22621423015826 -4.49219313899852 2.79576055845141 -2.89420634339254 0.308039648316841 1 127.34748190606
"1" -1.18670103998525 -0.613758514684748 3.51637341719429 2.84824369531857 7.42275998242495 5.89106861745367 -9.95488676166698 -9.42814078356038 2.68655958239869 1.94224142655303 -7.41021897199133 -3.41299936639407 1 183.953543788386
"1" -0.901899981896445 -0.849232835600463 0.394101058916315 1.37005736125423 1.8218687703543 3.90166158583807 -1.11459235033746 -6.19903781085919 3.88665361427452 -2.67492064751077 -2.09746507990144 0.226560331025558 1 121.655643996288
"1" -1.37970451025516 0.388898732372925 2.63887635427836 0.0548647293186745 4.61012898584433 3.246109743599 -1.33218551645507 -2.68518493281867 -1.08325479452733 2.58520821363422 2.30031470761398 1.27939723313171 1 195.896707162827
"1" -0.479668604357469 -1.12632257838063 0.433300586805756 1.08137913998904 1.98502608323354 3.23055633410585 -0.777737736092558 -1.84235057940726 3.46537002912356 0.271321279716061 -0.0545928049159709 0.0293064421300196 1 102.701194768719
"1" -0.321658216495767 -2.57910328348402 0.318888245247482 2.54966513472449 0.319355873356353 6.32527950739973 -6.30198304970371 0.611693808906802 4.20626584586746 -2.56369778159591 -1.70356573177276 -0.101828221148853 1 -113.388410694011
"1" -12.9692553363838 -1.59743220786246 1.67535982229252 1.17729777335415 4.17580727277439 2.84343820535216 8.10137267107944 -16.5463860304741 -3.18341820963497 -2.57432929903241 -8.94429108301712 -1.89363280242639 1 150.840807218188
"1" -0.138331607777168 -0.349725020514287 0.425468350590351 2.43275382815845 2.00777751631111 4.50105430442197 -1.58621693353704 -2.00222768317487 3.36877456800609 -0.0339747620084099 0.57024856668387 0.109825075739126 1 170.259689073969
"1" -0.584304581059409 -1.46597916310214 0.0383706308541208 1.22785253027698 3.59642705916444 4.19892567444426 -2.24610625065217 -1.96165514727822 3.15091399653861 -0.748318987122317 -0.118289237930723 0.0730908366212831 1 135.384567602867
"1" -12.9203271553212 -1.65584424997135 1.41308801341993 3.54878605832656 2.95187276289606 7.27357896774709 7.94531065697311 -5.92571975055562 -17.4027965148379 0.855111433077934 -6.0506039379707 0.289771881019061 0 146.4055771646
"1" -0.842037347769875 -0.91215803835958 0.604381306570716 1.76912444454694 0.389193210866921 4.18881608383287 -1.07132841670229 -1.57958735341713 4.23438948003658 -0.424450591924506 -0.0673253056548271 -0.88805930456195 1 37.3860212456057
"1" -13.4713043456328 -1.55049937741986 1.51999877463932 1.06239924524675 2.54748319757224 3.11091761635292 8.02793822370412 -5.82875775357665 -21.3682558304116 -6.44469814886142 -5.34465578995296 -0.332266156798033 0 136.274392856254
"1" -11.1350814002641 -0.876221195895022 4.366031170261 3.33985926499899 12.2721694207276 6.50852409169546 6.79320521482952 -5.1594984292625 1.76951396956674 1.01919770692411 -4.00066471079487 -7.27364199256117 1 214.859691057854
"1" -1.61791549636036 -1.24224095723779 3.8647572746083 1.11360167810123 7.4969255095301 3.18215114313981 -8.25267661372726 -12.1530584133478 1.50411969008178 -3.25064480558217 -2.42287613023499 3.31102380880611 0 205.703326336066
"1" -1.37146661457439 -1.29729127761637 3.52846213951197 1.16675148823106 6.50777921328638 3.66182017314945 -3.57048864393793 -3.65980724838499 1.77807245378501 -0.15885443039623 5.23159013654471 8.64613723859484 1 214.559017769825
"1" -13.0695262758931 -1.89390706801111 0.957647372780474 1.50336404922163 3.39283162145743 3.83684305463207 7.95344787992901 -11.3512440847456 -6.36003780475018 -2.61402766156185 -8.92690364156033 -0.0103255545012188 1 128.480529109514
"1" -11.319495279006 -1.2666631682821 2.95083750072679 0.625370863842409 5.89195104750169 2.56079691090387 7.06862238588163 -5.25082678200526 -3.4882997049402 -6.35195201616347 -10.4113050650343 -0.131624390957546 1 158.95851735752
"1" -2.25384212249696 0.0742845145451654 1.40287544517572 0.554455376520113 4.43504214902802 2.08427768617502 -0.171230712804793 -1.90923765034653 -1.09803160280049 3.05266573668829 -0.258984092261227 0.0874840760028423 1 124.650947701345
"1" -0.940206975994719 -0.161861741423499 3.05792830228119 2.22156935422558 6.44686336731654 4.89223599888871 -13.8965227684333 -15.6221270308954 3.1381556100702 2.43103213137209 1.52279798334886 -5.43303050635733 1 174.378608770839
"1" -12.9067870756818 -1.94693750900615 4.43214817544294 0.84418705161945 7.8735543378884 3.56761393816099 7.92674949492829 -5.90260826822369 2.21475064767177 -6.93536706032689 -6.01623842054493 1.57214754243895 0 131.869726545731
"1" -1.63896963071657 -1.55327549972345 3.16908715477779 4.53146234585953 6.62303857080813 9.40741077538927 -12.583166880894 -3.1720744411818 3.10993039646661 2.06578004823486 -3.73331533736204 -5.98481744140819 1 135.442584474124
"1" -31.7130134166832 -1.9964345962907 3.13810055574032 3.24468379318048 3.12984949390363 7.64995953622086 21.8798238690247 -20.9102595961793 -4.01635029215471 3.11106752229776 -16.853519884306 -0.195580346289798 1 101.360672929501
"1" -4.32791459349099 -0.27012870897539 2.05455581899989 0.667448866443338 2.81283339050482 2.71032717098156 3.26879496467407 -2.22667641635034 0.0396897874178744 3.0613886306526 -1.07747700147733 0.18914763419301 1 123.061554753411
"1" -0.33048552406963 -1.26833416441023 0.454907270857978 1.54823587588994 1.70413245989971 4.87463399696916 -1.41294381192135 -2.36825053560167 3.42559104143951 -1.422035303061 -0.376706196438994 -0.0543019132236715 1 99.4898028522148
"1" -5.30471324654236 -0.461718678931677 0.844862726164142 0.040832148527965 3.03506565181388 3.44091115024026 3.31981641940829 -5.61343648587835 -2.61215787970134 2.95606737355927 -2.15553819377325 -0.222176799606408 1 89.2249523749251
"1" -0.763744449022424 -1.31796892960061 -0.191092767295277 1.0436698687937 4.10219163035715 2.82545693775851 -53.836672339497 -44.5737206079256 3.34676099027877 -8.38057032696908 -3.42078516926081 5.17251951169731 1 165.316198862531
"1" -13.8194454543671 -1.50485436204786 2.40723949869225 1.25713118889207 4.39865990358123 3.44434656654006 8.09960945421865 -5.87393858165052 1.16069843768592 -9.23333661233267 -7.79501072492057 0.279425722602336 1 135.761983679055
"1" -0.0780938772527374 -0.815317913344562 0.0298511312688842 1.14429668168868 3.18614969652936 4.38503669664514 -2.17582217059649 -1.7243994531559 3.00854616966847 -0.89800503599038 -0.148438977535644 0.156830925893128 1 131.785234037094
"1" -4.94376555171857 -0.794598432467248 0.476495825974333 1.08423522494888 2.43099246488402 3.28269614145722 4.23661511128149 -21.1643785135091 -12.8690237503531 -13.2881871858441 -10.0755503534249 -1.4111271416871 1 203.77368650706
"1" -2.02884777821129 0.14890527627891 0.0702224526924352 0.53308862020652 3.11123800116738 1.58909387624062 -0.0702670320154851 -2.78666728200837 0.192984804760375 3.14762081478464 -0.393203063542368 -0.0642900022140613 1 117.141492552873
"1" -1.43256534161164 -1.21872598352496 1.06153720007935 3.26523913031717 3.47513313967059 6.71256684120334 -15.02936038108 -17.2451238285642 -1.28241201402806 1.24445633963922 -1.09603323458415 -0.253025050495339 0 217.252246103279
"1" -12.7873345906088 -1.53278067885089 1.28147589393249 3.83745284773976 2.02408852699154 6.87946158917872 7.90336021194837 -5.77999899529979 -10.3137802644088 1.62600118248637 -4.94545499020691 0.770652014162812 0 151.41648203755
"1" -12.8571199169068 -1.77289740418588 1.53031453356948 1.76965576673848 4.35354668445227 5.64370820185223 7.75467856360796 -1.33785388065929 -3.88191799288672 -16.2833402115818 -9.56853700042436 -0.0939626106840021 1 148.500925196915
"1" -8.13649929712884 -0.539639976895705 1.45900313362091 0.078569617957978 3.26112570210171 1.53688366830915 5.69189302258196 -16.113135290448 -3.05937204787563 -7.10983424324035 -9.54918092733238 -1.33379345354554 1 199.259904330831
"1" -2.39625790119352 0.814685842866638 1.35643434830776 0.391508209589958 3.13670132868495 1.93707793830771 0.482179498727851 -2.23302352387328 -0.679579762409348 2.83330213442427 -0.418461222910174 0.130542069226589 1 148.773614525709
"1" -1.27263014360441 0.832022190665633 0.522439254662677 0.232954436956246 2.90033016358136 0.23136616905558 -0.232151228651894 -2.02724513151045 -0.20848357538866 4.05973820154832 -0.00572130359763976 -0.556203940842276 1 -9.81617903036567
"1" -1.79719606358376 -1.18960764836811 1.35829299654234 1.56454565486149 2.64265716965577 4.24878953888234 -6.35165652323587 -20.0999642032323 -5.29697866181702 -6.48738826982978 -7.45861427190245 -2.66665611927609 1 202.256230705038
"1" -12.9938930975011 -2.01979763589455 1.53662836074197 2.76305478756979 2.92909480853476 5.56364669028127 7.93727371649874 -6.11685235609322 -7.33145397726324 -5.05224815276967 -8.53848759552582 0.094462022237298 1 117.357937572062
"1" -2.08119363843 0.0511403415283557 2.07991358704688 0.0390214256204399 3.45711864023803 3.17937019113769 0.124661985808549 -1.44516337220247 -1.01334919136511 2.77065912375752 -0.282924684768628 0.198302654163223 1 153.150414326288
