"1" 13.2213781671352 12.7065855090961 2.36320964140298 3.86621770508988 4.78371455089714 9.79608055453583 -3.31830283305659 -3.31360555464681 8.86580057108788 1 520.656375009735
"1" 2.4351490707496 1.82897962843067 2.35011087001614 4.55378968750616 4.74181451711088 11.1465851450974 3.54018564205272 3.33421936752556 3.52621402563133 1 334.940769097296
"1" 16.1220698109884 15.9255630812142 2.72057021993755 3.52910953887003 5.25915671835791 8.62719647148609 -0.696167986909743 -2.3069394141509 4.43902333180613 0 484.736353433475
"1" 11.549091902641 11.2563188136611 3.36361160993619 4.46517591072716 6.38578614430211 10.5795695714106 -2.77475906111003 -3.17485137971584 13.6120742856765 1 471.279519031144
"1" 17.8666481229301 17.5325773771352 2.28874876952618 3.75361642045647 4.59912955666585 9.471458610015 -4.78580969400536 -4.74956140249069 8.71779231401559 1 541.941460879442
"1" 2.66102721706837 1.13126599611685 2.61918776436271 5.56713386046106 4.8387324607786 14.0734404237779 3.47479892951119 3.71259839137029 1.71500731343505 1 326.943308647612
"1" 19.8234115383535 19.5561244757656 2.38176475982995 4.20325603796776 4.6801508875485 10.7410570242626 -4.55305380280921 -4.04352308787916 11.5235139451901 1 507.957334397817
"1" 2.62079177375881 2.24738007056591 2.69718262803898 4.57403745883478 5.54683933006184 11.6140271519047 3.25225160627006 3.12688887970926 4.879590672887 1 358.325048982926
"1" 2.91725595117009 0.201245880182699 0.253227658295203 3.58154756118186 1.25893744040001 8.13405396075758 4.19118842560316 4.23415249405605 1.33270064071816 1 176.991643433205
"1" 16.6774508976602 16.8660071116117 2.498127024542 4.31528197981021 5.3708285629644 11.1416695644091 -3.77434296664892 -0.33715737036237 -2.11180803066247 0 506.804334614871
"1" 2.42853643460495 1.92595740379526 2.8330499844201 4.15881926335449 4.27232989637895 9.9739910386056 3.68491767608998 3.60225033619216 5.17544115322085 1 315.699374612245
"1" 2.43218448850681 1.87990729401396 3.84169859183367 3.8508299814352 5.99014415127435 10.358899759957 3.59915532593519 3.67825802835688 2.6880710767437 1 316.560504157804
"1" 2.02981754892608 2.1225589539969 2.29236325247052 3.76464640020378 4.62118921389915 10.1733584870435 3.63717082971963 3.30215091896435 3.50556189343169 1 290.840106102716
"1" 2.69505940635932 1.07378307295056 0.265748761308994 2.59257931268361 1.18534281788389 6.54347164137637 4.03054968169156 3.89889937950912 5.43515593393107 1 259.91354329684
"1" 2.67943282383061 1.3987509449625 -0.0638295649430192 0.170911668876897 1.08578245485923 2.17006175362825 4.39111002841866 4.20863969994361 2.30868056624456 1 -31.9112848138452
"1" 15.6293421265767 15.0327413460633 2.54469559586281 3.78687973805041 4.9282541679652 9.77148606740726 0.337015245008961 -0.102513062712044 1.33087388626683 0 477.444421506395
"1" 2.94974580370919 0.528225755391623 0.196841779042171 3.60013472777631 1.20191833517524 8.89311228080099 4.24399627618887 4.40245026481184 1.86487177713786 1 126.692326158697
"1" 2.26990122504942 2.0148878642057 2.60301403168514 3.37205803015652 4.76054984183252 9.73377866875087 3.57515782806388 3.40380136934927 3.36293272541071 1 349.685252906521
"1" 2.10937052184715 1.75315795973371 2.44809412540709 4.69541196803962 5.02719403557582 11.534095779509 3.50966944207616 3.04740559985432 3.55076724995054 1 296.361139661609
"1" 2.3633661110039 1.99938825154777 2.97062622394283 4.84477587134701 5.67323349400395 11.2711419261681 4.08282615406267 3.06668555361967 6.73852206152188 1 391.174168068364
"1" 2.80626712922641 1.90648025783323 2.79003830447593 3.81629352998159 5.07605775282799 9.86711033190627 3.88475550006237 3.26393191642336 3.84896313691772 1 352.773944687984
"1" 16.47371902336 16.3106917195107 2.78655904623945 3.74918399691712 5.03759915574406 10.0457202854796 -5.58787991338644 -0.92197489964012 2.5250443026558 0 493.004204557019
"1" 2.98762299507593 0.167973033647092 0.0615527208223091 2.8234765396618 1.16397833573538 8.20294679724759 4.30719358621176 4.44207658114727 8.18486645429885 1 214.320429437468
"1" 10.4224342684613 10.0528217752777 2.41801686379655 4.83265914427419 4.75811147301369 12.2212998361542 -1.84499701427016 -1.83107385965764 9.15252922255197 1 473.479261022641
"1" 8.56488580267407 8.14141708522249 2.44959616063588 3.88494807800028 5.2215052116771 9.31089367194175 -1.36989032023096 -1.26032720660465 7.88447216944986 1 485.125228153015
"1" 3.47093798657689 -1.025308635961 0.50868235915745 1.15663960698991 1.73940050658807 2.6325341097467 4.5740538294461 0.328490755510869 -11.5030877060772 1 184.595776873422
"1" 18.0335099322343 17.9884047538749 2.47935979845236 3.86995863940501 5.28950979591633 9.85342522611267 -5.09899550892077 -1.95388176657921 4.9405090225645 0 540.814342069717
"1" 2.26714693786188 2.07761322685745 2.72352865611901 3.07826029459417 4.92998224621759 8.84204441217671 3.59539198131129 3.45580718380118 3.49479934463645 1 306.474104774828
"1" 3.67446021852924 3.40635497469124 2.6097753438558 3.67984875229826 5.59410880765164 9.97784706351696 4.31613663845562 4.26010533877748 2.59001552093303 1 416.06327016705
"1" 2.17865504365081 1.96968672482759 2.14411343174854 4.23959724582154 4.19080253621256 11.0490554323389 3.48304977598258 3.20073330986385 3.67449256667632 1 324.026128770073
"1" 3.3046383774651 0.518114051610051 2.14237832129613 4.58155580513292 5.11769169325713 10.8549318493729 4.05536271640234 1.7139222409235 5.55689122443706 1 381.616056024461
"1" 14.3565656021883 14.0602424957051 3.46207593940852 4.23708531100117 6.83615503602005 10.2494089511338 -1.56997600262133 -4.31543365100759 6.12424168927302 0 470.381710884164
"1" 18.7639525096618 18.6157167085847 2.52263593849991 3.9975573474373 5.17023980315155 9.91240519561985 -2.33624174054489 -1.10584676615066 -3.0181010088206 0 551.46133524312
"1" 2.47465768251136 1.92389662124754 2.89157612308986 4.13200452075133 4.51960582600433 11.4168837473771 3.60003459047554 3.72502584512443 5.60299074478812 1 353.138270573297
"1" 2.4094981928706 2.09079823069167 3.09657583281171 3.57831532378134 4.79747774344005 9.95263590556835 3.61526536825094 3.65771878821125 2.89915750161731 1 288.004299554045
"1" 18.0568348815754 17.9245712010384 2.84354314787697 3.93240115116689 5.89050314883522 10.0401048308422 -5.10174932122476 -5.04695837641936 15.2122621505277 1 487.548828540627
"1" 2.50275276135637 1.94354335733083 2.7800394448983 4.52122873693673 4.19518972699844 12.0591086828225 3.63559705867337 3.68385351581962 3.8542768927541 1 337.870641243605
"1" 0.973136543320769 0.98521538226917 2.4392546455985 4.60523104812146 5.2752027381566 10.9284349681468 2.51988310474035 2.56575014855115 10.4105416968583 1 427.876244564039
"1" 2.71996759438003 0.183997253549809 -0.0192056460127763 4.86360706962813 1.19559212719739 13.26130395552 4.28686803845221 4.31046652589405 0.97836948141443 1 167.473359680265
"1" 2.62947497835171 2.25689753045947 2.39800833550805 4.25228078019759 4.63537762044923 10.8528513218547 1.57940046209054 1.89458003626175 13.011971334585 1 462.77807453651
"1" 17.3809660675036 17.1882191610253 2.38366082572489 4.08618182753395 5.03716702553088 10.6740716968482 -1.74323138320354 -5.37998392563619 5.166309272306 0 523.541961328197
"1" 18.9125240105458 18.3408335608844 2.33629285105979 4.07184135976888 5.11675092093267 9.84961917386998 -3.90086931568962 -3.90349496600597 8.18113236114067 0 554.412217718427
"1" 2.88839582520539 2.95332488539822 2.63975492291954 3.44976325897536 5.05127518075314 8.93528837271659 3.74624776194026 3.79738014936336 2.40794242440187 1 412.929818261571
"1" 16.8912483415971 16.719091854682 2.46771804678828 3.40211723890306 5.15704271951922 8.31749700144685 -1.20404273266032 -3.55233325579092 -0.792823736816581 0 533.255042820092
"1" 16.892150027334 16.4532348900081 2.65766098941379 4.68629078553008 4.96889422263629 11.898734592672 -4.33595101736259 -1.88602190141392 5.22740141383873 0 485.422990988191
"1" 2.3901478949935 1.73747198691588 2.75826785172986 4.30084700971274 4.1873136176486 11.1594387777854 3.52075734521129 3.64677152546951 4.79894323603145 1 350.864641387846
"1" 7.68442488727969 7.60331889567349 2.43608986307761 3.7472914815557 4.73314791110142 9.42581986147332 -1.72339812944642 -1.71240124259108 9.61855560803775 1 485.460326346775
"1" 13.9014981930914 13.7169064099472 2.46414503022811 4.70130790894594 4.96553962603383 11.5857311420865 -3.04386715565776 -0.465175959208147 3.73122412104115 0 471.252211731665
"1" 2.49969923384866 1.95929360766145 3.14731931064604 4.56956449669603 5.75216506091289 11.0673120488415 3.57491930142623 3.44291215020674 5.45411785080465 1 364.261772413612
"1" 3.6303385167951 3.25516494363721 2.00377846553009 3.65446021162264 4.15300620132264 9.19211844214636 4.13985762024561 4.39762670874189 1.7822677837951 1 449.573087599321
"1" 16.204555618728 16.0326965954566 3.01291986446498 4.00094029195787 5.52106541108655 10.347829794684 -3.22705430900983 -1.57731448667113 -0.588672698448029 0 490.185687212366
"1" 2.5847250595987 1.27505554904004 0.565398859215794 3.3267743986147 1.39427197678758 8.64781321629694 3.91782494622655 3.73053870048343 4.02178390804521 1 274.621720372263
"1" 7.37185567912006 7.2154171129128 2.39789116420358 4.06814331835812 4.71963811180608 10.3377013160373 -1.80252657336076 -1.86454901535787 9.81787402751977 1 475.366973253017
"1" 2.55888149668122 1.35804284715839 1.02585532999452 3.71388593443203 1.66710682309037 8.63252997172374 3.81618735577014 3.55612113239826 2.6168950783407 1 260.505476388671
"1" 18.3289912047182 17.7781568169697 2.63196726739355 3.85397264293866 5.25451117140108 9.61370403976238 -5.38470589892087 -0.677388640709865 -1.07722460384306 0 503.456380313782
"1" 2.43806272931582 1.79447450752761 3.02237023733643 3.961761039819 4.88234569927219 10.9917868762995 3.5382389873607 3.62896225128965 2.09375382674863 1 338.971776935276
"1" 12.5524475565441 12.320705818848 2.43022184846523 3.90907814463142 5.03241893350515 10.1481196257954 -3.48858453729658 -2.54545749923292 8.50557720498087 1 493.477190153477
"1" 2.66385454946054 1.16805569714292 2.85907117341126 3.88834019126554 5.49884530849592 10.1019448508649 3.36443287489138 3.66939645392803 5.11094494996527 1 336.464310616179
"1" 12.8100725852073 12.6541936304703 2.2469760717446 3.88883119810002 4.15867226061165 9.59171774382145 -3.97260533472284 -1.56036432032509 6.95554681207231 0 486.601484262948
"1" 2.64884082984719 1.40111147083959 0.844468805742925 3.27160993398277 1.56590475637664 9.05962953022375 3.85724242497017 3.78914693807979 2.24618379287623 1 232.528717168871
"1" 17.1890034683828 16.9886853295024 2.27132759885041 4.10309633137139 4.79730689709638 9.99262977507254 -5.36894559741 -1.05061028591699 0.192182065925915 0 513.667378222774
"1" 4.32990693593804 3.45432966342338 2.79686015809609 4.18473223326089 5.41188531753738 9.85887982938174 4.70065329260539 4.73323069864928 6.64385952070568 1 415.354609947043
"1" 2.65827491828218 1.45478309682807 2.18209308334822 3.74302986199819 4.05383069500759 9.96218006689066 3.5584980576579 3.73176866921496 2.39443038295287 1 332.171719641153
"1" 2.20085246887583 1.89004250058638 1.97734534105806 3.65317054493339 4.2202348599576 9.18229493519666 4.05141088001358 3.21244670538247 2.56452988185161 1 394.962438816328
"1" 2.89270361016093 2.45215385044467 2.33692298987996 3.15812376590137 4.49824951421609 8.1362310759807 2.49094808704284 2.52006622081879 11.0349234165041 1 471.298257977015
"1" 16.9511328484359 16.488297221495 2.49422518346217 4.02662392288452 5.1182878915019 9.53893689769763 -4.9891549102231 -1.08976162096162 0.820008266290737 0 513.079226422544
"1" 2.61323098001587 1.53941514480496 2.80952352369669 4.63677568122013 4.6170666544023 12.8341205398202 3.56447611268885 3.66637347195168 3.61085103811181 1 310.145264131243
"1" 9.4294763819894 9.16509674960657 2.77262158516954 3.95393290238231 5.43076331508807 10.1112320177914 -2.10055374811441 -1.19566244641693 7.82216646613232 1 477.291404274167
"1" 16.8605630280062 16.4344633242932 2.30874103610038 4.59478351811821 4.61029919035943 10.898391743062 -4.80094799017732 -2.53702239040109 6.24192302175012 1 527.304090175739
"1" 2.0358453628504 2.09966789684791 2.23632957315547 4.37773161156267 4.41690341943324 11.6593867018693 4.1245872142549 3.38511444482409 2.15461337254209 1 407.555198308102
"1" 16.7736626521011 16.5268311137195 2.652554403025 4.11927777184352 5.17141647719268 10.3683831495505 -3.98758505927476 -0.852991741881431 0.468473314802269 0 485.154897364492
"1" 2.35836993209642 1.24020494970994 2.0916330170996 4.22081336518209 5.33852602408519 11.2455493992652 3.59059123722887 2.76867816945138 2.28214378076064 1 368.308822653687
"1" 2.33922294363581 1.98812704459046 3.15401253093979 4.62657299276107 5.9602547379623 11.5741176702354 3.43161713216262 3.27230011582466 7.79943879370362 1 366.29054862468
"1" 2.92675646311582 -0.158473008190487 0.162285886374353 5.12934358308329 1.28007981634481 12.6111139010453 4.22803970560152 4.34774107781074 1.21829254205893 1 115.145260412994
"1" 2.21660036180383 1.85108375515953 2.37331984077858 4.19075648726402 4.66505884132326 9.99467569712454 3.48558243301614 3.19049015185094 8.91746239678405 1 371.710531518752
"1" 15.1404568570985 15.1986334132858 2.93312300100645 4.26744755483707 5.7109725293236 10.6023821447057 -0.356828822337943 -2.88619368998036 3.24978152589248 0 468.592999526477
"1" 2.71406262184629 1.17248873020154 1.64647275645792 3.95455883037849 2.71201562830065 10.3290193727002 3.64172668452885 3.79752835130626 5.11579880833502 1 257.717093512545
"1" 14.2910071740991 14.0812045746612 2.62535022367584 3.39192133883358 5.20647098883413 8.69815818743831 -4.43379742096212 -3.08096939053475 8.99927169888546 1 508.437741066659
"1" 16.6015776812465 16.4699282805233 2.57591717134779 4.38953174147041 4.63606126941728 10.7255236185165 -1.23555157119636 -3.0244936613023 0.479947632639132 0 485.102754801362
"1" 2.50966476911808 1.4357065875559 3.04707491243002 3.60298300496662 5.08654965434884 9.02306778824475 3.50296090040446 3.78470762910181 5.98934420824654 1 339.801293534717
"1" 13.8465846771365 13.4578366227394 2.63904453310517 4.79140829028233 5.24602128275413 12.1491707320648 -3.70498949087984 -3.3638293225311 7.84664006042938 1 493.39817215687
"1" 2.3333060783684 1.99902768453878 2.21311054968025 3.72020404067999 3.94463398132678 8.98697833437248 3.76422688003193 3.22720659535713 3.6060976971575 1 345.063307948573
"1" 2.60276373234647 1.64780469182927 1.91417994179329 3.4771234263433 3.19115585574024 9.34063322229714 3.5932304250376 3.76259936175263 3.94057519730135 1 336.02713373974
"1" 18.8925133607619 18.1032195357057 2.59843817715024 4.70660054060972 4.90141315244763 11.9442351573109 -2.54048250426248 -1.75030268045771 -2.94639153831101 0 530.218003385472
"1" 2.60061222804992 1.45719023218391 2.44624183560588 4.29003946902929 4.14685968612227 10.9230116737881 3.57018417122029 3.71498398764039 4.90897331790124 1 344.296077909305
"1" 2.65062180451982 1.35025293540348 1.96280917017746 3.61428566090749 3.27600746087788 9.23990640058536 3.56456815423007 3.75219762317591 4.69775709013903 1 342.56474826985
"1" 15.6264663912003 15.2510594174468 2.75052843472818 4.34808820927274 5.52138917965569 10.3912509276454 -3.82776773694561 -0.193141157413205 1.83622258815545 0 478.366336710029
"1" 10.6735648850746 10.6723034029344 2.2101626396183 3.714050999848 4.56533753150634 9.30110272630015 -2.98631377243283 -3.0332989271886 8.64745669549356 1 510.218434650316
"1" 2.60991510409848 0.871712154632842 0.158025636148831 3.46978930953279 1.20690930623353 8.41955670561497 4.14461581957401 3.79946170163632 3.1393936902933 1 274.616370388483
"1" 2.56348357924765 1.62262113301561 2.74678493245978 6.1109315839538 4.18446565659939 13.803324647925 3.77036622028051 3.01270528554001 2.47019711646697 1 377.445718788586
"1" 3.28308592625369 -2.07358734694307 0.426716885496993 1.50636999449399 1.56894531964102 2.94534705153525 4.44272013469366 2.26419913186077 -1.28270442974932 1 88.4836567353952
"1" 12.2095675887927 12.1627454464898 2.67833638947136 3.80292753010871 5.39335721969549 9.83899739341799 -3.9709023853744 -1.68948556122099 6.9037490337469 0 488.720022176322
"1" 2.54254907231049 1.48900112557233 2.87827908376591 3.23129540768325 4.97519590368596 9.45157883199931 3.50746380712216 3.72626703098198 4.32118436552961 1 365.155241092364
"1" 15.2874032700298 14.8091733109877 2.50593019137593 4.21954643591406 5.1433218574497 10.7081769202001 -0.737909701929655 -3.12048713945383 5.28430469085114 0 480.177353015177
"1" 2.88698124663405 -0.110678933118152 -0.261402199834657 1.96101621505137 0.993616582256651 5.5979799172382 4.53845393495071 4.51378600345543 1.62516672581384 1 58.3240655328291
"1" 2.34035574357302 1.71889902929019 2.42099370600506 3.61835378519865 4.40746751317807 9.84885163981829 3.6022496179871 3.36598702327021 7.22578418203436 1 352.870305210096
"1" 6.36773288665455 5.9833501026768 2.79088782318106 3.91707992692921 5.60784265818714 9.6812676206439 3.29099607759187 3.2593596147332 9.97561190132361 1 470.908213787795
"1" 2.21651985984652 1.94166365694374 2.53784113210671 3.76733806614095 4.55465298034646 10.1636365266956 3.55758410200614 3.35424355461356 4.96184608871547 1 364.967832092843
