"1" -1.6185568352513 -1.29497901084303 0.989705722279392 1.50905075219594 2.94004268605868 3.92475567264578 -12.0564532333042 -13.9632171793386 -1.17687525034033 0 1200.95125329978
"1" -1.72798585894439 -1.36218883605735 0.904238669238523 1.33828109156219 2.79882402008467 3.98775359535351 -5.47368051327986 -2.7360052998944 -2.86815905543451 0 1147.37404839259
"1" -12.6251309605426 -1.68156299859567 1.1307714325828 1.21162374630337 3.45624673443777 3.87541106548951 7.87807277290481 -14.0757455381748 -8.25823424899002 1 935.260712630494
"1" -1.53479966134936 -1.28439869368633 0.623768399872752 1.32370258918151 2.73904297470029 3.6572921698583 -11.9643187683944 -13.0118455884909 -0.882530336044399 0 1209.12786253696
"1" -1.39176894064668 -1.21109556127836 0.698486350648163 1.34376755440562 2.43465692714381 3.80034929943911 -5.82598708889729 -2.90682605193049 -2.21916954573898 0 1293.91745774252
"1" -1.76733812887333 -1.43428038868572 0.860229684309264 1.64050989687846 2.72790211676481 4.58401674379334 -8.11247896266819 -18.2406151017711 -5.4238572492751 0 1087.81349789706
"1" -1.48300683664577 -1.1570354041442 0.569817693297208 1.64806281446821 2.37497929935334 4.31915286899075 -1.72045131436017 -5.71645199600426 -5.57565470693886 0 1278.45284804839
"1" -12.2006784402887 -1.59534179203785 1.37233023013204 1.55805057622109 3.29709489190377 4.05101528965509 7.63893683897774 -5.22057777520201 -4.17891523543079 0 969.627030045991
"1" -1.34333184735884 -0.979701185119279 0.668818992358917 1.72731114648449 2.78399605224312 4.35598903834342 -14.4335111141835 -14.3861772814201 0.499760563555754 0 1379.12001619046
"1" -1.67784112555248 -1.40078564585532 0.639279547311793 1.99670530264338 2.52531661980931 4.88726014516096 -12.503417093851 -18.4754387933317 -3.85553401654306 0 1102.57668019194
"1" -12.5664417913985 -1.52518373806953 1.17287671230977 1.55038308749197 3.36381653639542 4.14294025983972 7.92185464356613 -9.93698462816895 -9.06568945209032 1 1025.71964218332
"1" -12.3578251510185 -1.33623851265801 1.29146889778093 1.53209141128566 3.57985048124422 4.13535244808188 7.83367066281342 -5.09963648320088 -6.16948888262619 1 1076.66239626778
"1" -1.66798740225846 -1.35852027954775 0.899086365443923 1.48327051974562 3.01305091421296 4.11871647768814 -11.6961565836926 -15.1173485774954 -2.16730700729619 0 1154.06456976634
"1" -1.77394413389453 -1.41551070008652 1.48227094835358 1.69993408558455 3.44013915308519 4.2276610961154 -5.55377431878533 -2.6610496294073 -5.08076877525946 0 1119.98055981964
"1" -1.65828658832604 -1.28410758273825 0.981761367456884 1.43753737625694 2.82166942951566 4.14050703264565 -5.83467787317895 -2.88980355272596 -3.27953675090181 0 1197.63937250146
"1" -1.48637958418729 -1.33480747805813 0.907031276172543 1.14264864403774 2.9556132637644 3.63332138023976 -5.77575166691992 -2.68870451784668 -1.92144229001559 0 1233.28642335939
"1" -1.55528447265501 -1.32142081100541 0.998476564665775 1.80686635831687 3.23299616192738 4.48910723428475 -5.95431139086344 -2.74451128483271 -2.40544401810863 0 1207.54736536035
"1" -1.40948354303436 -1.19914090125708 0.900342101683563 1.42244822047653 3.24080490640586 3.9107024405972 -12.5671419529595 -14.2484932553708 -0.605325918931815 0 1297.44906854143
"1" -1.59012740466709 -1.22902069029915 1.14248475706196 1.34559100155112 2.93772183031117 3.88680990629339 -12.451020405194 -16.6873180797784 -1.88972483132584 0 1240.4958045395
"1" -1.74003180293189 -1.73490430728006 1.07066298020191 1.44090314014456 3.17088352869251 3.77301560139916 -12.259857441247 -14.5888221856059 -2.96023017705929 0 1012.12156435932
"1" -12.5570783192843 -1.47820575130894 1.09501204987844 1.5304495573729 3.11791788390448 3.73159107254845 8.22027398592753 -17.1295186603652 -9.83614396404336 1 1007.81434713988
"1" -1.51728248345112 -1.44102236605351 0.968670229668497 1.27428674062566 3.28779516961536 3.63564869442541 -2.06113830721614 -5.59229827619547 -5.64863027090616 0 1196.56321684692
"1" -1.65535026806573 -1.27679649144334 1.24900435482978 1.48476822105967 3.12583897327411 4.35473950471068 -12.3546635488457 -16.6205617799473 -2.8179500486415 0 1195.53613438766
"1" -12.3941219100331 -1.44104065375701 1.06773074391882 1.41526705359794 3.06373932545024 4.00055425531147 7.83594710684184 -5.03099268948476 -6.02926858711777 0 1032.78688261372
"1" -12.5947869704048 -1.62395400221982 1.19928754944438 1.34454374910639 3.25648826151778 3.62290979194097 7.86977695748837 -14.9185477168141 -8.53637919956661 1 968.496750357852
"1" -1.70659588145814 -1.30649263310216 0.945897139454306 1.45639193920633 2.82137581434798 4.33143089237327 -12.1873749617761 -19.3722505383799 -4.86518528698254 0 1161.62380043915
"1" -1.61770581102799 -1.37682840604444 0.966216990625671 1.58529730874195 2.93407085256641 4.02489938981886 -12.8289461610893 -16.8792092013653 -3.00067672263031 0 1168.03705356218
"1" -1.56364463511851 -1.34326699777606 0.8772031832043 1.60738746892466 2.69079625053297 4.42150530731583 -11.8492528145834 -14.2789309719313 -2.63881308444176 0 1186.55899303473
"1" -12.3246283715114 -1.54786619329332 1.33342335099018 1.60395995795821 3.54066193304133 4.15167048104507 7.81905341204362 -5.17876637862003 -4.03065244028612 0 1008.85869017661
"1" -1.77717303820958 -1.41232799753796 0.987031623562957 1.51755902489647 3.2130283554129 4.13492070911079 -3.90961315059839 -4.4665305416429 6.08975321723641 0 1106.4733753812
"1" -1.66848262469559 -1.39323050856003 1.0712166394255 1.35175481275306 3.327612009256 3.75650955867326 -1.49930111904665 -5.19300047577866 -5.81520381044796 0 1181.69812941873
"1" -1.40396379639071 -1.0723183100895 1.17083189077828 1.19898857593434 3.04617742484426 3.72026216803429 -5.6586046237531 -6.01750778100775 1.76067012107235 0 1361.58032064534
"1" -1.64433446448051 -1.2581999235515 1.13585572400342 1.66342583813198 3.33738923770366 4.18384098514547 -13.0931536631678 -18.3022559611079 -4.50250263705535 0 1204.61802525158
"1" -1.63086379415321 -1.24832840920825 0.93242866524864 1.2201606869514 2.90342256903066 3.14762794509246 -12.4977536411955 -16.2686075767667 -3.33015352851585 0 1221.97891699595
"1" -1.46519621283133 -1.27920949594512 0.971857752091103 1.48841927978595 2.66386619606336 3.66104482215848 -6.57946547269672 -6.52650940921237 1.6748009987132 0 1260.75914540965
"1" -1.62600947118244 -1.37338023375849 0.954691205816247 1.4203480390118 2.70399500805408 3.99639707284808 -12.3494175453612 -16.386764230228 -1.92125904784599 0 1167.31769948514
"1" -1.44735171938333 -1.44694981979538 0.512317339420253 1.92063058127164 2.27788430573787 4.69311060101274 -4.88035083028641 -2.46953811628444 5.79623875205814 0 1153.00233708181
"1" -1.57318646515528 -1.41370127291918 0.773893686296335 1.78112221653979 2.8667763706422 4.42917023162356 -1.79675907037411 -5.32896092475799 -6.03636890610848 0 1173.28930171332
"1" -1.48089129811007 -1.25771431049899 1.08316222840477 1.34290648679091 3.171037204844 4.1480505649767 -2.037007007114 -3.9003368963458 -2.45033311686986 0 1279.52179558787
"1" -1.42759591235527 -1.41305247564952 1.01487477525804 1.30938493317774 3.18790727941309 4.15706501294141 -5.84061112125828 -1.77395540843889 5.32934199263981 0 1232.92553632276
"1" -1.42436415581456 -1.21684219625561 0.615569971494697 1.59452406450799 2.33484580299397 4.32804842199633 -12.6367095728988 -13.7222527813516 -0.457969094736697 0 1255.36547718884
"1" -12.3317352706549 -1.3390348171058 1.30018594001575 1.65107974684259 3.60280635788899 4.26039109134091 7.82414487292121 -5.03054983519322 -5.81595394070322 0 1073.87471629897
"1" -1.72617296051773 -1.27451466595305 1.20076638615315 1.39085575804613 2.64989678540878 3.85618843876687 -10.5825680718366 -22.1021338690751 -7.40711140882965 1 1186.30530895697
"1" -1.62528335390399 -1.22595230189536 0.906460148677454 1.33168088968279 2.71815823563541 3.72138881388585 -3.2724091450826 -3.67303985324705 6.41226633467445 0 1228.8934806602
"1" -1.39814423743708 -1.43886638392768 0.966240994615578 1.62941322060069 2.76621285740205 4.10006630166341 -3.5584802350245 -3.52351303678598 7.13217335291742 1 1222.38032226506
"1" -12.4912544909388 -1.41721055822633 1.25292792947031 1.25505989915226 3.1576653499475 3.57141656129512 7.81359262726596 -14.7975757205435 -8.5605710331118 1 1064.53759559884
"1" -1.5626457835914 -1.34339504257419 0.814134630496844 1.27092189224761 2.54710002392577 3.90990928235171 -5.65570127370045 -2.77823180203916 -3.17968388559758 0 1198.92562869172
"1" -12.6152722109878 -1.5270036313878 1.17639735719027 1.68411711575875 3.22901150394645 3.98070213906326 7.88872553243425 -11.777742911334 -7.65617748161269 1 997.079490997392
"1" -12.5183701796774 -1.3827905877524 1.41525696560564 1.3586681064489 3.38363939470799 3.79841457411361 7.90589389946299 -8.75686140608783 -7.7000092046313 1 1080.68102876251
"1" -12.611198519831 -1.37868898848131 1.16052083097532 1.55738726475032 3.33135498156638 4.13444335862813 7.9069178736277 -10.7826333300143 -8.73489820365929 1 1060.51739414355
"1" -12.514813315457 -1.52749381029582 1.21362552401243 1.68643392265847 3.38607825466188 4.24433254903804 7.85516862590116 -5.19224182810275 -5.66192651541 0 964.316230476168
"1" -12.7234714795959 -1.59964695632698 1.36246958585818 1.70409816222233 3.57779575360069 4.26643182438723 7.89335228628018 -5.30072215006527 -6.39625993116439 1 893.014744728738
"1" -1.71528107131845 -1.28793715002778 0.824737118023587 1.53158820498834 3.34690042093678 4.13301166987426 -8.46457542248459 -18.4635339217484 -6.64315966875546 0 1162.04800596824
"1" -1.64157414141398 -1.26208857924961 1.27870817048727 1.38578006396746 3.00752206264766 3.68515468601472 -4.36206409807191 -4.8257057282501 5.66012845995145 0 1220.09977092496
"1" -8.67003036341049 -1.40731796064299 0.722875811049124 1.54360821406664 2.95333845932059 3.93525852063113 5.38682183501531 -11.6617074371271 -9.42121150723406 1 1077.71857351143
"1" -1.56363308418836 -1.27778780701434 0.812900882438519 1.31744113965853 2.535451016705 3.52325740399564 -12.0532591910349 -16.0764829463841 -2.05413240729522 0 1220.60364434938
"1" -1.32923296371328 -1.21499424046114 0.75503176355886 1.39989938606519 2.50908961934371 3.7522995907045 -12.8165750134196 -14.0555117609354 -0.527384830361361 0 1312.08107564185
"1" -1.65594820551438 -1.29029843905227 0.851988305893613 1.59877713741445 2.74457084621069 4.45799338326816 -12.0059855803256 -14.3961735184185 -0.59115382704235 0 1175.82532721668
"1" -1.62198017635419 -1.2214017300257 0.738540806910608 1.29930808011534 2.7642304869614 3.71105225903459 -12.7845028208302 -18.4584777907474 -3.19121906726273 0 1216.53543024996
"1" -12.5401434327124 -1.34344281164829 1.28968237032825 1.79038964024923 3.34651418820236 4.31591504434377 7.86716200713938 -5.09644092605809 -6.95894899333861 1 1026.72873323492
"1" -1.74847909205266 -1.24560644729021 0.986310742118025 1.462471445865 3.14870901864922 3.84244238204418 -1.00102919835501 -4.84537406100259 -6.55085250853147 0 1231.91600029482
"1" -1.53327352285186 -1.45818675768716 1.05215529943502 1.47898754671896 3.02545059004038 4.00980221549667 -4.25465009240193 -4.38792595737634 5.95772366745167 0 1171.03374114972
"1" -12.5332315669834 -1.36303182405782 0.999269588332217 1.66918653300992 3.16804508838052 4.20199488540352 7.86337787009526 -5.02253223151107 -6.2994237045304 1 1020.21780745805
"1" -1.57207813914123 -1.24881335649193 0.527835185292468 1.36816221162218 2.57380595776265 3.53549150468281 -12.7749328020976 -14.2009388927957 -0.555835590459249 0 1204.39418985098
"1" -8.38437649975468 -1.39941158539429 1.225462187367 1.35265335134466 3.73319312763875 3.81304491835026 5.21798884912749 -14.9986771705411 -8.98617706465816 1 1065.66866019284
"1" -1.49534156458028 -1.34243431860239 0.975030326516841 1.52018940893142 2.76547878637484 3.97872854720928 -5.38415890465279 -5.56197630527328 1.65497639247462 0 1222.28965997419
"1" -1.66202628394467 -1.2815093470133 1.11641344718723 1.77867705126131 3.222877426114 4.77230592289336 -11.943173445686 -15.0944774003778 -2.28869911050068 0 1179.21103399081
"1" -1.43212752720011 -1.13432369521767 1.06621514825727 1.73896914531348 2.77889810266594 4.72463750747083 -12.3680719359327 -13.5699871622067 -0.557203520407246 0 1309.59085603568
"1" -1.5111549389367 -1.09477002812181 1.10050352476264 1.21001278885477 2.90481209436883 3.62935312621997 -5.65728930597335 -3.27142968993913 -3.08158656211476 0 1325.32510749054
"1" -12.6103382715395 -1.47618828276724 1.25591524585348 1.41925905631446 3.3713945795971 3.77627907237342 7.87233678846835 -12.8641184269334 -8.45780246902721 1 1016.88637764742
"1" -1.62697622125443 -1.27394850188735 0.955844305949803 1.52751061175405 3.04330247260082 4.16869027916765 -12.6927578169571 -17.025354631285 -2.15773221071315 0 1200.0375943828
"1" -1.50108428793392 -1.14645596234468 1.16357383523963 1.55332589702959 2.9005783484697 3.96999145968456 -13.3674591681999 -18.0757002632358 3.7398558564813 0 1301.32765295927
"1" -12.5109667377897 -1.47158008346852 1.4477386509419 1.76505974940402 4.06777516354378 4.29698164518941 7.8564991976995 -5.21410525224119 -5.53865565853905 0 978.810437814442
"1" -1.58280714125039 -1.23844358236094 1.18124835000481 1.44268354346418 3.26466717348318 3.84231008798044 -5.87558345565668 -2.93939939572701 -2.87377327356051 0 1246.77463394354
"1" -1.84205482139518 -1.4051749514997 1.09753393556706 1.56462905509043 3.17496712712906 3.89766246983779 -0.958987185815469 -6.27531696375253 -4.18587980152855 0 1144.41507155576
"1" -1.52718506478143 -1.38635693914524 0.355038687626099 1.28361300772513 2.11293003575719 3.8491615417215 -9.0083069576446 -11.4064657640071 -1.85814494667653 0 1130.47056757522
"1" -12.0860641558478 -1.37120974181124 1.07608013487555 1.59810824111765 2.99434013363514 3.97826733594191 7.61898246771514 -4.97785153356001 -5.41417024312789 0 1072.48021517318
"1" -3.20634556115987 -1.49595988029222 0.75505102210362 1.63925244388826 2.79168236250224 4.25170791753682 1.59708561509301 -0.500491021826834 -11.8801532143766 1 1148.98499267746
"1" -1.62477268533194 -1.34278589352073 0.8468976203591 1.60485661157282 2.92938323216255 4.21238501334378 -15.5565128632094 -22.0607027808254 -5.10264842741682 0 1168.82897755576
"1" -12.6502398652672 -1.44248145318443 1.31022901584489 1.57285262011873 3.31655242673157 4.2943156901576 7.89987719631081 -11.7305382962928 -8.38328262011335 1 1016.73524523762
"1" -1.53421386818277 -1.4316877364614 1.10871223707988 1.48672774854893 3.3137051288056 4.06399554513504 -12.7385206609907 -14.5670891264263 -0.498833733144965 0 1176.56352298078
"1" -1.69381404838535 -1.36459676680268 1.24823919429349 1.59535346720915 3.26679656376256 3.99079701560799 -1.36181150052237 -3.97562762338308 -6.02787048919379 0 1196.20265130104
"1" -1.70648393540826 -1.41951798109951 0.954999282896745 1.35504453624434 3.22591260187571 4.31080750846621 -12.0704203513545 -19.3394209690937 -4.98162472808102 0 1117.6860813149
"1" -1.6302128472343 -1.24513280126814 1.03561652384073 1.44494812709566 3.0499213104358 4.15692171842773 -5.3849046834384 -3.00566524059208 -3.27029301405021 0 1221.59460952057
"1" -1.58125520619412 -1.14138174753891 0.93519632703486 1.61640476409678 3.16841103527873 4.13887708459669 -11.4903088141501 -13.2268774393137 -1.47531767995479 0 1264.57032578511
"1" -12.5148033532326 -1.37103600112317 1.34100926146032 1.66691950624228 3.85320319915922 4.24176788475491 7.90594672525235 -6.45320477970952 -7.46483439602703 1 1048.73978918264
"1" -1.69857630733099 -1.33358398274199 1.24692215553412 1.70312830942823 3.29376113660105 4.28030207294935 -12.4406209279414 -17.5063738466703 -3.27618985292501 0 1160.4134036972
"1" -12.5493762407943 -1.53600870063831 1.50124173611832 1.65574316788377 3.55922159404907 4.02073011581032 7.88570884585564 -10.4228018668193 -7.4520043669614 1 1004.22548273896
"1" -1.65426096638579 -1.34173329532032 0.574140440173369 1.43650716927909 2.52892286258212 4.07308784160663 -1.50114177538292 -13.7975641360928 0.395247181133238 0 1165.73591976201
"1" -1.6486960439156 -1.21479839483922 0.91357988407651 1.54021254942654 2.75671089513678 3.72099391810283 -12.6394651802438 -18.0255552270179 -2.52782161923063 0 1224.46243318554
"1" -1.72558417946664 -1.35934511350188 0.87940786873153 1.66797851889531 2.86462053673031 4.27716187094097 -15.0920597129348 -30.8224111178138 -6.18658129338522 0 1133.25919315251
"1" -12.5400429193488 -1.39585642564105 1.12793882191881 1.72439888428141 2.96576780086329 4.20819601235001 7.86513789195753 -5.11063090468174 -4.67817097923346 0 1010.04345619416
"1" -1.65345414894909 -1.31501199671266 0.884358363579825 1.61687248612631 2.86240572054631 3.95602758588484 -12.1290123729562 -16.4599721488704 -2.64735807888265 0 1177.56667955438
"1" -1.75985380478072 -1.49789732958067 1.0208491710184 1.59565211447466 2.95801569785324 4.09445374276893 -3.98084989408115 -4.3275997471927 5.62989922745068 0 1083.78074339048
"1" -1.61315232549064 -1.36491175157836 1.20088169801733 1.27718177976044 3.0197416284406 3.54343913816583 -4.49519127793069 -5.16764803212226 2.67802624304095 0 1187.96407705902
"1" -1.47579225684168 -1.18877972460282 1.19197157237307 1.85736077515951 3.37978154346525 4.41557686830344 -11.1037007023685 -12.1209211648393 -1.32016585221533 0 1278.92547750182
"1" -1.77460842340312 -1.62789919564325 0.844885933339855 1.56308847890135 3.0452936045623 4.18913643466705 -14.027167218677 -20.6056972792478 -5.4842946288799 0 1022.41637262123
"1" -1.64512571581449 -1.50180263192626 1.08941323970343 1.55915904216857 3.3398644114435 4.4077161882063 -12.0515795968534 -13.9414938176887 -1.79669772352388 0 1110.3359299287
"1" -1.55419446768004 -1.18605904138513 1.02910650312511 1.4948672033327 2.93581652748036 3.85416165144933 -11.9668963706089 -13.4229831037713 -0.95107851132684 0 1266.16645156738
"1" -1.78053819928949 -1.34010512401363 0.892984656412189 1.4289473193493 3.17839250382456 3.79181575620756 -13.8227465068814 -26.6788454866746 1.26172545603109 0 1132.8285763778
