"1" 3.72348078200127 0.876109685035029 2.69091622851843 3.51102123871616 5.99847303926049 7.74668134440698 5.18281912575144 0.223960788365292 0.29759363608292 -0.874411861562161 2.53963115125293 1.96607222410943 1 240.504567997069
"1" 4.50969864241151 4.7553335230974 3.08667180701611 4.16131899654124 7.05229569049825 9.4379146651553 -1.21225685402259 -1.07663766147763 1.92297482479762 0.623997683021198 2.20717582675709 -5.38366032005888 1 516.176873484867
"1" 0.722542864063144 1.01123339203537 3.17094733271917 4.06203901433417 6.65039589609818 8.55394255668876 -0.287423330015811 -0.555155408308733 2.42953857743628 1.56463411036107 2.84757343010022 -3.75479338030632 1 374.810703955404
"1" 4.61035294404765 4.50672388892103 3.86156329777523 4.78896848612738 8.01364555722105 10.0274387027752 -1.02907305446508 -0.867040962385379 1.33025234419185 1.01136138895032 1.4469318454452 -5.21204424719367 1 520.982469521895
"1" 2.76403136189019 1.40206558594109 2.02218694713646 3.78300004138404 4.11093483555105 9.04128395260371 4.05889798650167 3.94529194209039 -4.824300334778 -1.32370420277709 5.52624848845002 2.09357685069672 1 248.239223025577
"1" 1.08008942442945 1.18571567508139 3.7280050594643 5.16761535480113 8.1229920268064 11.2857570680496 -1.3691429278417 -0.346889014154283 2.0069489228073 0.997876812147263 4.53595370586289 -5.28845525936642 1 422.600889077956
"1" 2.69196065398465 2.3800442265867 4.14759362345671 5.40186227493727 8.53324760816098 11.0397786089953 -0.718752274953733 -1.61490056018858 1.70737947790757 1.75824229594307 4.30076270658725 -5.04933881422295 1 445.457399328048
"1" 11.0522115373572 10.9611485180789 4.62653388950662 4.25860050933614 7.88056666768591 11.2206689741505 -2.06793998771752 -1.56419310806657 1.14276184281404 0.0562705908359782 0.283684865471594 8.80866012292239 1 496.68130228467
"1" 2.06168355436813 1.87763428735867 0.974671065169914 1.37606523094218 1.43119547584804 4.12569587609445 4.46249606558852 4.20633588380679 -3.58206254541121 -1.60540246136138 2.98749494010681 -2.35007047844228 1 70.7554120223422
"1" 2.19522987368215 1.95693964884781 4.04480444584199 4.54655114125163 9.22354882670603 10.3793695754032 3.91955539274849 3.23414704434047 1.92150235752476 1.30886864777385 2.61751674592679 -5.79292000619828 1 296.560961023629
"1" 3.2066301757866 3.27054349746716 3.57869966264547 4.29065928482875 8.06213638585015 9.78054869194827 -0.284389803049714 -0.681861275036142 1.60007082339447 0.826697550403823 0.672780290677376 -2.08324246840971 1 484.311315277623
"1" 2.32922281304318 2.34879571428761 5.04663642342072 8.34339793170974 8.50355585593648 18.9520942944245 0.0933661351481764 -0.953026891532288 1.74029732032114 1.30749072266496 5.22964515425732 5.93383899764642 1 456.977821262602
"1" 24.5372893723586 24.3005820541454 3.00047736480796 2.92164846335549 5.39778915377203 7.32246397200536 -1.74088634737013 -3.53938392072912 0.0774374610640091 -27.374016090031 0.468060616190596 1.95302084823224 0 503.907862706259
"1" 2.98450819498522 3.01821208550565 3.57442192234681 3.90156910302355 7.71131438428679 8.44491616735302 -0.69425565205103 -0.583941323745879 1.64923286493263 1.25464793318582 1.54251719195154 -3.39452000832352 1 462.720513912508
"1" 2.74907378303854 2.48290030429045 2.16797665534959 3.79536634128391 4.67461144518645 8.45416521385535 4.61502854499713 3.89356609711562 -2.51426025486554 -0.576502690709161 3.56176901057912 2.04244939555178 1 258.432301176195
"1" 16.4844764767615 15.8833023391979 3.27398033289289 3.3128900210401 6.06505373741272 8.60709303037456 -4.51481132825692 -0.412493711748527 0.30128597824923 -0.809193961077082 1.38668223827433 0.248919098342149 0 506.870002094184
"1" 1.20173155181834 1.15708509626236 4.11197772394555 4.11306139638908 7.30101641905977 11.2404612478007 3.67046898112769 3.31666087354087 1.52385027272883 0.580115032169807 12.0993366814719 13.9737271578312 1 392.898898209585
"1" 9.92606739229913 9.56109622588915 1.62043926245708 3.97755459254705 3.38658495774215 9.33085591973209 -2.76627611580567 -1.71529992283155 -3.79722359191659 -0.227808739434399 -0.0200494863173602 9.26996401826252 1 606.091445395528
"1" 5.30760285446106 5.49287994585389 4.00961214812495 3.89489966590948 7.9511094727669 7.71537101857626 -1.36481665737522 -1.20219237625508 1.87855744578358 1.62468839808916 2.4544929290276 -5.58575436662643 1 496.161091692567
"1" 2.28675138351846 1.84387119228466 2.9299136427063 3.08313468045933 4.05750195303022 9.7824359554717 4.27394480833825 4.14873153065904 -2.91771414579388 -0.702389468747313 3.95659439173863 0.176578092446324 1 152.321784172969
"1" 4.37971055350811 4.14406773484161 3.38259009386932 4.53948177734848 7.7886167869819 10.4538628071731 -1.70993486862188 -1.19810351299972 1.57075933657109 1.45231036108768 2.4962351604216 -6.16229282623785 1 483.282935631518
"1" 12.5493051638176 12.6531605386496 4.71585950840602 4.9946497383684 8.39009191686847 12.8355462633057 -1.92157532606826 -2.75860738330523 1.42395915373934 0.45966148610207 2.49999354927295 8.1183155143556 1 509.598352177704
"1" 27.1257612008843 26.9068463940037 1.61591979233676 2.73153233988526 3.91269073170238 7.13349123130687 -2.61148008354887 -7.17068603822091 -1.96016619659827 -44.9018147929491 6.66426797209634 -2.1017817629685 0 528.44739587137
"1" 2.3571829929784 2.09784792308253 4.00323566491329 2.85580907062632 6.59432714440732 9.07968146545142 4.08249428700298 4.14669730898737 0.43253018577997 -3.19146457636894 3.29953750788209 2.86233703678763 1 197.037894612372
"1" 6.99279036127921 6.57081566348816 2.64416680429042 3.85759238239278 5.4287972068763 10.1750273311585 -1.98734555287526 -1.9942277926269 0.130973980017893 -1.49036397463848 7.32155538917594 7.37731654665112 1 492.951453900487
"1" 2.07312560402011 2.05025828253459 2.7271067777634 4.49933037723859 6.35901800229779 11.2728927537601 3.9799891027668 3.63742653462881 1.66387177400114 0.291762461456378 1.88340744729899 -2.5047836073519 1 297.798234659283
"1" 2.06048817385365 2.07405464860675 3.88602703354048 4.14485107816401 8.84157623478162 9.53763521721542 0.428992413134923 -0.570309101952006 1.67625792202577 1.75415200584433 2.46970180838202 -5.85234738129232 1 441.866130520359
"1" 1.03761062456146 1.05911347532624 3.61650422618815 4.36523511234137 8.20440908403161 10.1868387398467 0.70750891291431 0.791791829862136 1.90418766088836 0.940710587475328 3.33392821412198 -6.21734915750234 1 432.16115057468
"1" 3.02672347870736 3.2554335180809 3.39194574794756 3.67080818268852 8.20797134161479 9.01844015949797 -1.36573010873038 -0.877634603110029 1.79454456751261 0.786737218190098 3.57025821074555 -4.51119985180414 1 480.339632359161
"1" 11.3387417869382 10.9019419625353 3.38071911763846 2.82503232965657 6.42024715477979 7.52749087982942 -2.09005451436793 -2.09868171272053 0.60283568708887 -1.52696034864281 6.56126445040757 7.8502719115659 1 504.728663670001
"1" 2.49226514617609 1.66152792548529 2.22625858917056 2.22346914084544 3.06018995560196 8.46350406917999 4.24647378705847 4.35292776022629 -3.9884668025731 -0.830209536539226 2.54684230678917 -4.39887796983016 1 183.902219846951
"1" 4.40861897515812 4.56499682950794 4.26196480028374 4.7202135771925 9.46159360193611 10.4840506338678 -1.1859832248328 -0.991972831260009 1.60121043122098 1.21418519779628 3.89625543602698 -6.61370066354451 1 460.369107291307
"1" 12.182505282604 11.9991770243001 4.33074894183088 5.98529162902997 7.61391126836766 14.5444018734708 -2.97481960411942 -3.0015288745089 1.24827788852827 0.422595793134037 6.25532105270199 8.6658151160519 1 514.120230516133
"1" 4.536817085117 4.63049595591137 3.71102540001803 4.39130795859957 7.68755037385636 9.11381361916723 -0.829245649841928 -1.18183895536188 1.51515284226175 0.762285849856251 1.76233505204402 -8.06554738185052 1 492.95975020186
"1" 1.96356646019658 1.42332265777122 3.28040679064747 5.10632442626052 7.53016785965507 11.516235110166 1.64655945490096 0.315954501018186 1.3931662963802 1.51984622923619 1.99263916247487 -2.80187192420622 1 434.360607525785
"1" 6.38343322114957 6.33951037351635 2.88245766782013 3.32939556778007 6.00179155358357 8.02049560074189 -1.16224493544134 -0.568048853042659 0.0827472002576056 -1.69255329325421 2.02107968899435 4.00767577747572 0 496.695520775746
"1" 1.68732922517736 1.90800770138125 5.30480888288261 5.19856700219295 8.96832167262404 13.9000100046639 3.81136376434374 3.54034073866995 1.55057370897246 0.33955686216128 3.14050156094282 7.12344307192512 1 320.023754154252
"1" 0.275401850139775 0.472308434854985 5.66446583574902 4.87519727442019 11.9483979736946 10.2838235021923 2.25399063972149 1.65645625409184 1.96795038634414 1.85181722940055 4.73411483980644 -8.19612374412842 1 374.214852669026
"1" 1.70922814124564 2.21357751735777 3.01148735542854 4.48532838283695 7.60217468709124 11.1406425749436 2.50958537591608 0.598975001634526 2.52400263723919 1.03773636975608 3.33443897370039 -3.50941411522292 1 395.122364283219
"1" 5.42408248490089 5.00604826042489 2.8380291052997 4.16871851117818 5.62189326122317 10.9459362808024 1.18454800447068 1.18973502854852 0.260349887388313 -0.64970096088051 7.00063724520517 -10.4768923093615 1 487.407261502804
"1" 2.91613432358485 2.80155458253674 3.00478909528289 4.46390779206047 6.56317292102177 9.84814921175472 -0.827785133255796 -0.632796373752677 1.62460456202919 0.876254170267969 1.97261873037887 -4.32039925658705 1 469.989738290166
"1" 12.1775251707156 12.2740820621831 4.62490947221859 4.70266888962938 7.88175086866683 11.6988014293002 -2.20698030007048 -2.15233599354674 1.41787498908311 0.541491927106009 4.23063405544795 8.65159619347386 1 543.986065489602
"1" 2.8604876274658 3.10100982501396 3.10656945958054 4.35897940790006 6.77610219903216 9.53792774997432 -0.941285258420228 -0.842729811699729 1.84200433202521 -0.00948286179589647 2.08776698540617 -2.55565893353884 1 478.382300107587
"1" 5.90731417047905 5.76490028554773 3.64970144771312 5.33405188741262 9.05739378349898 13.1579282900621 0.310025740054563 -3.13070250631447 1.679573815818 1.29205493125574 5.06683569174327 -6.02076713966555 1 476.689181268735
"1" 11.4741149393887 10.9807179943968 3.11643516832501 5.04616305453772 6.86455205827889 11.9655203433846 -3.26602746795103 -0.627874910348325 1.43449799974111 0.828725982508344 0.125445545974193 -12.541194726576 1 534.654204389304
"1" 1.75482624917457 2.70387766594134 3.04275198682549 0.118090839373374 3.86424459833588 2.87941570375805 4.65829684348229 4.62325909587825 -0.188058321770017 -1.90794666488225 3.63019960589601 0.837318842502046 1 -84.1722045821707
"1" 2.59437931136227 2.36273021574984 2.99443373717449 4.15074863514871 6.59626982204021 9.30557945326279 -0.30315104350857 -0.518771484752813 1.59006796968578 0.594552855024111 1.05051667964585 -3.92281601033181 1 446.151978471977
"1" 2.36397696568311 2.37058054558491 -0.158364885455831 -0.0792001981962538 0.968856926085296 1.37716365182449 5.1698867488611 5.20006829725367 -0.732531636482558 -1.89892612103247 2.54658011372149 -3.95851368091792 1 -471.364586744247
"1" 2.82675588754623 1.44851433101319 0.162796069735782 -0.235403119878334 1.23813675053219 2.06859641092526 5.00952894890971 5.01718790237232 -3.98848896009225 -5.07746532222472 3.79780032750368 10.0357683398972 1 -736.643794606654
"1" 3.42972295234932 3.98682623127467 3.91683804046292 4.6062995094314 8.70471809911308 10.217191868483 -1.39890095803588 -0.626439920166362 1.97413522047776 0.869341161306199 2.48827965085193 -3.94635434010551 1 458.216279029787
"1" 1.70083057985098 2.28873430863466 4.8185075956101 2.4689978996565 7.68286190843101 7.36994655054251 4.08703746567515 3.89850034565469 1.0108354221964 -1.54930995075597 3.89578137283747 0.726883717195316 1 191.150045187327
"1" 0.758943159397376 1.9932102161589 4.90472365734762 4.62822976466922 11.8351380044038 11.1172131234234 -1.25751188462634 1.75917465866962 2.24726512965275 0.739508669217561 5.54273487594561 -5.08443656991729 1 425.423152180889
"1" 2.61060310381005 1.57149200248556 2.4161501512428 2.82842514398511 3.49505568787555 8.70565077441296 4.31016167472885 4.39900033574633 -0.677042615455991 -1.84747353349925 3.38920574754884 -3.99114572075713 1 184.800540422154
"1" 4.28268495039862 4.1545272403096 3.22058066256467 3.80389013751877 7.38303876607724 8.54386973972387 -1.02791097879741 -0.698627476518472 1.67022503252643 0.567278900012379 1.79599695090979 -3.73675084519797 1 521.806887298168
"1" 13.5483128099311 13.3804259364284 3.00937011011738 3.24430233461838 6.13430022699513 8.31664781512253 -2.33139843326987 -0.27683982972078 0.177461976523125 -3.38294905381623 1.26476153466703 -8.08921160629309 1 500.028673111261
"1" 5.27455539402724 5.02241259038589 4.38083980778521 4.51161575711684 8.83207332504192 9.11135190310237 -2.4042405947181 -1.2545375524421 1.4984614122102 1.92602136561207 3.3296751730098 -6.71415075379629 1 468.361890537377
"1" 3.71774730379654 2.85801913699402 3.49915780310173 5.47128001579842 7.80365846137954 12.1563874116527 0.0302163200120033 -2.40067451746505 1.1406019903933 1.75197156450163 5.3258509865875 -6.01375530738246 1 455.610634486931
"1" 2.81923495528944 1.08680921983802 -0.0402429173867212 0.139074427541965 1.18738931294913 1.92479537746577 5.07193663034276 4.90240295998778 -1.86619685895817 -2.05707765959991 4.55547261131581 3.01858429188213 1 -528.95402774152
"1" 2.23345167444862 2.03828401100825 3.77310333713127 2.58436270793901 6.29218612479901 8.52043398424904 4.06422007473291 4.13390216210108 0.439658695181636 -0.534401417439968 4.11729045125425 -0.199529778961636 1 282.131719706816
"1" 1.68750281697464 1.91570916654983 3.16984622527465 4.23858561383651 7.68831246937823 10.1529784286522 -1.71724843637755 -0.950151469751622 1.9761072305445 1.00795625487103 5.05366765637831 -5.91682412558331 1 449.334521445519
"1" 2.56552577338766 0.997001362301583 2.09047966778599 3.66336485315275 5.2442624993949 8.91756319343817 4.31196551862177 3.04652784385013 0.365583172824453 -0.501237955826916 3.98189599418289 -3.38936774300266 1 287.987786771788
"1" 2.51280769205778 1.70127388708555 2.77356551404662 3.1482610061067 3.78696125058213 8.66728975397416 4.26013432831237 4.35332005061989 -3.4642480792535 -1.34416942261855 2.85658005418581 0.501585759829624 1 195.832104628635
"1" 2.16872019664344 2.4771374434837 3.93376095531865 4.1716522910438 8.81233040391899 9.35604994535094 -1.08682240984956 -0.681632576112901 1.59747870954433 0.809402775313406 3.18221951743286 -4.66473393327574 1 446.508160821357
"1" 13.823475358031 13.6152535137194 1.55105312431187 3.42444282337077 3.78892890498361 8.70522995699722 -2.0352021826335 -1.99354060244317 -3.15994286297361 -0.908398734951405 4.60582697979502 -7.57565756370089 1 506.500140361417
"1" 10.4904498238196 10.3376487113493 4.31852753583698 5.00466288029696 7.80377943781043 13.2518523862144 -2.58257944746208 -2.66423354968336 1.1958352329112 0.536983669309002 5.85066432521623 8.90479001412601 1 506.702152608013
"1" 2.71683361489534 1.2489656557205 0.145075908301761 1.09595855324438 1.05828695442249 4.12910371153755 4.89333834667049 4.79161071302015 -5.15352907354321 -3.34958905174122 6.73708671758326 -10.6554175336502 1 -107.02395598443
"1" 2.11964478712855 2.2123369585732 5.40081393175109 4.68669924269844 7.96695304752146 12.127346998279 4.06926845642824 4.029508545435 1.37732762608351 0.477758627396333 3.09752950023549 3.17835229998749 1 251.525119356116
"1" 2.52596106376344 1.16079596843576 2.99996134069794 4.56932981123516 6.44579955272964 10.0177854549513 4.25407169730738 3.18070858266784 0.21998154630406 -1.55052084690316 3.52493235819277 -1.32663718039914 1 270.940709138782
"1" 4.90018762161675 4.68149073342826 3.43686966874605 4.9115082751917 7.62042673839362 10.9682524718236 -2.01567524736272 -1.42934870061307 1.5638989463502 -0.109149571679375 3.37396699671263 -4.06040377095956 1 536.765688284179
"1" 1.98511326054408 2.27845583704814 4.25444486467951 2.43714561714345 6.17323877726044 7.15648891783049 4.18750585829049 4.10219227723579 0.747606591012389 -0.835834795692411 3.54005304964553 0.970491052384134 1 177.207110714117
"1" 2.3356995789682 2.0567734120639 3.54219987064287 2.34986264968111 5.69289413143107 7.77646360644253 4.16965230169489 4.20913716125987 0.424828626925978 -1.3706213001096 3.90750378393347 -1.28217268751168 1 184.197281178022
"1" 1.39681146523762 1.38479775193225 3.32310602919937 3.77275558035911 7.51101461038755 8.46065153061129 2.23218191286598 -0.71651356491537 1.95520313128834 1.61184395539456 1.18328178384847 -4.16581703381928 1 413.896635584099
"1" 2.51170064595166 1.7630675391683 3.36798795400817 3.52135748691526 5.23828093806414 10.2492553633393 4.08669749564747 4.16308981879135 -0.182635124086702 -0.0256205796948014 3.87306812834394 2.2252007493177 1 233.666779353583
"1" 2.63821425363469 2.59415397164122 3.66215714662532 4.53320186826489 6.78656057816528 8.38475941962237 -1.16484056647929 -1.30497370133888 1.7854069515695 1.10921297842655 2.82398909570647 -4.44705151123973 1 455.069297062109
"1" 12.4020759140917 11.9232267700655 3.58158880704475 4.1475395174541 6.77056231727069 9.60586160021679 -2.33596476829108 -4.13957970067066 0.111502567628228 -0.987761328704717 5.28627171427214 -9.63629137616783 1 502.1683739077
"1" 1.60958345964708 1.82503450895761 3.5440611208979 4.02310575105779 8.2367842391361 9.25672035264737 -1.46456810250572 -0.719613393820256 1.89721293153131 1.27529666204673 4.07182130069563 -5.9928926481602 1 420.503810894152
"1" 2.17302137966089 2.04808233142812 3.67416023828628 1.80551435356212 6.14189459452846 8.87211027365042 4.20975449105114 4.25959385047631 1.45593769958407 0.30622586977157 3.63703665902077 -2.41162637098773 1 166.121324551532
"1" 6.07151028988199 5.87471715669265 3.36970399369255 2.97515596099149 6.68588012890799 7.39925781702275 6.8272333400712 6.82738427391274 0.569633343852157 -0.151422746033896 5.36617177705778 -0.648509517208075 1 440.197727425215
"1" 7.23996973593298 6.86201052831562 3.07589986471237 4.801066196092 6.90964005971966 10.6857297480897 -0.750192130115969 -0.867866416656964 1.1941014724932 1.00331144373174 -1.50131909483178 -7.27543074169652 1 528.186404290769
"1" 6.97481728281121 6.83106870871328 2.93272540032262 5.22962057608555 6.63494747170141 11.7999903297567 -1.09057676113846 -0.885744314460283 1.57297987186168 0.810921725958124 0.321876849093269 -5.43471872343426 1 543.504900096528
"1" 2.57609726831227 0.569177568932675 0.364929959489476 4.27859120853658 1.28953599789405 8.97234710198661 4.69087181157503 4.32895165792502 0.926362818640789 -0.365303092523688 2.4626031981421 -0.317784529276137 1 -92.461582367458
"1" 2.0916394452851 2.92592154095 3.78911055741861 4.06820684231304 9.12079625716475 9.80017007571745 -1.05745783633249 -0.877875820946901 2.46623050122392 0.683959622503703 2.83342399349633 -5.07928943209487 1 427.158503442131
"1" 1.93076994317976 2.29710433719858 4.5523404841476 3.7703373727756 8.67568021512662 7.30490283500424 -0.358670157408735 -0.529651025227252 2.27862118731197 2.0122372480758 1.5761648708277 -3.71897811775971 1 427.68948239583
"1" 1.90214809873759 2.25904505826938 3.79901924830781 1.3443736145318 4.90103686417357 5.44144966115929 4.36465107402452 4.21875862037285 0.766565419834098 -2.92257361551297 5.95008958731958 0.367552879935374 1 212.209385018547
"1" 2.88210346585992 3.07484767946411 3.34646850118546 4.3921983649333 7.24918053745371 9.53276726030111 -0.294348444885468 -0.687572304529806 1.82551849836777 1.08745562857677 0.942492019083226 -3.27421891180489 1 463.734953879033
"1" 13.7093647514322 13.513061604911 3.43681847807509 2.83887343785674 6.54172456532751 7.23030754644828 -1.94293052965072 -1.67111451032683 0.620313462863038 -2.94551359777206 0.996338970300262 -7.31911684783148 1 542.698966914074
"1" 0.863153810782766 1.18252817489724 3.94714668087335 4.84262738792758 8.73626814336775 10.6768890651378 -0.87533597642868 -0.090065575975832 2.20654996818989 1.24276979902733 4.98224900419588 -4.04097662117141 1 408.683782631029
"1" 2.87640417483287 2.95579439568133 3.95106844675114 5.61192506547788 8.63879683451117 12.2986951642496 -1.37569356689614 -0.84698900960064 1.76350615085037 0.77442429616177 2.95098588083882 -4.08488087458948 1 443.464121745243
"1" 4.83770237996207 5.15154583452268 3.87173774562727 5.06041611970645 8.99794933994268 11.8354608859766 -1.74314071747203 -1.19343004679703 2.14778217611622 1.17155769472417 3.21431956359313 -5.71133836237056 1 524.725875484444
"1" 2.58922265927485 1.87222836356735 3.02596354255931 3.05685979214199 5.14946998288758 9.54513142068101 4.15596022950739 4.2189393086327 -0.0430531778216101 -0.347482958707573 3.36931234261514 -3.57213694219794 1 124.985751024834
"1" 6.14542343997357 5.65481842579545 4.01164268585241 4.02827386346802 8.95524686760632 9.02162455337752 -1.94310226691208 -0.94011319504783 1.09419113247165 1.84350231193599 1.18011099938447 -5.46105630002216 1 566.454158329418
"1" 2.71597234816308 2.73272855264017 3.60503692578448 4.30560335797107 8.04148244423406 9.78656515923585 -1.06410488161471 -0.951248769045969 1.72019239210952 0.928157331432394 2.80464910818641 -2.95053929434668 1 458.303274321303
"1" 2.65931623379821 0.641177794431676 2.56981478177224 4.07055382535647 6.18419679592921 9.77106259441002 4.39934375743989 2.92995486715581 0.294036985758019 -1.34509938197588 3.94222452311568 0.255085909369207 1 254.093731111787
"1" 2.08481520863119 2.64287735713168 3.89348195017287 3.80722854789348 8.65560468260967 8.46813115276944 -1.66960503617823 -0.125289837558519 2.25780809456367 1.26968609564311 3.40133772272452 -6.5738150318638 1 433.995938535403
"1" 1.97388933675403 2.10769163076318 3.91257012311928 5.22065588532217 7.61402925241128 10.2346963661641 -0.495244064506498 -0.598759490462231 2.03732231581068 1.10459180344196 2.49728299724414 -2.47913728563035 1 425.986267781609
"1" 1.76759469759221 2.13672360020705 5.82125410970764 3.35038019111238 9.05104531530771 9.77852566682653 4.00039639598646 3.85699179605341 1.38725094360076 0.0717503371424184 2.39128542018579 1.57690586475208 1 226.346980734384
"1" 2.68949182266421 3.17874218497895 3.73869102271448 3.38573896252553 8.69763227018829 7.92997417803593 -1.16979373802791 -0.912615924858756 1.95359337040595 1.38359690777473 2.75120803298232 -4.1528242785065 1 465.172353937254
"1" 3.7670187233655 3.33457051716851 3.14575161398773 3.80238600903318 7.53728069355994 9.01254428198437 -0.935493460378648 -0.362679364575103 1.09507220496999 1.49161042629607 3.31417467040463 -6.13272925975521 1 479.127970062807
