"1" 3.03516743943236 2.56739785346545 2.51109948887528 4.03315446965668 4.99099650594165 9.99255571370832 -0.0346961305515098 -0.533039108261965 -0.338214793507177 -0.124072111641546 0.20217799322327 -0.59319479424382 0.334970918331885 0.351540057983733 -0.441426888220793 0.188268203950393 1 5809.92319091839
"1" 2.95025979220335 2.6521887772263 2.51038810623891 4.0315218822113 5.07374640427789 10.0090246804737 -0.0335625949454433 -0.528480237186494 -0.41470490838162 -0.168688029691622 0.200233256835854 -0.585063162605155 0.355294689869607 0.34379021023608 -0.457457940984637 0.172975703363571 1 5712.13126655453
"1" 2.99799845601943 2.60028521064374 2.52783177517524 4.02241631083613 5.00338048196194 9.94457157319172 -0.0421856507575362 -0.538427895063922 -0.37102448491884 -0.00935684872568041 0.224018555148288 -0.602172123495763 0.327347202003212 0.359890220894734 -0.436254921542664 0.161147472284185 1 5751.3178305011
"1" 2.99003743720789 2.61399487402008 2.48077190798861 4.02342204980902 5.0408170213204 10.0041449077688 -0.0244595591174902 -0.525035027051727 -0.374641635121615 -0.151537386356359 0.184457044160024 -0.593226593406759 0.345641513304786 0.351027107010216 -0.449524974946779 0.190476386676489 1 5804.11357322571
"1" 2.99426350236386 2.60033457503209 2.49882002434156 3.99163024123737 5.03712884295609 9.96805999109318 -0.0308092356989616 -0.529450672647953 -0.384152091864718 -0.0364596931365081 0.202795745190314 -0.599500553416961 0.341983470717676 0.356998981096522 -0.446723998199373 0.166624854335429 1 5648.48202093343
"1" 3.05599140387507 2.54834240649994 2.46379219009363 3.96142879085475 4.9450313131856 10.0050895354697 -0.0432935634298153 -0.535994780039126 -0.265213115551591 -0.0803644969199798 0.225278378015935 -0.583529558357107 0.366941283024358 0.341133245751234 -0.466234973687412 0.132637411907121 1 5874.80459772631
"1" 2.9591051597404 2.64137090747634 2.58205233041701 4.04801020458194 5.05573658623364 9.96302766953892 -0.0671570144361732 -0.55286748083906 -0.434843920667472 -0.109333956559285 0.261128405754864 -0.59980377534524 0.31169290540007 0.359832879649371 -0.42577945936986 0.14614202200493 1 5711.13740408401
"1" 3.0667870526507 2.55027617658867 2.49682778117192 4.03533938341882 4.89025521480086 9.95968108307235 -0.0618818565809695 -0.547974876080974 -0.227693939129807 -0.0684101615427789 0.241721595920224 -0.573245086544166 0.347760646444179 0.332534363251778 -0.450547360132304 0.162946332117624 1 6027.45076860381
"1" 3.07276555687472 2.5206548804794 2.51304281774079 3.97688534920034 4.98731050926229 9.99613620358331 -0.0440565951056063 -0.537023171713917 -0.340620835944086 -0.0848469960756727 0.221115159868968 -0.572503171551468 0.361730319397728 0.330851491197579 -0.462102900557636 0.164286914139303 1 5690.84741664504
"1" 2.98425720380418 2.60292993699831 2.51051277006048 4.1470822469141 4.99245622630328 9.97090038058675 -0.0461288148224736 -0.540482060258621 -0.334413157544161 -0.19431355530246 0.227026880534854 -0.592234770647878 0.325344112970886 0.350150184042769 -0.432574710335454 0.180729107869169 1 5546.83135974465
"1" 2.9777289797709 2.63530919272983 2.50021683944663 4.01753704495455 4.99427248936355 10.0098148953216 -0.0447856214846307 -0.536868206784171 -0.339740119489218 -0.146011691186022 0.221123304858424 -0.59610950916335 0.344673377079249 0.353593763150519 -0.449920502377865 0.148500883228844 1 5934.56623797557
"1" 3.05142537689343 2.55831238417841 2.49668274375323 4.01799929127264 5.02566798983746 9.98793103270156 -0.0385115566971484 -0.534844201918763 -0.365576480783093 -0.110162145384602 0.213076518760189 -0.59382094262491 0.345903608839262 0.354068907602521 -0.449122764955771 0.157965537575688 1 5890.635056299
"1" 3.01586348304644 2.60656199979061 2.60747154769179 3.94248182687819 4.92194720885501 10.1330880549516 -0.171866929973643 -0.610775293964626 -0.269618654523116 -0.42922125224613 0.49707182325509 -0.6040779786719 0.269590890174189 0.374983491719169 -0.406236046517443 -0.150054846964181 1 5797.95536431573
"1" 3.06191151839862 2.54415160590622 2.46452862771281 4.04278267962772 5.0632776017779 9.98362746253262 -0.0408130778871815 -0.536434944962888 -0.391269710564676 -0.121434803483698 0.209938953122073 -0.589832994287457 0.337936574559729 0.345518845270416 -0.444528018693846 0.183684003506695 1 5869.50223655381
"1" 3.02694061883305 2.5727598811863 2.54077411111615 4.02878694075972 4.99643832348033 9.98227437897705 -0.0375599856729368 -0.534168903163373 -0.351531384127168 -0.111258791080194 0.208172345666092 -0.587714646761802 0.339543857910521 0.346789912847283 -0.445682289218381 0.18367765763372 1 5746.56127966056
"1" 2.98771893402685 2.60522654725599 2.59997550235483 4.06746612736021 4.99780180049253 9.97191980369955 -0.0570968213208426 -0.543147577369143 -0.387672099954225 -0.131653382519602 0.243632287745355 -0.57013864775867 0.360467456349815 0.329962167977281 -0.460238601103813 0.145960603760545 1 5637.02885065607
"1" 3.04747316283799 2.56221492544755 2.45083428695612 4.11202378821849 4.99540165097284 9.9461424732444 -0.0559892330230042 -0.547470353223752 -0.31935844228833 -0.0958609810075019 0.238697899245635 -0.598167579257837 0.317936512819695 0.354452237994659 -0.426871758785782 0.170574514013987 1 5921.03304181797
"1" 2.97211969347111 2.62075877397312 2.48643863775638 3.98578846280303 5.02308274625151 10.0206828625304 -0.0258370969078653 -0.525550235328874 -0.354070037355046 -0.14848708328585 0.192924166674991 -0.592218079813913 0.35029597857444 0.349277491631636 -0.453653430642951 0.176968963155428 1 5577.22107340869
"1" 2.96386199509701 2.62196896254747 2.47889565733743 3.95032413832623 5.01773306667079 9.94731899708978 -0.045011650615641 -0.535554145734572 -0.363898148049918 0.0343732361873705 0.238559087828268 -0.5917115693207 0.363151250507476 0.349165826568307 -0.464281090782475 0.108600886983331 1 5607.52907668298
"1" 3.02377109203562 2.58240442284673 2.48926130505194 4.02268270592183 5.025473862622 9.97747134302918 -0.0322650835852452 -0.530699460716832 -0.352072666857244 -0.0871023122459877 0.191276166330106 -0.591186832135978 0.332302904299812 0.348606181882814 -0.439527898377824 0.207532577113183 1 5899.78249915725
"1" 3.00985623634179 2.62813743988963 2.55258435686693 4.02806625862052 5.10700279861349 9.88768766791794 -0.188721625143937 -0.549545448266881 -0.346823874427838 0.0519577201777523 0.431541985186896 -0.652298009838513 0.411962430789399 0.284069601372671 -0.392596023740897 -0.121373985211667 1 5881.01399027155
"1" 2.99371172457031 2.60444211711229 2.50707400628639 3.96125828582483 5.081262947166 9.99384147397938 -0.0386128343339282 -0.535053059404263 -0.421787946342621 -0.0864975804657788 0.219597582065679 -0.599663859557019 0.340974971429746 0.357083606820632 -0.448312695911179 0.14848209634778 1 5711.179861182
"1" 3.0206790267276 2.58024416848014 2.51251089159615 4.03469603054959 5.01403308212005 9.97750237397558 -0.0396022160087691 -0.535561089273873 -0.357822485349592 -0.10609867843603 0.205955228718861 -0.586790003650519 0.331177264987842 0.345274957789466 -0.439074989717808 0.201056982722293 1 5764.9452610639
"1" 3.00980453617211 2.60068245684347 2.50262908268866 4.09424043243633 5.04469501391016 10.0047532043704 -0.0383396209625155 -0.534655090025836 -0.38858885525039 -0.219292462350694 0.204673742885199 -0.591421443738364 0.335894201690316 0.3496898482083 -0.44160310003882 0.187968139378163 1 5878.46210881432
"1" 3.05925285473169 2.5513548836297 2.51483915440472 4.01687979656665 5.03364251943045 9.97157250307581 -0.043544924907832 -0.537697833536872 -0.378623910854293 -0.0666736186129624 0.212557698992937 -0.584331373594265 0.344131498257 0.342169813457475 -0.448209115207261 0.180118677019167 1 5979.6455218834
"1" 3.01784182803377 2.58008488025003 2.48281130491858 4.05459006352307 4.961786078691 9.97848049218902 -0.0394498039926484 -0.536596024804412 -0.310986012277072 -0.125053235109004 0.213672709776088 -0.59521185842425 0.331707295749622 0.352426201959586 -0.43920486488564 0.178716302418913 1 5744.51905471718
"1" 2.97277829729553 2.65609924504323 2.58199820906271 3.96984406880598 4.94125391516811 10.0082291880018 -0.069838600103515 -0.549092855265584 -0.30908999061439 -0.122718868390379 0.256270202784969 -0.583632873026337 0.34934262324589 0.344473098687393 -0.451620792926538 0.124060697517031 1 6038.09487821279
"1" 3.03111743819179 2.57758994811452 2.49682201115296 3.98459521660303 5.00734067850875 10.0068482717119 -0.0365737304601214 -0.532620481115422 -0.340941067560473 -0.128575050835156 0.208045326239373 -0.594209308457392 0.348189887174707 0.351898015332292 -0.452384555347637 0.160266922415532 1 5926.99392586002
"1" 3.04138189246993 2.56343398290353 2.57959860064302 4.01994222071471 5.01308817359253 9.95070237786569 -0.045999121269932 -0.539850675569886 -0.391866379540842 -0.032391454676485 0.220282427993106 -0.596788338859166 0.322995300047814 0.35584696761235 -0.43313871050905 0.180111427147188 1 5838.44553826699
"1" 3.01074393865385 2.59657721319465 2.54334023964456 4.0033097031944 5.07771035000766 10.0166805569237 -0.027201354153531 -0.527392728019215 -0.447460945791707 -0.152920099434609 0.182330997488087 -0.591738283406801 0.333169664152267 0.348833561127466 -0.440937291744867 0.21379020160869 1 5853.55433019478
"1" 3.08430772742996 2.52023703290208 2.49212306761134 3.96248588490212 5.04577259000021 10.0381574767358 -0.0194645754105128 -0.522146044969683 -0.385753008149128 -0.17086115307332 0.174900671156572 -0.58699949046456 0.355016679993378 0.343830297074274 -0.457836702220319 0.19665719737008 1 5853.16889453201
"1" 2.99931464737348 2.60178553390771 2.57578939482643 4.00603004534807 5.00154816635988 9.99484167163265 -0.0791039790394841 -0.5550385986818 -0.396209343257768 -0.128177259036341 0.277267310378563 -0.561208148900317 0.362847194656259 0.31944672614111 -0.461133809075227 0.12380437416451 1 5754.24737196467
"1" 2.99813026978221 2.60212602316408 2.57093850222993 3.96911067229318 5.01272529522576 10.0061816805708 -0.0445831580697392 -0.535450454133369 -0.385837603365376 -0.115321487956219 0.224095170359158 -0.578989514666866 0.363352479590426 0.339890916071546 -0.464241575095227 0.143922096539961 1 5726.78066254265
"1" 3.01844879234045 2.57878902727574 2.53849307284354 4.04159045026904 5.013981946947 9.9894139479633 -0.0434715228609236 -0.537159077957481 -0.365985956433333 -0.133869448431022 0.220306172536255 -0.57838387016656 0.353515492487655 0.337605577171993 -0.454047056880003 0.167998705682326 1 5700.26957743624
"1" 2.98602953475459 2.62407517443215 2.46788457943794 4.0770907660796 4.95264988099147 9.96121701035516 -0.0634738053580795 -0.550522555866664 -0.319255769776644 -0.109562480141514 0.255736390068785 -0.601021414471782 0.318819354257845 0.359206324105512 -0.429057858877437 0.142218586237787 1 5877.87762543036
"1" 3.00994827702869 2.59930704482128 2.44741355249571 3.97614421661113 4.95136161757612 10.0144005646951 -0.0402206949534559 -0.533454126849819 -0.272612608229906 -0.120244621143096 0.210927833279785 -0.582963477301356 0.358183891459274 0.341026399980286 -0.459724420655573 0.161815126332935 1 5940.20253226728
"1" 2.96880636138502 2.62091248960041 2.52840919227022 4.04308504255983 4.99025669109878 9.97959198842917 -0.0416775019807865 -0.536060296648737 -0.340712620938019 -0.141508452242493 0.218470024618651 -0.589109710372601 0.336229371522274 0.348014017454241 -0.443859130781099 0.175257869239522 1 5569.80404959637
"1" 3.01174265380508 2.59929213514686 2.49870134137397 4.05001410854444 5.0077638029002 9.97957748230935 -0.0382332356965895 -0.535000624640275 -0.348802397164251 -0.120394102646224 0.209948055486697 -0.603977683936145 0.32868879599039 0.361660346258076 -0.437907088388033 0.17014727717396 1 5948.65591744245
"1" 3.03883386230782 2.56892767943718 2.49661649823836 4.0734696347831 4.97728580945106 9.94301879305815 -0.0561624273296327 -0.546486626061183 -0.326937862678644 -0.0522497290519961 0.235638524489051 -0.582537298960404 0.333603240107406 0.340287061154069 -0.440663017894344 0.17535655903061 1 5895.19875277541
"1" 3.09692218803675 2.50214158949838 2.53041871723446 3.97991309483693 4.97902100860953 10.0188539275967 -0.0290723953833238 -0.530066925042272 -0.341643832120353 -0.143854517969345 0.197806981824758 -0.592625749640475 0.342113452576231 0.350978974884863 -0.449096901069218 0.181168113342086 1 5747.83782741475
"1" 2.99331176419556 2.6109245918662 2.49187443466694 4.03146095574697 4.99964869069044 9.96844704287151 -0.0359307517294352 -0.534291117009185 -0.325412982659753 -0.0781459434685746 0.197854891671147 -0.587324794854639 0.325703070539342 0.345270154684595 -0.435630048151845 0.216437147752829 1 5844.69974433283
"1" 2.94208030524497 2.65477543292974 2.49798580316741 3.96214715247089 4.98700917193183 10.0062904816383 -0.0296031477576676 -0.526591682313435 -0.322416071233218 -0.0987062301910585 0.190891532408724 -0.583872602858129 0.347698493665009 0.343686191143236 -0.451795367948078 0.194898201807124 1 5666.97457980286
"1" 2.98721966133373 2.60777011787513 2.5039674760198 4.05973993138722 4.9651783617326 9.99427045057094 -0.0427043649202142 -0.536471911320522 -0.308708666668539 -0.183923190596448 0.216554731805086 -0.583878079023338 0.344440674230609 0.342130922385544 -0.447853549310104 0.176411132681908 1 5660.14956731818
"1" 2.99528206642893 2.61327635809567 2.51116774447739 4.00991608585467 4.95865727464892 9.98467039198075 -0.0498376816379322 -0.538835253776948 -0.311438000049689 -0.10148794990962 0.229556864714971 -0.583589966426686 0.354421428078074 0.341979425199563 -0.45833053538175 0.145400708875376 1 5877.42493835049
"1" 2.98786806720072 2.6234367492407 2.4946733308499 3.96757555098468 4.94931398540023 10.0018989627156 -0.033063712141027 -0.528862286849256 -0.287639111176436 -0.0935984524351187 0.19288221107957 -0.58378815545129 0.350286839684939 0.342204022457905 -0.453517960831524 0.1906237392379 1 6000.83132076148
"1" 3.00102044946525 2.60351323708798 2.48842266458633 3.99648742310635 5.02820248933633 9.99480060693903 -0.0279739372724034 -0.528155857698495 -0.364798727378413 -0.0959198850287887 0.190223020625136 -0.595255225743677 0.33985786999574 0.352512788026694 -0.445499263449429 0.190055945665424 1 5847.372088483
"1" 3.06713146584051 2.539883217375 2.47773696197802 3.94869771353749 5.04919017330417 10.0409744493986 -0.0202488826477891 -0.52233480376861 -0.386311391703188 -0.152642351005441 0.180780649599668 -0.589244345488208 0.364301831765796 0.346552186650538 -0.46407925769622 0.173261528315553 1 5910.27224811113
"1" 3.07408061938619 2.53521488386195 2.57305119623088 4.04473925320738 5.00707391860057 10.0181735369271 -0.0426647624717447 -0.537426833841157 -0.39649908651446 -0.200029463008414 0.209911557357613 -0.582124087095763 0.338644253785714 0.341098581051926 -0.445422559129441 0.192996353252222 1 5870.80378695445
"1" 2.99569236555713 2.60515612486901 2.58719147903076 3.98570357841019 5.07013123409827 9.97391443689932 -0.0417041057010578 -0.534123797369156 -0.460358527187809 -0.0555284231652088 0.211506477458309 -0.581128023558201 0.349386291919672 0.339627156317753 -0.454040103617263 0.176779995727078 1 5727.87864707151
"1" 2.95759650724461 2.6310984686755 2.52913566107124 3.97871876780611 5.01265955761174 10.0034991410372 -0.0427142730722315 -0.53381423470378 -0.379890351620823 -0.0991663979149466 0.216889935994125 -0.577374481673524 0.355009095050203 0.335690780978047 -0.458171463874145 0.169523993857454 1 5525.73165570494
"1" 3.00023444480111 2.61291018530542 2.52489175573137 4.08108554463577 4.98349026013618 9.97629826510962 -0.0591189296260967 -0.54618903611642 -0.327408140046105 -0.155626448292636 0.23532279735928 -0.582571170736744 0.333574575486901 0.340457239837115 -0.440204589269557 0.175888121169393 1 5918.90231778676
"1" 3.02116282024353 2.57451085704373 2.43779572016874 4.06905365823098 4.9146706060514 9.96879614301473 -0.0393178577781518 -0.53727442713052 -0.216812507244484 -0.108597166581369 0.216408709432479 -0.602115494636133 0.320593494747988 0.358845831550435 -0.429938673839486 0.181428011929069 1 5743.38428649603
"1" 3.02089042692416 2.5813341852074 2.54184512320286 3.98141021467291 4.98166691426471 10.01101266808 -0.0351902979261568 -0.530909248574186 -0.348296561194634 -0.12944626661025 0.198053859942801 -0.580240334334859 0.347973246628506 0.338640386444058 -0.453028954050347 0.19419329809543 1 5801.06484922597
"1" 2.99088088206608 2.60345416211318 2.57463435675608 4.0111737791434 5.04744844246235 9.98687381294011 -0.0405781711573308 -0.534795037552165 -0.430617942464881 -0.100598709921441 0.215587149939629 -0.584077083397393 0.348545636280103 0.342925091341352 -0.452882175277303 0.168684590695299 1 5623.33998734614
"1" 2.76058473281163 2.29031397773363 2.4493277079857 4.06883577963586 5.15342912850562 9.56170561310916 -0.133149733159165 -0.496376843306885 -0.281734743484474 -0.0274250257873084 0.624153310580993 -0.429748195304998 0.578502491224895 -0.09600037909678 -0.42571253037632 -0.161581767385612 1 5622.19464517904
"1" 2.94010102684516 2.64624944376951 2.56594137615383 4.04716953844033 5.00546090167888 9.92942235875811 -0.0548167555838277 -0.546431328875864 -0.365975199783823 -0.00719736780408739 0.243366732923656 -0.607295521511811 0.304083006944148 0.366321769295245 -0.418181439977207 0.16569873950811 1 5569.09702884022
"1" 2.98633361675078 2.61263137973913 2.5240423595502 4.00616842648915 5.03453443537952 9.99247224786398 -0.0306082843520081 -0.529093709719558 -0.408045634006726 -0.0986416872143068 0.193605733653819 -0.589495165412754 0.342203404447356 0.34700306936478 -0.446228697990836 0.193830876563428 1 5698.40750884397
"1" 3.00745648515105 2.60873829180174 2.48734604658792 3.98896720569045 4.96402902476426 10.0120949182115 -0.0358051443159755 -0.530331582886946 -0.284482968271311 -0.138691023129627 0.203100750792919 -0.591570073099971 0.35638053199803 0.349243958305316 -0.458565843901248 0.157664540727994 1 6043.95180988169
"1" 3.03169912184427 2.56721256988798 2.52807041916362 3.96386240275382 5.01881295648613 10.0364491052464 -0.0260630471160327 -0.525316733263688 -0.371402714162353 -0.170032352560697 0.188368925490533 -0.585100259069516 0.35603432855263 0.343102050746592 -0.457956457258471 0.184503517447349 1 5692.1558114288
"1" 3.03635788331949 2.55267976807231 2.48029792888323 4.02080064653693 4.95972868071134 10.0273778226704 -0.0278116220150851 -0.526744866617475 -0.28930661657201 -0.194513103303557 0.195975362095491 -0.580746898603881 0.361433422427572 0.338920782148281 -0.461580274068352 0.176463457023595 1 5546.74924885907
"1" 2.62414806786205 2.23745635447857 1.93490518326775 3.02038513275516 4.32283454918963 8.19407850688638 0.32955091996322 0.433947689517102 -1.22551003512647 -0.824922618954256 1.86768402091443 0.256902493448287 -0.427679734267148 0.0493644793449024 -0.251204967221382 0.192421840935208 1 5816.27444241077
"1" 3.04527075354498 2.56572417536121 2.49200794401945 4.0092675226339 4.98197076842774 10.0100605624145 -0.0475651121883687 -0.537917295561357 -0.342869722883934 -0.151994979155111 0.215741051016092 -0.570135222336187 0.355822814445815 0.328595373235746 -0.4578544847321 0.182902993910261 1 5945.96027164326
"1" 3.05720452265895 2.546336913908 2.4578318331402 4.00090769830631 5.0381841595492 9.9952194367793 -0.021849885927827 -0.524552224288804 -0.367201286755809 -0.103165237459843 0.183458681261843 -0.596853255875649 0.346139693379455 0.352778476124954 -0.450323971065982 0.185810936956991 1 5858.52161695894
"1" 2.95252844505676 2.64111181767455 2.61801173367159 4.02276112991468 4.97397803008022 9.99198650061136 -0.0594070020255031 -0.543344314920293 -0.356343090351555 -0.132180431059594 0.252657385493132 -0.578955616295419 0.355913675107556 0.340318286373699 -0.461687866716098 0.121651426827456 1 5644.95196168528
"1" 3.0406508687622 2.56813752214445 2.54602066673196 3.99971390469753 5.03213865309998 10.0304417183638 -0.019132367937517 -0.521880606033118 -0.406156023957864 -0.190180748176119 0.177495409515707 -0.592800854583863 0.353949421119028 0.351309795660587 -0.455902897531898 0.185027566253734 1 5879.72434162383
"1" 2.95412786556612 2.71763024400828 2.57275534818413 4.02386170794632 5.03459513371049 9.99359308910868 -0.155630644743288 -0.617556926476278 -0.280798841778963 -0.121376889344019 0.512064878335332 -0.515899963946945 0.305956940710429 0.356159645832623 -0.48620700633022 -0.162140444669914 1 5871.85843839548
"1" 3.02851171268224 2.56919072786349 2.5108296709682 3.97575238454146 5.0486316998805 10.0126946448315 -0.0441641755664584 -0.537136951371047 -0.375637907699965 -0.126853265501054 0.220613154965311 -0.58028141619975 0.353595164035319 0.338200374907832 -0.457416304648235 0.162768518781815 1 5701.64524864022
"1" 2.93169508632466 2.66596591421629 2.40297560943536 4.00444863101644 5.03123990779394 9.99799590939799 -0.024285049140405 -0.525120146352028 -0.315290189580266 -0.113237003600048 0.186969532360043 -0.595809564854681 0.345525146595659 0.351552980926844 -0.449330806735814 0.18560746818183 1 5702.26609110968
"1" 2.9970453283891 2.61190824588353 2.4960783591234 4.02764210849363 4.95341557906598 9.98403603366925 -0.0417620507752984 -0.535760194566306 -0.30649242707824 -0.103729084301161 0.213196218956516 -0.58994346999233 0.34297271557514 0.349070491343431 -0.448127071262377 0.169366598756995 1 5909.90066334455
"1" 3.02191973348717 2.58112954429803 2.4326485904627 4.01772971723422 5.06686943930174 9.99969057030721 -0.0265772077079691 -0.527874438444443 -0.372302230401242 -0.127318496048442 0.195288541143101 -0.605930588276943 0.340050945625233 0.360969732056984 -0.444586202013895 0.168674514355369 1 5800.82183103509
"1" 3.08634450643705 2.52552307764019 2.54233072429435 4.07688206307765 4.99325669522314 9.99854345881024 -0.0350181851566817 -0.533540635185526 -0.356880961531785 -0.171865631680681 0.204137316261321 -0.58953686407576 0.34428224765628 0.348543401891108 -0.448150602867774 0.178298197437803 1 5903.10533084114
"1" 3.00914982502715 2.67123028430382 2.36521001932117 3.99366692609397 4.89879476918606 9.84670340093623 -0.0619138401529644 -0.506886484315448 -0.545124118878588 -0.106271674830476 0.305503532258739 -0.636623597747236 0.307945129186525 0.391594849620836 -0.411953212318283 0.0393590670915847 1 5892.82302980102
"1" 3.01060752816918 2.59532081054987 2.4854735406795 3.97859150384392 4.98513591014021 10.0207087806717 -0.032869311356176 -0.5288858779993 -0.331702002428732 -0.149675638943628 0.197929437809421 -0.587708621852435 0.352305692896936 0.346010831624725 -0.456066709019281 0.174924465860337 1 5863.32190659019
"1" 2.9339069854122 2.68851608347497 2.51396230847909 4.05748687856502 4.96481140725712 9.95736840875857 -0.0745356732618556 -0.552469215208316 -0.309332531942718 -0.0699621245360831 0.257201920456755 -0.582830894585386 0.334383966941391 0.341113972142677 -0.441849471035151 0.149471821363096 1 6022.56639841336
"1" 3.04394831892694 2.55570888978378 2.52334625879311 3.99241757427515 5.04659112447502 10.0167493253798 -0.0253713066333582 -0.527126417561181 -0.386475803901914 -0.155171212277204 0.193903720708016 -0.595396151764766 0.348067782437313 0.353478128555884 -0.451977410550952 0.172791889265219 1 5716.01278120132
"1" 3.00000093321743 2.58936441825318 2.56797300803087 4.05072948912555 4.96268991849781 10.0066959653773 -0.0469678617479126 -0.539441945918658 -0.339614184932402 -0.184342524342476 0.223876142210676 -0.581051630560827 0.338409923750558 0.341056586054694 -0.444888296918779 0.180264251713743 1 5548.48445778089
"1" 3.04192198185212 2.55953229983572 2.48246538532772 3.98261725246958 5.04080428603714 9.9965980674259 -0.0335711148514613 -0.531071180810712 -0.386767498715376 -0.0960690892707505 0.203199903239006 -0.594174174154183 0.342137879992584 0.351615955439494 -0.447218830762479 0.175207625425468 1 5782.2767091942
"1" 3.04739437413967 2.55062734386559 2.43299655273077 4.05868926824602 5.08091033877496 9.96848412875312 -0.0349160244993353 -0.534110409167069 -0.377507305226315 -0.102504435427675 0.209878229770555 -0.605473032013817 0.327995224210847 0.360661725676226 -0.436122402782392 0.171932092732441 1 5716.62473300929
"1" 3.00094721937981 2.61426982289598 2.52063874202248 3.99669228256962 5.03119916817112 10.0113193409044 -0.0377022430300544 -0.534237752909226 -0.369462775345476 -0.14401636333595 0.203882879607563 -0.598144014798443 0.328651556128074 0.355224111793253 -0.43924699850021 0.186438454191891 1 5950.38620384402
"1" 3.07478963121943 2.68965442996709 2.53452998334973 3.98059439667634 4.89846208852336 9.54760182286393 0.151305702275064 -0.257114107814989 -0.345522735304239 -0.335261259072659 0.374789778336094 -0.136925134560137 0.361681027758513 0.734684517280933 -0.879501564171006 -0.533163641431356 1 5845.97731370044
"1" 3.04570357664534 2.56989514436786 2.492769321005 4.00831237454811 4.98381396012674 9.96588606725426 -0.0583460796899357 -0.549183685156017 -0.313142012541212 -0.0677406357995232 0.258459668181367 -0.615206937660539 0.321860410899192 0.37173140782937 -0.434492832850414 0.106426017141263 1 5954.80376601877
"1" 3.02351360491736 2.56647018964335 2.51869320873277 4.06546177233271 5.03297344409278 10.0081071215573 -0.0545738439278265 -0.544427665742444 -0.392079860837365 -0.19204894152897 0.241551380209205 -0.583128404017463 0.343631511129592 0.339495648121274 -0.446876202298977 0.154797543025189 1 5585.077255099
"1" 2.99229567948658 2.61219183739998 2.4791354357061 4.0064556590202 5.05086501573173 10.0034684432251 -0.0271898980449314 -0.527552479079324 -0.381113696137683 -0.132425180802224 0.187798357500253 -0.593717538351692 0.339069778596499 0.35099642200109 -0.44514186840869 0.196152099886466 1 5831.27935333578
"1" 2.99573408218028 2.60181776349319 2.57596531618644 4.0348891418944 4.90836154135242 9.97214196760775 -0.075682968297926 -0.554644688979604 -0.278167322365436 -0.080698764866253 0.268512254320449 -0.572520603797731 0.336923503484231 0.332384277820837 -0.444727656756798 0.149990732626287 1 5739.82563846658
"1" 2.99269979095605 2.62095764374036 2.54010191058717 3.99608482763366 5.02045075043053 9.97265650076465 -0.0492578303802278 -0.540875141669415 -0.389589655810596 -0.0656178614206856 0.224118000618648 -0.593720830623907 0.334392140526705 0.351073484785342 -0.441367518956025 0.166180588991563 1 5959.51119655636
"1" 2.97635032263988 2.61214975312743 2.41739144395186 4.085133943767 4.97426239027453 10.0064544466294 -0.0522355430336673 -0.544558835707793 -0.284357810552493 -0.201894558443885 0.245883145592248 -0.606400343847264 0.317617413486719 0.361870435977209 -0.426945953534304 0.148464140466702 1 5604.85393394849
"1" 3.05320071701273 2.54845973687593 2.4839820333905 4.07684872766015 5.0779341878085 9.96809611678876 -0.0561400909701245 -0.546740994852513 -0.405568219781818 -0.116782144911179 0.242368173990341 -0.589718056378384 0.331067534121578 0.344945262528619 -0.438306631372465 0.161772495571022 1 5770.13427614084
"1" 2.98900299430303 2.5881258394667 2.41896868592471 4.04442026039008 4.99788836406739 9.98364997817802 -0.0427746842794195 -0.538332130204486 -0.260807214481855 -0.132751724825441 0.231620932434233 -0.590334256549976 0.340137854075056 0.34783650026383 -0.445547892285626 0.155529221574859 1 5483.11019644603
"1" 3.00175835940004 2.60711855128849 2.50556144411375 4.09550691742266 5.04473465577702 9.94393585834554 -0.0407538320624241 -0.538433465255576 -0.371434605478373 -0.0937918254188714 0.220607828784717 -0.620594729925663 0.307514904447325 0.376936109583094 -0.422044679774002 0.161725779850332 1 5874.84302190274
"1" 2.97922373587322 2.62385253839054 2.54118394905462 3.99161291810353 4.98288648508098 9.9974950596838 -0.0346179007927606 -0.527990847761817 -0.34886651631459 -0.094790611326426 0.197269807076899 -0.576957424717741 0.361871206872139 0.336381859411778 -0.462897437441162 0.17918261052479 1 5797.60370054723
"1" 3.0394672180707 2.5782479464427 2.5090622794009 4.10591101477876 5.00391137173988 9.96804233213196 -0.0641562215512656 -0.550722435789114 -0.327983856891304 -0.145240209843756 0.253667633779943 -0.590911329257599 0.335367944704272 0.348117104568638 -0.441396371286354 0.138730968464117 1 5954.46873195704
"1" 3.00061078070745 2.60629926048275 2.61805533670177 4.05341980058705 5.06703867586894 9.99501582440002 -0.0448817726586693 -0.53704869323743 -0.461486060401217 -0.174107893801674 0.21706913684182 -0.583940379725572 0.343200831562247 0.343951902372827 -0.44767096706306 0.175412913541176 1 5767.39904003109
"1" 3.01545420772614 2.57610273030424 2.54902465403535 3.98728465485874 5.02539730816978 9.99439638238933 -0.0284146678487333 -0.52868681352517 -0.400525386404711 -0.0862432061767341 0.196778441339892 -0.593804876917046 0.339609084584825 0.35229530172124 -0.44620075479209 0.184549303637248 1 5556.69568945515
"1" 3.11397794223725 2.48592530981914 2.51799720550298 4.01147718477947 5.06225895355966 9.99852114377978 -0.0268401897989429 -0.529592002003191 -0.402140011684316 -0.12641204054707 0.196282649379479 -0.599135498042728 0.339789458444802 0.356494834198288 -0.445916389706798 0.176738157498374 1 5748.08422844359
"1" 3.01320839477579 2.57767717244054 2.50336854563028 4.0142057175003 5.01586989886831 10.010724111989 -0.0301234566153835 -0.529490931213439 -0.348957584150608 -0.159294532320089 0.198506232736713 -0.587418100537312 0.34559989780701 0.346292975122472 -0.450052567693143 0.185193429617817 1 5542.38146650395
"1" 3.02451741019632 2.589753118671 2.51603688790405 4.06391294802075 5.025526051821 9.98892555376492 -0.0434986426940101 -0.538362340213487 -0.374102054111498 -0.161545246857182 0.212002299391488 -0.594665187986141 0.328755238380261 0.352077626431878 -0.436461568912137 0.186120023739933 1 5970.65246507865
"1" 2.93923140053297 2.65658992362244 2.51548801203133 3.93585766881482 4.96972029656931 10.0193084692068 -0.0239804448851107 -0.521071445248 -0.321887008801616 -0.0963867010718495 0.180572260766127 -0.573856356241765 0.367389696194126 0.333486790948569 -0.466688723537926 0.192978429530089 1 5635.52856128696
"1" 2.99930127174383 2.60774514290943 2.51104344165218 3.9617654244867 5.01713044844816 10.0108929676496 -0.0388372032627564 -0.531031782235064 -0.362633454299947 -0.108163068591051 0.20617892387495 -0.57851745113973 0.36510209177665 0.337496105188434 -0.464298379884572 0.163646968571734 1 5888.38730060455
"1" 2.96761696752904 2.64063715576055 2.6843515685304 4.04874363273289 5.07043807699324 10.0257919631772 -0.131307649406082 -0.574699238841116 -0.408028931261934 -0.235528130602988 0.365807646739633 -0.576121908832151 0.322864109560744 0.324494891889088 -0.42128380247047 0.0746462431873267 1 5729.67673613256
"1" 3.04081914638289 2.54932898447974 2.53099220004995 4.13380742935702 4.96938361521688 9.99367696538153 -0.0415236641356707 -0.540077807199041 -0.332566143321512 -0.240934066248084 0.225108991017288 -0.60080335772144 0.322279166896505 0.358927282938371 -0.430738472363053 0.17118011244606 1 5596.49175461714
