"1" 2.7917676894155 3.0977734894966 3.62503114054634 3.8728286831513 8.35285982794452 9.02363212993903 1.89605800183896 1.3687574612303 -4.80835672565055 1 5459.46212027774
"1" 2.61160936009548 2.19747820760245 1.84594641651175 3.25960537954611 3.88643792196563 8.2312279741099 -1.99985123535923 -1.18137870793616 7.11313640326801 0 5762.67578524352
"1" 2.81425656734332 2.37390836915979 2.03633310589207 3.45799212495773 4.06217505177176 8.57984504887855 -1.74200811441284 -1.56812088173307 -0.126213154829564 0 5732.9354094535
"1" 3.53667326182435 3.1098727780456 2.55500165941348 3.18558249384658 5.0136778167902 8.04559915150279 -0.615936456881466 -1.38554239666059 0.282797022206794 0 5813.04749378711
"1" 3.36927819507558 2.95110402789761 2.16428045877898 3.38744775072629 4.3151456614895 8.6798165952116 -1.30969313980877 -0.725435101518187 7.64550742616438 0 5839.80395344797
"1" 3.73636898735285 3.37088490526377 1.93910422974075 3.59776994921155 3.86201274862781 8.85216946171661 -2.22989717882979 -0.655986726436977 0.508360657234417 0 5879.46071086897
"1" 4.75623435304421 4.41832131278459 3.64387080352799 5.73830322563259 8.16761575394048 12.8400875329151 1.6709341022824 1.18864990371036 -6.89904227960676 1 5590.13864754631
"1" 3.43540343163792 3.17899650389194 3.26053105511592 4.35452721961955 7.51736982489261 9.91697694930796 1.66354717311963 0.882872181347996 -3.54718578571443 1 5657.07938342875
"1" 4.62738668338334 4.98424038132351 4.08475058709421 4.83426591696217 9.11997507210196 10.7902809981753 2.2720824520596 1.29024881040015 -3.46474479484482 1 5600.37266274809
"1" 3.31672203096199 3.02523499241634 3.07483618178169 4.67240730437241 7.18557691185821 10.9043493913983 1.65430814982507 1.00897361645078 -5.15123868800563 1 5549.78676618921
"1" 17.8361188610183 17.5500714843911 2.7360229392858 3.36098996871027 5.54513026598531 8.65068263812048 0.100228630510107 -0.653861340243416 -0.739909526894262 0 6055.62822053506
"1" 2.92429298586268 3.14281085885172 3.62202497218399 3.82410785336449 8.55875513164328 9.01890852881287 1.77199191880662 1.22279673946168 -3.60621944105548 1 5477.34085854602
"1" 3.84505863055738 3.78031548400474 3.43721562619876 4.3578518026511 8.12508636185379 10.263448556438 1.5451791005982 0.886335085172295 -6.27033538255883 1 5596.88826569494
"1" 6.61670511586539 6.27422362604394 3.1469343561179 4.91274496164125 7.30582344768761 11.3965564016521 1.74087967710602 1.41521395454367 -10.3080627303477 1 5690.0910375159
"1" 4.18346919485787 3.73074462815147 3.12819180841514 4.95362646923464 7.35117629259425 11.5934270585061 1.59295938009825 1.21239358772749 -10.2633517172403 1 5372.93148662497
"1" 12.4132419667018 11.9982572541187 1.96107628444316 3.55250025993777 3.9696559739119 9.08286336210691 -2.03436027998036 -0.682442203135343 7.43244597170135 1 5989.28920386126
"1" 1.67667169408421 1.36154039237151 2.22624578404995 3.16045419553733 4.49046764382705 7.87024988616154 -0.721299724078377 -1.91082787525638 0.340947377911119 0 5471.99541005641
"1" 3.02376387267444 2.68717252409677 2.17975741259991 3.40824594124796 4.29988280246268 8.63717888530246 -1.47790663521367 -1.23235666800527 7.2403119903547 0 5759.33301098158
"1" 5.11430720888664 4.72139869874466 2.08184551571759 3.44085088057641 4.20943766502495 8.57076371531334 -1.69786891338719 -1.25269210764299 7.01369421444734 0 5881.77181275331
"1" 3.98432688463769 4.01689334896819 3.52508990134761 4.07192571574033 8.11803752217323 9.3149804118499 1.7934890474524 1.3633738093814 -3.28813428337584 1 5561.24588789637
"1" 2.84531261672194 2.41113569629664 2.2545675917544 3.45297802578841 4.55443392973655 8.62492555886905 -0.957399700900736 -0.787608837605633 1.74464745094843 0 5768.29601915041
"1" 2.34757763308312 2.47021721752887 3.44785570436347 4.05762571265983 7.98884326726594 9.46520229842326 1.79926591702874 0.72279665958296 -4.39856271270313 1 5433.50332312791
"1" 2.89960782351749 2.58812878480931 2.09344947406324 3.26998992223396 4.29421965547559 8.16342566796504 -1.87906874254459 -1.80780564168076 7.2411478257159 0 5737.75667952878
"1" 2.4774855031389 1.99903189752041 2.44250863271669 3.25778517191814 4.56372336689232 8.1851316452013 -1.10829262660859 -1.07180168125065 0.465914234141345 0 5665.20223601073
"1" 6.62227757336798 6.213071000335 3.254318959129 5.05312062842258 7.7827059275019 11.9453883079186 1.68908788214262 1.32252087933671 -7.42696199413558 1 5694.15757313528
"1" 3.64379145174777 3.23991728632886 2.13134758496743 3.39964242452755 4.26874967024751 8.58691055300248 -1.63732385428532 -0.666458441320444 7.32420677567163 0 5860.16473362919
"1" 2.27508313394033 2.48885398281316 3.50501871504517 3.85254378188778 8.20484515986715 8.98867443340165 1.81754646301797 1.05843858371478 -4.03787490701386 1 5430.69088272645
"1" 14.1128249936265 13.6575573176794 2.08781262756056 3.5520353677408 4.19348522830497 8.79534942100753 -1.78319046161679 -0.942960479671667 9.28687905759928 1 5968.21960970347
"1" 4.50401278745026 4.00099279025944 3.33378286067331 5.45709271409647 7.99545745864285 12.9959628420677 1.60273501038939 1.22683667988382 -8.92071481437366 1 5560.81876913246
"1" 2.67774282033089 3.07831673983037 3.58856852080142 4.06511013583532 8.50501371529439 9.68448972256667 2.22762669905403 1.27074909107736 -5.4348423691706 1 5415.67263145301
"1" 2.49437195548759 2.07280580092058 2.0362957389542 3.36272159796952 4.09685336075911 8.50320461512737 -1.75261479313879 -1.08282439070779 6.3296449507727 0 5700.40378903944
"1" 2.13580489449921 2.10850751391228 3.4035825152665 4.27659715779084 7.79395862350925 9.75034635984919 1.60901677560327 0.950781986190096 -6.96294315039125 1 5531.69440908276
"1" 2.91594319623476 2.44463816850455 2.19503472658649 3.46558234237399 4.3271944312758 8.82373476390233 -1.0774996125797 -0.738114569385295 -0.276707126313348 0 5784.76310542437
"1" 4.02094001309984 4.40159311500823 3.45709427304406 4.14652613949441 8.26824097433698 9.90306485374239 1.81330546580735 0.636363268043913 -5.34667212057436 1 5686.76177125892
"1" 2.52814366607207 2.15560817095707 2.4704202376701 2.98312478245628 4.84236403165455 7.60918114435277 -0.573131850528103 -2.61969883828101 6.28021271959845 0 5702.0970622237
"1" 2.36863594638858 2.90511708826275 3.76617758465952 4.29478514596992 9.03596006366843 10.3782181879019 2.15252688269118 1.20166698049253 -3.65669217346798 1 5250.4590914951
"1" 2.39646349811859 2.00974356410117 1.98722888893724 3.19323058237442 4.15443897225759 8.03216417665986 -2.03500111887253 -1.36586357489428 6.88053472125611 1 5683.51622880643
"1" 1.93538878877998 1.61786515921649 2.17379965690295 3.31165330667152 4.21605507924 8.50793071020578 -1.45661733618905 -0.840344167165758 7.04406798703434 1 5566.87997397081
"1" 3.25075352127902 2.8477685178114 2.53964726763838 3.30553854703987 5.0763198796428 8.37812361792159 -0.374874940169205 -1.00305935930969 -7.41965282918391 0 5796.58214106995
"1" 4.07882541615976 3.58648137699728 2.29928190386286 3.15754335077137 4.67107833421865 7.89158555311767 -0.760253642491705 -1.87549702924225 6.47694232439574 0 5873.66139795907
"1" 2.36698833463561 1.96252004118758 2.01304573156479 3.403202156808 4.0336355620598 8.76797803538972 -1.63259460638108 -0.874618513294167 6.57871690902947 0 5689.93000561897
"1" 2.80746976580189 2.39761141684985 2.09366325471168 3.57590410757816 4.31197443417841 9.15681605533444 -1.47654022749998 -0.811519459396376 -0.578584013140247 0 5737.60445985555
"1" 1.43613729724305 1.47411139329664 3.16836440293115 4.26970279221821 7.2085119583867 9.60992591692865 1.64747269729199 1.04871189170812 -3.69955047191625 1 5332.710467061
"1" 8.01519588341647 7.55902472533396 2.02664114108647 3.11806739226602 4.0091039107256 7.77555411540909 -2.83926144656034 -1.62068023970771 8.40591521290226 1 5956.94065632445
"1" 5.06390571310774 5.15005727997644 3.35621639069067 4.04702919308944 7.94998104671944 9.77032587850429 1.75656832302433 0.643226982402998 -3.93233714397857 1 6004.29671745486
"1" 2.50822800126812 2.36537206530444 3.3529139376914 4.21894414583949 7.60494962912136 9.60740886098939 1.75876231897158 1.27961141187424 -2.62944670095195 1 5380.76520542114
"1" 4.32618902729724 3.82821998104215 3.30883309734791 5.07616585830687 7.35640011164989 11.2965012759909 1.39164971507901 1.62803940368897 -4.13827560613274 1 5684.17652459774
"1" 2.95021304091725 2.57275144106773 2.60085469842444 3.46149476186993 5.11356880635007 8.81425027524663 -0.517694260530996 -0.829022432455986 -0.845330339514046 0 5733.9091963658
"1" 2.60827958025661 2.23173410936153 2.54455550136019 3.65866583320407 4.94271701358538 8.96299321892685 -0.560360070335004 -0.702730041494511 -6.75690497049354 1 5680.85384664145
"1" 3.10202671966955 2.60550465657395 2.19005015424931 3.57691402602264 4.46467358952683 8.73439912872331 -1.10780083660984 -0.917659305572282 -0.222699599237686 0 5782.83902369902
"1" 2.28113550325241 1.9607485607721 1.93738155919621 3.08253552505849 3.85060240898444 7.62692470649502 -3.13702075916423 -1.68495368083248 6.01312911633988 0 5672.87241710105
"1" 3.18713067294911 2.8480778576813 1.9676290503293 3.11243961150218 3.98174751425373 8.055067656732 -1.94022498165196 -1.05674201621303 6.4195299095899 0 5853.85173372123
"1" 1.5102152289176 1.09709949230986 3.20844304021316 5.56855739105763 7.40381429718013 12.9675453358753 1.14865288976512 1.28611692997687 -11.2193455381959 1 5320.15373347324
"1" 13.7562513787313 13.3490860086385 1.85818094595927 3.70512513372572 3.74940115428231 9.09229315730077 -4.08272567723401 -0.646249063216378 8.7557803467914 1 6001.43223362084
"1" 14.5890475490049 14.1464305132613 2.07495161379368 3.1051735643639 4.13709106874912 7.77515628434998 -1.75004566678869 -2.4383445067614 6.79068213369891 1 5950.93467424631
"1" 6.56248116172281 6.11983496320037 1.92764390465357 3.00051002085556 4.00342812568913 7.50160216860931 -2.37311372847248 -1.56333633674419 0.205311388691852 0 5953.7263027494
"1" 2.94595784284214 2.54302735615533 2.30913859113569 3.62479216259087 4.67293864058225 8.99799785582624 -0.830471360402467 -0.848582151172229 7.3056169868872 0 5764.85304112173
"1" 16.7360796105082 16.4120754270275 2.09150178833187 3.67200946624041 4.26598758701275 9.14604713630561 -1.49391539390556 -0.844019238017079 0.621117381770346 0 5997.7994151092
"1" 2.71163065564536 2.80171921551337 3.34573438181216 4.15683987995664 7.64951851549419 9.43285311984267 1.62284301938591 0.797916685577509 -4.15836689983167 1 5587.44171890927
"1" 3.27414859847701 3.26747494980721 3.27386463613227 4.5658688019261 7.46362322415916 10.4709268849812 1.9759572938045 1.37026455666412 -7.78919419566972 1 5462.04618212525
"1" 2.03783956293464 1.6549948694069 2.45242341689362 3.20757838540204 5.00225535526073 8.13913541124688 -0.484762574796388 -1.65202081249287 7.2273163976916 1 5570.74117475208
"1" 2.09075158353114 1.73636267593761 2.1897573399916 2.93330939050695 4.34869604751663 7.49290402057196 -1.43856515170113 -1.56864236799824 0.452070422978886 0 5620.95206784259
"1" 4.77567140653073 4.3316758850813 2.24456150166377 3.40227842873044 4.37407091069095 8.43168063833344 -1.09544163797308 -0.938570894489361 7.27577431265631 1 5906.26652789043
"1" 4.47394794843457 4.58984385086985 3.76301658813727 4.4074825914312 8.62909837902541 10.2688484711199 1.68787014323641 0.582277686019791 -4.18136144374735 1 5778.19145042156
"1" 2.52364332093938 2.0078111853904 2.24428028925221 3.60640941837657 4.33587250841136 8.90291616623242 -1.28483997085299 -0.535668574569913 7.29588642769682 1 5697.85447787952
"1" 12.7854286327882 12.359502324077 2.55434100835089 3.38580049099233 4.97858833197457 8.40460972250118 -0.43802776533885 -1.14610289149708 7.83998082825399 1 6000.676458948
"1" 2.06343415903102 1.97301143618108 3.58311610727207 4.62326974364304 8.30697560569692 10.4320722809551 1.64517249463512 0.809156977856622 -5.93371627767198 1 5501.35342255935
"1" 2.70492499689003 2.2898461545114 2.00681771956288 3.40651029341777 3.92409740883369 8.58472650936844 -3.96050943004793 -1.15848995991625 6.11124487518358 0 5714.05521096251
"1" 3.89988519689746 3.38832315161869 2.18950907027823 3.90175906618826 4.27954818306845 9.77473583519796 -1.41487188708567 -0.438368683945216 -0.0516798368870817 0 5840.50588118982
"1" 2.17165640815109 1.74398519853731 2.0018535826227 3.98870949304233 4.14903415709238 9.81327651985107 -2.50000601232612 -0.311338830508214 7.14615533045785 1 5595.27896103353
"1" 2.1750570566785 2.11782392745214 3.50991582915889 4.35556277881333 8.03503242788545 9.9463951320649 1.76643130868188 1.35777892642261 -2.73291570654968 1 5254.80147917737
"1" 4.30776452937922 3.82221494232359 1.8843711680418 3.71571983336105 3.83527625839239 9.3044446759665 -2.61087116469951 -0.894314404468444 5.93188580778175 0 5871.63428835592
"1" 15.3779763787964 15.0636341369 3.11921805841472 4.45736272097792 6.68803814188216 10.8607027261635 0.834820904224517 0.205154017148811 -11.8443432925694 1 5885.56229271704
"1" 4.18764488497283 3.76606186805242 2.02521254852393 2.97182606325123 4.03147662342027 7.51127257345557 -2.11382983078931 -2.0425085710511 5.09515966524979 0 5895.24709939694
"1" 6.13887489802278 5.90572123189402 3.38172397936783 4.62441940775913 7.73468077152554 10.5964011585218 1.39128271573242 0.995204128147734 -7.56758831528086 1 5636.00129115821
"1" 2.75382700340968 2.40279815346453 2.04336510982364 3.05069273127259 4.09418814293703 7.76182200541544 -2.1183084230188 -2.17336114262048 6.26821135510588 0 5742.46300163221
"1" 2.68250143427306 2.26897156408776 2.15801339000481 3.39949814141028 4.31708987248776 8.89038689333782 -1.33407139844542 -1.03818457874313 5.82400412742013 0 5720.05228248233
"1" 3.45742470843517 3.43988448496828 3.70859786360813 4.25514713968015 8.42831989535456 9.53506197109071 1.8330496603895 1.27930175271305 -4.11592402918414 1 5492.94968958296
"1" 4.79008379648986 4.71258707708117 3.47478958304228 3.99782876006033 8.10668021264499 9.34065103623658 1.67433525003007 1.40334883599209 -4.29857203650618 1 5534.6001734975
"1" 2.69098615132872 2.77932857790292 3.39822748706428 4.26320445830763 7.95992033831484 9.92527796640536 1.64698519043431 0.734426499942816 -5.87147298910637 1 5577.71885554493
"1" 3.30184640287933 3.08148558234265 3.57071015554408 5.15994954680933 8.21677505071683 11.7761346293602 1.5659532616083 1.10640814645178 -10.7250061446885 1 5221.67129174356
"1" 2.47316853522098 2.55705411129888 3.50178160721504 3.78852143100452 8.50416790692569 9.29464034777761 2.04562122674807 1.45808436620152 -4.92704678102799 1 5403.63367879248
"1" 2.39014532309657 1.8943140564163 2.08775656461664 3.05140908885984 4.26992866193802 7.8550872026795 -1.35143318864499 -1.45972967901802 6.9424427100924 0 5693.13405790967
"1" 4.82350190622793 4.46084654939864 2.39967383411516 3.61053716262236 4.74685640856541 9.05644693659704 -0.639377240359216 -1.01033791809695 -7.10962152725664 0 5851.48495021649
"1" 1.58971298090126 1.65139250684459 3.54112508523999 4.14282017505015 8.19135529451587 9.58476648462836 1.72978621723628 1.0742798385636 -3.83964515831206 1 5399.01264467994
"1" 3.92491023921013 3.58257820974845 2.20701350706541 3.52337570704129 4.35031849491022 8.9981472144802 -1.52315576941125 -0.521790156174891 7.45379079946031 1 5859.09606774238
"1" 17.0365195380222 16.5804671972828 2.00109597818876 3.08248182711454 4.05081102281791 7.99839251480827 -2.43371099717923 -1.49535226664966 -0.560198644072184 0 6022.44196601608
"1" 3.50069082573718 3.28442253141796 3.16404541191866 5.79588179988175 7.3263408985623 13.4630956255839 1.71638285335384 1.0696164629764 -6.80146795887234 1 5584.33024047227
"1" 2.59813677928487 2.08232504483387 2.16252209225111 3.27755771027917 4.2302197718777 8.25888082452332 -1.55586231132174 -0.926735055430714 0.79623223925964 0 5720.80499230275
"1" 3.38596992439919 3.01121659160542 2.25997824718817 3.09132970063248 4.5865715078796 7.83443125860048 -0.829740489168343 -1.24675069687858 0.770105911198829 0 5862.00460321907
"1" 13.2363618407276 12.8829705071526 2.50148121978029 3.79627191444868 4.95401474596908 9.53626939023839 -0.561007691315394 -0.575155968627241 -1.33430522179831 0 6044.87518915587
"1" 2.32189369053107 1.92930301149317 2.10092938879457 3.38489599151061 4.14493970077403 8.28357295366171 -2.04572100020613 -1.06815228097549 0.636595833669108 0 5651.96091178468
"1" 15.6718794019763 15.1083448429099 1.98519851029752 3.26232427412939 3.9795036489738 8.29237910573337 -2.74170827071916 -0.933898631381443 1.09244697633104 0 5978.66128678579
"1" 4.55240847717991 4.12500150423958 2.0809458967518 3.8064298114548 4.15478200640681 9.35142826692516 -1.42644579658123 -0.45398453308017 7.49225505330587 0 5904.63163119631
"1" 1.9730086348674 1.63200446137985 2.03025495708343 3.39371690624222 4.13958233638605 8.29768293735872 -2.09351807287598 -1.2258875474022 6.93298312811852 1 5553.60669207641
"1" 3.98748878540127 3.46055690116709 3.15924418281667 4.66680788975445 7.58197792549603 11.1083633668406 1.53510287566041 1.20644751159642 -5.27114774837795 1 5600.80739872599
"1" 2.90098724205128 2.47827862803369 1.97395632560341 3.42447912785786 3.98135934484428 8.57950023283571 -5.11765569375833 -1.22323516951325 -2.14589635342984 0 5736.9135295709
"1" 2.47036180047236 2.1164435250262 2.05256592051459 3.25067558695996 4.18452999230295 8.06654719041233 -1.72173332983685 -1.78026349193068 6.72997692969143 0 5684.4239011041
