"1" 2.93893055086339 2.64785914601233 2.38197206691885 4.05711695543614 5.05555946927503 10.0036085711222 -0.00618238589371637 -0.514807575883689 -0.319072543896812 -0.179136256594573 0.159370644272321 -0.606413911176942 0.332947514153512 0.362527171123915 -0.439639138993401 0.212731503672544 1 421.217108241099
"1" 3.11640583178952 2.48235142426414 2.50132261014786 3.98578777956462 4.97405209640575 10.0293198717282 -0.0309560126025234 -0.528413929606546 -0.315291830874604 -0.158900893719999 0.181903414485223 -0.569555872687426 0.343025696329149 0.3289353777765 -0.450033753078608 0.23458207038084 1 479.446589785579
"1" 3.07648240687236 2.23164216853097 2.41960877339459 4.51008678802749 5.32925530061489 9.76552302380364 -0.161831843757077 -0.635922763886905 -0.322622931245809 -0.0565118653718059 0.515461964471175 -0.516050173190776 0.267443252973241 0.268823140087578 -0.38804942237325 0.103464755258393 1 395.182545724586
"1" 3.06447819536622 2.54254543630826 2.59181790874986 4.0660477398495 4.93265858469196 9.99995975148967 -0.0384119841539083 -0.530616436749965 -0.255641245700632 -0.166123920934024 0.186535084677249 -0.550148224076792 0.362048276584568 0.311861239871953 -0.460190521213346 0.235953242752312 1 501.895061152521
"1" 3.05225791128814 2.6003553262453 2.59690830923958 4.11697391242451 4.72863308944706 9.92485210291543 -0.0263471965550471 -0.515154329463703 -0.0413442654895483 -0.104465732262599 0.155544480149806 -0.512634939425598 0.433639433387469 0.28472315520835 -0.511869298312694 0.212312784420847 1 540.321031198452
"1" 3.33487995166126 2.82743201082262 3.75623933107158 4.8561623863158 6.86419206587141 9.75439947993392 -0.167116839624006 -0.621738890294585 1.03595661891441 0.276228259575921 0.296256599653536 -0.646946892761748 0.428778701804162 0.379854424219722 -0.507550674211925 -1.6072222509283 1 502.687972785249
"1" 3.05818062676732 2.54954956692275 2.67148502964565 3.98560096875217 5.03496168077868 10.0451341507098 0.0113370509911648 -0.499201732084446 -0.450411316885608 -0.223407219913398 0.136607187088016 -0.561674591545268 0.423863288072534 0.322754575793121 -0.509498941502098 0.170692114754638 1 487.051036696484
"1" 2.80146123023927 2.90850671398536 2.5660446176196 4.07164850555758 5.16448784853832 9.9534162353264 -0.357281075694096 -0.65084869990164 -0.204552580267357 -0.510034846082216 0.720686742697835 -0.400372735719496 0.406419317043452 0.178788430378633 -0.508296959939503 -0.491095294466804 1 498.110178448026
"1" 3.10938614996972 2.50010555568372 2.4524178091168 3.93000559712082 5.03521605693788 10.0261108549839 -0.00672636190289594 -0.512527799379175 -0.338096906502578 -0.117046399607855 0.148546503591593 -0.581241301683231 0.36880141908891 0.33880082706107 -0.467535869884479 0.211300756573761 1 528.031177821713
"1" 2.95846854837336 2.77509247891518 2.42322699830316 4.35767426800176 4.8625740077387 9.78680877598874 -0.247632912123266 -0.641241270069137 0.498661819330812 -0.0411030479315269 0.53401324715397 -0.394133573031805 0.52304749932403 0.181514145587811 -0.581129204828923 -0.471471144546784 1 530.34203358704
"1" 2.98861471641413 2.62178440481364 2.46787737887907 4.06695161704313 5.08068354228842 10.0457332481974 -0.0209798838590617 -0.522032025856653 -0.405415406918471 -0.287540145878904 0.172966382185491 -0.58939111067345 0.346090100017548 0.346371615225718 -0.449713879234484 0.208612138335289 1 491.286719467598
"1" 3.2346819851946 2.40899722841141 2.42236236795595 4.22138639495547 5.08551669982109 9.86079369250852 -0.1307291450676 -0.573833042248899 -0.233785177093261 0.172054196180213 0.403509841579437 -0.358109773691394 0.600063633791306 0.111432590195913 -0.642701036927177 -0.555118882081723 1 507.644241296827
"1" 3.0288572858351 2.55007668405951 2.39022250657198 4.4455503574684 5.12027223537682 9.86166662521292 -0.0376615214637976 -0.546265584288766 -0.317699873073727 -0.250740674047326 0.241991606913557 -0.666565535701155 0.259822378341131 0.417800315578431 -0.37794780673765 0.132514069165895 1 460.99444396541
"1" 2.91656079986203 2.72068246507397 2.40025055081931 4.13793296539494 4.8501958715038 9.84658484122031 -0.089180602314329 -0.558668353483299 -0.071048880517005 0.0544651858632571 0.264936191536672 -0.587090183223183 0.313093817395454 0.345310634065664 -0.42473999213104 0.167516990458888 1 524.417320916811
"1" 2.82326534295274 2.71007539414106 2.64702195162018 4.23661517069918 4.9984296111414 9.73596711707609 -0.11391581605726 -0.574463745487965 -0.336312233948412 0.139455920062175 0.340096648401031 -0.586530036354039 0.268103006900371 0.349719893288369 -0.393844913168032 0.147863873075068 1 439.587497842939
"1" 2.9540856656671 2.60677248562705 2.60583583360005 4.35244023412416 5.05499353058473 9.9869962118389 -0.0826093133791761 -0.563509372768422 -0.343508188613438 -0.446995819966932 0.327338346764332 -0.647116658597217 0.268331377486062 0.409581362403857 -0.397423267812675 0.0292761445021597 1 439.694497671774
"1" 3.04801981639596 2.54574116966096 2.67373499283969 4.1524571988048 5.31400726604495 10.0657023281269 -0.0429409749361485 -0.535831075315356 -0.659949593586343 -0.356100220280789 0.224027166638284 -0.6052127093854 0.319556210657083 0.359727527818398 -0.433010370253229 0.168508874461294 1 461.045744614727
"1" 2.88648561196917 2.65292540609851 2.76394236461543 4.00975868159291 5.26113592881553 10.0895235512645 -0.167567091974714 -0.611980371426148 -0.570164660283008 -0.428455406716094 0.474875777268883 -0.610886199733206 0.204741733373066 0.38305917745237 -0.371317779051828 -0.0254706475322323 1 447.201514212366
"1" 2.95685984008392 2.64419621895924 2.50460710271934 3.94744329972223 5.14540777351729 10.0519550483156 -0.00178503376962958 -0.507425844622064 -0.472957855360783 -0.173109913983994 0.145457781792384 -0.583632068512282 0.376522892849703 0.340974593367042 -0.473055462795126 0.199358923381619 1 462.872371426606
"1" 3.07360277722883 2.54723831964296 2.62801037702648 4.16283765217057 5.15998039042145 9.97614978734372 -0.0374044716472269 -0.536451140568885 -0.488366614709381 -0.21331068524791 0.207380857789148 -0.62060424879734 0.297241106310847 0.376558905429939 -0.41797721485321 0.188613622612216 1 498.424745684381
"1" 3.24401433894696 2.53900020595606 2.64458268103981 4.58839251624993 5.0901711640011 9.4546680816272 0.379954035138447 -0.268397009954116 0.223898232899329 0.782241630460445 0.0189960308666189 -0.79555461571263 0.909741800156704 0.513541660865872 -0.825811252314678 -1.19750691751826 1 496.219601042964
"1" 3.17203042210797 2.6102506813469 2.53987615338501 3.75732204360854 5.22989923409679 10.1948204323003 -0.375716451654328 -0.663815014288607 -0.199835672925192 0.0132512091525394 0.495274418061474 0.0531784966874458 0.369918292488496 -0.283951469287894 -0.481247138908725 -0.361423341537085 1 505.559707764825
"1" 3.05974050583053 2.5466890100224 2.44030467297154 4.02750086973547 5.09615679474194 10.0058543653309 -0.0149224856637331 -0.518281970074666 -0.359217188720359 -0.166515682190066 0.179176136963986 -0.574363091619484 0.402702633146007 0.332711418678428 -0.486904756684277 0.146413312681093 1 495.583716793477
"1" 2.73999578114543 2.87416589174217 2.56278482151189 4.07382923909407 4.85479423094015 10.0075745925851 -0.0759164725841683 -0.543147747340638 -0.350477781007417 -0.375482423490224 0.236386734610763 -0.545303069684625 0.350693502964803 0.306177558621686 -0.454612642780068 0.211312717888715 1 490.862069980462
"1" 2.87868995491802 2.71677933553587 2.59600554344076 3.68120179124805 4.96660572380958 10.0716963557798 -0.000273052168215191 -0.497799977120573 -0.389605888331135 0.0617910092869622 0.13807938286621 -0.543312115217667 0.42668774320714 0.305977349481014 -0.511998185409116 0.193263383775921 1 468.755946366404
"1" 3.06896686650116 2.49884900900153 2.36176712128177 4.11350500899511 5.11229982258045 9.80386778557602 -0.0058969108977577 -0.526698368129804 -0.259153911918142 0.175397487708115 0.21742231096164 -0.622711739167351 0.358824559464787 0.38078258512094 -0.459782277137125 0.0825377961527407 1 470.740151940015
"1" 3.52310030088927 3.47544400319763 2.51256370951646 3.44686807686504 5.68629886033232 9.60073111499909 -0.470671268846378 -0.811827051956464 -1.28263944199424 -0.584665939136868 2.02529293991093 0.066096415378771 -0.192472885543495 -0.148942137246747 -0.0198505554518121 -0.0958226531660815 1 531.585303379321
"1" 3.09351730525178 2.50246625446658 2.44299645447878 4.07197189648112 5.0013553172868 10.0801690431574 -0.0134659417543666 -0.516451579153289 -0.286917525752772 -0.342957116170541 0.166278387965552 -0.582988629017467 0.364778671889559 0.339811074460193 -0.464580460935216 0.197896413633618 1 461.745278931226
"1" 2.53107350201006 1.88785351635675 3.18434595344002 4.07245957764623 6.67493337206473 9.31214806979547 0.345238985763622 -0.454633929413447 0.878321307024423 -0.0495256486028581 0.576563074617369 -0.309557764551447 0.526690809447754 0.589072812603946 -0.480004990607275 -1.9894879805052 1 448.872408608905
"1" 3.14259384313321 2.48962256676739 2.65365442978294 3.97322911750322 4.95910012270336 10.0416513719711 -0.0212277219774769 -0.519380218653219 -0.396237911694031 -0.178517757760648 0.149379370036064 -0.539619782981334 0.379212386689928 0.307928199617052 -0.47299614648256 0.256905121583281 1 541.044987435466
"1" 3.02382262337268 2.60609105178933 2.64734469722065 4.14055182144488 5.29596858203489 9.91490066411808 0.0177562915390177 -0.499307428327665 -0.660948570310023 -0.0606155858797246 0.128819864159588 -0.61347100980217 0.371218464771287 0.373960604184361 -0.469997301403006 0.169959712175537 1 501.705015846305
"1" 3.10539863475652 2.50722896091628 2.38274283089321 3.95209594573709 4.9589173244063 10.0116061645085 0.000641238476712348 -0.508159567377109 -0.182405715398652 -0.0766961352321091 0.132763160046964 -0.572571071357245 0.369198175030545 0.336604490965998 -0.466003264892554 0.235527167652836 1 525.242096224961
"1" 3.2319789060556 2.40972796296776 2.58982325366238 4.03364617127664 5.2409277459673 9.94138916206887 -0.0333433714397492 -0.530004340245685 -0.546925626549666 -0.0252044306809373 0.204279410123379 -0.583112790459946 0.394997940960004 0.339738272545201 -0.483531916794474 0.116516079798899 1 543.058424154694
"1" 3.04801729710343 2.55371618217869 2.57501742423311 3.99857062219858 5.05175439587989 10.0065417391604 -0.0204062636214487 -0.520808299890771 -0.406411712372045 -0.11533682591225 0.181159940106067 -0.600973982926252 0.345639423281807 0.36296042603454 -0.452020860423901 0.174515755400871 1 477.276324171726
"1" 3.04795592425949 3.0874441950765 2.56083297661297 3.84523519839688 5.78612474634609 9.98578100341265 -0.581161647416843 -0.741573452487388 -0.42823690795902 -0.405646495154827 0.748144140804649 0.369777207764963 -0.107343048937784 -0.519412028176689 -0.0107562013949545 0.121385206581855 1 511.8206880445
"1" 3.13244138130469 2.39127610228124 2.55929368851714 4.00247670117183 4.89349849534648 9.98150428876856 -0.0584839577652218 -0.542157544807731 -0.205174337264019 -0.0920570942772051 0.259508269399195 -0.4945644485199 0.419642042478568 0.259781903700564 -0.501941720335385 0.165206097009284 1 408.934314480107
"1" 3.04222251303864 2.57184161858051 2.43704163243636 3.91261000136988 5.04355882383544 10.0387894777055 -0.0177099196665737 -0.516474152178248 -0.338427087584385 -0.121452567315145 0.160511755459408 -0.574484909255479 0.371818860166486 0.331031244392142 -0.471386250989867 0.206503265498686 1 562.317484711613
"1" 2.9702336927582 2.55727213445174 2.37275620294887 4.01655105549703 4.94271667093372 9.91406861028633 -0.0589069895357603 -0.539674076214315 -0.143601995544731 0.0303533243342102 0.286385382566227 -0.559653870160457 0.417396248366278 0.313289280085096 -0.498099661263702 0.0332223929626454 1 424.609313890992
"1" 3.26124341204031 2.51777565036318 2.43294865240939 4.11662649077341 5.27096458515013 10.0879474812624 -0.105662236119705 -0.578911037600175 -0.455660108648695 -0.101064509389365 0.3028093265102 -0.355020489173449 0.504793106649323 0.135518279542336 -0.57733009523784 0.178970749286385 1 512.815150110637
"1" 2.93281512945726 2.66201869980244 2.47486060055531 3.91998504698788 4.99083690041124 10.0544785061869 -0.00588549342673718 -0.50752084904642 -0.31123618684501 -0.176178959134885 0.154616718870666 -0.578169318069203 0.386158095180671 0.337115242108377 -0.482486442620673 0.182482311813582 1 456.914977072211
"1" 3.03024989590346 2.58266368029438 2.55750294481431 4.04752865427998 5.0966338489182 10.0354692974838 -0.0059113870546538 -0.511479163073283 -0.447616775707976 -0.218347127965433 0.147904269801289 -0.588344053304668 0.363524048130368 0.347676575827842 -0.462098661051776 0.207271569229589 1 512.821205931362
"1" 3.09151300965594 2.50244614371513 2.1643840234182 3.91792790743169 5.05336269670849 10.1619838624296 -0.084677577344392 -0.596742730850393 -0.207381462802596 -0.42907188948216 0.39828309320524 -0.754414413613442 0.0071807487668862 0.511108019959104 -0.220810269971848 -0.225110358334635 1 484.155927560503
"1" 3.01718405577823 2.61380751651758 2.5303268739236 4.09823356083602 5.12038560426298 9.96282635434585 -0.0718918892631266 -0.556847413682939 -0.37568046656733 -0.243673158892778 0.257656709544947 -0.659352472163408 0.1993366030376 0.413823547824093 -0.341642792134137 0.209688498653553 1 500.874201269637
"1" 3.09335668574603 2.81072669253662 2.52750038501264 3.88087299508617 4.92858988376813 10.2728172130272 -0.518266437037233 -0.793191268494436 -0.605140608828453 -0.345898321702082 0.917878440635332 -0.213097090995806 -0.538493273924929 -0.0484285694159735 0.24234503754615 0.362280530712143 1 520.232232752944
"1" 3.01057524480757 2.54331418520457 2.50435668153002 4.30375267716804 5.03335197878825 9.84815425592101 -0.0154532951557876 -0.528109606186362 -0.235056627477845 -0.245771529946355 0.211785324350149 -0.625871361623082 0.319702243142184 0.386581483247413 -0.425610163640898 0.143149635485632 1 444.277658807486
"1" 3.02688695309365 2.55764700967225 2.32854345140717 3.85987773616503 5.10391355729748 10.01035401042 -0.00945632125278068 -0.521304095416923 -0.32357354963983 -0.10820625665601 0.166203089711704 -0.612490299935843 0.298347589685682 0.367279706981543 -0.418862834726144 0.243483749587688 1 457.157903880473
"1" 3.04216504767185 2.56618512739204 2.53481478925401 3.84427057674767 5.00064351396584 10.06422200073 -0.0202630995120578 -0.516432166260605 -0.362130907095455 -0.12737312620259 0.16291548311544 -0.556423841283089 0.384942002419057 0.316245552295857 -0.482947682866023 0.210814938208851 1 522.302401390912
"1" 3.00318941024942 2.59942888283232 2.3721067455391 3.99214349733908 5.07819364373581 9.94651866367028 -0.022514127124562 -0.52076861365102 -0.324156437705656 0.0326883917897895 0.187414514217622 -0.597997915228483 0.363054479453615 0.352500743102802 -0.462616197062861 0.156196021102847 1 493.755708864011
"1" 3.08667788316961 2.46223853274764 2.52169156342595 4.44371331044611 5.26035755837778 9.91616481266779 -0.0631015783796199 -0.562998842749108 -0.503237871784946 -0.302986719058459 0.248238614637407 -0.651651168228844 0.250759547620982 0.39666051332928 -0.378095266804574 0.170230554736009 1 431.058174969386
"1" 3.08384254446031 2.58656376270899 2.55713864128016 4.09751515488348 5.3101279661301 9.88147663531259 -0.0729215765161133 -0.544100819768631 -0.396664576899598 0.031139811492208 0.38839581022784 -0.677578640495574 0.497854963566931 0.422336758367294 -0.560701967275997 -0.58413252515757 1 509.07628686844
"1" 2.63598179298015 2.95181747295817 2.42538615881744 4.14079244168139 4.98713292091156 9.95799126448255 -0.0214148683758691 -0.520553019344216 -0.243622195627895 -0.179684217811552 0.163998139696555 -0.613475400855947 0.31290942131907 0.369144247769107 -0.422088008217079 0.227562393119482 1 459.449092693662
"1" 3.06755523102083 2.53713536038106 2.33673325576456 3.81273185418403 5.04156966990547 9.99096379607241 0.00681386046086044 -0.503704539284839 -0.278574404041251 0.0657478899940803 0.138634998474245 -0.588296028285817 0.385692668183237 0.344172718035691 -0.48290615225789 0.183860652287261 1 523.648920995202
"1" 2.89841193464625 2.70139022394251 2.68056054632501 3.90484185620369 4.92761955124002 10.0690886410422 -0.0314246693018885 -0.522613555904887 -0.350834479250047 -0.181058711392298 0.18376723407559 -0.560775803400321 0.375671341297257 0.325554637099496 -0.474834197318334 0.193638508781163 1 467.925371992831
"1" 2.98519427695712 2.53615289482307 2.42210088975098 4.18051124210644 5.43156172815313 9.73429775266337 -0.122253115529608 -0.574682661639314 -0.276383280946537 0.286251676917964 0.52189240446553 -0.643692699149703 0.441699561554601 0.379179816715666 -0.524607911107726 -0.703335422967401 1 464.695575895342
"1" 3.03186281250278 2.58661969086407 2.79144249111704 3.8158673511976 5.04177311917457 10.0158603945731 0.00577186961766284 -0.501243352752837 -0.432126687576857 -0.00127593916410266 0.133403126665766 -0.557242210011929 0.413752719712568 0.322927668047486 -0.501493119717936 0.192202137700652 1 498.273918838984
"1" 2.96775893698713 2.69306070902641 2.69781472179973 3.66180620210072 5.27768204619181 9.85004432334793 -0.119440564232348 -0.590864580469753 -0.30449013352953 0.326151934318988 0.400183556731534 -0.733719459918319 0.127576717859018 0.526264366635243 -0.299323252896299 -0.328582062542438 1 505.329932549032
"1" 3.13418584190817 2.52388300719852 2.49424647176899 4.24501158504779 5.02268016286508 9.88569174118002 -0.027774459546989 -0.526819708328872 -0.288223993164318 -0.0401291874393263 0.185571781442987 -0.594979673971419 0.366820836151943 0.354769541953409 -0.466878711678401 0.151745406622225 1 546.878901847495
"1" 2.8998831301127 2.69942570793665 2.62299180445723 4.14293731338413 5.04455762645645 10.0272532733964 -0.0368601951799782 -0.534459909406961 -0.305574979448765 -0.352077926071308 0.213632801019228 -0.620072019644933 0.302835834480827 0.376776048952841 -0.417014676333791 0.177938089866329 1 472.20015735871
"1" 2.93236827768041 2.56232159021724 2.53966276643513 3.59878310140334 5.22435655763212 9.88602287926726 -0.0874378774981093 -0.604751142116909 -0.761119558578037 0.382343825465468 0.391153905834205 -0.749312660425656 -0.00415040997710638 0.500642137101792 -0.228000293830275 -0.360751005900613 1 450.652918034414
"1" 2.97866399832092 2.63994779117334 2.66326717653742 3.83413425990869 5.04367670357974 10.0581939408353 -0.0446486754110289 -0.526164047578489 -0.468478393533956 -0.0737686331323247 0.176239718661478 -0.489777951940721 0.415883468767752 0.254211256557979 -0.5025751086577 0.261036721684573 1 520.769248781836
"1" 2.92704615119844 2.67473828865115 2.39320261458475 3.88425973171381 5.07236446018777 10.0325795376736 0.012134179341196 -0.496426312151842 -0.353362325800023 -0.0799337526511027 0.126698379488294 -0.584566396368902 0.396610222975553 0.341240875549628 -0.489534907621654 0.18599015371907 1 490.164284426523
"1" 3.10538713037777 2.50226421305165 2.50254923891811 4.23847249973184 5.11588472579127 9.92026808715616 -0.0595587354383809 -0.553200734056673 -0.428441217950981 -0.147124057146054 0.237003337046035 -0.600218810051941 0.282746208787055 0.358056452234816 -0.40175017314771 0.219987325801317 1 491.051462570201
"1" 3.03309598868841 2.56187038319408 2.5095062778031 3.99208918907926 5.06647984419129 9.98600579968428 -0.0160504207151725 -0.519054612845312 -0.384984450247664 -0.0688410051486636 0.174281289310129 -0.59273930442849 0.357046927449032 0.35127001449337 -0.457210014636608 0.184483016343543 1 462.313943693031
"1" 3.01077009291987 2.4968253475849 2.25492119880628 3.91432734588529 4.8957592821749 9.67095409662721 -0.123950693915294 -0.588478943292353 0.0712396747531104 0.333370263666599 0.505811574526945 -0.537015935847332 0.444590529153337 0.319189766734615 -0.529575729787963 -0.388251377454555 1 477.182508960959
"1" 3.25477389218577 2.46270572266417 2.57244641425904 4.02235381351703 4.77083153445226 10.102546292053 -0.144118173495909 -0.603716578192038 -0.36182944201687 -0.366552352606828 0.292227271661262 -0.5113015665893 0.196488455430909 0.284248455587552 -0.35482089486721 0.445411876045708 1 538.314554855934
"1" 3.05736798471071 2.54144741976557 2.41221420289622 3.86297182946342 5.06887754161649 10.0620175459045 0.0103860044740161 -0.500686906700913 -0.349890499431778 -0.134749621955515 0.132767324618462 -0.587748507481531 0.386622654204486 0.344015344515886 -0.481742145365722 0.190040458562978 1 476.767382764175
"1" 3.14710109778875 2.44602235634363 2.55031775618572 3.9992698664875 5.11858415723859 9.83559908934201 -0.0234065189057366 -0.530096791862518 -0.379461651493287 0.303348103868934 0.198798033127746 -0.603641176988799 0.331324661289996 0.36680492496383 -0.442051325610233 0.171450354279505 1 480.52347914799
"1" 2.75392795801992 2.69485174936031 2.44620782575732 4.01931326093215 5.00855509841312 9.92942994704931 -0.145840269319994 -0.604850413312713 -0.0583139971660405 -0.140315438767215 0.477653667892332 -0.675091330638045 0.00879625386400747 0.437987814526991 -0.231291693786971 0.0890454020582963 1 433.960276755212
"1" 3.14306324509378 2.49385024742638 2.44593002769795 4.07991657252932 5.03176372467128 9.91911359979421 0.00145587138814291 -0.516968150091937 -0.241295816735777 0.0311201307951553 0.153783764841375 -0.622787401386293 0.333542295584458 0.381820788646993 -0.432973339117707 0.191753063636085 1 522.8529062578
"1" 3.15381614955481 2.44901633619825 2.81904356506991 3.93612305929699 4.91403404206562 10.0469730102282 -0.04501960200267 -0.531350819537023 -0.403957956549917 -0.157165897459883 0.18867881023181 -0.507865477612086 0.396520624454592 0.276018205403069 -0.487300693524602 0.246383295575741 1 478.385160729079
"1" 2.86174963327458 2.74310422452982 2.34167036284368 3.98350795816626 5.10838679630594 10.0150192967989 0.00470556552483667 -0.505374575625811 -0.343114538240134 -0.150040545469399 0.141149257487599 -0.60936342804208 0.35840739593605 0.364253689461628 -0.457989400886032 0.189994718112896 1 491.414041768804
"1" 3.07880226492794 2.50708992479344 2.25655027259504 3.95499891485884 5.0105080333058 9.96605953622096 -0.0495014279953418 -0.549258996851142 -0.207146627942103 -0.0225218212251022 0.295886532888414 -0.666382751518375 0.306148708410024 0.422495701115901 -0.432154839861879 -0.0286980451249223 1 479.677835931276
"1" 2.92654741346656 2.67101156827395 2.43709492207965 3.98116782466536 5.11581194849551 9.99496648648402 -0.00631404727935216 -0.513652074319896 -0.399815093287748 -0.114563522242884 0.160755888409173 -0.609780660086092 0.344862820897982 0.364629781025944 -0.449643141168378 0.188590309365588 1 473.142468029839
"1" 2.88674429779585 2.69538981180037 2.51760796966072 4.07001127697088 4.99965453239242 9.95633875494456 -0.0281221590445726 -0.522455316586447 -0.302865264428719 -0.0804275493416216 0.187952127902594 -0.586668155186336 0.339644620852322 0.346353410553581 -0.444907239149852 0.205763660140547 1 443.537578497582
"1" 2.94526578711166 2.74384077991566 2.78366325750663 4.19281752312502 5.50500753715845 10.0045811960602 -0.0990790565735228 -0.554864917496545 -0.798386631203517 -0.186678908919915 0.303974921442946 -0.517691205112676 0.403642692739642 0.292946731144683 -0.466196600250429 0.112142621411362 1 494.243487279996
"1" 3.13441056863405 2.50684402978398 2.58934987657169 4.08219084054726 5.46722336052358 9.84821348857056 -0.089046013048407 -0.561390403921962 -0.663845177326092 0.124925572615766 0.317040531237098 -0.701149164994115 0.262055505258711 0.407391528533326 -0.361277777657304 0.0244333056016142 1 517.226347247557
"1" 1.73904975465497 1.64107753715471 2.3814721436118 3.41897248491379 5.58438628334477 9.22316359124907 -0.707643717880674 -0.827354481671503 -0.102082450858696 -0.0632855484252143 0.937665170084277 -0.24697393955524 0.264470766314366 -0.717313740127916 -0.128870275585946 1.26363320835204 1 442.950930595007
"1" 3.20601132371721 2.43334107619181 2.47337120533728 4.09166463741258 5.13299837108251 10.0046816475375 -0.0754171134435244 -0.56753506217571 -0.368366828511952 -0.266331393839434 0.320191414222445 -0.709584613316258 0.206248860074507 0.461615150846354 -0.357904640305508 -0.00744645510986928 1 523.442239510113
"1" 2.87199569369823 2.75115931651937 2.50341810762991 4.55221960123403 4.79628534893848 9.7167886958988 -0.0629866479412368 -0.558105931440126 -0.0712829743080714 0.0654057359421938 0.210858226694425 -0.640766267181128 0.201501619187001 0.403080657324272 -0.331694344912215 0.294504284273544 1 522.459349234469
"1" 3.03585375929159 2.5546475217552 2.44025258034765 3.83068391734893 4.97325125999728 10.0535148688336 -1.61192743829634e-05 -0.506009943623533 -0.278074984011979 -0.0727197727107875 0.147684472767322 -0.566068575703737 0.398109484998002 0.325376559651885 -0.490707161588499 0.191881838234869 1 458.566124089726
"1" 2.88025079712489 2.73234102622868 2.55319242287455 3.85902566627718 4.91408382102787 10.0692505915446 -0.0167084370792063 -0.5082950709826 -0.21171383888585 -0.144334356832737 0.160359544450727 -0.556437294567921 0.410756064512929 0.317126968923197 -0.49845209753251 0.176888369891288 1 498.779828827912
"1" 2.99722143570706 2.55408121443231 2.79036172169494 3.91870051895783 4.9886280247435 10.0415614142059 0.0104655856299047 -0.495177944434995 -0.438068494102433 -0.152210157932139 0.138466166265303 -0.540832085960638 0.424995378838253 0.304959473949653 -0.5113631418896 0.197709556520987 1 372.213845720438
"1" 2.82885858291446 2.7847004097505 2.50263434326369 3.99009316476273 5.32355473157194 9.80939473443119 -0.0919073164351625 -0.562080217406989 -0.418501018870406 0.0686020616654287 0.35899569644249 -0.722470230375406 0.203187130794316 0.484962001896391 -0.373015524644994 -0.146118506774441 1 488.965381734372
"1" 3.0312570783615 2.87548621418013 3.53144470474261 2.92257910209674 6.55978993442929 9.33513299085025 -0.2385348445985 -0.599669368821831 0.832826793260147 0.601995418634918 0.302309176551322 -0.505660243128957 -0.926846072004184 0.382550623705921 0.405930851261452 1.31329379548385 1 503.004255779672
"1" 2.95174690466973 2.64947207475228 2.54512233017175 4.32546664681831 4.97505284230477 9.55061541562286 -0.122078639550225 -0.587982930344681 -0.298019444062112 0.591856523784422 0.322748478333861 -0.574610105477798 0.281089891445794 0.340292813082427 -0.399552576373765 0.172150969451178 1 495.200570459197
"1" 2.95799164570985 2.63749521422832 2.42127010987037 3.89471910860386 5.0497989201865 10.0843571140584 0.0077947662402168 -0.500541046401535 -0.362828399240932 -0.192273470987004 0.133525630879931 -0.580571091568332 0.39008297284015 0.337371218156719 -0.483983959107099 0.195894173621707 1 444.559606156421
"1" 2.93525338477792 2.56174783186393 2.30348866205821 4.00442701086994 4.65257413967312 9.94606706768493 0.0390243544119198 -0.481878936022555 0.192531262776105 -0.0832800012263886 0.140625804522554 -0.527927888797005 0.462110160396392 0.297528264819129 -0.538763501005255 0.156785194251852 1 413.190288320477
"1" 3.03717310932784 2.55755272590404 2.34130871880598 3.97167211547973 5.04201167461828 10.0451436699182 -0.000275327884649252 -0.509267397845959 -0.293840137941375 -0.184888237480333 0.151899098672303 -0.595237820539997 0.370859526400935 0.349422400161614 -0.467226342653319 0.185991619295894 1 463.061060886006
"1" 3.02862255183252 2.57242152222864 2.4231169418089 3.86929194396498 5.00159994136005 10.0281945461816 0.00295221858263739 -0.505097548114169 -0.288324370678051 -0.0613513817324159 0.136872984769753 -0.580731639891592 0.378230585414474 0.338157660494241 -0.474794777043885 0.209366455570554 1 501.931097023345
"1" 2.87214195607385 2.74120192120282 2.53704117771522 3.92246019493846 5.01946534462845 10.019578516878 -0.00231769457724619 -0.504542505812241 -0.360627223330842 -0.152833363338766 0.142830277748155 -0.577822229801919 0.386030835553824 0.339134550786986 -0.483321634027076 0.19183325124005 1 507.411774424411
"1" 3.21940923518692 2.43636283830353 2.46220376431982 4.04481240860054 5.02194680391263 9.66965486774596 0.245175295013968 -0.362067849173748 -0.179937475265952 -0.580611061749623 0.106216115199331 -0.947932510456087 0.284323856730144 0.60795562400385 -0.554505440452711 -0.35097864707146 1 492.820050122249
"1" 3.10082019855772 2.49043080694616 2.2478102370606 4.0455738830387 5.09482773510334 9.99147826226954 -0.0147685888146787 -0.523320749065884 -0.314283045829117 -0.145737272323034 0.183850002440267 -0.61993319394512 0.329582347682576 0.371227447202422 -0.437038359172721 0.174396684728463 1 467.392903726366
"1" 2.98164343459886 2.62125107510104 2.60952608691211 3.89585936427771 5.00940984445019 10.026301981098 -0.0155343165023377 -0.512499252011537 -0.4002816485664 -0.0528118568050833 0.158587795723007 -0.557157980051739 0.392921661992612 0.317933433117001 -0.48539463696644 0.203702473602958 1 487.038626727722
"1" 2.67559381029024 2.84792999173892 2.68791589963566 4.18515108245954 5.00086692748029 9.87236535636758 -0.16551427585348 -0.595986050746511 -0.326440733033721 -0.100711778843653 0.418413211110484 -0.591947186262778 0.20578553887195 0.363605308570828 -0.347403579956511 0.131121987725305 1 439.569953943692
"1" 2.96529044396695 2.67307151355779 3.03411087211517 4.18260138900688 5.3209772665159 9.92956291093933 -0.0838652728698111 -0.549467664027549 -0.868934239886877 -0.243438479700894 0.238902193849669 -0.528269139390776 0.372716763801535 0.291967780680416 -0.468704191244016 0.203569290177095 1 494.909080359517
"1" 3.18108017046699 2.45503551794666 2.53556746641149 4.33097657698784 5.19204318834854 9.95687877814712 -0.0408783508988284 -0.539051821552097 -0.617819498740253 -0.326931285177766 0.192037511448183 -0.579911374700073 0.336280240105788 0.334172587262592 -0.435204295091437 0.229135543229462 1 535.468794999164
"1" 2.92247459370281 2.68899288171184 2.85608477930529 4.04734441561564 5.0874418601906 10.0157796060244 -0.0551926931112574 -0.528686589285441 -0.591655733932336 -0.331198705193134 0.200590890824945 -0.516828015212853 0.39747881374151 0.28341708971237 -0.488863017127837 0.218862351990364 1 475.483539958611
"1" 3.34962359469012 2.72816009924219 3.24246502085433 4.50249958039885 6.36842329584753 9.73395385457134 0.667764196619718 -0.214981073765988 1.21810134410893 0.495203035105122 -0.114932664304324 -0.825346313679267 1.00240435870328 0.709179447614811 -0.928070957213266 -1.27745027055354 1 499.801542856323
"1" 2.96212263664493 2.6486408235518 2.4300545184065 3.90561049941795 4.9642060433412 10.0492375531463 -0.0184324780526053 -0.515634313107758 -0.244260408402078 -0.130735162009486 0.161679366576649 -0.563792367440342 0.384493167104839 0.321660275009552 -0.47853290152391 0.205155740669949 1 531.757179181763
"1" 2.36538538179525 2.18781653710751 2.63647750557055 4.33632514635817 5.32457602152894 9.79889825344644 0.124069852542221 -0.374414936081507 -0.0415430450504229 0.241185302925991 0.441598917747874 -0.208628342721676 0.57002055154268 0.151968463873081 -0.625716465350151 -0.49615223037456 1 422.189342470277
