"1" 2.91211315112297 0.362497147227306 -0.159851716720935 0.520234844096409 1.08879529713513 2.65646247891694 5.16119319321192 5.02383790803475 7.1244227669252 1 -806.475337726121
"1" 15.7724048652218 15.0158526992778 2.43844333706476 3.70415130266584 4.97585037221105 9.63461510471511 -5.21237577692186 -3.01453928332717 5.82325537804696 0 544.294661401121
"1" 2.34705021530817 1.00264064572795 2.35263578854403 4.06058859998693 5.34896262403909 9.77527489050854 4.02857297801265 3.0414474918739 5.11405824403704 1 295.615467093909
"1" 17.2656629792531 16.5557042266856 3.33298844526082 5.33230711031794 6.46684399168827 12.8991291330237 -4.51207205895592 -2.33611448398484 4.4954538796425 0 466.865751823942
"1" 2.70235866388691 1.26165003782144 0.504036847454046 0.132504665695331 1.41978407432987 5.43422689294024 4.72392891559303 4.63005084670005 5.15024253123861 1 -139.853327831332
"1" 2.7510224626241 0.21100010777888 2.25395894194778 4.00321941770523 4.78098960533484 9.93340452570634 3.94199312361333 5.72373083162858 4.89357763947436 1 187.445920622632
"1" 2.63576902894251 1.21694457267076 0.923809596554597 3.28794079410999 1.97782450227982 9.20670808979968 4.44486081277183 4.2664131907466 3.70105632418544 1 47.924707572259
"1" 2.63997800281912 1.41716169350629 2.51717955295274 2.98572908998906 4.17322517324564 9.54281877805929 4.19141541926236 4.30941481891796 5.78999443927334 1 181.342078594697
"1" 2.69030556452747 0.538697579894687 1.95024596171238 4.14999828527131 4.67375210144817 9.68711208573612 4.17595715483825 3.1691843438023 3.29056804346279 1 254.443787190416
"1" 16.5578905920575 16.3041256465769 2.66763050335111 3.67911300636898 5.49778019573725 9.51802003213593 -3.32942139734733 -1.850959321049 -1.07789351040232 0 541.689225226719
"1" 2.27312951856665 1.99142561872214 1.40158799295345 0.452081158517365 1.75780308079869 3.25602754453472 4.44222768754622 4.59719966820046 9.76609174770805 1 -26.7511240994222
"1" 11.5801031882206 11.5067533256724 2.09043169770257 3.17080981009396 4.45362117056302 8.18849051687373 -4.05846880403291 -3.01941337153726 9.25054251868444 1 505.332147293643
"1" 2.7242905159304 1.26760294657178 0.734859993001107 1.23474744407113 1.41611016044813 5.50270311776651 4.56738972447376 4.74222711125497 3.97240167200893 1 2.73887148123254
"1" 3.52356406489575 2.92374325236495 2.46564614882066 3.83997035388178 4.92205498649831 9.2235230261839 1.85358761460121 1.80172763433889 11.9809115775122 1 471.326046984031
"1" 2.45998452841215 1.62500547277787 2.11080486424529 3.09071394690667 3.66730323848241 8.50336497594563 4.08361179395176 4.21600182231794 7.2747514038515 1 240.216942390953
"1" 2.51633734563437 0.17649546329516 0.0962925408823339 3.24805786066726 1.31138510411786 9.69315077152255 4.73942890201758 4.27864875041778 3.80805757245433 1 -17.3896638923954
"1" 2.55316667018022 0.961671744872813 3.05403720023927 3.97011389298414 5.89503828357629 9.71464123643764 3.86873743461593 4.25721533236907 7.6214079250219 1 275.920669770915
"1" 2.61675229314778 0.583365159369124 0.352207793470002 1.87552264171658 1.44572995249916 5.78082510272219 4.70024185415619 4.25522484946926 6.47525859920529 1 -28.5288603326449
"1" 9.85676445262345 9.40517926197042 2.70485870208516 3.34531377590143 5.33174837075111 8.03124084386637 -2.72049709359586 -2.81137142313993 9.07613158632084 1 494.799929852911
"1" 2.97667016892562 0.243280568841887 0.335233880072743 4.02072050670529 1.34559288599447 10.7281010398404 4.81223184585304 4.89215232245671 6.86225011022776 1 5.08921781510003
"1" 16.4449851615006 15.8838785292031 2.50695482338076 3.55488440704326 5.25887774079691 8.80249374457745 -1.3786301805702 -4.30894861556463 4.38503100420421 0 497.751351060466
"1" 2.41866549174392 1.87709533298456 3.64491043500539 3.41202840069243 5.8060874374367 10.197940151834 4.06567079728998 4.14919338611301 4.41679484055886 1 218.461538929244
"1" 2.31058482558846 2.71303245681928 2.5992307729276 4.10445781993609 4.97505828149543 10.3527725556567 4.25778100680355 4.07380017535548 3.80689337872697 1 272.616427357166
"1" 9.59729657746043 9.08602894326397 2.34931927394374 3.82712383604168 4.55505953444326 9.36207325284711 -2.02857061748823 -1.93050812301642 8.87698671239411 1 490.576036776672
"1" 2.29640128001272 1.65173581834752 1.83035874375639 3.81674453534757 3.82042453256289 9.76087263243891 4.13179999693539 3.84018574206176 2.44298234886771 1 231.660739186257
"1" 15.6365459658797 15.0698202024217 2.58716867101739 5.1364937376481 5.05274778220558 12.5844637778071 -2.78686741394744 -1.43113191017183 -0.664724896575976 0 483.318177389306
"1" 2.52081508874771 1.52484770072638 2.37314241247886 3.61080824028323 4.24965619406745 10.0474931026377 4.0429955427739 4.20538646078637 9.57425425005185 1 243.877508433088
"1" 16.4108806744435 15.6742065102207 2.78250526494974 4.98310533066699 5.70693614269129 12.5686196431264 -3.08467098923012 -1.94772154954985 -0.965601640385073 0 495.766645589094
"1" 1.98984120040176 1.71556587372424 2.17033024122069 3.90116150812975 4.39661482597733 9.82237052965608 4.08559861528819 3.45431035180917 5.09667830839664 1 266.377092016354
"1" 32.1183999791901 31.7590023265039 2.59708109787412 4.59518589352149 5.22628234940254 10.7460855820215 -8.12481520747021 -7.44538988521264 13.7854366491092 1 522.911463221383
"1" 2.66262917348379 1.77828816662896 0.114356626338916 -0.111774512527487 1.14061275496777 1.90015011469182 5.04375047260281 4.96296897331485 6.00524672766223 1 -813.169478850873
"1" 2.6415827541805 1.35065242236441 0.375748330081745 0.62059093284983 1.30049648338778 3.16865452553222 4.77659456973607 4.55647154131953 4.60819420364853 1 -177.239135044912
"1" 13.1372267055705 12.9533522937617 2.32723714899276 4.34071642120499 4.78348456685179 11.440520519804 -3.5290163438897 -3.29712634419891 9.79117615900183 1 479.073036340641
"1" 15.521114527055 15.0090908584344 2.74743876571745 5.15081282014716 5.7228382836424 13.1502556151949 0.63705380363993 -0.0919719757287886 1.70263415980359 0 462.571427587071
"1" 2.77873428272321 1.80198154107141 2.20659971932719 5.07871107841272 4.44671680404175 12.4386987720166 4.16481453309283 4.29004434031317 2.5948943334797 1 277.43281523105
"1" 3.06046074847535 0.5447867092945 2.43262190879627 4.54182084920178 4.5549749827882 11.0560323245988 4.16078324483031 4.719931560004 3.25462341898065 1 287.227140032091
"1" 2.97864665405161 0.269600402578387 -0.138564539732513 0.488778652005283 1.14694109450969 1.54360268210434 5.13743348776461 5.21696683655875 2.33368978290851 1 -286.136018225132
"1" 2.40956733958137 1.24002799296248 0.394022030182303 2.44810137880344 1.24890662318057 6.55981276648507 4.48544955859729 4.38094084604734 10.2504735875864 1 117.954967326078
"1" 2.80387058310081 0.185983601347406 -0.0490035715553544 2.76572601577987 1.0977208167852 7.44040154737047 4.99655510556668 4.81514434720261 5.63236136630411 1 -236.11759833698
"1" 2.84336246216413 -0.0427159317827881 0.583822618549 3.27707128562253 2.32284131560001 8.07040341020843 4.47423376644244 6.07153945608112 2.39703875156392 1 30.919105768141
"1" 17.0825950360826 16.9103457481239 2.94666335018545 4.2284825005987 5.64365334437867 11.2490104169375 -4.83692939589831 -2.13177694518497 3.49478196639505 0 598.25773000638
"1" 1.81135361201725 2.14470119658662 3.60253442327639 4.24849122962129 6.1652203760525 10.644814886646 3.89056411003358 3.53052662528602 5.57708125683392 1 290.67086371715
"1" 2.3568610875276 1.58468832616376 0.924771560246191 2.56917048850225 1.50738698141295 6.7116689489295 4.40486002678684 4.19419345540617 4.1469359523228 1 132.31261780513
"1" 1.07864259428187 0.803989426270112 2.54705808689417 4.49230472952705 5.30423142166344 11.1724592470854 1.38747736445184 1.16324862613455 10.3024193865494 1 454.334778388695
"1" 5.16264828602469 4.8387232972043 2.26293454734382 5.57278726125071 4.99669805886119 13.3678635281855 6.14127133387222 6.06841117192197 8.59372139174978 1 415.861181329881
"1" 2.89242357546656 0.207367739307392 0.0754808664953646 2.2068414636291 1.2021883592798 6.21463472233148 4.95666584028826 4.81902918350134 7.76207067808844 1 -211.774927479228
"1" 2.76104850501325 0.143626527715973 1.82158405711926 3.82747807697013 4.78061026682861 9.71414058895702 4.33334906609821 2.56007807234285 2.92846252071504 1 225.914225096819
"1" 16.0080683392012 15.613667065584 2.33560308955002 4.65438630666123 4.87360551412747 11.2059461569066 -4.32117078068161 -2.96524387406445 7.98188007408204 1 491.450998060001
"1" 13.1423399780331 12.5956341463091 2.23101722975177 3.87044292591021 4.64691582024906 9.43009942673462 -3.13624894956352 -2.38416729629849 7.76524830385726 1 491.245582234731
"1" 2.17121524109747 1.49813391817273 1.08863102922722 2.91313866145569 1.69863315314131 7.8330251022266 4.42869305269516 3.96132132870205 7.61658823688899 1 194.80048099413
"1" 14.9828218197956 14.5724827389896 2.2018837223864 3.96090489184099 4.82395800742222 10.1137988218484 -3.40240312405896 -3.52871989219617 8.73082494981805 1 531.714408724431
"1" 9.86180504143616 9.41227368831083 2.41989177755677 3.14671421639952 4.86718780994657 7.94654204771432 -2.96093332785312 -1.62016082673258 7.52862957180603 1 490.818861215235
"1" 2.84636272908628 1.32961817227288 1.76720742911789 5.08297556667167 3.2424497278648 12.6592759746791 4.15952372500278 4.36212934215905 2.90218474133182 1 192.583879350942
"1" 3.21148747883864 0.862797578202942 2.47084689398372 3.73223066726323 5.97060536259802 10.108510122576 4.17105812674413 4.9014411094044 6.88842017954096 1 303.212510028812
"1" 15.1263641113249 14.9190630927316 2.57138077112657 3.74236954831335 4.92017860027114 9.58804627771742 -4.74108562840049 -1.49507903507274 5.7652023582959 0 487.570825641354
"1" 2.53619719224149 1.81306379737821 2.92830190229034 3.60889625884541 4.52462503850257 9.85490464768852 4.13789927550001 4.22259604821234 4.5053373284821 1 160.50786964836
"1" 2.54617784476457 2.13021564086403 -0.231250876774611 0.150699455851858 0.854779756601615 1.65049965681277 5.16386705244256 5.19475466971701 2.70835305399702 1 -692.667400386179
"1" 17.3057592224035 17.4658613692002 2.80539486310672 4.21238151408904 5.62194345652617 9.91469356091656 -4.29397926958883 -1.80480613865844 -1.66498159818214 0 568.801180555623
"1" 14.35843668309 13.5779958320462 2.35009164660456 3.94371167494646 4.87935820552154 9.64332344241378 -1.28689262501908 -4.57609575089245 4.7348747331428 0 509.058245141886
"1" 2.71266251721331 2.53225290594067 3.21079460668857 3.84384115375031 6.52706417689315 9.78056938002065 4.06350088824676 3.88343916428774 2.65866390922174 1 362.322441113508
"1" 24.6241013226309 24.4230624539998 3.16248597591965 4.49552188487474 5.66318742984877 11.0134203900246 -1.98635008241735 -6.14667413877633 0.253893320192863 0 508.764562366273
"1" 15.9916317064408 15.4466029979604 2.65726048570248 4.91860331842733 4.77786805586072 12.2232276366388 -2.10598572718164 -1.01733102614037 0.647245277127636 0 475.013900606747
"1" 11.3413034854886 11.0706614847053 2.79441517849566 3.97094195781186 5.20164529725297 9.50883366424564 -2.0329290898111 -2.01091227172975 9.23432647583487 1 487.122700815505
"1" 11.55509477469 10.8915205250562 2.8313565438729 3.25281190674815 5.3743143597043 8.53397690301652 -0.863127201936175 -2.48214651984479 6.36083722953972 1 479.831691670434
"1" 2.87017871288135 1.09969329686658 0.0921379070030406 0.0224848003720969 1.17169546287303 2.34691304756734 4.99870829441248 5.09564284773419 2.97270803917381 1 -666.097950924876
"1" 17.6145272639972 16.9303870335259 2.58482464452096 4.56874054544666 4.96526249471888 11.2260705699802 -3.58303656805388 -1.18972193823429 -1.64344367048751 0 503.324371801386
"1" 2.15489869606555 1.56904033266202 1.73594276907553 0.332520398628777 2.34226643914973 3.71385843067495 4.31386685695186 4.55538611563915 10.8006389454166 1 154.834667786543
"1" 2.67666066768724 1.17000483632353 0.894192450421592 1.88385928789049 1.67213156556747 6.63211639452279 4.49500791290429 4.51186140634803 9.94115265477899 1 69.8818570224571
"1" 2.98358801867698 -0.0811897819881468 -0.0846951161041096 0.424716747282784 1.16732682172015 2.97382772553898 5.11873783054018 5.25337873516954 1.45990035297031 1 -954.385027254602
"1" 17.5093546619065 17.2569457333537 2.32702983606102 4.4465381925755 5.08836958435266 10.5931391503879 -4.49709181255658 -3.19722107542552 8.03528594617786 1 527.178327537195
"1" 0.591644952528679 0.180450832476944 3.13869131378751 5.131887891129 5.53233088812209 12.0991672027071 2.22570763261948 2.3463308178602 11.2941330467995 1 432.010266054299
"1" 16.4865515666275 16.0179130120517 2.84685715462863 3.59290811196533 5.18689297407941 9.69117914799452 -3.44778161521023 -3.45235084094284 9.48648491083057 1 530.878613787093
"1" 11.0106353220986 10.4844266429444 3.05853730473241 3.3656160045189 5.57157366771615 8.58467367058411 -3.60060039552759 -1.84425803103797 7.1662875214297 1 483.777744887041
"1" 1.93851391299858 2.34699305368485 2.86448572316089 3.28347529872815 4.64009359318036 9.09294743119689 4.13018773039728 3.77367029053673 7.11009828998622 1 302.465728180543
"1" 2.50468934527079 0.683960319160185 1.79789990504698 4.94977444631806 4.64337828996054 11.882500194604 4.25517569689592 3.13090662306068 3.50629554375633 1 267.00830661551
"1" 2.8817220105797 0.363715514728245 2.09985047343464 5.13269176217024 5.47053509625997 12.5604094212676 4.32210510244575 2.66140156373762 2.70670530430676 1 207.581725985441
"1" 11.9175782530484 11.2820081293759 2.52101532730151 3.64572054983632 5.28774759257175 9.58819504135326 -3.43474123187219 -2.04055883708558 6.89654452811625 0 498.202512742531
"1" 17.660764164056 17.2085454703182 2.34423999157273 3.47398238808609 4.71178398108362 8.25356552278809 -4.91617812081179 -1.27211149876126 0.305717545310922 0 538.668159976598
"1" 2.34055939668591 2.00680902314046 2.66930216299609 3.88959763200112 4.42124171156476 9.79968049610598 4.09693686882613 3.99335016894197 3.98693982316299 1 212.836155710749
"1" 2.42916204213755 1.7466465822886 2.83977634145765 3.73915979129745 4.65087343676559 9.96494479929789 3.98715448843499 4.13493702067845 4.52222830737372 1 216.422224459683
"1" 1.59023693654002 1.77303600599328 2.91082022747726 3.72913106233915 5.23406043849742 9.85772153006529 3.99148596920659 3.34688620036336 4.85457429249632 1 302.609249498855
"1" 2.49750365795572 1.84728326785996 3.44566812764282 3.26315879484509 5.3809897195446 9.44182835703404 4.09320201640971 4.16406952683293 4.34612033265218 1 229.585779498097
"1" 2.89872089702772 0.799954285282569 2.14425157004298 3.94735611506095 5.33088867858732 9.44992835387009 4.53283062592826 2.67011194790285 4.14024390471577 1 267.957652065758
"1" 2.15700763021107 1.56438586923474 3.01961944968531 4.42096114404018 5.18659991908236 11.0900747897045 3.95720499196439 3.61646943405907 4.16290481337545 1 268.806180763182
"1" 1.20303074773166 2.45633945259257 2.57976959048661 4.30517833881919 5.275486132965 9.92639773643806 4.46283271952247 3.48570393362452 3.10101570961939 1 220.793261703378
"1" 2.17548890855603 1.51295285101147 2.47343088037233 4.88177215591445 4.81331468407366 12.3785708313888 3.93295630802747 3.56679530839425 3.90805361511941 1 210.733351223847
"1" 16.8896187230717 16.3468971709198 2.2085323436436 4.59810326833352 4.7522110326582 10.4534578270059 -5.61320396869727 -1.55884243832187 4.14624779446863 0 507.632905236747
"1" 2.91500616266952 0.682040642740332 2.03865389505341 4.37315064185495 3.90304775204132 10.9735465588843 4.14715746653636 4.41613903454407 1.26023498909032 1 258.150143237342
"1" 2.33041497338196 1.78976367278607 2.34144587621044 3.56384696953008 4.51397003715411 8.961432690583 4.07871383371323 3.85443279961729 2.2881088376018 1 256.045388222063
"1" 1.87454859690618 1.61064539990294 2.89939107710277 4.72392880386668 5.78703189211245 11.7335491719254 1.36462798567318 0.871934135303187 14.8165461347457 1 448.724770268903
"1" 10.0546232297648 9.54135885999794 2.40157019574454 3.96419956142285 5.20426677625786 9.68882556218587 -2.68311598032358 -2.77403185060193 10.159613477438 1 488.21204371564
"1" 2.60831277540801 1.58375060367126 0.955446333804284 1.30314400120083 1.65673237239464 6.30690871257763 4.57424405401998 4.48368358246089 4.65388697472618 1 -14.7298740843169
"1" 17.5668956784156 17.0809885442971 2.91714171805421 4.41636964423294 5.4675992573845 11.134949115669 -5.39845706285987 -1.16435808822465 0.978214542031307 0 507.011963358587
"1" 12.5113933269848 11.9672971639836 2.63000141740927 4.90499359877863 5.4218880999122 11.5856626234017 -1.98583261058549 -0.664630445599104 5.97019916509002 0 469.775779485157
"1" 10.103582368986 10.1193675652637 2.44178168494698 4.04706889306032 4.59637755550266 10.217072930066 -2.37520587753133 -2.44442397754554 12.1551310660272 1 477.018419912331
"1" 16.3096614181186 15.802984013505 2.7254215061215 3.54614890948888 5.35232928157639 8.55795512689093 -3.79396782663545 -1.22160412887451 -0.461957161316794 0 502.771103409488
"1" 6.98273826513441 6.65812977195416 3.13239251586012 3.61148105267676 6.76494995340569 9.15393150921867 -1.89396184980329 -1.89945071379123 9.16563352847191 1 472.096265822182
"1" 2.52989068361413 0.29948487176191 0.121350551105098 2.77125286680853 1.29612264579364 8.53720470436455 4.78379400145486 4.44756162441843 1.39764791781703 1 -224.983475449248
"1" 3.88939127103186 3.73651308780154 2.86434827164872 3.8053535680957 4.98974300546275 9.50415337887174 5.05056790145337 4.86442101699805 7.61006592735365 1 399.765703884654
"1" 1.87616443715362 2.61870792899912 1.77276788792281 0.641963413208535 1.86495153872111 3.07927435305642 4.74854267664699 4.43752970282317 6.13278173854061 1 62.7271313959668
