"1" 2.19460162751658 2.3104865131672 4.28581771485766 2.99693602811019 8.35149130891775 7.96500767236854 0.6493993136589 -4.35637012207684 7.09292076741162 0 465.435255212008
"1" 3.09421401587796 2.59157312749722 2.26761476774719 3.04129340489007 4.94084576493509 7.95812976733512 -0.295078832591926 -1.42723945431717 7.70226131150591 1 491.561737841268
"1" 2.60648644549702 2.00064154450623 3.1409924596967 3.51664164690196 5.95217195476233 8.93967273873622 0.533955651317021 -0.806362383213339 0.339036175828723 0 479.776953052457
"1" 2.75251917047119 2.19994331787905 1.96536815849793 3.56748432321028 3.58191886535049 8.80642516317366 -5.15522367709221 0.250732883758718 5.61834220390281 0 491.960312760121
"1" 2.89556498755008 2.91138672456601 3.44473669724887 4.09913864867663 7.40967665482809 8.7752355562379 1.54669614913727 1.21440835035749 -4.66845176115225 1 469.909952879555
"1" 8.4830973442574 7.91920896610851 3.14574943302264 3.05440521984489 5.99668010970826 7.57711521870232 -0.0337373504802982 -0.630084184727533 -10.2378031337304 1 500.011936739725
"1" 2.76751046861665 2.6466867529265 3.82946955699746 4.31527916194168 8.01353866773357 9.03768848958734 1.37392694485446 1.47416309150633 -4.17754852799055 1 459.283776506418
"1" 2.0091601588866 1.59664524419932 2.48059410626813 4.04788091300464 5.54224738194771 9.59599788037054 -0.294470466023383 -0.0405997418013154 8.217705052393 1 474.420617350166
"1" 12.5562496536006 11.8075085123387 2.87719525831661 3.80999041949517 5.53046150462267 9.13600919943067 0.264734141671163 -1.36183813712125 8.56346589211949 1 550.91202586813
"1" 1.86019507632543 1.46028814939925 3.27081515115202 3.02881058989163 6.67091490580096 8.38610505205742 0.266417983529711 -0.2779835870558 7.80769293882388 1 467.293759890819
"1" 3.63972401340954 3.13757718671426 3.4426723547052 4.16257844022804 7.07745448070878 9.04860075915467 1.19120967008265 0.462707623904313 -2.81246897338227 1 490.952695754091
"1" 1.83453791341302 1.04198648473419 2.18895786270328 3.5272508282626 4.33254124755531 9.38809405207719 -37.5390720874209 -14.7945183580246 -5.39907408309857 1 445.850124608631
"1" 7.12111980115338 6.64995984145077 3.00497348441992 4.25733785366919 5.49071203885333 9.9448292159151 -0.412807102635567 -0.274721103077195 -8.74206547490004 1 495.243789876744
"1" 3.82330489067085 3.52731662802949 2.99107099203018 3.6091715399035 5.88522965644765 8.3924640877133 -0.836526580085627 -0.387954533220188 7.57744500256212 1 488.742183663693
"1" 8.7453757158675 8.34700508386343 2.65304947447809 4.16238597662417 5.2966714831828 10.3788421182946 -0.851138137222707 -0.126350367877867 8.58465467651398 1 520.086592882711
"1" 1.60370687653623 1.37841244111186 2.87943944865623 5.49051515356846 6.92420038494329 12.9052365608065 1.56124970428664 0.824420140251378 -4.64976142810549 1 427.504289825182
"1" 18.1439768994416 17.5442191507144 2.35341602294177 3.18899308202771 4.83950761279588 8.39674446835584 -0.437434438489474 -0.585583301229043 9.07586752281029 1 551.361637656839
"1" 2.62703904823825 2.35684590673587 3.63256640225361 4.2383801526727 6.26986973539663 10.0593099741446 0.882296139666087 -0.0510687831958569 7.74283928653029 1 489.231949600356
"1" 17.0966124997671 16.6514608202181 2.65379163721156 3.53666496134248 5.03780159239377 9.53047258281653 -0.225226331170969 0.276077791074373 0.944810286673949 0 516.42747477137
"1" 1.27817584396659 0.860855404224489 2.39524323680298 4.87257723959424 4.55535215007657 12.1623814968061 -1.34266664602474 0.269990680706877 7.31933520871399 1 436.067030417797
"1" 1.71914647095781 1.47614427499508 2.40075315580289 3.79643285410623 5.48604038309775 9.15575536571248 -0.0939052503093502 -0.0770183250993961 7.53171474549419 1 470.810368186798
"1" 1.29297060700293 0.706038642477322 3.24687901750276 4.21107958242548 7.81068648094218 9.79150415910738 1.34802845288967 1.10616423811567 -2.29570406922987 1 402.371734767701
"1" 1.36124711662779 0.88510845320137 3.60813445128439 6.45045111308348 8.23559388305931 14.7260012320873 1.06523835661974 0.698847559278417 -4.99074688287953 1 419.151268999313
"1" 1.72715018458034 1.1303261954558 3.81478090181093 2.64752853024923 6.702019150473 6.81754262661683 0.63250559656149 -2.87114213573859 6.67279025888905 0 453.76126055854
"1" 9.89290618403147 9.39863974728897 2.83433021320678 4.21993541995665 5.51028243815304 11.205908013418 0.178941949386364 -0.285859983097636 9.097815846951 1 528.992578580112
"1" 2.47769189259803 2.33235500594618 2.70262337264382 2.88708648754314 5.0719126752058 7.35190339420194 -1.21941610221729 -6.48038363677503 5.66376545068127 0 473.786726631611
"1" 3.28182906068651 3.06207045895356 3.05074248549821 3.38314396986623 6.22341041566869 9.40105750062549 0.52981384137255 -0.515165068307387 -0.577542842942802 0 489.746381845085
"1" 0.524091781622623 0.837614194426401 3.82014607052364 4.74185171272036 8.39951460681738 10.34108769211 1.96731527704428 1.09176179266906 -7.96920793691536 1 431.395316372646
"1" 2.12510240877941 1.58539403155661 3.22977014622579 5.71294624637583 7.8476208373778 14.2700995518006 1.24666762069925 1.03460813709376 -8.21499230667777 1 446.937564008625
"1" 2.74419850704245 2.4178509444493 2.07951545354375 2.91915974881679 4.59352895792527 6.95145916111287 -2.06771624509154 -2.89770959611854 6.93322763400803 1 485.726212871848
"1" 7.77183122923209 7.72180307004633 4.14696278592721 4.94824047241029 10.1162777123879 11.9369185817412 1.3085445209133 1.18516153004598 -2.0137350334114 1 505.340729533623
"1" 4.01024145579189 4.06990350101923 4.36636253922936 4.53031514555228 9.62602837694648 9.96111018325188 1.5983834804961 1.35028763397018 -7.4230396052968 1 475.586732059683
"1" 11.1752237624321 10.8881148362445 3.61531944438722 3.36402920068157 6.59922267582764 8.23598662667974 0.379833230448216 -2.71928097712254 -9.27573789001164 1 515.387733045719
"1" 1.18059379813371 0.465882662690841 2.48421893736887 5.26675240778536 4.99656977784375 12.3306885900906 -0.353456526752829 0.00411747311076609 7.87824839550594 1 426.475856217101
"1" 2.48491016786776 2.27408836886745 3.9463760949696 4.50260451553631 6.96641253242546 11.0622120281965 0.844312701847007 0.256394015210859 1.18801680249605 0 477.950230212844
"1" 1.93944089803962 1.66337469861978 3.56050929052786 5.12824623860541 7.87476346766895 11.2081364531118 1.24518300132005 0.687291652095077 -3.54140823670023 1 443.279431988047
"1" 1.92370794753641 1.26869342282752 2.83309323653388 5.07458127922895 5.52013904200954 11.6650598608424 -0.542129531786644 -0.446414554800481 7.93112141461612 1 451.987490424002
"1" 2.26527633527206 2.05533592521419 2.79769233517996 3.32740780782296 5.38294203155198 8.35480117020572 -0.0900805409033568 -0.88712821130758 -7.56226389036221 1 473.540137225712
"1" 5.65443622954704 5.39337665702436 3.54263036694083 4.42168389397246 7.82631457162721 9.82308583785817 1.13890755164946 0.443383894509867 -4.67488396929586 1 532.10802329599
"1" 1.28569138191411 1.28204058074933 3.28276864215084 5.3754087703472 7.55709196331117 12.1002880252616 1.6968009035896 1.00710012550265 -8.26268365259158 1 422.039332890888
"1" 0.914144977645372 0.400362493664601 1.72456374715414 3.08641808612196 3.40439970304566 7.80454504211196 -10.4846167573531 -1.90350847508403 2.36134168693308 0 420.217429242115
"1" 19.0116760874026 18.7563836229522 3.31464872836884 3.22926575336812 6.24296145008187 9.02175247404727 0.513994112965033 -0.724294930094582 0.316028491331474 0 539.339090960521
"1" 9.92438638837025 9.51412437140632 2.70576308930026 3.76621894131212 5.44106297613204 9.59919763132824 0.107960170694309 -0.522938711591096 -9.03322959604361 1 530.673740878613
"1" 3.31478541918464 2.74627854957149 2.10340898388435 3.90353869873906 4.53937605506407 9.50104933731568 -1.13045487595081 -0.0349973930328161 7.46947949114271 1 493.082492653855
"1" 28.9741978038679 28.8024802660587 4.24783868837763 4.80545500370541 7.51804242329171 12.5275016726958 1.39193394001629 0.343364031387716 2.04190023157185 0 526.259183592104
"1" 0.937041754453925 0.609766185312617 3.15939247219454 5.83238051073994 6.96299482641091 14.0183239458142 0.875511941662666 0.758158357871177 -12.772655338592 1 409.714088682476
"1" 1.66576562288254 1.41063956784954 2.58535108922514 3.49785589288332 5.50556875457808 9.59214742857173 -0.45813195249837 -0.175980505787889 7.17687915732229 1 461.246968316336
"1" 3.82027750783937 3.3382441343366 3.78053319052702 2.9429564301334 6.99169399609937 7.40796506670411 0.482940309079867 -0.79252343482863 -7.69193286203246 1 489.152425340701
"1" 19.9016346221309 19.3868599907948 2.6319789110676 3.28431999794716 5.42610399041534 8.19060921832016 0.39196470687562 -0.78431385149439 -8.31860256887784 1 566.713561262529
"1" 1.31580831039183 0.890685800148397 3.24564462955524 5.13899095946894 7.18194387364665 11.2104569906396 1.26156975935969 0.815584263047649 -4.5493738845975 1 429.203982569936
"1" 2.29733109766361 2.10092768085616 3.45661351228768 3.82829087881527 7.22934944198212 9.64285966908637 0.0108601214199219 -0.191062605327563 7.72953405378216 1 473.915032606491
"1" 3.22593685290025 3.05118328131413 3.20493161209041 4.58508406608069 6.75985686496651 9.77831335682095 1.37870983217712 1.10493736039189 -2.08716553963989 1 489.613480540354
"1" 2.60743503645455 1.83385089119913 2.06955107214591 3.20249982498204 4.3671944797358 8.68390311159261 -1.62491889694399 -1.27690553983157 -7.14907364811755 0 477.023477342455
"1" 3.73755421006352 3.34493445351789 3.4920914563138 3.88392380643827 7.77186781743554 8.71543841767628 1.26994730080858 0.604248069642819 -2.58603581260985 1 488.710216336137
"1" 2.59215595284076 2.25412704816564 4.62810150397683 4.44139119098567 8.2741512505826 11.3238531550064 1.00071356233974 0.368076899835804 7.83220109632871 1 473.353272546287
"1" 2.268254982595 1.74667713273336 1.61623850991966 2.80125529050872 3.64181079011776 7.75589063222162 -2.4159439692939 -1.26233944304786 6.89641586744174 1 481.34411313385
"1" 18.022418063979 17.8559674223384 2.5953935655421 3.38785075606415 5.58280371244935 8.3932082362008 -0.0867709870187348 -0.428396765585112 0.150418881904382 0 540.065312867116
"1" 11.0695990810433 10.3059885485228 2.3963422082967 3.27022268823609 4.58864707214102 8.64285622351251 -2.84125068428239 -1.20440025143303 -7.81846449006214 1 536.523208173776
"1" 4.66566222214646 4.49435816053119 3.87563740434361 4.61203401558279 8.592530186478 10.2796075693833 1.07921853127864 0.498884972372808 -3.04502153866631 1 525.376761165217
"1" 1.23514081019757 0.652560176639373 3.92136396741816 4.68225708533276 7.02845722144122 10.5853523260959 0.053295419869012 -0.286653477033994 7.53359317158905 1 420.611912492633
"1" 2.16477556826069 1.47515802093762 1.99185952559492 2.84018940094735 3.71667510656283 7.22340771866949 -3.27357935169908 -1.20772459641097 -8.43262791662836 1 472.705159769095
"1" 9.74955709374857 9.34318919652256 3.10587902247514 2.71438555362901 6.29300124770285 7.66042499661006 0.516096021490091 -2.38379915899133 -9.12207502598841 1 499.184111250864
"1" 13.6363273568036 13.3081879130335 4.32580495044202 4.30133463103441 7.31703339358601 11.5276107383191 1.20511246644413 0.15320501730658 9.85332746668292 1 512.574620334746
"1" 0.860412426100526 0.808937088343517 2.6163743441954 3.8556129371986 5.04144351322731 8.80662787565497 -2.07113118020383 -2.01092133446118 7.46981911457195 0 414.581718204677
"1" 2.09193874805173 1.53582662379265 2.13519279252667 2.87746553094716 3.89955452795048 7.24090207753962 -8.34208922371675 -11.4288927135853 -9.67917768274993 1 464.961379157723
"1" 2.19972158721851 1.54927064386034 2.46414186493821 4.4370519634394 5.7751677226338 10.6268201785067 -0.251600202165396 0.180192752863159 7.64734964187566 1 476.300393685518
"1" 1.43261860911232 1.1225068556011 4.46677495871431 4.77937890965109 7.86334593335809 12.6548418563317 1.11241648070662 0.332300539844414 7.96734429333706 1 443.034784795208
"1" 7.23149716453867 6.94107654884421 3.20725876254983 5.11010920079028 7.73447817094824 11.9580391196812 1.38357800368435 0.955445979805236 -5.16800056769069 1 543.973204113012
"1" 2.3569469279418 1.6964940721014 3.40341674302049 4.2801382315237 6.03662922707484 10.4774896202618 0.525245361470446 0.0601613834509074 1.5166113165506 0 477.026863040688
"1" 3.00924652724334 2.84309790310499 3.39010676874703 5.04121544422667 7.37675427131572 10.9387059139338 1.28725655857544 0.922861632987584 -4.98337067753387 1 458.375377157748
"1" 3.27913787253753 2.90243525178819 2.9415822070047 4.52523881648835 7.32400802660444 10.8865134280325 1.21100349947894 1.04426034511123 -6.26084464909029 1 475.100978439328
"1" 1.51054211289343 1.14839940397601 2.83636531341255 3.78444744285376 5.84253246833243 9.59812255187085 0.222390866982573 -0.234187874343373 7.80448285066881 1 456.032375668551
"1" 1.01960524825286 0.658911109905596 3.51547504309854 5.28685185842197 7.14618331479066 10.7394061498946 1.15302996232176 1.01520543835605 -3.46595141576131 1 378.813456118368
"1" 2.61110240458237 2.09343175011306 2.24349865630922 3.0203087036224 4.36220477244553 8.23839856980122 -0.873069385643059 -0.716693730992601 -0.0464909676313056 0 484.801448018565
"1" 2.11957867660677 1.722886262338 2.14685685305225 3.49397241500169 4.02415322561593 9.07648705438542 -1.90266099821032 -1.20713834327659 7.60350629482214 1 468.061233589362
"1" 11.8814566423222 11.402341703033 2.28808969016394 3.42938546274385 4.77154956041696 8.93315550952337 -0.296460472816008 -2.10934364516831 -8.00967561336052 1 501.798510308224
"1" 2.30639785260689 1.89305437837392 2.78366501473988 4.77463892151771 5.87477482589586 12.1095909123599 0.55341319331457 -0.796484165991709 -7.83306119355482 1 461.681933375686
"1" 3.00029018660114 3.192941776899 3.2600620883666 5.13162089512213 7.55877119414341 11.9462201658737 1.64654179569445 0.355121049788335 -3.82803344104309 1 475.030886410696
"1" 2.37493217125934 2.38470471935615 2.63569816368713 3.37732024383295 5.41092295053179 8.26885146720822 -0.00891539745071295 -1.6750315667672 0.420932582852048 0 478.758573076023
"1" 14.0019659626224 13.4473947910867 2.96356410477127 3.4511312924684 5.94122327471869 8.94631114529716 0.397317002772394 -0.222411812538234 8.5986990983191 1 547.464682266094
"1" 2.91958241464794 2.42438138743923 2.1202973659591 2.95995053353945 4.42371778375052 6.84434716708721 -0.144328095267932 -1.77212708435785 7.62813520275974 1 496.89177767249
"1" 1.12910702955002 0.910009136107731 3.79417822352728 6.07795767771549 8.58338113286211 14.042317224273 1.72049751735665 1.03370703616718 -4.51270241377766 1 408.970940312052
"1" 12.8495012687744 12.6008433947608 3.38879350548245 2.85106661319611 6.373530641394 7.09290594344418 -0.372966812788084 -1.90181047031103 -7.96196603598541 1 494.356863146869
"1" 2.30838448400847 2.06465219173909 4.2873881243261 4.96797956958427 9.68085853967294 11.2060181474952 1.34711125974881 1.5304595298607 -5.96193509118446 1 439.234738246966
"1" 1.97298187483341 1.72316177278942 3.13666424929229 4.69130463267908 7.52327786632637 11.0694158778049 1.48520389013151 1.12669849959915 -2.37605860563299 1 443.250425061492
"1" 1.09229431837562 0.50348342795534 4.14007119648535 3.90292692833727 8.07579190534108 11.4225520596984 0.627662970351697 -0.196486342221117 7.62089355548436 1 413.11712129995
"1" 12.7078231923771 11.9463231497714 1.86448058916175 5.63835858060791 3.90045690799332 13.9664456762204 -3.21568979193709 -0.118471993421073 7.84673912284188 1 508.182279043619
"1" 7.12826170625011 6.95984287446061 2.56092649871531 4.39005291000303 5.017318594104 10.8508413103178 -0.0392103573966035 -0.420207817820746 -9.16348527589794 1 491.963999832157
"1" 1.32828275916621 0.759915424610237 3.22933991107868 5.24395246032825 7.21931030985931 11.7061520359779 1.39831203508982 1.36057352363227 -4.337442664491 1 422.559038599555
"1" 0.742749385725996 0.420405049540968 3.58051280757776 3.98668659205154 7.86450685615921 8.73290494540269 1.32743442516887 1.11474541500387 -3.60608826429409 1 429.56745236358
"1" 2.92620102477685 2.68626997566667 3.53373695818891 4.79022290790665 7.75509509175771 10.5060406616057 1.16949987079395 0.421783026790697 -2.35365862582378 1 468.766086373289
"1" 1.31939759181863 1.03243202460972 1.96999882816345 3.69566313965376 3.88992860880478 9.07938431094797 -15.0006415481297 -1.35705657349926 0.429260884119368 0 442.38497514423
"1" 0.893804197218721 0.324659726428098 2.7244207521298 4.36462021771653 5.49731939609148 10.9240150071212 0.247737154417315 -0.757983834754479 7.43596077920288 1 411.346385555824
"1" 2.62221329906426 2.18085113721108 3.64672277630507 3.60138321103484 6.69704869983973 9.36470701194555 0.428690515544258 -0.936689012807384 8.27254918444016 1 473.353776059982
"1" 0.983654321048869 0.543793711241927 2.56381707208473 3.23199416534495 5.43406126892233 8.371147229911 0.231806998361378 -11.3749977432703 -1.64998987714879 0 422.203268459056
"1" 2.49729880137415 1.81315897923124 2.65219776164093 3.24620889796103 5.66908662520971 8.64395770416779 -0.239348883678281 -0.536759913759097 7.89378020315254 1 477.630356546787
"1" 4.91507864722782 4.6611914215812 3.64597778667431 4.79698855135768 7.964514776891 10.5600866985868 1.24439666087456 0.390679122338965 -2.89411376240276 1 500.037464716341
"1" 2.29555367775062 2.12289397884675 2.67086922155256 3.41680794638927 5.42153546768434 8.79956259649971 0.0880642693117594 -1.12144155475559 0.741095193583674 0 477.789265754483
"1" 1.87322845417309 2.14096294187077 4.28486349843112 5.51146540079868 8.7304981634486 11.3194171329888 1.64190559069313 0.842105918213617 -4.22032084906387 1 441.594159634443
"1" 1.59865214521873 1.5100056343375 2.21534516794283 3.19004463301229 4.36779483619177 8.15234306766951 -5.73024343415016 -1.85023422793244 3.2650755289071 0 454.952365487477
