"1" -0.614086083617605 -0.220006368518647 0.0526682713616643 -0.0983668235149662 3.32840335169888 3.83613463409757 -1.41186749467558 -1.94272557897763 1.73739727015392 2.94871176461642 0.60342060928009 0.161264248153569 0.164175314690983 0.593081364377966 0.758154064885104 -0.245664370755982 1 1931.57946866177
"1" -1.00631270661603 -1.05514048107255 0.0137615861773922 0.27083537512346 3.79429596272221 4.08926468133046 -2.64719698799445 -2.89147635717165 2.6808555894003 0.706512385286626 0.045841089707581 1.81841140683896 0.112813444275617 0.0831642355359897 2.78848077847943 0.113945779812677 1 1948.65634440685
"1" -0.642944860302718 -0.828799802977648 0.535311800934947 0.740514045162158 0.876292188754535 3.61061845102526 -0.523373138884147 -2.00660576630599 3.94366734548149 -0.802496425709518 -0.0612876513713657 -1.17647116930671 0.0585737652003253 0.0590674888037669 0.908938266209329 -0.457854508467901 1 594.913334205194
"1" -0.109074631398393 -1.15763327594525 0.282216760897369 0.971086782523999 0.333980243528197 3.58728275019874 -1.44560647545896 -1.84003470225604 4.25741605759027 -0.917870607671015 0.130497616998235 -1.22612340870133 0.171897542987463 -0.021083543612283 0.52855091337758 -0.300007260748955 1 -1027.30126207363
"1" -0.480299442267023 -1.16552094221628 0.00254248476966203 0.422912988869922 3.45566415341752 3.71206361830583 -1.34821396218042 -1.74794137103639 2.80957454910363 0.548818449156593 -0.0257750442051765 -0.452299417259417 -0.162564480582869 0.445804284166864 1.01460055021556 -0.12660128355264 1 1652.413696542
"1" -0.551389176201882 -1.39725946538002 0.131933303693251 0.384509859398658 3.83013512978721 3.03797985437901 -2.56315588179995 -2.32058438282035 3.07510903207533 -0.232680591365228 -0.236259137649219 0.595260883386933 -0.114066134238217 0.147500645225951 2.13761558033866 0.0482081778092555 1 1614.6563318589
"1" -0.508316564779654 -1.01710353720941 0.246861985136076 0.8652467506555 0.289016435318102 3.75425352467781 -0.95616274361264 -1.6235203381316 4.57640692230251 -0.633886829581473 -0.116963103249684 -1.66950648681175 0.159785785598232 -0.213290019266967 0.434071004376443 -0.360725730020093 1 -1144.61948627765
"1" -0.699438640955267 -1.34063957457701 0.240943565215157 1.11262592367243 2.99189768481907 3.70474849747166 -1.44427670001765 -1.88989001587094 3.29533916539947 -0.819033501610935 -0.0533073840248412 -0.866398898236751 0.600328714150289 0.040412177727773 0.563288856090369 -0.196135998831835 1 1519.59088807369
"1" -0.826520635819096 -0.355812229425507 -0.181491378405304 0.14316635976154 2.92363701942976 2.74393021683737 -0.986412765148035 -2.11603589106799 -0.210930973101889 3.22846577270703 -0.0721640366186739 0.106681096760882 0.517573964665916 0.111159770263173 -0.619735393873326 -0.361425187572327 1 1647.75175143636
"1" -0.881432030909431 -1.1292580911725 0.331078548083768 0.628145916776444 2.39988312984659 3.86652678345009 -1.46351954804283 -1.70001074877271 3.6629400375228 -0.357050621748858 0.0854544305097575 -1.4179446487959 0.451241894695262 0.0210955887523081 1.33197667760678 -0.484990982363352 1 1350.26205530604
"1" -1.08508375867401 0.0214718072409627 0.0971613091369739 0.161423240754069 2.67719408797611 2.87824454257378 -0.767185533451996 -1.88258664867369 0.165564418281094 2.91615458056602 0.219563645234361 0.0509676631515428 0.201046328511245 0.169306677055017 -0.17961208730546 -0.131253796961873 1 2002.62627332228
"1" -0.721931589581308 -1.27150633108824 -0.0494839479609657 0.421678525189761 3.62441166246129 3.89981027051352 -1.53383014033434 -2.19128345460302 3.22421307269491 0.490086488441369 -0.27851723598982 -0.127032367850989 -0.305029999215272 0.228434056997933 1.58882942368095 -0.169986145417832 1 1624.66557571854
"1" -1.6424050983486 -1.15997808198143 0.24208995655977 0.477101213478059 2.96956279600743 3.59853611273458 -1.12064406847145 -1.76537369444766 0.434395032667371 0.141953393988916 -0.0157131155981917 0.43687569320533 -0.201143595073649 0.475482599489817 1.00898643982236 -0.23195824406842 1 2291.08835934623
"1" -1.2439402021106 -0.982037819378433 0.0669919713717078 0.161212784679214 3.55196295557779 3.41875320403565 -1.60992242390835 -2.44737503433289 1.56782453910042 0.80421401046202 -0.229273624760761 0.929608997490418 -0.36822821307237 0.122899225155661 2.48480030854654 -0.0435986608044779 1 2169.8482745826
"1" -0.758682467814789 -1.04283924889372 0.380096453446032 1.04854853341772 1.87011628315209 3.70717108620057 -0.796131500072819 -1.44330911963697 3.70371706214754 -0.629565734897253 0.19065404946965 -1.2985749615259 -0.174269275551042 0.0864267654144914 0.370315037496624 -0.150608299729551 1 1243.69918565331
"1" -1.47102584064648 -0.420332988612076 0.615420026446492 -0.0872863650712304 3.26381896507666 3.71670827972787 -1.14231789556871 -2.15033808296003 -0.445167669335171 2.96010895072763 -0.115647265108725 0.673311507343079 0.136606166048398 0.147224570584529 0.826699148001975 0.0306686543407996 1 1873.64160168811
"1" -1.53502385672621 -0.461802223507329 0.738080883516248 0.198016572773683 3.4676097495088 2.99533642233037 -1.2804873440171 -2.86471243832891 -0.170961582261232 3.12970820009443 -0.222514576025178 1.12842010388884 0.075476912359514 0.0708169435941324 1.15517274622007 0.0118595673749221 1 1836.73109979235
"1" -0.744721781841407 -0.891501860766878 0.082812282531001 1.31806682215812 3.15213284316382 3.66743325935827 -1.95850505707272 -1.91493039088284 3.44297022158919 -0.780816214920887 0.45260484418642 -0.441458678266322 -0.0871110240360531 0.602393992852607 0.880369115457718 0.460236864265849 1 1738.32189082775
"1" -0.316652804878141 -1.1684716508259 0.0830377471472801 1.08542046549519 3.32127768997013 3.77470187965232 -1.19183347787673 -1.90248931940779 3.033989167905 -0.641287517328635 0.131568419896173 -0.281828727676731 0.573837325801604 0.475960645789119 0.9181409659094 0.736854074649747 1 1648.47137619294
"1" -1.11183063607443 -1.03270597958995 -0.592373478627651 0.523336717037089 2.31854292314689 1.4946820674271 -0.655667112013409 -3.50839814982233 -0.258672602725565 4.02421131990004 -0.284569449468974 0.883120594146858 0.567130372352763 0.258644503392308 -1.7845407619041 -0.131578538541175 1 1209.94664123494
"1" -0.824560436703926 -1.42166778799036 0.295965172297202 1.28726629049888 2.2498800770052 3.54382381119424 -1.02061028287886 -1.99112390072905 3.57030852172938 -0.740102776730122 -0.127467568502596 -1.16566286274052 0.234914550860287 0.2473076459636 0.756515847995332 0.299026634765345 1 1333.05637919446
"1" -0.568445916276429 -1.24821915119762 0.154538234428259 0.822131396068824 2.75957462560688 3.76878441750507 -1.66162496873691 -1.79356772128668 3.28445174777059 -0.669968950030059 -0.0569777788463505 -0.570666974937495 -0.36584926927252 0.271690555659058 0.749279522831544 -0.247920073595554 1 1554.05588157294
"1" -0.53948809316191 -1.13900306031139 0.480375219195094 1.05251205214384 1.64512794762732 3.61222316933693 -0.921936255482155 -1.64549985797767 3.58821338021132 -0.497121346599204 0.106904994160923 -1.28527274981883 0.0214392366532925 0.267688113994825 0.179321164885419 -0.333457775046924 1 1150.14451415831
"1" -1.58418209283709 -0.40179790536914 0.54496028872296 -0.0780572110246069 3.65248756337086 3.92898082399746 -1.18326050731136 -2.13420405235755 0.3805696615248 2.91609643033111 0.354072254723412 0.866050985725945 0.51902414044893 0.449390736776883 1.38549305829158 0.686733967263156 1 1934.58945714958
"1" -1.25729062322201 -1.54885763353565 -0.234781431506777 1.33412691368491 4.34618860580521 3.39214894753634 -1.91339200110585 -2.12651230119264 3.49937602965459 0.15289424392293 0.0175077846217526 0.0924627013414194 0.241604175194102 0.0296070653632046 1.98538282465273 0.116721936776102 1 1817.5430096538
"1" -0.600901089660321 -1.12773127567095 -0.107530610090255 1.3079796094854 3.90053109576245 3.67004517279606 -2.67460968794449 -2.32815941219152 3.13142399940054 -1.38219754549 0.192846155113347 0.0293638256746302 0.132155307527799 0.492836636048614 0.634163026962162 0.0930205407316267 1 1830.37543916741
"1" -1.64731423527876 0.693851014384779 0.701788444858746 0.122393075662038 3.11044421606058 0.160940998696566 -0.583736210630785 -2.57860397134277 -0.458831703047235 4.74622493923284 0.0899479109796532 0.731520638023068 0.482975260340589 -0.126082431779068 0.0434102093089979 -0.407157535924678 1 -1343.64246922696
"1" -0.683026333812834 -1.27985322660542 -0.0409426172641563 0.981824357107472 3.33743720070378 3.66788579385614 -2.00369275366671 -1.97536002194986 3.29011183150995 -1.04393337797508 0.0237277274284161 -0.176062306361449 -0.311245812277841 0.159193724992029 0.98847843667647 0.161113796337743 1 1685.14744644308
"1" -0.856943888738668 -0.19339753109955 0.0814319534815671 0.13130867032033 3.13365102637012 3.30608240620133 -2.10453506235873 -2.99758774614144 1.15661640525035 2.98291851145064 0.186586817887096 1.0521185646038 -0.0362740614499232 0.0827350526004823 1.57345193048556 -0.306148942092601 1 1804.81066795842
"1" -1.77121857675955 -0.07567130707697 0.578319999731931 -0.0767438649426179 3.15598836536665 3.7656586412984 -0.729938445100037 -2.18092594355091 -0.254280591342997 2.68441181685415 -0.147549823897264 0.852629709211621 -0.0351011932233529 0.143881407704956 1.0309736334566 0.0668277829221699 1 2047.08585172732
"1" -0.734989656121994 -1.12370480246713 0.0970363664491967 0.567702001784912 3.13875198428166 3.51208269686307 -2.35053627824855 -2.07833907365265 3.26141260531588 -0.261649231962359 -0.0615490031876502 -0.460106655503726 -0.122989729724714 0.141849698082641 1.80348889509241 -0.121368064328172 1 1604.40923709506
"1" -1.36576091601771 -1.50685283379869 -0.190947025907891 1.23091719807844 3.87842472660899 3.7974056258594 -1.30745850570291 -1.93523837861866 1.75941999757281 -0.60726416103388 0.123771292102956 0.246174567018287 -0.620511579148869 0.0925289236375957 0.86171139980418 0.227975772806354 1 2022.14105206623
"1" -0.400864835173096 -1.11853222270941 0.10525514088231 1.11192591940351 2.84465041287762 3.57407749734901 -1.25620664246117 -1.4729569027295 3.18735143737876 -0.715818954057655 0.0233263154939139 -0.95134808289618 0.213733548679636 0.447764228134324 0.689104855860852 0.402964268650686 1 1680.76521179674
"1" -0.285184762991834 -1.35402641462202 -0.0253640487928814 0.62157255544047 3.46087332487994 3.45957575416155 -1.47290944520897 -1.46068433551035 2.88584928177489 0.392065929070053 0.228044303701609 -0.899043588548248 -0.0557406858948878 0.284251014258004 0.983630538207474 0.0645380255443246 1 1690.63625852019
"1" -1.25955115163961 -0.439673482115546 0.17742928909662 -0.0241626320626363 3.46386298024959 3.67864641686509 -1.3111378948384 -2.66199405306255 0.568040430660517 3.01996401455684 0.102468112644239 0.689021051532597 0.409692553553397 0.0720449161934443 0.742460427582587 -0.338940353461576 1 1850.59242666774
"1" -0.468027879468964 -0.569924435022891 -0.470507529342364 -0.0476661057521601 3.49555271242214 3.43219159908266 -1.31802915746704 -2.42861261085934 2.13269968073574 3.68225230814492 -0.0191715715028163 -0.111326162751337 0.41239907585002 0.317220533994203 -0.0911839007795459 -0.792410839324846 1 1318.89931054084
"1" -0.542577588650052 -1.07914206434057 0.445536550721902 0.580990400339985 1.68170605313407 3.62747650689138 -1.08580244616775 -1.61243015548595 3.58787058221763 -0.331062024186146 0.0789844603524823 -1.05136706030973 0.140618824893387 0.149530038176857 0.859311074581777 -0.402926147323434 1 1158.9097346684
"1" -0.239991534826256 -1.14281360402307 0.169604528899727 0.851025590457538 2.95177954578222 3.29874540756421 -1.89639366215208 -1.64576315838501 3.04570849290763 -0.649065882935496 0.238667357896325 -0.545018093435237 -0.0589279024009549 0.386992314699969 0.827393358264956 -0.111930742892767 1 1689.97952966006
"1" -0.561338251240223 -1.20999152361119 -0.0708636648330006 0.261252146419701 3.93851044838553 3.95341675017659 -1.97226594001205 -1.96162166836675 3.00169737639555 0.756644156537255 0.0682253044790865 0.718360222825559 -0.317671378832906 0.124009586790943 1.55257182702514 -0.236988957005992 1 1862.75515966252
"1" -0.726546370185688 -0.911619985621957 0.154878547361508 0.718687393598495 2.87961322302541 3.1673363703118 -2.46191437660993 -3.55216614781717 3.51177533320169 -1.43784239723703 0.032980352541231 0.0906309461588154 0.257375998792106 -0.0651442632036561 1.59428892669256 0.0621047977125098 1 1697.55579727307
"1" -0.792065725900899 -1.25479906097494 0.0489970864572067 1.24738537776685 2.97208867506197 3.71406999545267 -1.31708089213928 -1.75548879234177 3.47541998810351 -0.600916669264431 -0.0875585878290299 -1.11549769217661 -0.00681340289935135 0.10244284713377 0.971705993005213 0.354685637416926 1 1384.20794814638
"1" -1.74156303149582 -0.284956374811362 0.255688353413406 -0.107177181788019 3.81150799471149 4.0357698341792 -0.941515387896931 -2.00717899678155 1.48770014791572 1.66515009881908 -0.445547135748471 0.752229527742588 -0.248240627963904 0.160270681683822 1.52390430525439 0.0236346025509555 1 1815.86287015367
"1" -0.828613266020238 -0.893439816695452 0.358468071721839 1.41601673939562 2.34800109290095 4.24362179331899 -2.44172303690236 -2.44017008264172 3.69349789757866 -0.656982842495182 -0.246783268357558 0.145823146062984 0.174407594813611 0.115870971481165 0.971606999457469 0.187892814924614 1 1712.51810322137
"1" -0.349539705432849 -1.4341319705651 0.323006865252624 1.49242289247019 0.37582845298618 4.02081550797325 0.552295512308215 -0.876196943389405 4.15599769577627 -0.350002816083936 -0.131371908918741 -1.20339729720262 0.284590242416723 0.212585381522879 -0.316622841625425 -0.192116597884563 1 -746.062777242129
"1" -0.843279078194159 -1.27699299517413 0.494283080262863 0.918543093853078 1.77046921816707 3.21882371108324 -2.47439491859165 -2.20675298972337 3.74460654749993 -0.847400419822801 0.244644315166541 -0.920160090090026 0.405903135725485 0.237146970883942 1.15302904749679 -0.266538791252959 1 1260.54775867944
"1" -1.47575529087152 -0.182787947320241 0.0819544099760701 0.0228216003843792 3.21521947070253 3.4866030970647 -1.2233063734573 -2.39337093049487 0.493300135082133 2.81440422507746 -0.213371239069479 0.705252406949083 0.049864449068295 0.00741871686068891 1.83203864656697 0.0255001832334118 1 1781.54294988267
"1" -0.386197678607923 -1.17368054761684 -0.0254568060954161 0.528934229792072 3.2338559885642 3.32386525163264 -1.62334702956893 -1.78058252066814 2.98901461034001 -0.39258258649673 0.276787320374357 -0.540199825981048 0.09279890889865 0.376042218681817 1.14062895067474 -0.0237100827646103 1 1664.81213344752
"1" -1.10476373266376 -1.18205320626616 0.305212151539477 1.57160248595444 2.67578050086386 3.90815213660693 -2.59183898653392 -2.10619984022568 3.82358643999421 -0.777943651599671 0.073225606815968 0.240235953539262 0.389360166288657 0.441444801251084 1.35748952988364 0.540024989843467 1 1496.89736648867
"1" -0.326731462732609 -0.989391515180355 0.101032016144543 0.431532038407359 3.20800435423711 3.3973643056142 -1.53158220885689 -1.96474278273463 3.08244531942234 0.241978061491875 -0.0250710956823469 -0.709451166689775 -0.130669777388185 0.401815557472775 0.984392100491206 -0.0995099939015608 1 1695.15829391535
"1" -0.615811660446805 -1.26382940590861 -0.145783664314959 1.39578703188066 3.78650271224516 3.59354477574351 -1.94099366958335 -1.94883092625546 3.17221090925619 -0.727930612998872 0.346815534946394 -0.723739175672424 -0.352798840721246 0.218889949747191 0.886998710334855 0.439219838429465 1 1758.28596414525
"1" -0.29554149490701 -1.10370251145065 0.14412904063598 0.7841442520738 2.9463302700122 3.43353391343399 -1.55664676314259 -1.67619135386639 3.10235955754059 -0.430622876011875 0.117985972866938 -1.18835230763178 -0.0033987651618826 0.29189910318573 0.811691884632492 0.103896334708123 1 1610.09191223418
"1" -0.945522723388365 -1.09226523445252 0.11642838695859 1.22048983941402 3.1407651349183 3.46477238466148 -2.55718325971829 -1.76052032173469 3.56220008079837 -0.480072972365204 0.11403486328598 -1.05684978552296 0.163383211795741 0.548900253699959 1.56731575983839 0.523734381925975 1 1611.05183564185
"1" -1.81199307444879 -0.416072868444295 1.11286917901465 0.168899283986444 3.52510496620947 2.83564224487531 -0.471214607336339 -2.33839148824268 -1.14351680477749 3.09391647987828 -0.0980496632888737 0.411516963982903 0.437483628101525 0.3175427193259 -0.370644835366486 0.45124319632633 1 1613.52652749852
"1" -0.67710305936808 -1.48502158583905 0.592596379067591 1.11040196615864 0.923610042046753 3.66828616779142 -0.745314153656536 -1.5752961365702 3.79642556349139 -0.899772579463969 0.0896922039076854 -1.60145251286702 0.211543354021381 0.307224612350838 0.371558108217299 -0.123664899130716 1 377.93846970013
"1" -1.02955278052442 -1.23724119470851 -0.000895778749763599 1.09989101563115 3.23869785895995 3.75797843543333 -1.41174377950351 -1.57993440726869 1.34087344859272 -0.483324746089594 0.442698132688671 -0.0185048338301943 -0.172421097166692 0.384516410859124 0.772486367986555 -0.209559694227287 1 2349.82111556055
"1" -0.596238288318594 -1.37639679804753 0.070845389165005 0.871138146937446 3.43572589385132 3.92862671900224 -1.84893191998366 -1.68853107319027 3.26127617150499 -0.266802638587652 0.19063393695526 -0.327345564329349 -0.223344116033207 0.175454992465273 1.31863907904261 0.120171056555031 1 1578.67501852859
"1" -0.974763544034229 -1.22045944067517 0.0546612402755223 0.621508724916819 3.32765820800919 3.24465020178283 -2.12271324297044 -1.95674892536309 1.49640284551602 -0.386549208339523 0.386529803747472 0.652783177803037 -0.0766661344947918 0.572993396012455 1.40882818042056 0.164424445919134 1 2299.0173935993
"1" -0.259643552427792 -0.287025089553094 0.794123389788254 0.538117279744079 3.63172769197588 3.76834249157645 -1.01802455187227 -1.96308778842995 2.19293543875879 2.02975870942851 0.199043037192694 0.45976194143194 0.0808783589448128 0.211899578124265 1.16683450657438 -0.380276699860295 1 2072.46751476777
"1" -0.157613482660338 -0.155256807947151 0.153088825803943 0.187272340307114 3.30431195257109 3.6730733780037 -1.27247534958873 -1.98574629288896 2.80008612305847 3.09125164885654 0.0997431894618082 -0.866175871025011 0.293515092783751 0.40267364738518 0.65950256203394 -0.401352506888083 1 717.177820580189
"1" -1.23133347552939 -1.15530387616859 0.0522274062085473 0.608567254469182 2.93404665830228 3.28127145064011 -1.43356350927675 -1.71297385102636 0.983252886429124 -0.198778126384176 0.143446788520227 0.040809163153528 0.0211489352540607 0.627695762189096 1.00615262155642 -0.101937762357833 1 2247.9125843018
"1" -0.346843816336189 -0.703282529156996 0.0576982922264472 0.125136486972127 3.19514848326026 3.5168877878637 -1.13543751292352 -1.64217670687983 3.15124895565026 1.0294782101735 0.150240344427101 -1.05076597352591 0.227122546861889 0.532055345185515 0.797325195275866 0.121810311922262 1 1564.7156849447
"1" -0.655181622338144 -1.41672262919427 0.185921781541225 0.774973152077568 3.14026873021591 3.50026355792203 -1.98377395051729 -1.96474126711025 3.29175725934158 -0.801351749734533 0.187904469678397 -0.0659236900720695 0.0950451584939473 0.326211850243211 1.64261719246454 -0.0405341385932507 1 1592.58623684495
"1" -0.973304708037237 -1.03342550125668 0.515567794198301 0.746706416484957 1.78297328005284 3.36520436564076 -1.788455751508 -1.96828910793378 3.9119800333426 -0.597264271264794 -0.275442298868892 -1.60250042506657 0.0145274722869389 0.0357854378179637 1.29261944745729 -0.36727677083841 1 1181.32134696779
"1" -1.26046254277241 -1.10343138418981 0.0656893743756775 0.57844440440702 3.31168546679199 3.57326414597634 -1.39275582525383 -1.87533477467289 1.49965414441218 0.186068083877917 0.0685276972119202 0.335395580796658 -0.325385758041928 0.324383789118886 1.4626675070133 -0.0365050663213838 1 2263.62759153518
"1" -0.54523787374953 -0.970792734607511 0.214434496138525 0.491926569460158 2.52169031000109 3.52815717329461 -2.009770076351 -1.93792713337339 3.3089151656249 -0.15346111115651 0.0647778510273945 -0.424777963144849 -0.0417136802916208 0.195332593931085 1.34524416958151 -0.219343692300021 1 1640.45145955958
"1" -0.539338310024662 -1.143182232406 0.143192855840751 0.920965142013729 2.85009163668725 3.58255812584265 -1.82447398151555 -1.91319630168257 3.29396162898113 -0.654796146067198 0.0947114149644335 -0.653767704300087 -0.246316161396426 0.234533873307707 0.876018191515038 0.0615275414358314 1 1605.48100616452
"1" -0.628336902893768 -1.13365920772565 0.289013562055171 0.491983191604877 2.42599469865067 3.56889606740574 -1.54777052535122 -1.90062944281026 3.44798549239816 -0.225598294194003 -0.0439330586467057 -0.511606784182039 -0.247752309688698 0.187344890145437 1.20868968438056 -0.191775833866539 1 1476.11707761163
"1" -0.337559074108385 -1.28972583945961 0.113882185788254 0.812041046405858 2.80392260639988 3.32237391103832 -0.975754715569225 -1.64968478493895 3.13958209030672 -0.271587053470803 0.0956594968348647 -0.920768613832239 0.275042996836908 0.356646936906981 0.803945884325733 0.221592165070215 1 1483.34650776414
"1" -1.24903288467138 -0.639072218779822 0.195714983674408 -0.00694434440046904 3.55218811401898 3.34455865903605 -1.17185272533816 -3.14091813625839 0.851139434588161 3.24492425122822 -0.0221212816987241 0.816378799813498 0.174212662977665 -0.0406082060841053 1.27820019296526 -0.267123532439789 1 1866.33621049827
"1" -0.490060918601299 -1.02605955199228 0.0335587102039988 0.894705106499091 3.52562446065714 3.80170393126895 -1.60194614253825 -1.44955645299469 3.11224336974984 0.130927352181365 0.360436457083279 -0.163439408355975 -0.0399280141940864 0.799909504573939 1.28081008965763 0.533154799015952 1 1871.0801278572
"1" -2.14389948704261 -0.385387898213126 0.530116836614501 -0.0658896880214519 3.4682191300401 4.02144802008639 -0.524246966151794 -2.00429202873008 -0.496032600990331 2.77352950068197 -0.289721598606375 0.775867883478598 -0.23160546079199 0.144575598420428 1.64813056528115 0.0599758605045782 1 1842.28726145137
"1" -2.67730246274996 -0.562553585102199 -1.02337786310837 0.494836362986502 4.05774507495653 0.362680828215606 -0.674946629304376 -1.86007890402692 -1.09167616183296 3.83171353643302 -0.225242763619157 -0.120526371260723 0.550693127645377 0.356461178123982 0.238152478728475 0.0507826089823624 1 490.687737130123
"1" -0.316400531641373 -1.14378754852259 0.31951781176055 1.60138001511382 0.364857772192931 4.07680628698851 -1.12017441198391 -1.38644798824431 4.29915684319142 -0.694445071683209 0.142675431574905 -0.901085233637648 0.377625701308681 -0.00475948778794782 0.0643400709721701 -0.165233083047091 1 -692.106419030097
"1" -0.366081192769325 -0.690383831485764 0.105318981190894 -0.0552249020046049 3.19360378398579 2.89763467001704 -2.73232293556903 -2.5020462735764 3.16336708030124 -0.0968475394687173 0.423576068800612 0.168506176376396 0.544374351267705 0.358851845092545 2.44275513897189 0.222803777558013 1 1734.201492788
"1" -1.87841235525345 -0.30701059044974 0.730453976496091 -0.0694792128008344 3.40593188778779 3.94876308287599 -0.701590020558117 -2.1451132396844 -0.509369645536943 2.83257411424074 0.170581516014888 0.794078213899056 -0.391446678404216 0.315884248020821 0.728666940300462 -0.194046934627387 1 1837.0547906234
"1" -0.707818190219473 -1.15596988601532 0.126922681140031 1.31747426982297 3.0691252042873 3.68334962460836 -2.22497793385132 -2.40396730027221 3.37195161115971 -1.05262985389953 -0.119468277622385 -1.18934230712203 -0.237424608546968 0.103243652018776 1.61214972045504 0.205969303164973 1 1632.77919973461
"1" -0.735147168102276 -1.30021896752696 0.123614447118249 1.02277469946076 2.98919332116056 3.42813305978028 -1.41169283523477 -1.56137491388619 3.37314945788063 -0.320843018942755 -0.0979260781201177 -0.923862047672547 0.04300584684952 0.0970013978983405 0.958858364999804 0.138626276677655 1 1424.27466858517
"1" -0.499628693003632 -1.29260415509867 0.0521712467079393 1.07728361050382 3.38627669784248 3.72589411689259 -1.80623473211042 -1.59979479929719 3.1519749066215 -0.554514203221292 0.233669420598495 -0.161584347837744 0.00891617698517214 0.0393484972282003 0.901037888389309 0.0670107461517974 1 1743.85553232682
"1" -2.09782584926951 -1.45722307152818 0.696070769086897 1.17938533217509 3.46850606113667 3.66181662782907 -0.425875340686615 -1.81084801736842 -0.413943139949954 -0.993199756266754 -0.296305636560651 0.73022978824583 0.554176270465727 -0.0198078245845275 0.292971147486553 -0.177126533224218 1 2225.14230130179
"1" -0.899797290939769 -0.676110937215136 0.0171943463700913 1.21344379028832 3.62424044297077 3.41858338826188 -2.14166957105786 -1.91063411013189 3.50903465006879 -0.571238209609641 0.168993466976627 -0.369303468604869 0.328235069180525 0.757823266773564 1.2156695614062 1.01285586208765 1 1675.81934788208
"1" -1.8343796762164 -1.19551798556022 0.783167571958581 0.560761337971756 3.29916332523134 3.70083152806727 -0.898923833702007 -1.7791835336938 -0.902782077376219 0.34503309614362 0.0916118838940016 0.381290166531123 -0.683848723094134 0.257231676061855 0.948730054478503 -0.14243783428615 1 2344.83279138049
"1" -0.908313076390487 -1.13509708203145 -0.117933708730726 -0.298042276860827 3.51842992052423 2.79707992244267 -2.57009160683085 -2.44660900693295 1.62518329367683 0.411179077909289 -0.0856706303371459 0.528374609697834 -0.257619348661057 0.19041158015575 2.45491780162565 0.0789364230507618 1 2157.62097154803
"1" -0.571353749194809 -0.705189644816858 -0.0285777760867014 -0.0112613150689665 3.67872019529874 3.92741314940381 -1.71040088925293 -2.07867283319246 2.50208134493637 2.74041031887004 0.449612996791519 0.0346562891215555 0.0221273643454529 -0.0882794119940448 1.37836749702217 -0.402829951018146 1 1636.44861963591
"1" -1.7895522518241 -0.402601206925738 0.376297058535928 0.0386388378833695 3.45258850770611 3.70044839938577 -0.938328919367622 -2.15467691393234 -0.0472407936812352 2.41764738746533 -0.0288072417614608 0.944127782201404 0.095579135311061 0.60351104567293 1.4506486928961 0.439771443410586 1 1933.3238102502
"1" -0.460529577581211 -1.00710915862325 0.258206556150067 0.363680729188289 2.65613952292111 3.48449342213987 -1.27452920669839 -1.7660444537804 3.24503325554263 0.347517631269689 0.0135950341172711 -0.785694728376784 -0.0151026208500405 0.30210121497657 0.906931563082186 -0.258061668531655 1 1495.28494916979
"1" -0.720309099581142 -1.23941626237654 0.316929989391187 0.980290761696576 2.1867450547612 3.83477136422565 -1.32693678544052 -2.01548376938543 3.54989092373812 -0.779179208846629 -0.117070137344749 -1.13185119072625 -0.14558405648284 0.0769143825500471 1.57047596058214 -0.130905119982679 1 1284.64268617409
"1" -1.57279552154751 -1.33327258210483 0.56150081795771 1.09065073580157 3.52737336311966 3.74912094603042 -1.5719961472933 -2.12350180248417 0.316347078061088 -0.942831844670825 0.0364012059840844 1.12298550935291 -0.140363785225484 -0.0587151856236793 1.288008394434 0.0925103043089918 1 2419.2884784009
"1" -0.584743256946051 -1.08473073729528 0.162737805741974 0.535363270229157 3.13469030808702 3.23410208484828 -1.82780597675813 -1.90875009642858 3.27445118591461 0.209162777005748 -0.0911475901537024 -0.481846108498312 -0.0877224453056259 0.262142776047762 1.59041744630384 -0.0900046741004033 1 1502.65337230141
"1" -0.107440888594917 -1.30837198690339 0.272090035530298 1.57688904553593 0.295423708091926 3.6734402330957 -0.715994937945327 -1.16277508380669 4.32656624854013 -0.355668796787524 -0.149000004764188 -1.1872880436885 0.213048244763452 0.263070408375416 0.0413722594127887 0.0516700272281281 1 -1153.94406263324
"1" -0.229442732559993 -0.989868971752877 0.280252986528562 0.913827808421775 2.52768246309001 3.56312139913489 -1.8817985757546 -1.78175188834693 3.1642595230531 -0.568199271959821 0.203605535467925 -0.927350868829735 -0.209607248781225 0.175320803491671 1.1018348547769 0.152577038222108 1 1650.51643335431
"1" -1.61767741800311 -0.0744688279776857 0.463513828167785 0.297285324577342 3.47644742332607 0.309795391771121 -0.657447118743347 -2.886521601556 -0.176556895003702 4.19257659847803 0.0338788220819654 0.513950057332937 0.586160164104581 0.142901595340274 -0.496714036887293 -0.396253710196411 1 -852.60747958962
"1" -1.95768108090498 -1.30085436061411 0.925161248211895 0.76398238695675 3.64723366994306 3.41506410213599 -0.705275350480493 -1.6288623505412 -0.968896265703051 0.140954234041412 -0.0722482778852753 0.353543366344556 0.691638317245984 0.31122654718021 0.985317188026873 0.516330481158769 1 2304.67472792516
"1" -0.860588561111946 -1.34674937537094 -0.124013148272345 1.05205465331013 3.74378340916899 3.54258621214345 -2.50424001634428 -1.97958856774879 3.34233075358009 -0.703282410059718 0.382804372578387 -0.508892637954683 -0.263624732467581 0.156474952497996 1.05858261641744 0.33849977780217 1 1715.61608006629
