"1" -2.15939767955521 -0.686767800916152 1.63473477101115 0.0197640235112902 3.2246869565846 3.2475476514562 -0.42965743925386 -1.46013611018391 -0.752200266948241 2.8001650322081 -0.272467042739434 0.193514123891264 1 118.810424885834
"1" -1.43798597878333 -0.501854643700651 1.59537858417024 -0.202226378464518 3.77006961824444 4.21990142729541 -1.59515297142688 -1.8176943170867 -1.06704619237327 2.70609745243092 -0.0767359687400789 0.0306873882079836 1 170.786811796814
"1" -0.588769597520541 -1.79353441564808 0.0132241245111142 2.66971351486124 3.36569589270883 5.5435591648883 -12.7174050370143 -6.33147905352063 2.72334494750582 -1.05404715229001 -3.64626179943601 1.68415580630716 1 139.903223644867
"1" -1.08533993442143 -0.892417592304871 1.32096284685196 0.891827528058704 2.90739811519887 2.91616392881157 -3.72206825395975 -1.7609738553832 -0.503951193502546 -4.55563352144296 6.10528799724986 -7.53143957123055 1 258.08978534396
"1" -12.9360454492065 -1.07955711779959 0.398635835916359 2.93099765509304 4.32770214947034 6.12638425741106 7.93607058907517 -5.84814664019785 -22.098041749352 1.09313908005043 -5.77291773176632 1.84045539774805 0 181.235424146255
"1" -1.27002554375361 -0.319668293537026 1.13811037572432 0.51528264901942 3.63138699185649 2.19951600448402 -0.92373593079237 -1.51935128183761 -0.811069960067497 2.80370302380633 0.538557485641244 0.0259938139482968 1 177.927296866965
"1" -8.50596763630263 -1.73969228539671 1.28668929735207 5.19733149446294 4.27779101770466 10.2610453060773 5.37609256627774 -18.0956251043537 -9.37499997937797 2.03461417765188 -10.0798684071282 0.412382678563786 1 166.207028816704
"1" -1.54230969421118 -0.215058978096448 1.57658220539852 -0.205389034901042 2.40938841873149 4.13474896271211 -0.624172480745638 -1.17210679857919 -0.0454195551037964 2.51194497244061 0.424204803416763 0.572034792633962 1 171.262016780526
"1" -12.848489715607 -1.13452418154434 2.29374953349433 4.69234402394872 3.62451703051569 8.27712617584107 7.90500144581752 -6.0630406242245 -15.0393717219404 1.20883129837112 -4.05055673356942 -0.292613518562535 0 173.257510693746
"1" -13.5576204160746 -1.58294694228577 3.50999278556996 2.53925033661525 10.2155460908434 5.68075602894482 8.03068271440882 -6.6730737140595 0.702588623361186 0.239216922417555 -4.30795482411891 6.1882313375608 0 131.215994118376
"1" -0.563384778964973 -1.00285533215395 0.755202922802656 1.32144513616964 2.3050610166323 3.44744232797438 -4.43183712836388 -4.70746234260134 3.02270299778388 -4.75188804144823 2.22035653558155 -4.28446397449083 1 162.304489939259
"1" -0.262894301861929 -0.963945815500073 0.548156016915474 1.82062620666786 2.06188484372771 3.84092894018116 -1.3671023841708 -1.09902054151027 2.84684773135456 0.367396180277435 0.0243539876759719 0.0411395441723782 1 181.287223175473
"1" -0.785064873733281 -0.215882998873407 1.23953164839492 0.542994070371748 2.67214806408646 2.59442723139798 -1.83599592108249 -2.47776087603913 -2.99317272953012 2.97098828140067 2.08007119701834 -0.448232461719169 1 203.582025951308
"1" -2.20716126304087 -1.29692855440085 4.79368334266888 2.89054287314948 7.98526889230964 5.89790048821952 -1.60672619300245 -2.31295607255343 2.0780905744432 0.922138572563121 4.97088367336938 2.19500696610463 0 179.590127577958
"1" -2.22806472850104 -0.221092246785371 0.31029327011185 0.602141416529027 2.63993100086678 2.24386707922991 0.206742666070135 -1.79913197175118 -0.130710000005167 2.6693684466695 -1.05907902485689 0.00793430890026883 1 142.488106972177
"1" -11.4184363837195 -1.08899472502397 1.81803294333239 1.13188362744371 4.96722261281374 3.28088235707966 6.44007875176574 -6.40508109189484 -3.19447231654728 -1.18557742192615 -3.10861945168186 7.40878275255976 1 178.681430901245
"1" -0.885496457476088 -2.03451141642041 0.724777929294823 1.13635597839887 2.23282648840891 4.41289950494149 -0.807429077590383 -1.03877758136535 3.11161867804576 -0.641222521157703 -0.0608068800067627 0.0866141422851753 1 82.0275198886447
"1" -0.809486513425711 -1.27227371869636 -0.272461745757921 1.02211258117309 5.10621647776381 3.36542979474226 -1.64248213974907 -0.88545572752915 2.83614859147528 -5.81981194025411 2.4621794357897 -4.85610540149459 1 173.14348592156
"1" -1.62887193027914 -1.28649739872412 0.684493359132555 1.57879422549234 4.95650710669804 4.04436379764058 -22.9567858807364 -28.8897297287439 -11.5542418848543 -8.15903293084546 -6.66923261111481 0.0777577167824202 1 200.046527327461
"1" -0.417212944549663 -2.0455423846509 0.691569780990859 1.48520445892806 1.2377752264393 4.28402010311016 -1.8643976858717 0.669512183122363 2.9409850759065 -0.909092924499611 -0.58595780832768 -0.262449434856919 1 120.618662937967
"1" -1.30081700506719 -1.16241003853891 -0.0349703705912636 0.955434023312126 3.4957585517719 2.98830102053183 -1.15401989237091 -4.46067989821609 3.50014285204457 -1.03212255125528 2.06753756729217 2.42345564761518 1 122.507033435651
"1" -1.01987141389792 -1.7777433937169 0.0273109607425739 0.61204100592969 3.31383267611137 3.2745186193705 -1.42453159488871 -2.3098150077644 3.0112511650712 -0.960541905705488 -0.967168306400623 0.0666178993351353 1 103.820161811856
"1" 0.442879570927082 -0.201229045851688 0.843792136216368 0.574022058494474 1.60928924586319 2.89374365097516 -1.52485813545408 -2.31104477830697 2.66401346667988 3.08282701376355 -0.69322678675384 0.11909188532676 1 124.320346672674
"1" -1.70563233661991 -1.62875747996429 1.29862070899358 4.46154020578754 4.76040864972276 8.62312096264531 -4.16221932207013 -0.248042714306087 -1.74827311744835 1.79230500767286 -7.22349773564615 6.88283871934984 1 201.158870902847
"1" -1.59407849575115 -0.308122450025877 1.29910280139251 0.579659973976039 3.56644263246731 2.21806412625529 -0.816595209149022 -1.64861726586572 -0.913680777770062 2.8420672385924 -0.105710194029481 0.179400301471523 1 159.107064048458
"1" -1.93074991259868 -0.795942940756636 0.266180032583884 0.712126155142482 3.23148795794806 2.13929168279119 -1.27322916719403 -1.39087081269091 -0.0561148428103717 3.04207540845692 -0.933874343681062 -0.130450843482914 1 110.241599486099
"1" -2.35221357310209 -0.365344734261151 1.07247000459892 0.0262433008178321 3.64189090921551 3.44125434747239 -0.15991014846547 -1.7201432814005 -0.964354141968226 2.42477963978319 -0.600628258354961 0.207587022679224 1 162.451889029797
"1" -12.5587385282676 -1.03916517613554 5.41129638380768 1.2173095973947 8.40979781466774 2.8568925036126 7.88716857264893 -5.99543401247456 2.34171142015707 -14.1097718978949 -6.98087844340625 0.674255032295552 1 203.126021684825
"1" -1.13197285678244 -0.767729324515106 1.0891797255624 3.30343003378691 3.76498628634031 6.05565947658787 -0.094273510578691 -2.0336942383113 -2.50896978689741 1.44067069819153 0.742233748316328 -7.91690410897597 1 277.832009733086
"1" -1.29672298385631 -1.31169376805229 -0.18694275180031 1.90331422546222 4.05252977412473 4.90186960486472 -0.0279727887793375 -2.31712031096489 3.38238576321372 -1.16915940638842 -0.857249563505269 0.214835101100887 1 141.264127078273
"1" -12.0573748624063 -1.31274106257202 1.61486422033716 0.914271067794173 2.59008560169048 2.92207163303371 7.6217744952176 -17.9858177400882 -2.88733161048599 -8.58856502234976 -9.31146059096227 2.89774700052737 1 180.37209418054
"1" -0.859841152726792 -0.539716559622089 0.397668779139405 0.425274980787016 2.67447415006149 3.04492303001935 -1.35512920175834 -2.22428351344543 3.24136818750229 2.69307691626525 -0.610175844664005 -0.5816273146319 1 20.8841109631255
"1" -0.499538353846214 -0.681539604388683 0.658512056960686 2.44777434765276 2.69493985517014 4.98128111253103 -1.93087174206285 -4.89681584075361 2.8383401316142 0.525790320523509 -0.764298631643725 0.361588586867647 1 176.731360121456
"1" -1.40660706079613 -0.933613119814593 2.16661403244097 3.24948370553434 4.72878234944949 6.99409610605583 -3.38195570230326 -8.07097475935184 3.22137913433383 1.42385302337967 -2.9411224776225 -3.20529433770957 1 173.749819258166
"1" -1.72831200668714 -1.18096355948206 5.01989296213498 1.16497061359416 9.65482729445046 3.9947495521904 -8.32517771775455 -8.46477831561659 1.37001763018942 -0.363400372263568 4.82692713406471 7.2348364491197 0 201.958273938458
"1" -0.79862336153348 -0.707239258230747 0.634947123878219 1.18747759804585 2.18865103879392 3.57119716525982 -1.98331773221619 -3.33208640731791 3.34490480485875 -0.975350389154207 -0.525434965907079 -0.0126625418767985 1 149.852055021327
"1" -0.398799098815712 -0.650391586456353 0.661087791266932 1.14543607217581 2.28565752911806 3.20851840755337 -2.129096440683 -6.52590543811528 3.05745678525972 -0.934815648947037 -1.6223625268984 0.0423140976701574 1 170.015546607705
"1" -0.421265254656656 -1.29255105601565 0.558924768197373 0.861776356423038 2.75479519508325 2.99353779630234 -5.60538345502698 -4.92506059785977 2.9572869180353 -2.66934465159844 -0.590917290970159 -0.226057194412731 1 155.464835847254
"1" -1.52962912588813 -1.59786808496514 1.0547254617891 0.93963257181819 2.93400441944437 3.63829018135755 -0.894096071274366 -3.44722698313253 -19.9316757667115 -11.6434677145799 -7.55748690244096 0.891438057423943 1 201.38259719568
"1" -0.403956983830426 -0.372177162819286 0.677182159801807 0.781081403913371 2.96015728540079 2.22303419190482 -0.578157503808332 -0.83738181703754 1.49281758802421 3.35323214821769 0.472087566672999 -0.711100621243544 1 170.666515353306
"1" -0.623694848755952 -1.7701503897538 0.715765608529778 0.0837635070386987 2.12627368856186 4.70924015450039 -1.65361701012744 -1.12409662724195 3.11973906295138 -0.381393271891576 0.141706495370362 -0.0603117907611613 1 140.707561435224
"1" -1.94467565656028 -1.43443885909895 1.03797099790881 3.44473645947512 3.24140647825398 7.16440536743692 -3.11198265708508 -8.54078101264235 -1.553967473687 1.31549861705659 -3.83143428173847 -11.2577945457665 1 177.570324877923
"1" -9.74163563810906 -1.53156159841544 1.40683159772311 3.83577586592842 4.36650778043315 7.67526209515355 6.31886295084219 -17.9811875752506 -4.8856401968175 1.65503539961816 -11.756822520193 -0.06157581429612 1 183.455183440708
"1" -0.931825835204663 -2.31857521648966 0.743099894473311 2.31628699720046 2.12272019440392 3.77143091180581 -1.92746670384699 -0.999854542538892 3.29679062893412 0.115193088917677 -0.406253776023317 0.140584244731794 1 87.4190541926669
"1" -0.685812287055046 -1.92621384947556 0.684087699623888 2.24085781127466 2.23073294282697 4.33193398858781 -1.99539528179227 -0.268886610256313 2.97263710491121 0.223514810920213 0.518167258658142 -0.656568868591136 1 124.015170326834
"1" -0.317710240564937 -1.31218729550322 0.577424841873505 2.13023331715852 2.14000930542077 4.61386970059085 -1.75757361928386 -2.37502594278982 2.88826539191847 -0.354047021611871 -0.768757805470761 0.0346036164062754 1 146.704411729132
"1" -12.5746847502577 -1.37197606579079 0.886008313338073 3.02746221305913 4.03221574851996 6.47539585095377 7.84143610543528 -6.06488287114626 -6.75926492258857 0.99709219960685 -4.20939937645212 2.42295286557775 1 170.409552793259
"1" -0.789248009299628 -1.57876205421937 0.596499641751096 1.92097191828555 2.22127542660142 4.88635348979326 -3.32172115089565 -3.81297805675379 3.10639602846146 -1.52990199614487 -1.75634300506919 -0.0675691994733994 1 103.317149645691
"1" -1.23257295231786 -1.46002543733399 2.44956154508189 4.97652431325995 4.35925971786584 8.72526216237421 -3.26983675613593 -3.05721009907055 2.84251460152371 2.3902760737022 4.09963102122679 -7.12028250780599 1 158.356542347638
"1" -9.01583331153632 -1.53089861916001 -4.71898161514934 0.341272628226061 0.763309660012597 2.41147490417845 11.1470175760778 -6.90689915416236 3.82313743610815 2.92387724112866 -7.34355885571483 0.160229876141461 1 40.8146447690669
"1" -3.0174775957979 -0.178892630871944 1.97289533804189 0.692490299283891 3.13434199061483 1.75014840640574 0.883988889846679 -3.26350904572444 -1.06688580914331 2.72617862936079 -0.859475145309995 0.115193712613843 1 122.25581097691
"1" -1.74301762696733 -0.995736448016238 1.01002194669756 1.2061354565666 3.99658414190048 3.59513344647501 -3.04361800680111 -2.22018295821336 -1.21529445266897 -2.02305952784395 6.76505161611484 6.84101128588985 1 219.986857521603
"1" -13.1420528795628 -1.41350293634126 3.49973779807191 2.6811255613656 10.36280814215 5.73170750940279 8.00833532049546 -6.5735109179373 2.16211628428145 1.01045738953929 -5.39826187633559 1.12040788897988 0 164.010546855981
"1" -9.79126578569902 -2.00352269245508 1.37573144482315 0.96307318036723 2.82437286056293 2.88577500774905 5.75273018006527 -0.611855812020843 -3.78312730981603 -28.7809246715517 -11.3698344855437 0.478793594162963 1 148.977920801873
"1" -13.3046997864806 -1.64831603406641 2.79176050915887 2.71036911632747 4.74345086138476 6.15533016065281 7.98136895322249 -6.58780415360222 -16.0481913890727 0.553278815310443 -4.55629594642776 -0.352494165173824 0 130.957358450582
"1" -0.539647585445948 -0.405671968819887 0.367252182697848 0.329138621365263 2.09906587215014 3.71372187043141 -3.37699226057031 -5.79711024210403 3.18165540348175 0.963984943411842 -0.231692009363381 -2.14106833100002 1 172.094868655279
"1" -1.5096462687777 -0.708213003207878 1.01334403266797 0.578168652930134 3.15351495188391 1.99213565531529 -3.88535704588217 -4.66126113471803 -2.03542696328376 3.08391308122086 -1.05351833175587 -0.16729370357859 1 120.577129651183
"1" -12.8958195565753 -12.6593635853958 1.17790691575757 2.57079466844513 3.06754051181796 4.65155977872339 7.89759685373774 7.83687045865109 -18.6961424993081 0.312698530866838 -5.34538583755169 0.0883212497902722 0 132.174325981048
"1" -1.60340676813656 -0.673936172027203 3.18750479949336 1.24993185107476 6.99972451036523 3.50154090031729 -1.88079125289032 -2.12075162709766 0.626839752364365 -0.941374511620082 5.18425718109382 -8.78310478639933 1 249.922077746309
"1" 0.0148977961987151 -0.960067178051975 0.512004022344427 2.07054352013554 2.28479080809069 4.15614603334056 -2.26207507953657 -1.91492827272835 2.69712209191944 0.347318141706003 -0.542163504664722 -0.0313869337985353 1 177.692748638003
"1" -1.77694114489094 -1.0921259341249 1.07402507776311 3.7366666317246 3.2029119387741 6.57657105324307 -3.24721090204994 -4.00332479920673 -2.36345930249737 1.69308124912777 6.43717864242243 -0.15043381745227 1 211.333808539574
"1" -0.806598693215399 -1.37842193184524 0.637917047233191 1.73145424241709 2.02012276272569 5.11540638212815 -1.14769400510074 -1.54187371376211 3.21062383180432 -1.34765109721624 -0.128018289677059 -0.0800880252773944 1 120.548820589092
"1" -1.58013650385439 -1.21768947129417 1.02544350984725 1.35017634911972 3.30881120937603 3.1223139622707 -23.4693191555139 -26.353370118287 -0.931004140459751 -0.884163225700763 -5.45852553230772 -6.35511223652934 0 208.882060767585
"1" -1.3473591001148 -1.35267130281547 0.987667786290301 1.15755991923301 3.52832608084383 3.4158268388841 -9.7694686711749 -9.51983121853403 -0.439246257497964 -0.289386942016004 5.7127654943483 8.44547225962552 1 209.312143468086
"1" -0.202652623169586 -1.36546990106525 0.614527681710811 2.39379357854733 2.09819557704362 6.17217207812841 -3.77080073011627 -1.21001834935617 2.76211250261306 -0.317319017354107 1.86518427900339 -6.61353266276546 1 189.096703210241
"1" -1.01433063743382 -0.764413449244107 2.97841165409097 2.3310133119223 7.04435678183321 5.66491055408287 -4.4013435056689 -4.81738028612146 2.36840575465072 2.42390502741038 2.56114015516539 -4.080740345591 1 169.121083195143
"1" -1.72124937294872 -1.67026610310218 4.80064787029518 0.913778099251338 9.02096948963401 2.69718542364138 -7.00136024745706 -11.6105130053691 1.39536400684964 1.01001540867628 -4.38251298524092 16.8829849398259 1 164.608014765657
"1" -0.0824200042919226 -0.140630395528594 0.313939123675401 0.473772925448651 2.41384365553575 1.86261659073493 -1.85742495099107 -1.92628991657133 1.31092223894816 3.01362375924263 -0.0855049102494903 -0.600800909638439 1 148.472475017251
"1" 0.443827795224632 -0.897287658668622 0.643490333432576 1.22341268844127 2.41960804830534 3.6443736407117 -2.47919642044833 -0.750353317367277 2.55556392251283 0.336739372209518 0.323358150510307 0.225601029150641 1 245.667077467206
"1" -2.53545234825263 0.025616824643118 2.13384707311448 0.495390171217588 3.62474318641427 2.49592903114847 0.728915578527266 -3.27639906321391 -1.10718513479561 2.58630218525328 -0.896513780117612 0.182597342424339 1 151.009784073111
"1" -2.93197019516441 -1.7272627860476 -0.0801779268426327 2.45537550740482 4.11243863709298 5.46109225218463 1.85274607434227 -8.56324905619188 4.89008599022364 0.379828394347686 -6.63884118453289 0.275425680928456 1 93.9352458978592
"1" -0.166635400424589 -0.771543781521912 0.0311188710864113 1.95834491660642 3.30633580426466 4.18665361799964 -1.50983305439601 -1.67743314196369 2.59037732654136 -0.371183485452365 0.851541926267346 -0.117166867250902 1 206.960820920306
"1" -0.979816707639025 -0.471613057661911 3.79853803882185 2.48841256371661 7.13794469767676 4.99344839897102 -6.90740709256767 -11.3470764317068 2.60901277948351 1.18978713132904 -1.58578591230549 -3.56784893309702 1 248.935902867019
"1" -13.1692701534292 -2.03817705095175 1.07896321433238 0.92152500380644 4.60075154454997 3.17804815169612 7.94358347368162 -6.46858089106823 -22.1682408530426 -7.89954567542264 -7.62188979384595 -0.626173556850223 1 111.81972349278
"1" -0.504506384850666 -1.27487467801198 0.67242352794326 1.79895939683364 1.82993812299881 4.59191131403001 -2.49712764899526 -0.354709299298442 3.01095882333891 0.400880692206334 2.95173231727087 -2.42697714189558 1 139.417938504964
"1" -1.70010628950152 -1.9026588881643 4.31640979133155 1.08533421927556 7.83868863842264 3.19637904556467 -5.0040397157555 -0.150807923064469 1.69584660695441 -4.85401137358792 -2.87500976753338 6.95256323291427 1 183.470300427245
"1" -12.7068228121878 -1.64907231395495 0.808683592323674 0.879650421230821 5.35907907898341 2.74821326180146 7.86094397620515 -6.25945152492407 -4.88064167401568 -17.675340747074 -7.50323670521525 1.18812818485602 1 144.895452002592
"1" -13.4718756137553 -1.55735227412513 0.89301616715614 1.27193745937942 4.52438398237663 3.15385052713805 8.01025506038716 -6.39334981573522 -17.6920419955165 -51.1696681529429 -5.81229625225617 0.713630559421358 0 135.179397036733
"1" -1.43873023342034 -1.14756731866815 4.75909028805668 3.80262664453864 7.96527261167455 9.27741890878056 -3.08909547647974 -1.36908580630473 2.21911712961423 1.43127753766746 5.29427090015468 8.11509408249009 1 229.871828041521
"1" 0.722508604698963 -0.212034218148202 0.0160147110056466 1.37521306284985 3.13475328425149 4.46024091884952 -1.629219543334 -1.37133272748789 2.23489004217752 -1.01202201677196 1.22909720104368 0.36445566813148 1 240.178618418513
"1" -1.47148279350434 -1.14065653779252 2.40682227307417 4.38057290623669 4.66236153423853 8.06224527888341 -4.4418612465196 -7.27115221296489 2.720619244792 1.92516792753329 -1.90108450379146 -3.58107087571519 1 201.427679642127
"1" -13.2406615583768 -1.37152862950035 2.00005565016968 1.28699361682955 3.11531197561827 3.08767707145902 9.71034990670638 -18.2815085745119 -1.38081459030375 -1.40199978753236 -10.7946136408027 0.144179626611191 1 174.181098574626
"1" -1.06889177415785 -1.99338836151279 0.569989027310985 2.11167927988759 2.18717232129003 4.36027343319527 -1.01485399851093 -1.12117701395724 3.27531998464975 -0.574610753338379 1.06250787281291 0.520364517613449 1 64.4950355302192
"1" -0.000395951460399406 -0.560988290571049 0.407511361440817 1.79637540957613 2.59311283433155 4.56987092651793 -1.38664038713535 -1.48885654283725 2.79656775069275 -0.356509351105719 0.174497749765503 0.224559495162287 1 209.879632253509
"1" -0.192315311963492 -0.51467184411442 0.535744736697468 1.63390743947275 2.29145456352504 3.74655477150054 -1.41678218755291 -1.76769276724534 2.88163358981908 -1.01771425332856 0.789942352907071 -0.16144337807613 1 194.826810414853
"1" -1.36087265579942 -1.49244097736673 -0.0760200295407809 2.21125867962142 4.09629138273379 4.08305827264574 -0.22859867819374 -1.73629277621209 3.46431554244923 0.620846969707722 -1.49741556373067 0.155751441343688 1 141.17087642264
"1" -0.659815043343736 -0.828849383704763 0.489971750585124 2.69143546569845 2.90195171340552 5.14211095401618 -2.43019250326296 -4.38057556154966 3.32016048780441 1.51215039888184 -0.889132275100015 0.839947345228839 1 135.884763925887
"1" -1.08096303682287 -1.25536486385603 1.15361933668268 0.585146680518363 3.54872084180601 1.89283931689721 -0.778445666275751 -1.33284496325008 -0.8560596802914 3.53047685600205 0.47235788963897 -0.59776352025215 1 129.190626488785
"1" -0.616947881050773 -1.00792506588305 -0.00762643890026463 2.22309543299549 3.44219928744385 5.07803046522017 -0.544974731401374 -1.81423220055418 2.92514874490397 -1.2710146487956 -0.547532354672999 0.165018940055151 1 166.593876487581
"1" -0.343424253761415 -0.978820661438439 0.563115656225869 2.0280707724501 2.11370262648278 4.47038392705499 -2.95218084800654 -2.20567917446349 2.88564774343579 -0.358038069527773 -0.275264197334154 0.0700972345105028 1 149.465533252162
"1" -13.6036941746337 -1.4140714488069 2.77608668284797 0.910649974103559 5.35291539486728 3.30893098157378 8.08343839001144 -6.63935163714552 0.964379414734987 -0.723135079355471 -6.27372634646715 10.9645258696911 1 142.718589617666
"1" -1.98940825191613 -0.213844143958585 1.09326556560788 0.00127246303065601 5.29795250668395 3.50812361117161 -0.668394741009789 -1.98240508514335 -1.58508699572678 2.46406198878074 0.626738175318112 0.26734948135442 1 150.294973871296
"1" -1.93585155914136 0.11145169975525 1.47212529636908 -0.0686715023950873 3.32483240531318 3.91079979704779 -0.0730204561115344 -1.16643710173361 -0.659797381129392 2.41710625852498 -0.248460042401457 0.38689862040837 1 188.886009927287
"1" -7.03341500372224 -1.1378431756345 2.99455975601436 1.88166319522547 5.14483489876777 5.44542254417335 4.0318062258888 -12.0306362102238 0.197882157272225 -0.356401605277673 3.96734820497681 11.2234101599584 1 155.017700522818
"1" -1.30851740696293 -1.47743623773387 3.16227258931961 5.23895660636812 5.93563364833695 9.83019121245347 -10.0543585449768 -9.10272137455309 2.54133622347067 2.2730371385657 -2.31381550224266 -3.94081402087178 1 174.7045447279
"1" -1.16392023045956 -1.22181694450399 0.509949160078575 0.458125587912894 4.1282322718046 2.54036074402124 -1.25260365038768 -1.96596120075822 2.37066040787653 3.41706902296761 0.946803068100851 -1.6952150341683 1 94.0020114382905
"1" -3.12874962105865 -0.40015363250573 2.57759424534527 0.614016814179654 3.19403510922498 2.05673470659275 0.0947000120040115 -2.54237659635044 -1.05766986472639 2.69063185784406 -0.350735096420952 0.156334633505478 1 108.062502304583
"1" -0.93824223644864 -0.846063358595593 -0.291148567328876 2.33529422138513 4.68384187897433 8.53716604449618 0.282529051634138 -2.02339337256925 3.26735868589666 1.34151550929876 0.826696667435239 3.05889232598495 1 159.302753753326
"1" -0.397881695096271 -1.46592515263544 0.672890119863429 2.4807982894735 2.17268812425167 5.29784432583903 -3.76586379284755 -2.61626626710303 2.84623956616238 -0.52235007149441 1.83099207359364 -2.21161517995134 1 147.612762226982
"1" -1.60935631847517 -0.196200862024737 1.4532140804221 -0.204659187409871 2.23909755487744 4.01633910280111 -1.57905614391381 -1.77467402516841 -0.603197394891895 2.69072086228901 0.0171135705961916 0.217261318735237 1 175.66794405036
