"1" 2.35829470538375 2.21682232185549 3.28697520378422 3.24899772531386 5.95921047261128 8.66042469921825 4.9212990483487 4.84976014120657 4.22421961859294 1 -101.491072835937
"1" 14.5217017653755 14.0162734432211 2.44050428332343 3.80125192993268 4.88900827850886 9.93934507893135 -5.18874224990295 -2.40958402476505 8.65639666422973 1 496.716283001605
"1" 3.05769509289881 -4.84853885781576 -0.00578888149199877 -0.230977909932153 1.36634426880291 1.46024082312071 5.93908977190731 -8.3072757853167 3.30782611551077 1 -2589.440455494
"1" 1.14652372412707 0.292093851331184 2.13012255538801 4.02964583440128 4.624836463293 10.0629301008428 3.37272475978605 3.65392868497922 16.4283887034571 1 324.449449596093
"1" 4.13869821082145 3.88884210729544 2.60311388248671 3.86531081897747 5.1994525497505 9.13383264670455 5.96921535772823 5.5751801536885 5.99923208566325 1 398.334635475948
"1" 2.09773715127689 1.74546220126828 2.67803609089092 3.98516615789509 5.46452203131535 10.4959987282623 4.79953891154017 4.38813028689725 7.98682029276142 1 29.43794574408
"1" 15.6207251369501 15.4378861421692 2.9948355183944 3.70339370232017 5.63653762540689 9.18453971546319 -5.13354818293124 -2.99997746154473 7.32505695023104 1 524.063839611407
"1" 2.22861150545796 1.94393275220155 3.69981474329418 3.62012078594741 6.35475364221778 10.5850261094612 4.98211447974205 4.8362651549203 2.98551976768482 1 -85.4604885008921
"1" 2.02418996800555 1.39845791938844 2.49984847942591 5.88646806645728 4.76502855205557 13.7858129422113 4.61302476315652 4.21614796882614 2.87241485059588 1 49.7405978415572
"1" 10.9957371471064 10.6359717160853 2.84798084600739 3.63638099494676 6.2022480398102 9.22922878795613 -3.71418459217741 -2.52024380260483 8.84286984944955 1 484.030185295112
"1" 2.53231223987224 1.68747214189545 2.58066596273998 3.78601011754545 5.26128543507943 9.89450535569385 4.8852690988925 4.71938932367338 6.74548377292592 1 -27.9817117908888
"1" 5.09263229840869 4.93493586511864 2.54233571228565 4.15353960756292 4.94053221046229 10.1387187496453 -0.181625700637468 -0.80930424171093 2.58287064411014 0 473.107647137683
"1" 2.2005006463062 2.05645701941538 2.12165218221243 3.09596160767853 4.87345826520209 7.15042322932352 5.10992846987967 4.61145849120834 3.00261928541664 1 -68.8801894932676
"1" 2.25936552569434 1.64217542911257 0.64060139171953 1.45233569716144 1.20230231199104 4.76552898007357 5.30185362672513 5.14285676869918 2.03489513624394 1 -483.726277022301
"1" 16.1934231358516 15.6723062094634 2.31399631304374 4.96569914294854 4.58238003200462 11.8897431248061 -2.36842676344155 -0.582517624470543 2.99907594945756 0 477.43142393938
"1" 10.4434278590057 10.3234911913822 2.65963532177274 3.39647387654388 5.57633407600987 8.87588853898088 -3.15740127641422 -2.28911917404968 10.778332684854 1 479.523340486728
"1" 2.51909526838892 1.74638408872972 2.77415630272343 3.78112271822447 4.9796315567214 10.063307388031 4.99159616717998 4.87836239170383 3.65900338026506 1 -99.0472746144014
"1" 3.02533077444838 0.0227203265274974 2.60714653647549 4.12034529992663 6.36208642006381 9.76792431604274 5.30621916212058 2.67645722075506 2.92716802578936 1 -192.716502628652
"1" 2.37445205311418 1.78219783039855 2.4380176730629 3.85306634568592 5.18576442277425 9.25298985423555 4.86553744541003 4.55436940130377 4.88684220051764 1 -59.0308878230944
"1" 2.29422329579377 2.25743738723296 2.64326030750826 3.17074535137669 5.5395394876726 7.84270448760498 4.87301977978627 4.73280667477682 3.97644959208719 1 -21.9806193675977
"1" 10.4883306058565 10.3227395238686 2.57802243734222 3.68283297591601 5.32191326699004 8.68328603139338 -3.78731749692957 -2.70605633617288 9.26231375272924 1 488.496593440078
"1" 17.9948908294387 18.008039267158 2.63843860328766 4.06664887982119 5.69689259741767 9.97363576930419 -1.65806894920281 -4.85393334305892 1.68519681805722 0 545.367132110258
"1" 2.86916480024388 1.12941428373676 2.64948680894477 3.83107459067124 5.82996844876996 10.0491083585147 4.85745497472614 4.90312184602618 9.11302323725346 1 -18.1860806433297
"1" 14.1129030663438 13.8820377487583 2.91433978201562 4.05305031133784 5.77004881651307 10.1445322582023 -5.89287434818871 -2.00081809666811 6.31878115569742 0 491.313375278877
"1" 2.50697344604297 0.280141142777037 2.12246729685522 4.93693925600631 5.32119333407982 11.6139278726473 4.9871171329932 4.01619012414756 7.66749964661847 1 13.580510022889
"1" 9.81758729810351 9.46295508809979 2.56373217998282 3.28446956158893 5.38778813878361 7.9810875223358 -2.69587129005212 -2.4601707821772 9.81191955774213 1 493.044560652149
"1" 2.18631734219098 2.18334328595121 2.02321127843181 2.66463105007816 4.40467137923634 5.60396833001422 5.50523785562657 4.67612064094257 3.52276420158854 1 -149.328846899473
"1" 2.7711362077125 0.910288734902505 2.34870992323508 4.94808083174952 4.41752247011385 12.8153402804533 5.09696587323035 4.96968800276685 7.63587764271412 1 -21.3090673022907
"1" 2.59652967842946 1.64268361369608 2.50000553819957 3.75033307136842 4.90699361435285 10.0588578061695 4.96416044289766 4.85537022043477 5.11337695413363 1 -84.0743318477571
"1" 12.9070554739239 12.6759885322197 2.37366922249228 4.29183699772875 4.56253107597364 10.9243233418932 -2.92313122274465 -2.9289672877884 7.89183712678008 1 507.45700716699
"1" 4.82268551512365 4.33467492903029 2.33965054206312 5.01956321170613 4.60276128306144 13.1321224726311 2.90781594276751 2.90292843569385 9.12066404775343 1 462.849651094427
"1" 1.82555146626525 1.82315136248371 0.603111683794435 1.72924162562824 1.09142951057036 4.22496805489161 5.33050785252792 5.00028543550614 1.58338054458515 1 -249.791771256515
"1" 2.5864573200579 0.163708052477483 1.61180691314223 4.17006129918185 4.9096341810582 10.3122563826765 4.65408523881071 3.25852448408041 5.60566114585323 1 145.953368605965
"1" 2.41509710232826 1.59859835314218 2.22414352990006 4.45929744656201 4.4065264961006 11.7126813428996 4.87895881561046 4.71307129382878 2.44487290224495 1 6.10592211865878
"1" 9.94128785854605 9.29175104585457 2.60128442160623 3.89034344332106 4.69781055006959 9.66943654922978 -2.61017400289088 -2.53342138881709 9.69042330039559 1 478.026043477063
"1" 2.12858151573182 2.23833764053055 2.09734223572562 3.10131055141216 4.06207986390939 7.61828710935174 4.98304025699616 4.82136352862543 8.04173709869547 1 -46.5942445597248
"1" 2.91074026126361 0.490910973421701 0.493076183759154 2.30276573889856 1.4188939802167 5.68856619689525 5.50693284967821 5.42637847779453 7.61999233788361 1 -748.634854919317
"1" 2.26648215978954 2.10764666027823 2.36209397635082 3.37864840003805 4.5882879630485 8.66191598192282 4.91827947251512 4.7728720685275 8.82266969800976 1 -91.8806130577404
"1" 2.83450428263072 1.15135178460377 3.23976803731481 3.88874158027561 6.80925920760258 12.2078598088843 4.8398702846891 4.95057100217662 3.05665603396475 1 -146.099905049748
"1" 2.44519902271717 1.89481001240855 2.46263253683454 3.60071506910252 5.11547289478784 9.39701959527653 4.88932572070452 4.7222021667593 3.63036494649816 1 -106.445520818055
"1" 17.0439894204983 16.6275603005709 2.37155560925699 3.99076096113791 4.87602605099316 9.96792824886647 -6.04432338176959 -1.56132117392669 4.25101861876365 0 518.527664688271
"1" 2.57870045786186 0.460766986923848 2.11076858658435 3.82592005117772 5.24066977400704 9.05938734319795 5.17842196001128 3.8451513644544 5.667651612444 1 -32.6945127642375
"1" 13.4142876748605 13.4077459138534 3.06762503664441 4.23021114291438 5.97925498349238 10.4128413608531 -4.62126853305836 -2.93440479446225 10.9055806176025 1 471.641046795149
"1" 2.42139126482771 1.88674356438493 2.88883899997809 3.78913243503077 5.62267203970348 10.1705780016458 4.85932381248664 4.69932606178833 6.78081015293679 1 -27.764215487322
"1" 2.66450703688216 1.57460538861758 2.60979595549798 3.36246763824533 6.23191936696067 8.5815847988919 4.89330703587585 4.54294627167451 3.53374129710772 1 -15.6254401136639
"1" 2.1205542174591 1.60072376182576 2.82108647611011 5.39168237466693 4.72095909059653 13.2562788776158 4.7083162564141 4.45987236178083 3.7756211687268 1 -31.7353921543036
"1" 2.14670381345102 2.19049169993978 2.19378443973779 3.31903272081424 4.02725348480511 8.37629719561131 4.9438518951393 4.80059626325864 5.94770539590627 1 -40.2054955586864
"1" 15.9486373885261 15.9539420277802 2.81408379208972 4.41486447779755 5.30428462760528 11.3063670316534 -2.38170035232017 -0.734252448141003 1.7780229782199 0 468.899898328439
"1" 3.31630481108478 3.2545314834556 2.47958856683334 3.48704536320527 5.44846970546799 8.75361032986131 1.56593619683556 1.50183073926915 16.993717493545 1 407.051226945553
"1" 2.60079443868216 0.491159058076125 2.29549967602865 4.0408666601293 5.69236689376583 9.61939114826714 5.11622117038673 3.75331962680342 9.1842618770365 1 -23.7514970517559
"1" 2.50307863161917 2.03540509630468 2.80032279301314 2.69551320595335 4.73039739339941 7.23837245889963 5.14449668431365 5.10184996314545 6.68251585909466 1 -35.2766108628457
"1" 17.2454217647028 17.2043657488951 2.3427645261451 4.49137371878418 4.76884475921717 10.9982780912106 -4.14102261320754 -1.98193853274318 7.9718273564506 1 484.585168200781
"1" 1.80130067567159 2.12169110881986 2.49924736431921 4.15019702449163 5.4905473336299 9.89570493086512 4.83489124812242 4.26747561304047 5.15422643532736 1 -4.88858263407656
"1" 13.9724807386223 13.5227872304625 2.43672417690512 3.96871139014223 4.61983081630352 10.1513500410824 -4.53366251953301 -2.15553647130819 6.76560326628473 1 508.014114362831
"1" 2.31419844058396 1.91401217290982 2.94001315156856 4.9397030548729 5.73527965450675 12.2778005461455 4.65748045785219 4.47452341830992 3.5003506689371 1 19.3166205528742
"1" 2.3645285154682 2.09729227511186 2.6860791621427 3.7374540843298 5.65049981951804 10.3142586859282 4.77493271482751 4.66550049203445 6.77849772694758 1 12.137192769208
"1" 2.66874192964835 0.936925009421256 3.08149264373736 3.43419575750117 5.34772284782429 9.56999187664107 4.90536969230348 5.17603875061161 7.91886330472159 1 -98.9722356205602
"1" 13.8064858843147 13.40812586938 2.92195730579965 4.22073713984219 5.53279509509611 10.0656416993556 -4.14823109292673 -2.86053558992446 8.17727141579387 1 503.261616990555
"1" 2.12087447453635 2.51382532632695 2.78051889950743 3.9816955912419 5.55807032092402 9.57062386630938 4.67710571515236 4.62330139677129 5.04564165199374 1 37.8854187572442
"1" 2.6725729298572 1.8721642203977 3.19379342834331 3.1778681333234 4.98839661213916 8.49772926075613 5.23082205700292 5.24293258414125 3.07725671847993 1 -265.404029884994
"1" 2.01827026448108 1.34385765133467 2.53314004562263 4.99491001861656 5.56772966449201 11.65921368637 4.88102680217658 3.94057094158036 3.67469366479171 1 82.8019445529617
"1" 21.8037846372784 21.7069081702849 2.49602102511596 5.14945355780861 5.39724946860348 13.1327541918973 -4.71926271061944 -3.24532631559196 6.03868283203261 1 479.324529384397
"1" 15.2513686620632 14.8598186662618 2.49656049885386 3.82313211848865 5.00769163255017 9.01359249892779 -5.17734957657364 -1.74681355662924 5.78963282478357 1 512.369179572956
"1" 2.16052467954686 1.55560032237676 3.0327438765699 4.80518994278648 4.63843216634922 11.8422379573214 4.87475335487987 4.66040258479726 5.36291709417264 1 -56.7090918320064
"1" 2.37138893937592 1.30548794348505 2.48204344132899 4.49249473224101 5.49344787894962 10.5660320140751 4.82053159442304 4.29660512506448 3.87876545199144 1 -21.2797166513119
"1" 2.45588812489616 -0.64180924279888 1.28307730374651 4.01491687606421 3.38485720756752 9.66376284361715 4.69238970319334 6.84356182449259 3.58252960035773 1 -284.929314502643
"1" 11.5599411481394 11.0652159680335 2.85245652876425 4.0893250323364 5.39841977063465 10.7419407524395 -2.60097171564546 -2.37669337648522 10.3134595514721 1 475.047817148627
"1" 14.4020418860265 14.1209257078062 2.67892933308145 3.60844924165318 5.5521618282465 8.96580189632324 -4.16647281807631 -3.19272718576693 8.7175034833367 1 504.372691345455
"1" 10.1649824631426 9.76352351519332 2.77345451153986 3.87928879306503 5.44033545968075 10.1899660192806 -2.84758717607654 -2.20626631422251 9.90137871735963 1 474.28027933479
"1" 1.95956942329702 2.32354548913086 1.61363651850269 2.84507661945185 3.39363869679117 6.95289255502336 5.02407783499424 4.86284648646933 10.854492300164 1 -41.2583158292555
"1" 2.0386559206329 1.40286798892506 2.40471562157322 4.2257524248075 5.73440883729549 9.90237206346976 4.95712178695216 3.99846202964248 4.84662481412008 1 -82.7270050072848
"1" 2.42912372746285 1.85272315633305 2.14036821947684 3.36080038380408 4.2962703958931 8.5170485115873 5.00733996721424 4.83048902751153 4.19642796258422 1 -126.005344612676
"1" 2.36576305468603 1.99357931918915 2.48487860449222 3.11892541051997 4.37304288911957 8.01092416528871 5.0380872004117 4.92540191929967 6.30812596620791 1 -61.3641283051265
"1" 2.6757078477361 0.247513364399819 0.131825165876633 3.69696930478976 1.47310935394436 9.70079339097978 5.64794545185827 5.71101913869035 0.965942426516205 1 -947.565270117128
"1" 2.48923544597151 0.61500716146428 2.5624833632807 5.17163052887304 6.14829664242901 11.9835956829767 4.83698381866099 3.9954588530689 2.0434596430328 1 -29.6195845481834
"1" 0.359809200204313 0.0877791894516046 3.14767512381119 4.22195934113163 6.1323464434919 10.7657924889105 1.62049192039246 2.21670220874002 11.5753790879887 1 444.497479088855
"1" 27.7338564209792 27.1818980920279 2.10253482212776 3.59290093042836 4.34557911277361 8.38763238878203 -8.53134884254209 -5.3425218133187 11.1271767538337 1 528.929249613323
"1" 2.40327545779652 1.85112375755796 3.07541176053369 4.09623854482821 6.12114377363256 10.1509574119351 4.77411186468158 4.50747023590402 5.37395990906323 1 -11.3581152674251
"1" 2.26414906296991 1.61641793926322 2.05214543333836 3.95923085925551 4.95395192028003 9.52423956364968 4.88565863155491 4.45484245141582 5.74936610052024 1 -23.4471560979673
"1" 5.64820768469717 5.41956627544565 2.49971444131476 5.64151093525926 4.54028888922965 13.5481430158166 2.86885045105574 2.9054871535457 8.89814853297177 1 455.973132417571
"1" 3.571602187437 3.23049513101143 2.86954423285793 3.42319720531327 5.76036751475433 9.12148618096484 2.42927063425412 2.42344628437289 12.8013540142702 1 463.783130612791
"1" 2.7209486981501 0.839434129539394 2.84057294411093 3.70852560136057 5.08200088816923 10.4089153039345 4.97487217376372 5.21633696479266 5.08700542120195 1 -114.197487763055
"1" 3.67692358818391 3.25913828837015 2.45405905698038 3.5788983034067 5.21184800953806 9.32107758427704 2.6129789035133 2.73819015065064 9.74528161541939 1 470.710159837295
"1" 18.36192238288 18.1068088101158 1.95563686021926 4.9931187965735 4.17218526512683 11.7735178436778 -5.51074258253553 -3.1620587719363 6.96500185582114 1 528.689120967162
"1" 1.53920288221834 1.00968522022627 2.74605537370718 4.35169589816808 5.57069559166348 11.4912090730814 1.4974893449478 1.83920982606604 10.1559496886814 1 447.234383234735
"1" 3.15911194830951 -0.261297870761753 2.72268900117045 4.29764580863456 6.61003003129452 10.1723577473612 5.32021793738968 1.9561207423742 4.69455390789366 1 -245.189427762818
"1" 2.19013509304633 2.0976745240099 2.72002719863069 4.67740108987893 5.1475584433733 11.0296582588731 4.68677364274636 4.49120298726219 3.82888275770517 1 5.10812871638609
"1" 16.3056935266274 15.9581270621371 2.61817777145267 3.69362563192034 5.09486673356545 9.44586570938758 -5.41738755900121 -3.33865316155988 9.67777046578303 1 502.108453515403
"1" 15.8810313896886 15.8390170366113 2.80304543450612 4.04819662640132 5.62526053459853 10.3151438970746 -4.95879030661696 -2.9252894152135 9.63574082794957 1 490.810997428266
"1" 5.51709394053652 5.00239670895667 2.32554464153387 5.44298743948494 4.80180269750142 13.7679596961366 2.80883364058506 2.85242839531222 9.23389493332276 1 460.321741960387
"1" 1.82002646228644 1.92158826021159 2.55041875039358 4.49977927734249 5.1968098185091 9.84538719143484 4.82904212315297 4.1978191160112 3.4491964002973 1 -22.9725004057673
"1" 2.05916481221383 2.16071298726423 2.87345958197959 3.89812081058165 5.147805710735 10.5256155289808 4.9167543875342 4.5176017335491 6.71457381750382 1 157.360901221123
"1" 12.7658414249534 12.1463676178488 2.31107800343673 3.30596393386166 4.74212763510224 8.87797345615032 -0.982631105659909 -2.50813640111624 7.33240166145016 1 489.019579771598
"1" 2.82830644375852 0.027328400735822 1.95485053371544 3.93781846142335 5.30486680101757 9.82809969358929 5.23730398415403 3.59107240770024 2.78102366612041 1 94.7125429142006
"1" 1.38981537477465 1.11996980974922 2.66600103859893 4.14301929434662 4.93903739569789 10.4329393907839 4.35780419387706 3.18544005697253 5.76603798375488 1 251.415233083225
"1" 2.90078175387804 0.23742952382315 2.56887320245864 3.87537582017788 6.04736919114393 9.38844403025868 4.92930959354245 4.37905906421014 1.48208375500886 1 -2.66327225194891
