"1" 3.0156059041 2.58193581823453 2.48916929839459 4.02888982985442 5.03569732635719 10.01593713944 -0.0254157121568052 -0.527469222580252 -0.380873287671223 -0.183296894154922 0.192354613847418 -0.596422023281394 0.342199373907914 0.352393826227913 -0.44823778515553 0.182799849989056 1 2786.54979299532
"1" 3.05457349935811 2.55120252718192 2.45068670736702 4.02094837487724 4.90419271911102 10.0119582922242 -0.0268101905398427 -0.527292962564967 -0.227721728273735 -0.144098761921785 0.180003955204542 -0.57818062757734 0.346542105795569 0.336210481975772 -0.448890834714949 0.220381118493218 1 2931.96073070142
"1" 2.98019979492803 2.6285574945148 2.53958409315432 4.0646198367456 4.92483600627993 9.97576641963845 -0.0281114667106396 -0.526840724721322 -0.281829338541029 -0.0931874147326915 0.189588501806673 -0.592265185961964 0.34551897780187 0.350958680314582 -0.44951218460883 0.186324860095428 1 2902.26843319294
"1" 3.05073959660742 2.56040790948792 2.43103651904449 4.05126348500675 5.08923416589501 9.95881588783165 -0.0414027930978641 -0.537395321767402 -0.374017267340083 -0.0482015493159315 0.211936752452061 -0.595684571781674 0.334835360271462 0.35019711241927 -0.439192417617947 0.179320110069812 1 2933.2966551221
"1" 3.00457384153245 2.58503174227028 2.61077060992471 3.95808697405807 4.94052342441051 10.0406676653954 -0.010376302665719 -0.514668463226578 -0.368928436839368 -0.142736966443606 0.173026970392037 -0.579647390737195 0.386808577059877 0.338851183786564 -0.480567829066236 0.16245764427748 1 2702.45554778908
"1" 3.04972203543236 2.54903644783764 2.56369923740694 3.94582508007942 5.06260486083669 9.99474394650529 -0.019510796709006 -0.520724513819647 -0.423825415078386 -0.0180541258913415 0.179349091517658 -0.579277176071844 0.370576394820612 0.337659243708533 -0.46857004505574 0.181641888263182 1 2800.77735035654
"1" 3.07344840160162 2.51637506214421 2.4624856341634 4.05719764355754 4.93464175558003 9.92875924692587 -0.0557275527444779 -0.548819784413526 -0.17947567321617 -0.0177114579236027 0.265883242759616 -0.586930287629123 0.369969056721506 0.345723842045194 -0.463969347975201 0.0786661240285896 1 2820.40105057056
"1" 3.00436158576625 2.59196635947863 2.56725858570822 4.03101447171085 5.14661111986663 10.0285543532376 -0.0528747685777931 -0.543625745005811 -0.543291344998128 -0.182052150297821 0.231498746626808 -0.549769267548081 0.370015223776852 0.309853573266234 -0.468303813194558 0.179349450309386 1 2770.55177894003
"1" 2.89578531167505 2.69782310073236 2.47664051759698 3.95539445323544 5.01319323836857 9.99843564129108 -0.134533870675571 -0.584598599438178 -0.257485497698957 -0.0527604921643534 0.401462831672836 -0.583230681357182 0.343840133466303 0.348740259394113 -0.450907496170795 -0.0600439483619933 1 2804.1228364802
"1" 3.02504156962687 2.58101400017924 2.50185953586848 3.88693669444989 5.00915895687727 10.0512477375024 -0.00366513834920997 -0.507804899629643 -0.356056997376198 -0.104187538727142 0.143756342064046 -0.57269500028759 0.38603921400884 0.331422735426567 -0.480358913159141 0.203874596097994 1 2964.91439631928
"1" 3.05009696916775 2.5593923274951 2.49364861521698 3.92849747982141 5.04058568407655 10.024512086093 -0.00662633608916567 -0.513916094345685 -0.385429365370255 -0.0857546639220103 0.150142474725962 -0.59025726398888 0.355234599824383 0.346593159075376 -0.458180700722579 0.214949333480124 1 3041.62576958592
"1" 2.99131786222873 2.59896885189837 2.47065224878543 4.00855927701442 5.03207159801248 10.0095032878164 -0.0115752545471566 -0.518037272921825 -0.364910566750135 -0.127311155994142 0.165760986874956 -0.598786689701132 0.341375619235267 0.3553515576133 -0.446585585748968 0.206461036716541 1 2627.86335448154
"1" 2.91304748362882 2.56086238362836 2.6830739738321 4.02334777743458 5.18259285493098 9.76659027661652 0.103311429897462 -0.535655571482092 -0.483549816903589 0.0318046135515245 0.308548116305159 -0.543371118461773 0.472497100749272 0.481125998332873 -0.697033002233823 -0.445838138264079 1 2743.02013013343
"1" 2.98051314594141 2.61934815399737 2.405741320319 4.05242189335564 5.06906635474418 9.99811082279672 -0.0157130768033022 -0.520130876515955 -0.350304093281209 -0.150637474513948 0.178337008258986 -0.604215241473721 0.348711655965267 0.359647129378928 -0.452237876949097 0.174782207251556 1 2807.27340345486
"1" 2.99137751414625 2.62429565746657 2.60626660631535 4.04750920512128 5.08606249534906 10.0012916991208 -0.0224780930500191 -0.523484244233045 -0.472593139265156 -0.15462878708979 0.174498786222978 -0.599207660897044 0.333987738054268 0.357303369126568 -0.441251251539601 0.206546388157573 1 2933.2842375682
"1" 3.02806659736155 2.56582554028378 2.56845445561036 3.96506390055818 4.98521266698564 10.0394119199068 -0.016671527327357 -0.518842706780463 -0.398178579434945 -0.166689940049233 0.171483982107962 -0.57613115831849 0.367447869794054 0.335119403493502 -0.466749766001953 0.198471736981001 1 2718.5387688864
"1" 3.02908995838863 2.58154329376912 2.53555068713587 4.09311161075478 4.97379171279338 9.95507297505464 -0.0280230205252118 -0.530004628776293 -0.349713127375648 -0.085745626949683 0.191658532675214 -0.604537952713972 0.329149258987326 0.36165535155052 -0.435734357320401 0.189666845322827 1 2923.18073665651
"1" 3.03790263428574 2.56997796674711 2.52790767698825 4.12098914186234 4.9727120339507 9.94347625476665 -0.0287915326878994 -0.534231971665015 -0.387139776149331 -0.103185081904458 0.207368472083594 -0.624361596762316 0.311205590252428 0.380373824509756 -0.422564572614276 0.165362517332424 1 2891.20751548529
"1" 2.95561261407901 2.66704400139597 2.49735689261364 3.92698431314705 4.99650094287882 10.0073629537553 -0.0369456501785705 -0.528567435517202 -0.351330161825422 -0.0588830045149529 0.202694753165243 -0.584056305609438 0.370896752179647 0.342858657422204 -0.470647560224335 0.147296360078542 1 3017.55691800515
"1" 2.99716189651381 2.60643371006713 2.51305318308208 3.857040795564 5.00770462668919 10.0583503732259 -0.00569019092745683 -0.509371775396378 -0.362724525316753 -0.0936999545919615 0.151316910507684 -0.576425384001255 0.384582140079171 0.334943601526204 -0.481611316597633 0.19104079650043 1 2893.69744409642
"1" 3.08000599526679 2.52770248026889 2.51080408371856 3.99892594960937 4.91902332710389 10.0023272219931 -0.0292016938498292 -0.528964434088486 -0.279461142067444 -0.0925357717114427 0.19150600296913 -0.580054863046614 0.356459355339811 0.337464860214066 -0.458197443243704 0.190099295883541 1 2925.11184760425
"1" 2.98913979437433 2.60410624872553 2.62738902383145 3.91298983140531 4.93709468377044 10.0653458439466 -0.0181419198714832 -0.516065208895834 -0.384472580774293 -0.169358178881352 0.166690467491372 -0.555175236963968 0.385361069958869 0.317382937132763 -0.48089589645637 0.208387239194084 1 2690.41326242149
"1" 3.0448614664288 2.55265096892492 2.4498108810422 4.01524811335696 5.03000244303581 9.99241269243561 -0.0236607592966219 -0.528506496876586 -0.346371734003869 -0.0956511684842921 0.193886799270198 -0.606406724110783 0.331827301761538 0.36012770232309 -0.43879227342972 0.182490267465227 1 2824.34138164934
"1" 2.91752564658419 2.67288925033434 2.49887987928577 4.03880856515007 5.04499268981399 9.9697021495043 -0.015076934252949 -0.519250910669337 -0.391872860360764 -0.0712002031127906 0.165305585059729 -0.591576396233238 0.330885819523497 0.347907133474991 -0.439967335304591 0.233970776494421 1 2683.55378420719
"1" 3.02916283827074 2.55807635757476 2.6801002274612 3.97443473789993 5.02401029462195 10.0748141439858 -0.018855123335297 -0.518637402825588 -0.449847610232904 -0.235132695283468 0.179732044381177 -0.556531292248943 0.392026936967571 0.318988298271184 -0.485458416508713 0.183469219731938 1 2657.21781760935
"1" 3.02474843895013 2.58825358938575 2.5945355904258 3.96621654727846 5.06508356493712 9.98950962958831 0.000462780633007769 -0.508420868146324 -0.466991028305092 -0.042206541457397 0.139800362417661 -0.577481777865467 0.379525188001308 0.336666065926604 -0.474064382982887 0.209851170424817 1 2964.46025915952
"1" 2.90648067675366 2.68621662707252 2.51938243954642 3.99986483645619 4.92319185040824 9.9817062820678 -0.042694910005749 -0.529743728890907 -0.240715546886199 -0.0591823904474966 0.220645314125126 -0.560806395937749 0.390696264851691 0.321950003902031 -0.483610735364705 0.137996806618069 1 2778.13848930442
"1" 3.04335301298305 2.5771538902289 2.6530561187025 4.11159549310759 4.95066792879498 9.96025348871829 -0.0283712545833401 -0.528762965558757 -0.342307427520826 -0.125020787614785 0.18122613412397 -0.580811843653215 0.337273875817693 0.34165663757345 -0.444385196595507 0.224042604695369 1 2927.45525191272
"1" 2.96583251871891 2.62922138040281 2.55205306429767 4.06410990430883 4.99979252962489 10.0011004930796 -0.0258854750038904 -0.525260934788322 -0.364330713922294 -0.154219178173047 0.185407772101047 -0.582134217051343 0.34793137297069 0.341847892038089 -0.451955936950916 0.203108528489123 1 2737.44957646082
"1" 3.11070658445808 2.49238517106471 2.55246426489294 4.02910502428291 4.96746410838864 10.0204539538064 -0.0211908848287704 -0.525138514789497 -0.329333031966295 -0.155029474397829 0.179020802363634 -0.584466256190541 0.34768040939703 0.342818831940969 -0.45314431797343 0.205897334229616 1 2864.93144780604
"1" 3.09082785326199 2.51676123612572 2.65179690567947 3.93869887558775 4.98358304547516 10.012445498403 -0.0211130309833251 -0.52028100998174 -0.408806364158078 -0.0640883696289421 0.184410219771134 -0.576057914721049 0.385833192294682 0.337565826845534 -0.481576692196222 0.155126001613158 1 2901.98864510433
"1" 3.10237887944272 2.4951824129755 2.55501715536506 3.99458634344976 4.92489412956626 10.0385202173967 -0.0246463446960925 -0.527090163307382 -0.3062928633561 -0.161160156130526 0.186412763172213 -0.577179496054262 0.355927970267668 0.33520138374285 -0.456849135169708 0.201110099572232 1 2816.13444415299
"1" 2.97047629580648 2.61539635841859 2.52655386127931 4.07243856723294 5.07301635508826 9.98146552010485 -0.0296037120706934 -0.528943678398923 -0.424595190319353 -0.141394940031998 0.198639822484923 -0.582116121080952 0.353278234494311 0.341024819911864 -0.453682210884616 0.184409378135789 1 2652.71900199777
"1" 3.03672797415004 2.53021641056432 2.61596852608162 4.01171234636133 4.9951644996479 9.98686621391937 -0.0296466441407328 -0.533420582346969 -0.423538996059522 -0.0707175492562567 0.218925615620692 -0.597702800742205 0.338862937905445 0.355015223660573 -0.446660942988308 0.156121669247322 1 2642.20610583139
"1" 2.98344127112594 2.53800197287751 2.61079264967464 4.29884996764853 5.21096030899271 10.0212741171801 0.272723358667959 -0.31884605396093 0.195900198191643 -0.464278157839086 0.236664368399827 -0.669830525750233 0.694565294108565 0.390348112881189 -0.734098676319738 -0.818351683725387 1 2790.29771871479
"1" 3.0878865727511 2.51477112965477 2.42119901945068 4.06869509866169 4.96818457038601 9.99616753046984 -0.0449971190063755 -0.542855083403889 -0.245968515872446 -0.160178415186464 0.232116870399658 -0.602188738252775 0.3343411409841 0.356210668806994 -0.439388445182778 0.147013373301355 1 2878.40980550977
"1" 3.09119359460783 2.5179996903125 2.60763902899371 4.16334817873003 5.07952699493032 9.98354450619672 -0.0428207683911409 -0.541689372112719 -0.447881161555214 -0.212189225418346 0.223232696609007 -0.608889618565218 0.32198013222993 0.36191521253851 -0.430171495007415 0.164009047139417 1 2876.91060328791
"1" 3.00779444884136 2.5894282139026 2.58336598938934 3.98895934082615 5.06669085231755 9.98022846739717 -0.0210857233687687 -0.522968719694379 -0.463145772540032 -0.0333052295749092 0.176318095513056 -0.587499522438032 0.345800662998731 0.345946556657495 -0.44947188147843 0.20773007879776 1 2760.47133190244
"1" 2.99284585600129 2.6406967077747 2.45771693247164 4.09388713908465 4.95852826184473 9.98339599941999 -0.0475957378079708 -0.54837072445781 -0.244799766904771 -0.129041584003656 0.277322020540699 -0.595435235539551 0.372346143181867 0.365766682747064 -0.484082664351373 0.0176167566984241 1 2922.39812330549
"1" 3.05408942883884 2.55491596783223 2.60959006823526 4.06785969298992 4.99350284132902 9.99133667453399 -0.0529092322393981 -0.540104407323322 -0.387130821706119 -0.152259489666321 0.221463146624266 -0.565587406660642 0.356882971968535 0.323809701367505 -0.458154117831317 0.184083828679225 1 2894.88354765889
"1" 3.06557810729375 2.55957111711732 2.47913009102218 3.95827547851078 5.21539923622393 10.052316449866 -0.00301655535454244 -0.518276831055826 -0.451258952757361 -0.0803191390069244 0.194307321863628 -0.674229954077375 0.315209747040092 0.418431154053453 -0.416963772086793 0.0995509734757103 1 2889.95725139012
"1" 3.08084054174092 2.5056563298691 2.56387729324339 4.07579979222741 5.0966261491853 9.91822277615254 -0.0495602185589896 -0.547747048464002 -0.512017229549088 0.00459434438891574 0.257621528779993 -0.639873326690305 0.296608543205452 0.391365388297819 -0.413903402093106 0.104899486780593 1 2759.32168222417
"1" 3.10810862008716 2.49364842745179 2.54259707248047 4.10393661764221 5.03562617532589 9.96798083400961 -0.0295064329739872 -0.53360781647212 -0.409955413312829 -0.113890135529422 0.206299318125257 -0.597863613165928 0.344133245456735 0.35316858736435 -0.445546763021436 0.166903457313211 1 2842.54815403902
"1" 2.9608367165798 2.63827149719493 2.56792550015255 4.05950826034598 5.15307878954312 9.92930598417464 -0.0433984221129588 -0.535470540730653 -0.526217624772109 -0.00723636566356993 0.224746382766348 -0.593370920475275 0.34720861788023 0.351415808907593 -0.449691805548163 0.146858088171511 1 2788.14885027428
"1" 3.00441660958529 2.62390140483289 2.56750076355275 4.037469030636 4.96010843410764 10.0811667094969 -0.0441829657395338 -0.531662756033306 -0.33197648477314 -0.283262411622893 0.221953152180692 -0.602712624834828 0.359290001887251 0.356394468547022 -0.453285699449375 0.122905068873235 1 2930.67188339275
"1" 3.05886091519753 2.53177050983731 2.58209561371933 3.97826507699957 4.9956501041471 10.0320051553538 -0.02329792262094 -0.524447230883972 -0.380485192520614 -0.156017545876066 0.190608972557292 -0.58774401415802 0.361227215189298 0.347897427970967 -0.461653017882792 0.168029128745192 1 2691.27448472203
"1" 3.00823145842969 2.5948142296195 2.54582817293782 3.96247534618986 4.93310620147078 10.0079870434434 -0.0098686344690519 -0.513909249507036 -0.336689962660994 -0.0758856682883358 0.165620651324538 -0.586589961963919 0.375057408386168 0.343287697712477 -0.473122568367004 0.17670907133616 1 2874.32826625128
"1" 3.03956200316702 2.56008474827192 2.53046309164412 4.05713108517167 4.98409388850854 9.93035894265505 -0.0622346933508469 -0.554723769974222 -0.277993002219975 0.0120375138273343 0.291519662238573 -0.617855611816644 0.345903473878608 0.370475930314163 -0.448874564156014 0.0302921101195708 1 2849.44248774097
"1" 2.96165956107587 2.63649242236717 2.61985681970159 4.0536298954916 4.96036664690129 9.98557682704214 -0.040688933427344 -0.534178092096304 -0.347711408130321 -0.0983143450297665 0.215566544820666 -0.588878493536335 0.350689754440648 0.34703877348609 -0.45343689407059 0.158323894596896 1 2798.77433457219
"1" 3.04166216392693 2.55461767699571 2.48924425900848 4.00553111937595 4.96492337274042 10.0020391253989 -0.0188523381900136 -0.521660563848214 -0.312598407912262 -0.140210610324012 0.17598528049692 -0.588615816966411 0.350482179758287 0.345329211850082 -0.453239684785788 0.200560677516303 1 2800.32047752672
"1" 3.06135949959786 2.51561373128582 2.65281110618005 4.08120059601511 5.0558980589149 10.0235979488918 -0.0417463111626151 -0.541422281931406 -0.453980560319004 -0.224693050584875 0.224551214962166 -0.586524243979896 0.324555578951939 0.34784536319695 -0.434775825475266 0.189426972670243 1 2642.00112966503
"1" 2.99321114406953 2.61935461791979 2.43117253259763 4.07482269301602 5.02590447466187 9.96481573720571 -0.0377353614324132 -0.534876394456176 -0.309205734067457 -0.0783524926173857 0.21507759720568 -0.610583750105112 0.33575889831372 0.364669769302666 -0.442217036878035 0.146326014150432 1 2937.15902758913
"1" 3.1747863756708 2.68068209761263 2.36159627788752 4.12282149433383 4.98507291664157 9.99087698699862 -0.275957229032499 -0.746650460374394 -0.288995171374923 0.0801569136979081 0.685061152982323 -0.291972853957999 0.374891394298195 0.15105533733692 -0.576899702764366 -0.29972754830963 1 2976.28968724301
"1" 2.93309508400604 2.6690833895642 2.62898515352874 4.11829692762026 5.07492142986645 9.90356348228563 -0.0495727456951924 -0.541185941381013 -0.491625688872861 -0.0123183688381575 0.22083167421277 -0.602756056059209 0.301715021434823 0.361310796260645 -0.417811116279577 0.200925718087422 1 2812.54141502335
"1" 3.11331175355084 2.50136933744967 2.57455401536327 4.0420609983316 5.02700102323268 9.9597838298191 -0.0106517105560364 -0.518645032202624 -0.382018030101847 -0.0404851700488652 0.164587837416192 -0.594476888711104 0.353518749377805 0.353229885643812 -0.455709075537757 0.195166038501409 1 2960.79726203139
"1" 3.0736294581501 2.63531358678917 2.56259907301643 4.03630917301358 4.97227020647277 9.93694870038788 -0.0504687071320308 -0.522368553410169 -0.521496792582944 -0.00416325798371754 0.322710830952178 -0.630957365681869 0.382910255980194 0.379443852222954 -0.475052692782629 -0.0952851973592633 1 2994.6010106163
"1" 3.03437048126941 2.57637574606623 2.4384117455031 3.94293667306094 5.00833763064144 10.0290458701844 -0.0198176347463346 -0.519915998666664 -0.329135861501443 -0.11553000421578 0.169283431507284 -0.582065823531272 0.362527635412943 0.3394553836287 -0.462348841622225 0.199785743562703 1 3044.34780585908
"1" 2.99657885931873 2.58721240753164 2.52035013291118 3.9827740882263 4.84740183296241 9.94666535924776 -0.0402396091121185 -0.534226557853055 -0.248187649328812 0.00977210010148881 0.236996923038143 -0.58466858397687 0.37310917057599 0.343868507935005 -0.474001234013172 0.104079246155341 1 2788.41985721557
"1" 3.11972264324029 2.47968422587874 2.56906051988422 3.97500723164496 5.03032116110395 9.99773387668764 -0.0216185675520701 -0.52543183095789 -0.407596023459334 -0.0692691846174752 0.178206464533319 -0.587063568539473 0.341905931258753 0.346039172294464 -0.446547309711656 0.211948810086132 1 2822.8028045263
"1" 2.94610867755952 2.65973612342291 2.53773490072373 4.02370842373524 4.98021304007317 10.0437354088501 -0.0370278909752839 -0.528485884981486 -0.316225962302967 -0.219838380887589 0.206751733054181 -0.57599325133448 0.378398143097131 0.335713223322573 -0.472758916911119 0.147651978207127 1 2839.79964227535
"1" 3.03593740775839 2.56514613907641 2.45273736398523 4.03528378283141 4.9921705015782 9.991047208355 -0.0246171697030235 -0.526634269068908 -0.31797035145846 -0.114600144002445 0.18872294872528 -0.594504532686912 0.346535793461141 0.350557210911349 -0.450663045706701 0.183895926013003 1 2860.6756177783
"1" 3.02350734213363 2.58316916555041 2.49912683251171 3.96844710870904 5.01798229725376 10.0285395607384 -0.018030255723225 -0.521524069110754 -0.359265153142193 -0.141513675983708 0.17900074806971 -0.599336428198867 0.3536519601989 0.355981058606566 -0.456634921341792 0.173630716882169 1 2902.83379348667
"1" 2.97195537397943 2.61973236311323 2.56276333330084 3.99463474999008 5.06779136206035 9.98450227717012 -0.0201898289086642 -0.525259520987639 -0.441833076894537 -0.0474668343082204 0.190888358069699 -0.606651038033784 0.335891261612524 0.363652240427207 -0.441665930808152 0.176110982193362 1 2745.74171662215
"1" 2.98204064412419 2.65054725627474 2.49601000168552 3.96367852892666 4.96344257790963 10.0148234215239 -0.0303124593852123 -0.528798017821654 -0.257977221093018 -0.0981212625980418 0.205292545538337 -0.605953462290717 0.361643429410754 0.360282372752895 -0.465187581063043 0.122924265601087 1 3035.97076619996
"1" 3.05288636638502 2.59616096186459 2.58957205333718 4.11544929887982 5.27892336805592 9.95278518423856 -0.0393778249918856 -0.542328783231804 -0.481377613061118 -0.0654070296593232 0.241999032850819 -0.663337593739936 0.291504692866077 0.413678041058998 -0.405591865193 0.0892497745363766 1 2929.31507313079
"1" 2.9921373807642 2.60939538775084 2.59611581162062 4.02025284194411 5.05274020088897 9.97424311862377 -0.0204615833790713 -0.524475069820628 -0.435244062237512 -0.0595669201454248 0.177335186535083 -0.593726418886732 0.337581966988509 0.352452781068595 -0.443259075657324 0.207922962302966 1 2824.76366591291
"1" 2.97704558833919 2.63191019095566 2.59115208210328 4.05264508938657 4.92687836132144 9.99522533882005 -0.0325875815625445 -0.5301250116118 -0.345639202052017 -0.175874739049458 0.182969208653329 -0.576329942101555 0.330592023154081 0.335483909061632 -0.437339184283888 0.243235287141777 1 2896.0967301205
"1" 3.01139222615876 2.56593866088564 2.47643691810391 4.02561213280658 4.95195644463297 9.99240419042123 -0.0335110162667934 -0.53236983177597 -0.306688826577767 -0.111401334289098 0.209868278643837 -0.590569048440471 0.337674368599382 0.347442167875981 -0.443924374807058 0.182038152536772 1 2646.72371496458
"1" 3.03095564519471 2.57283916982968 2.53751606653094 3.90751153992042 4.97098720332966 10.0329600631711 -0.0276283805416899 -0.523659947911206 -0.344948862653131 -0.112498507980644 0.180867653486284 -0.565487401021899 0.37155492394318 0.324034076537525 -0.470859724474049 0.20091249547442 1 2890.92347884929
"1" 2.97560896404483 2.62070479727028 2.45260688211928 4.07674429975709 5.02250800506281 9.93117072811963 -0.0139480636372624 -0.522623587975658 -0.317498999821789 -0.03684661061936 0.18484303870749 -0.632631613959786 0.313763708392226 0.387084162767843 -0.424957448580234 0.171214148840258 1 2804.79884241188
"1" 3.07478439715089 2.52862410030054 2.42162793757784 3.93089608341208 5.00459283932021 10.0161730134854 -0.00870769697676921 -0.5162271316775 -0.296380787161885 -0.0650863941446011 0.166242318746494 -0.597995836523146 0.36213527149788 0.35413657699487 -0.46332303847101 0.176341300841896 1 2911.08619867233
"1" 2.99872575378922 2.58737478983872 2.45876626854454 4.01283119338403 5.01560705587462 10.0095102180885 -0.0167300648427422 -0.521478779862751 -0.349544795745598 -0.136436699342104 0.179457760860526 -0.595591846049968 0.346456017998934 0.350531343373793 -0.450468382859775 0.192486847577949 1 2654.82024625589
"1" 2.94074263915446 2.66673653086926 2.51842822840342 4.00303781253905 4.92221986523338 9.99194760518902 -0.0250586025381722 -0.524918871028001 -0.271306537986005 -0.0795652692802822 0.178373290680688 -0.591005838520608 0.337579583918503 0.348772554297709 -0.444020933188086 0.211932504656865 1 2918.57558303215
"1" 3.01839573422081 2.59753695562063 2.59532453831711 4.03160168223305 5.00420869630431 9.99545817374426 -0.0275439007910295 -0.525830350375071 -0.392778220955326 -0.123778352116212 0.182658708622792 -0.58815412310362 0.347085993873463 0.348298263205877 -0.450247805537958 0.197060021145457 1 2977.94948782396
"1" 3.00980482944503 2.58978132936171 2.51017655739102 3.93853794781363 4.97459634327054 10.0582191229997 -0.0369385911986059 -0.530815539114573 -0.356379572852398 -0.17288836437882 0.19897218782051 -0.569976007891381 0.356416569328099 0.327279924941611 -0.461054992545604 0.198113355487464 1 2816.20590266154
"1" 3.06165595214112 2.55357846484618 2.52731072727483 4.06131833734348 5.01288680305242 9.93814747830016 -0.052361465285199 -0.541783392134859 -0.429556046946569 -0.0191834368527273 0.235416587431967 -0.579378401544858 0.369518768063004 0.334555656501393 -0.463088931202494 0.131525216953421 1 2944.73691137653
"1" 2.90276513641159 2.71138797522939 2.55787806543555 4.02140348137555 5.07081241390495 9.9968785800755 -0.0281928672605787 -0.524238659318437 -0.443182910653682 -0.11067340101759 0.179846507649223 -0.582193457038386 0.352980752757347 0.339739446443341 -0.455988262152261 0.202708502723738 1 2937.85921847651
"1" 3.06045975471979 2.54360173859215 2.45332362372655 3.92892302820922 5.00326182010407 10.0236920107409 -0.0213280121117381 -0.522524809010097 -0.341033129192381 -0.0858911392116967 0.178409165978378 -0.589329299845095 0.355902067353038 0.345956462157819 -0.458188277940745 0.188297324896965 1 2916.69436226402
"1" 2.96778154014962 2.64583771577461 2.61094183501528 4.07950134530251 4.97332778201378 10.0192439204847 -0.037667847682985 -0.532948481333689 -0.33602348330011 -0.23168785257462 0.206042705588546 -0.587379089015995 0.346002930270037 0.348419379323899 -0.449740561135548 0.175434385317481 1 2872.32879333306
"1" 3.00874419180262 2.58756350965816 2.5466844509886 3.98994265948054 4.92873396722058 10.0094991433187 -0.01977933862049 -0.522646278607561 -0.312909618241276 -0.130367327869113 0.182388562816839 -0.583714862339063 0.360153746406377 0.343333039873094 -0.461751522359554 0.18468953430649 1 2802.79757965463
"1" 3.00850806140074 2.61372977187305 2.49586237171125 4.0202764035993 4.95898716006691 9.89992222510014 -0.0523368178425279 -0.538473761889047 -0.288842579196686 0.132819380175692 0.235553259570357 -0.59502538321593 0.358654616139833 0.352338689234846 -0.460179730002324 0.113602637290119 1 2973.0159861677
"1" 3.05376984362918 2.55362112816257 2.56739979438125 3.97976520935537 5.01237206216591 10.0005476904763 -0.0481863350455242 -0.541164237390116 -0.437219631997634 -0.0681610635130892 0.228712800402834 -0.580767285942584 0.355709791225047 0.337127840262374 -0.455981537611316 0.153977447795391 1 2875.21448187205
"1" 2.9472322710112 2.65702555428208 2.51517134319069 3.9574460049199 5.02506757334907 10.0341211240835 -0.00908561499917496 -0.513689610623428 -0.385114109009016 -0.129955455912262 0.15949229299718 -0.58859619879104 0.363985270051881 0.346948431073825 -0.465349513024807 0.193751206708099 1 2849.36452918481
"1" 3.05881005869343 2.54037771953663 2.57127107311421 4.04089857152086 4.96739174100211 9.94562054109521 -0.05613729051642 -0.548681229447262 -0.453216278920538 -0.0616597207625654 0.267821954520135 -0.626930976388267 0.326946667525955 0.377776465640133 -0.432984805377823 0.074851276843761 1 2834.32739883499
"1" 3.06168447054706 2.54804044700769 2.48632436174229 4.06832961488938 4.99652452037955 9.99623309509133 -0.0322980155953785 -0.532505550274205 -0.346904600984279 -0.144524347384339 0.197555260770972 -0.598704815461998 0.331308649558869 0.353538987192783 -0.439393141878054 0.191408763939765 1 2943.68564793447
"1" 3.027700111165 2.56840998969105 2.3850384025955 3.99860474639454 5.0433318551009 10.0066294533557 -0.00890928498989947 -0.517620637221673 -0.327842479611073 -0.131567717589586 0.164554203510428 -0.607963108503411 0.332715256294415 0.363305070630116 -0.441646794794976 0.204460696381656 1 2776.9861392691
"1" 3.01212103412643 2.58206112710529 2.49050033904932 3.98446251264122 5.0364636506319 10.016794930571 -0.0133162690109017 -0.516812468021747 -0.365385279109825 -0.113677811776183 0.172778740853573 -0.586978657030859 0.368061350927152 0.344373719779472 -0.466806165376261 0.17952689650874 1 2747.85318513343
"1" 3.02570386625116 2.58346565025101 2.46332123354459 4.07367138742126 5.0201136158774 9.93356362123584 -0.0439236306184688 -0.540964527619395 -0.326471683382058 -0.0526015482895322 0.220010738738221 -0.605316316661162 0.310268096137314 0.360760049496835 -0.424639301423038 0.186824034352424 1 2902.80131514409
"1" 3.0197415543486 2.60026198210348 2.62227858637997 4.00716601880856 4.92386565984766 9.97770655855403 -0.0666131178420364 -0.546578934936628 -0.275003915953954 -0.0548760628468808 0.261361456118668 -0.549718010683745 0.409781878834875 0.308768597382089 -0.496560831962898 0.085167580241238 1 2935.43205708399
"1" 3.0939416694387 2.5150741914651 2.58987656049642 4.05619334340138 5.00082905135786 9.99503575534586 -0.0432905580360272 -0.538031309003264 -0.389426567561686 -0.150500927565022 0.217503609395941 -0.585561139407047 0.34876362763307 0.344195473696576 -0.451581586269155 0.165057115479837 1 2910.84494506802
"1" 2.97473205369262 2.62662194713606 2.57790748413342 3.94397623739833 5.08698639956789 10.0599258177077 -0.0124580579426056 -0.513739148607175 -0.457544465633831 -0.168650577139374 0.168042909539638 -0.588333072000806 0.374141998407897 0.344589427491655 -0.471520498763744 0.173799117527453 1 2771.91173643295
"1" 3.02329689914933 2.58768167168157 2.54200408872452 4.13601886662592 4.9661127328805 9.89636293802181 -0.0326384900303783 -0.533882953952836 -0.328972967279899 0.0143338935178569 0.201895132542227 -0.615697482384903 0.307314838344215 0.375709232242975 -0.420939110494367 0.187794394927146 1 2957.44980994762
"1" 2.99689298848741 2.60808039848322 2.4357393937099 3.99701329235172 5.01301367890179 10.0042985897661 -0.00821219986128568 -0.515080509771319 -0.353092744859701 -0.106703471568855 0.15139674656357 -0.590467286540852 0.348787250795633 0.346241228295011 -0.45212536746278 0.224221428091848 1 2940.23860467748
"1" 3.00133266915417 2.64283601652709 2.52984395582739 3.94181205475802 4.91268499474167 10.0477342812492 -0.0222557522196061 -0.526990180424373 -0.254980574186744 -0.154423788357286 0.200769067008058 -0.65269162991542 0.294719806727931 0.412267401598588 -0.418608656807341 0.134532530176384 1 2996.858867474
"1" 2.93357580023131 2.661547123543 2.55629604963236 4.08837428821503 5.00331216982123 10.0037271997286 -0.00989358391925622 -0.515460457908392 -0.367414469542485 -0.201779769208717 0.161375100942549 -0.595253098749276 0.348637312999811 0.353345929111162 -0.450238045956653 0.2060710991107 1 2699.70390751966
"1" 2.97314581653843 2.63220262993313 2.5166644145821 4.06083117688867 5.07167114600683 9.99891895952564 -0.0249915053245752 -0.526724052172505 -0.427678985999342 -0.161276720222143 0.182771183780306 -0.602733764484937 0.326507778156964 0.358075162727947 -0.435904011647327 0.205656227728343 1 2849.9700748732
"1" 2.95871522963619 2.63814210463629 2.39337055029991 4.06624679337398 5.15282516796853 9.969562211629 -0.0611329393531319 -0.554407689309892 -0.357340151626279 -0.0681136087972075 0.311929662167594 -0.679840728617818 0.290349745727021 0.430579512069164 -0.411820446122244 -0.0437483099592247 1 2807.60085886523
"1" 3.04195981922045 2.56062921324916 2.59690118481334 4.07584077875813 5.01446168690382 9.94819496538452 -0.045596926194695 -0.539700457216415 -0.387485514560514 -0.0668131431921919 0.212785517619126 -0.583179589347271 0.327905785538514 0.343015788343047 -0.43473397293505 0.205786466360072 1 2844.53723161012
"1" 3.00001853227562 2.62343311272321 2.65154196418691 4.13547008195296 4.97353565625127 9.93508432712965 -0.0452343565771696 -0.542577406081111 -0.381114320544945 -0.0754513269458338 0.225136545111006 -0.605623437592265 0.328782256994538 0.367122287404194 -0.42985040514377 0.153638415461509 1 2923.34851338207
"1" 3.00168595374339 2.62523045705992 2.57548072799293 4.07520122408642 5.04407185336656 10.011721837267 -0.138444294844658 -0.538287786919568 -0.320542073448025 -0.0987361252437199 0.346463620488792 -0.598084221188388 0.443302760768643 0.289167995822463 -0.442107667588667 -0.0315732603374434 1 2877.97008660673
