"1" 3.99511488793613 3.56323183445333 2.63487008977874 3.81489503701549 5.1417016763429 9.59982029809214 -0.428437728879226 -0.269255990392157 0.258819661754159 0 5851.51564431902
"1" 2.32213474311479 1.94373929883138 2.38500514705667 3.65453428783307 4.73085690998109 9.3178601299429 -0.68638999295822 -0.66682207961392 0.293159438827746 0 5635.93801575084
"1" 3.99511488793613 3.56323183445333 2.63487008977874 3.81489503701549 5.1417016763429 9.59982029809214 -0.428437728879226 -0.269255990392157 0.258819661754159 0 5851.51564431902
"1" 2.32213474311479 1.94373929883138 2.38500514705667 3.65453428783307 4.73085690998109 9.3178601299429 -0.68638999295822 -0.66682207961392 0.293159438827746 0 5635.93801575084
"1" 3.11795110333616 2.7022553227262 2.34733527940297 3.81460378741547 4.65738370052707 9.53947798287545 -0.869601309118452 -0.354959836104843 -0.0811569691837774 0 5781.3372436498
"1" 2.0999150153393 1.76373266401169 2.00094521551008 3.30330846439285 4.06406008016064 8.29644356522177 -2.73018823380024 -0.94855909322411 3.34765203215113 0 5600.05414760332
"1" 2.79876018879698 2.38943178009206 2.40648330299915 3.45038275298844 4.67727590520212 8.61015748111405 -0.815933979637813 -0.950643032560957 0.0911174419021071 0 5731.99237764703
"1" 3.02167629529982 2.67722214226689 2.63646377896639 3.79214960600951 5.18441928725827 9.26187223738667 -0.0741511173661866 -0.873878632349772 -1.46410517541463 0 5733.27896479186
"1" 13.6328357069132 13.2172118012788 2.12618600560811 3.27447050438394 4.07194964151582 8.33609903385426 -2.33060997941005 -1.45896385386889 5.77752217623505 0 5909.7762656318
"1" 2.31726777940742 1.93542164265145 2.4009738371823 3.25498383222731 4.70556863040402 8.17452658178634 -0.602949439739304 -1.18660287905736 6.87443969776173 0 5668.14122197261
"1" 2.24650996901573 1.72548223952822 2.42148249945265 3.8039573105041 4.83106274143907 9.3599138794407 -0.608018458600009 -0.359772898072394 0.297869712989389 0 5622.36298768312
"1" 5.06124200688546 4.73124514538441 2.31278887080164 3.69819919018147 4.74113699614838 9.36466266389786 -0.532046007541157 -0.439309273840199 -0.66007768456792 0 5900.45654835845
"1" 2.1092034929503 1.80962941227542 2.04332516188552 3.53606490291444 4.10324224102709 8.91720283901714 -1.86787500595337 -0.956976208303929 2.42503800501415 0 5586.30479626344
"1" 2.01971744952108 1.61708744865377 2.40031080319414 3.58079191052185 4.70275608114343 9.02043589427232 -0.824604088470147 -0.835643983959153 -0.333914846121228 0 5533.62129316028
"1" 4.20081055665393 3.81468483974578 2.08310493462555 2.88043813162195 4.14454124324208 7.29631483873261 -1.44596622841271 -2.75834356123682 6.6305025733399 0 5899.10284686859
"1" 2.5471948848591 1.98090137223165 2.78958549594101 3.83930658134305 5.54790645539395 9.32783396313703 0.0100456164177329 -0.407108608861043 -0.757673179110457 0 5660.06484055372
"1" 15.0486725031854 14.6744847412797 2.48338879471818 3.37830169102348 4.85894345834963 8.47702101127098 -0.600761883757468 -1.24772255767836 0.307099909890688 0 5897.25890383628
"1" 3.23800534382483 2.76693749809112 2.75683015848218 3.07431919170578 5.4530400238832 7.63542403612942 -0.107288201872904 -1.53768828698704 0.412456854792236 0 5814.4225564783
"1" 3.52426494554873 3.15555373597423 2.36145460781144 3.24136313636847 4.71067610566373 8.24213861205605 -0.746145804891169 -1.1472345916668 -0.137247376149044 0 5834.9103772207
"1" 3.19319031057312 2.84439430710342 2.34339185535181 3.23672538637192 4.69739683004724 8.21280064242668 -0.380119959999212 -2.09464738658997 6.80042744371866 0 5811.75540101793
"1" 2.77773334216142 2.35814723479441 2.47292341611157 3.86592804742001 4.98572945203044 9.48276529291197 -0.289110820233769 -0.669381309844624 0.178964383728608 0 5732.78770851534
"1" 2.5065748857574 2.05483142133812 2.42339980191481 3.55149983465303 5.03672863015042 8.98544889567657 -0.357507915703167 -0.530708546871783 -0.237543006524975 0 5706.65281188344
"1" 1.86762282018206 1.4958243440936 2.2366962988 3.64637905485586 4.62224310859002 8.9269621509591 -1.22295758264556 -0.817293441174651 0.280010171731315 0 5481.67558126538
"1" 2.83055004604196 2.38175396236536 2.08951924504996 2.92489797895478 4.15421328229562 7.38858285709414 -1.68252767083632 -2.80586877963052 6.46734705246846 0 5758.7329397909
"1" 2.56564738682843 2.1883037593044 2.31225142119146 3.95973871326871 4.47386470185484 9.89765756038354 -1.17784280288662 -0.291627204575305 0.619919567135774 0 5685.98716828019
"1" 2.79666886553224 2.32782163270288 2.24147470160789 3.44777370325153 4.49440228421383 8.52066802239267 -0.745309580429377 -1.07835850329367 -0.851874963623159 0 5752.49895143595
"1" 4.17632226424486 3.79870678889169 2.64556283984189 3.49190159049749 5.28061096453805 8.93911326936266 -0.300426333658745 -0.557755340314977 0.579484570859664 0 5869.47266971699
"1" 2.66083876163828 2.33395819219511 2.13018419671875 3.83382996769933 4.20459071191757 9.68674966543019 -1.43769487805943 -0.43890485711613 0.582677097564849 0 5716.72563102893
"1" 4.69699699505628 4.20106745524927 2.40230922809744 3.64926249885977 4.79986872605127 8.93461798813625 -0.757252681815387 -0.602341723932452 1.92748426722509 0 5876.05409943059
"1" 2.7100253842013 2.21794761970126 2.4682054944567 3.65841842569798 4.72597443536515 9.13501598213332 -0.804951044761815 -0.400561408978639 1.77483221573975 0 5724.3320425368
"1" 2.13121844613074 1.66012151770711 2.51502345873545 3.42971824437562 4.98488650501047 8.58732035301151 -0.545693306883661 -0.970130906887031 -0.174437189687507 0 5566.24759428509
"1" 2.65637855777771 2.21129359966488 2.0611821613303 3.45135380634913 4.3884063482786 8.90592927142652 -1.67007173151146 -0.72519764069333 7.64257307003665 0 5704.54288484886
"1" 2.97697497028867 2.48509877724965 2.65390319704648 4.01278192143178 5.32824821281097 9.86198328597399 -0.127112819670307 -0.151904390954241 -0.26737490012289 0 5762.71301673993
"1" 4.14138415131191 3.72469157502893 2.01736955043972 3.03037493987536 3.94392261566794 7.58961475515526 -1.80546557562715 -2.21123047349409 0.690083058886037 0 5892.18445058331
"1" 12.9967855925601 12.5711927600324 2.60768810063013 3.54808366558759 5.00762089023389 8.85808635544661 -0.373989405547282 -1.08281187365809 0.722965131570845 0 5888.35033546803
"1" 13.6428173357256 13.3163780576628 2.08522317733103 3.38736634268686 4.16483378694923 8.29096333226602 -1.350833189072 -1.12751115935237 5.94200562457932 0 5934.8051938371
"1" 2.41819416358662 2.00557231397825 2.20615797244401 3.6017745844387 4.50215774729527 9.20465764772128 -0.79931516745634 -0.654019025366453 0.235769148872508 0 5685.36992352643
"1" 2.11491742256517 1.69937220330942 2.37120869150872 3.28926120373442 4.77974461732289 7.84361143536648 -0.806415889971207 -2.1890910897425 0.273302028027567 0 5565.53519255548
"1" 3.30924484045002 2.9331162287931 2.07676851988318 3.79101421600371 4.24253393219095 9.17316052927514 -1.31624732053264 -0.449093232486679 0.100187504240917 0 5834.83662368588
"1" 2.77277024455322 2.38985603536457 2.2437395982934 3.35110515473087 4.37334631694933 8.40400382353075 -1.16610666861865 -1.21763664070381 0.562030106117582 0 5736.43130694344
"1" 2.44343305759868 2.00599073285391 2.03516039732643 3.12167788864587 4.13670779986973 7.71913603548231 -1.46706975921387 -1.53689984676217 7.11732941337859 1 5708.54831747248
"1" 2.6508965865464 2.1697495717297 2.34453898373852 3.40237153342312 4.89446834599679 8.6577487191493 -0.446470403634182 -0.904787907438864 -0.158843079836243 0 5728.70240515273
"1" 2.01592294532897 1.56245157224714 1.97283446600102 3.79540858096815 3.94732826380216 9.1370156630422 -2.06397174152579 -0.460952874564111 6.97361601981055 0 5577.76755906841
"1" 3.11707524201415 2.71718080303882 2.17984842323052 3.48212847713964 4.45238343484739 8.58679478565767 -0.831945699673761 -1.30702552206474 0.660527784271913 0 5792.46514326512
"1" 3.10297399313003 2.84097390799996 2.15858953407607 3.19982296154272 4.24952103396584 7.9896104985515 -2.14449320235457 -1.19624372160658 0.329876085753759 0 5779.15516047063
"1" 2.00366385900834 1.58680021057967 2.34164595872018 3.85334131386562 4.88324052856462 9.63114853235517 -0.635038863855572 -0.341295334869835 0.178524500856316 0 5553.30314999325
"1" 1.81898191126925 1.37721878198126 2.00777066033686 3.09135771758329 3.9250971409964 7.71353028939671 -3.42118769436996 -2.06258628964494 0.496663428642284 0 5478.53965722957
"1" 18.0953952008346 17.7657565315505 2.68791358935762 3.72120121538361 5.3836005820827 9.15440324553466 -0.0699936278057717 -0.418729462518785 -0.868549712176225 0 6141.97588456248
"1" 3.29933919123461 2.83332803153763 2.30929137604081 3.81814648065337 4.58880994220051 9.24899562323847 -0.98958911263197 -0.769457863191824 0.168840565198482 0 5774.45439938097
"1" 2.60003415568807 2.30098299913407 2.22190184069181 3.26970336865045 4.45356083403992 8.23571970483176 -0.818792972477781 -1.54413032395159 7.4781835842904 1 5722.8238149508
"1" 2.80580513673912 2.43827152018156 2.43435594439007 3.70062740728635 4.87117894173067 8.90018105713223 -0.747194392272853 -0.881970941362957 0.261610344329494 0 5713.55274837612
"1" 3.43177478619398 2.98315889835292 2.16373369895208 3.60234667106185 4.27729104967126 8.87635157251946 -1.33622479792615 -0.537644708648348 6.79863316955545 0 5833.80242360838
"1" 2.48511404337218 2.12006986769047 2.51743416849886 3.53842010407431 5.06361234814006 8.74484614687444 -0.467492892108448 -0.690714742105052 0.61285681642776 0 5691.56135040637
"1" 10.5839070775755 10.1470426810319 2.1627424937865 3.48059745131474 4.36965755339734 9.05864586513172 -1.04830574854358 -0.809727244871294 8.70276030559972 1 5927.59506412945
"1" 3.1590530888834 2.73655656396217 2.61552643469264 3.68843689270546 5.03832023061659 8.87964478080831 -0.32375978253086 -0.826381196995426 -0.151774562640591 0 5777.99852335231
"1" 3.14400826473805 2.69949244860643 2.22877484213602 3.95787098553195 4.48865281898611 9.89743555052075 -1.39207036778543 -0.236877466850596 8.03333523526918 1 5771.65329877352
"1" 2.29556810530103 1.90187243875252 2.08515582102601 3.201876317017 4.20747035905255 7.85185594371078 -1.94715306412399 -1.41179037289345 -0.643400541248689 0 5644.52182676428
"1" 2.45016782889593 2.00062118256746 2.14315519721571 3.32522041438361 4.23542684706974 8.37347636982999 -1.57371328086692 -1.12357517044997 -0.129808756332051 0 5673.12840135046
"1" 2.67738046269216 2.24282386075304 2.68470111018474 3.68999484048383 5.41976174631565 9.22003110801747 0.0811795027068324 -0.666400812265987 -0.681145739908748 0 5717.8837753563
"1" 15.8907108552998 15.4849661863951 2.73492659374317 3.68385062914739 5.34682508437667 9.27335371322011 -0.0539679992640178 -0.589822332246871 -0.1086349636032 0 5933.91385046578
"1" 12.9743195151791 12.5956377367352 2.70737173560373 3.36136124666111 5.34188938173873 8.53724739074685 -0.234753261717769 -0.673826865260379 -0.231037237533176 0 5912.13927360948
"1" 1.89513467524299 1.43345563186661 2.83781771602682 3.50586400280761 5.43493574902931 8.92606219970187 -0.0891442611262965 -0.561819720062704 -0.478587348903915 0 5502.31387556153
"1" 2.45313554779762 2.06898917515431 2.29030892507387 3.63576311804778 4.51455183950785 9.04373004301172 -0.648477402740101 -0.471413067366009 0.119604954068706 0 5718.52044324032
"1" 3.47799861516364 3.06040064972934 2.26114543754333 3.62441572960873 4.50802341736203 9.1121048296413 -1.17429327608209 -0.843923813838755 5.93945096746011 0 5790.62290491859
"1" 17.5979361265593 17.3118082438735 2.52922313890568 3.13707252897632 4.77904168049103 7.59114648460327 -0.851002826067102 -2.56587554797537 6.63639716347873 0 6034.11630555259
"1" 2.74235496969034 2.391227059737 2.57572342994166 3.65500523038801 5.0585726629867 9.08544388448792 -0.419197710283897 -0.583936335625319 -0.139250143323185 0 5724.58705490998
"1" 3.68759425225078 3.3662656054929 2.11272174985055 3.30589483809095 4.29615624545962 8.28022610537469 -1.17789488766564 -1.2755361477049 -0.805418936866723 0 5850.65876926619
"1" 3.53416273776731 3.10274437421893 2.46226997915786 3.60880865793661 4.86701054440012 8.86154078789309 -0.322941836450735 -1.01911466771251 -0.705706963634842 0 5819.25074331661
"1" 14.6851457023624 14.3188366643914 2.28656047419397 3.66715045334329 4.55206772933529 9.23486446456961 -1.00803279530196 -0.794257872265891 0.962636145871234 0 5894.90146847205
"1" 3.43571705782212 3.11750370911748 2.45219681316069 3.56945425563089 4.84879111505535 9.05137342849989 -0.365991777056687 -0.800239853750572 -0.6072821545678 0 5816.20842646494
"1" 2.6767478812912 2.28652217346421 1.91287452393888 3.43431640057165 3.93323551377049 8.6007673902979 -5.2655909097185 -0.550274776739523 -6.04090562765359 0 5748.56771616935
"1" 14.4501070113963 14.013580520555 2.17484191571892 3.81988892521867 4.35742108561273 9.57260361009609 -1.28366617844549 -0.559945370648347 0.30448421990982 0 5895.37272412189
"1" 2.67272730268743 2.32167675201401 2.20860695819087 3.21026589735178 4.44187602570389 8.10487571534553 -1.29593946177299 -1.42655915581045 -0.551859682623103 0 5714.33826448554
"1" 2.47882312900315 2.1429999503305 2.74417712141168 3.681386736696 5.49440538757088 8.82992962588987 0.00459835351607318 -1.01368202129575 -0.732821913931434 0 5647.9360143898
"1" 2.47945963480396 1.94961288032398 1.90359291883696 3.42839724250229 3.82650859406679 8.66193635376303 -3.60637489791244 -1.01561846314493 -0.285586371204426 0 5678.48076282677
"1" 2.26856218483772 1.78578354475682 2.10690927600371 3.59412548804119 4.23894486204937 8.76832478489902 -1.4656864475417 -1.0502692182135 -7.61206970971844 0 5610.63289256383
"1" 2.06629570406194 1.62327951737032 2.12434384966127 3.2577560430361 4.3149009225568 8.26854602955132 -1.00815686823988 -1.0539926008273 6.99322271217798 1 5607.29136834429
"1" 4.10317617297723 3.71196789493221 2.41465294440769 3.60201270335099 4.83854122597988 9.17340881888372 -0.540088611110046 -0.903518112691965 0.885877776672764 0 5849.06374618714
"1" 1.65927354210398 1.20078760892403 2.46681571395902 3.31266923770391 4.94104392577701 8.17475284273965 -0.619727731321522 -1.28688833871783 0.015133486721983 0 5400.66792332091
"1" 1.60404790903198 1.22799870156251 2.83742360895627 3.17318130988276 5.54251465870059 7.95845663345337 0.0208174942783702 -1.71511235309673 -0.333804162284222 0 5397.41622084203
"1" 2.81806630291173 2.47872156882197 2.78919478118112 2.98044052250841 5.3737503628307 7.59599165231684 -0.246770296287492 -1.76827639233092 0.382356434994784 0 5741.84914478551
"1" 2.76658081933592 2.34231825904864 2.49154482408758 3.27583021139075 4.95600250608729 8.26415943755279 -0.528541861199503 -1.04082492574572 -0.104317796116371 0 5740.22594288641
"1" 16.578166861315 16.1706295676435 2.32965501851568 3.71999276767668 4.5677240659559 9.33063605775611 -0.531725207693232 -0.728616275540372 0.216217991761917 0 5962.243342543
"1" 2.20172179246629 1.78067723782228 2.49019902734437 3.57675330909314 4.91690844577305 8.97057255834031 -0.810987476465994 -0.651115997571688 0.843611207250317 0 5589.16781999536
"1" 2.78412529058775 2.33282073075046 2.14871481273256 3.37608478852417 4.34110330873604 8.40517319893529 -1.40841240895712 -1.23591598103678 5.99360818700487 0 5730.93290004819
"1" 2.446631762368 2.0921667048917 2.141119828903 3.40610536153445 4.35722170395258 8.45662517210368 -1.18647123387059 -1.25539461856064 7.17518953025804 0 5676.68295078369
"1" 3.06550482223916 2.55276484548994 2.28487131768567 3.33692754848851 4.50305202844758 8.28514201902668 -1.06845011431945 -0.950745828017717 -0.542487407074907 0 5785.69274792028
"1" 1.72645800890409 1.31792620572897 1.91887711517565 3.8136191919385 4.02508709486853 9.65174923360777 -1.89909646470752 -0.45254413493554 6.76516237674647 0 5463.13306728441
"1" 2.53223126465303 2.17106048827885 2.20620050852877 3.98361080408119 4.54019997983874 9.82374003546079 -1.32961807749977 -0.361911049236381 0.561502292394572 0 5668.81399155809
