"1" 17.497223055189 17.0745906451078 2.5117698063536 4.02869189777704 4.93509245958245 9.97668890212948 -0.419861701005456 -0.165723147224004 6.15031106347322 0 5679.32613397329
"1" 16.8430624953771 16.6333851958924 2.42820221747643 4.03336692419361 4.89300666192801 9.90209797236822 -1.57971916104227 -1.01488919124001 5.1527127605101 0 5669.01564827924
"1" 15.5750761469152 15.2774434830793 2.60558215736574 3.97479536409647 5.12401287473281 10.0263132292915 0.388390797948407 0.645491387417752 6.37224413147786 0 5595.5112531655
"1" 15.2517728879807 14.9385592122962 2.45442382504349 3.96689354518172 4.93447990858126 9.86545848918069 0.314974738601925 0.592920852524234 6.28473356725518 0 5619.92805925624
"1" 21.8743179948953 21.6027106835977 2.50941271980042 3.95653674033357 5.02206885930377 9.99698730516756 -1.59380182233259 -1.59935168005915 7.4571028435519 0 5689.54843863318
"1" 17.2432004136967 16.8470191064136 2.62640417352866 4.17156524996095 5.18117440225802 10.3345318432263 -0.948119118381601 -0.369380339936164 4.61318566184942 0 5641.75164931096
"1" 16.542901548055 16.2543554996006 2.42288286487386 3.99621247788413 4.94592793876157 9.99457917886076 -2.17131968182773 -1.30703388838316 4.51679388242676 0 5650.77899857097
"1" 12.5666244433772 12.2238256189617 2.61493127747855 4.14230002128517 5.28648583588744 10.3494968822324 -1.43019110373451 -0.887993618729245 3.40103473670917 0 5625.46442763997
"1" 12.8552187172724 12.4672494795645 2.60055007803636 3.92850537706171 5.31692087729705 9.73872978418291 2.64629116962679 2.59689640634189 7.76705271291248 1 5588.3595419452
"1" 11.9666150043898 11.7212308759237 2.60485013057052 4.03742827069413 5.1069506751993 10.1114648801844 2.31302569654331 2.38876608357451 7.50717059921536 1 5568.4762952095
"1" 16.7953260984827 16.5109721304127 2.46434183640084 4.20694652850948 4.91935653470819 10.6329862572456 -2.38727652540765 -1.48487961409529 4.33536039056889 0 5641.74535996228
"1" 6.96275202906627 6.62711978908334 2.53908985227627 4.12743976148107 5.02736766857427 10.2780748997699 0.0279822048222439 0.146089620193458 4.11597567587491 0 5569.76538758597
"1" 10.6043314636002 10.314079684667 2.57555165530394 4.18366711726866 5.10452378056023 10.3759710061672 1.78709829037697 1.78743477453352 7.86767014136295 1 5550.65705581545
"1" 15.9838739911733 15.6247418949363 2.51407033642413 4.06551835980509 5.09808156645285 10.1163875545975 2.65074141692293 2.79181322023906 6.35498708353688 0 5591.07942797749
"1" 16.9659131777806 16.586901471657 2.64176524899832 4.01598089497995 5.21288035878388 9.94100995539773 -0.538677060145255 -0.0411708589116032 4.60712965613638 0 5623.63602021877
"1" 7.1445145643679 6.85039368305708 2.54435027838675 3.83223875789222 5.10565281730657 9.55396570928366 5.64074286845109 5.63533699020931 10.0035830506157 1 5565.48812920135
"1" 15.8211083264964 15.3879161674905 2.55151203918656 3.96441030952217 5.07859290730794 10.0685367395522 0.154196589515165 0.158099120931161 7.10460196994806 1 5670.44121542636
"1" 16.0285798728355 15.6605469572011 2.56514970505276 4.21220868558664 5.06358809530605 10.5558102019381 -0.186324651887685 0.0776145052843237 6.2327038630631 1 5597.15779484494
