"1" -11.6825085169442 -1.27775064380834 1.25843957864846 1.04005838915746 2.85621821337321 2.71857319119557 7.47147633119961 -3.83898396969168 -5.95297590908118 -6.90666694541371 -9.86414889042328 0.330728195325188 1 1099.40897843522
"1" -0.680639036863684 -1.31190687022505 0.579949768223808 1.25535863405272 1.69422851092195 3.41793295008156 -2.26643075360807 -1.73419909340232 3.68348756538887 -0.600043500108514 -0.247326025003828 -0.195265768370282 1 605.021540081376
"1" -11.9732010699083 -1.22944836365516 1.2956907988656 1.19461818086004 2.60906073592916 2.92107118420471 7.41500864245224 -5.32827303794584 -6.31344218823941 -10.1901973183792 -3.62575635524739 0.470703102481979 0 1116.99604415228
"1" -12.6641377987712 -1.51144350515937 1.31130625099105 1.12691640539586 2.85504966446749 2.85266728519411 7.87483059797038 -5.68588277234721 -9.46285666137628 -1.98988112992014 -4.87073724924587 0.171833770049943 0 958.615058813364
"1" -12.375829283945 -1.40220620696871 1.70479049115993 0.951335925460877 3.38702177641465 2.82760536180214 7.63373707702179 -5.54156896541115 -2.72272238777393 -6.61634063642704 -3.45564664903744 -2.55958084322817 1 995.982856401766
"1" -0.5377441230137 -1.00751247585598 0.470265541456593 1.82419792526686 0.368554255565242 3.10361132742394 -1.30429189505203 -1.40317578978875 4.08174744832984 -0.833036623597775 0.164366847436066 -0.00565362672246284 1 37.5268851824439
"1" -0.620349464937154 -0.887973706892345 0.214141924779525 1.07287961512791 0.238780390919341 2.52296248860609 -3.80899360045453 -3.38761629584765 4.96286145567669 -2.75717089137096 0.794661546755393 -0.220835251596687 1 -630.157219263729
"1" -1.54102152146383 -1.33424194785248 1.13689829280029 1.20819488961341 2.92280100124551 3.19802593000418 -9.86018748698893 -9.27677824356575 -0.545628757877883 -1.15240009695884 2.77423112426317 -8.11756004427723 1 1214.03165119525
"1" -12.8144527970274 -1.38535357736186 2.2669596478272 0.952856864733306 6.07880100684296 3.04072689365613 7.93987929354325 -12.7018857595759 1.25889039091984 -10.0000470601509 -8.8010754515217 -1.71504468641894 1 1070.91029634341
"1" -0.0586739275922347 -1.4014054373472 0.322325405542813 0.798905174705673 0.308292839322368 3.46737590272132 -0.762324065744319 -1.47484340151028 4.11941876117471 -0.0346733161638681 0.0409447254449354 -0.345411425142835 1 -429.298548118302
"1" -0.103736131723281 -0.758177311434401 0.404535224949176 0.670202522407413 2.06398386447977 2.39354497743459 -3.34148673984947 -3.53511230692223 3.24117740723782 -2.63663554837017 0.590986656227891 -0.144111659515529 1 884.401600513876
"1" -0.262244205079112 -1.12855806607916 0.20799706480497 0.989318806092971 3.02259991527621 2.66976120409416 -3.7385142097925 -2.4574674068312 3.21602054861703 -1.80599371929509 2.2647866234416 -1.31581789202784 1 943.21984600816
"1" -0.426925905227184 -1.29348921055588 0.385526745776673 1.35525335940308 2.17316013567907 3.42831251737653 -2.68021924933175 -1.61147877478583 3.32905682434561 -0.518984954233543 -0.128587596154652 0.874833535109751 1 705.314739582998
"1" -1.45251633798135 0.30130082749439 0.355768863240535 1.10167264687042 0.909427099649129 2.83896236007456 -1.92656548862221 -2.7065302129007 5.18401570798451 -0.617512380358188 0.180263041017838 -0.95766797230102 1 305.285367195258
"1" -0.491972106354986 -1.26391364190224 0.463736220050863 1.49668820965127 2.32430057225314 3.72155961301803 -1.40458076269026 -1.57043736120995 3.3499819594775 -0.668753099449193 0.203869222091911 0.0671471269887964 1 736.503312215689
"1" -0.453655471063875 -0.899143986401647 0.564129056930543 1.11846194551937 0.475642258010562 2.72646759484542 -6.20324534814472 -6.85079993619142 3.82487640967584 -4.8634841713066 1.29533235571782 -2.45913097928879 1 261.114547552101
"1" -1.82010251045382 -1.27981812289494 1.06038547222596 1.01816833545777 2.70731892468707 3.08250098615722 -2.91650122929461 -4.91355240344984 -2.49603274723968 -1.34643491667379 -5.42516926030525 -13.2316880810141 1 1163.2868842939
"1" -0.320998567569543 -1.16937839773267 0.40685291505809 1.54781240672411 2.17706524312879 3.43705716623414 -1.67278825766547 -1.54314936178622 3.28277129070154 -0.532662287133496 0.0285036014647944 -0.0854307182066555 1 813.9672539934
"1" -1.77318590978758 -1.39974690973557 1.16363462412301 1.28242500836917 2.78065708614922 3.40576386847041 -14.5903733737832 -14.2006984790446 -1.82185881560435 -2.84270654744832 2.9298018765215 -6.37836652117668 1 1133.74695837404
"1" -12.1330044581982 -1.38213809473949 3.21212083576767 1.17861124561446 6.65187152508825 3.01312141354301 7.63102867776999 -5.51460292111418 1.86644346684267 -8.38893643221256 -4.74438513094656 7.69384488524086 1 1112.94007217083
"1" -1.63865495762173 -1.42726357330272 1.11005810747361 1.00105933772658 2.7436050801004 2.81137655393659 -4.06980837314137 -2.92778478335261 -6.78353398760808 -12.1119335598408 -7.30144162447298 -1.18974111230512 1 1171.73383870859
"1" -1.63264761342492 -1.34927607761008 0.942501253032229 1.55478110755085 3.91571302508112 3.94866282124747 -25.7083549246526 -19.0720598133885 2.78706208243559 -0.00635472373071548 -12.4941429541063 -9.80973834815895 1 1123.53421908257
"1" -0.580578851895292 -0.963975563549467 0.411444007726537 1.4598719172947 2.11721441581835 3.98269625077569 -1.01346879455706 -1.34204928621559 3.52190628976602 -0.63882569812887 0.281110868388404 -0.0472559751442103 1 806.865185674211
"1" -0.878786315309485 -1.47167455654982 0.481992589261192 1.09605669871542 1.83857107199597 2.80678651014533 -5.72797133757043 -1.08047846600522 3.73694804884491 -8.85389655548841 -4.81937863754219 -1.60374799693739 1 647.07782090217
"1" -12.2685829948187 -1.55594536923158 1.29194881749422 1.30448107583009 3.17526115642007 3.52662951305017 7.6270901373635 -5.60409629417495 -2.07617401817407 -1.23198683812995 -4.05861276693064 6.4246446220967 1 976.563831366733
"1" -1.44507454494601 -0.230044408559367 0.688697596219437 0.4368961783629 2.62163688481457 2.2613726208502 -2.12069393847464 -2.8242132134954 -0.501878682111605 3.17019533582967 0.340373444442964 -0.140363948003037 1 751.92802492905
"1" -0.566418875512426 -1.72110762497773 0.372912096096883 0.992958952870971 0.367232725563086 4.75422723678177 0.503206598569703 -0.28168239026005 4.29853852981315 0.0835343813006467 0.0540116905900979 -0.0218129671484825 1 -322.648538377838
"1" -4.756825864102 -1.32254053938098 0.894754080766875 1.36798581725171 2.80631123106998 3.37455355065941 2.96083013825668 -23.7478920493767 -20.1974612288528 -17.9682235794538 -1.30595319559732 9.83559994389822 1 1152.69143467907
"1" -1.47725719990432 -1.36951141256418 1.13126647018655 1.27026615368136 2.9458712082538 3.21562014452041 -11.8068971275411 -2.17054849523936 -1.00614685327813 -2.12079187917125 -1.6103000376851 8.65824583439602 1 1248.35549964814
"1" -0.577907514055887 -1.04022095703007 0.380034008305954 1.44083849904889 0.318993166620435 3.72740250926482 -2.78344072819946 -2.44264913389034 4.27994576743657 -1.02972698558746 0.515457660239605 -0.434392689770905 1 -198.019772119504
"1" -0.50981460623333 -1.00084072566077 0.505574511181956 0.737705940822792 2.53342297173223 2.35570706040578 -3.41123900403037 -2.71806515506663 3.49759538520911 -1.55740010197896 0.0098833944755035 0.0420142499720456 1 726.12578799358
"1" -0.603859693190322 -1.4134751128553 0.138417597845847 1.06830249509275 3.35002196940135 3.14965243821421 -6.99321273958282 -1.79730091258976 3.27626571671081 -3.52811543640356 0.565090404194417 -2.69243486029995 1 922.132311584315
"1" -12.610382083406 -1.53781044781806 1.36215147673966 1.1322351104824 4.08431012117778 3.10386149119667 7.86671322727994 -5.74200368121858 -0.834651488804199 -3.01375363332204 -4.8342102881194 2.84469570701391 0 969.408821189365
"1" -0.14000759916179 -1.40534170333677 0.270288103090486 1.03379066884955 2.69462344955723 3.02181150382356 -2.37464571214976 -1.6121926386728 3.05921863907948 -0.937636309999895 -0.0440519401448901 0.0952579606774806 1 780.454506706967
"1" -1.95542898442981 -1.60218350438866 0.945010171834486 1.11509197177 2.36902362123418 3.13493077268217 -0.697745878877109 -3.25735738351239 -12.9987250211018 -9.64841460738892 -7.14835517906128 -4.12114059351476 1 1075.02619797356
"1" -12.5419155819022 -1.48793918234963 2.79531394852546 1.19403244150758 6.74187775306187 3.11162264954404 7.85510871880425 -5.69491333342198 0.909957087866743 -10.9095355209794 -5.1519676082928 1.41062537526902 0 1004.2011076036
"1" -1.59091362411205 -1.28441721978737 1.47252364303673 1.15200457702798 3.34993800677772 3.14286958943937 -4.60424088724419 -4.6845412610851 -0.995022867854942 -0.890932980876886 4.84519668773546 7.13784317866101 1 1232.02316174149
"1" -0.277927418089203 -0.829067245846349 0.357309711052186 0.796671758312883 0.387157854700291 2.53132356163469 -5.48543435719745 -3.4325101806762 4.20856533086579 -0.689409786640042 -0.398600593729197 -0.497403838116933 1 -266.608453770375
"1" 0.143102276818018 -0.98609268068937 0.433187264298211 1.0389862992725 2.22960696499235 3.22919300858504 -4.1861361712025 -2.35252725218992 3.00829871817664 -0.963397251284833 0.545730958520411 0.704511593946314 1 872.910931871225
"1" -12.6250794528194 -1.69209879048924 6.94897344530047 1.28325350638422 18.1234156624827 2.92824280694144 7.86949926827337 -11.8989002727604 3.37149238479561 -8.95901993148198 -8.94002200371832 -0.185569046819918 1 951.562196301533
"1" -1.71990408390598 -1.30936306441928 1.15792276073394 0.991687666913919 2.70991826202748 3.01006603162575 -1.37454342328103 -3.62350924936205 -9.81345980426199 -11.4737334296328 -8.24313602226611 -1.32750015070846 1 1223.21994206079
"1" -1.33574983509966 -0.12209260083001 0.766674447220785 0.22495372521123 3.076963815888 3.09944557182791 -1.27315827200398 -2.41578714904812 -0.481194517936959 2.9874249044601 0.645894102039318 -0.0298754459576649 1 881.625695794286
"1" -8.19509221993824 -0.199374996032747 1.53258800472368 0.297828653610622 2.66761599474356 0.288810808155158 5.45979540469469 -4.23418682426242 -1.91898763980418 4.1614535636268 -2.98293437724676 -2.66980711065891 1 -612.240799175768
"1" -5.23550923703055 -1.03963625738269 1.03960476253883 1.44094338174558 2.5861432006627 4.09088881905753 2.91438652801666 -18.2582785232316 -17.2103776098238 1.17061609112202 9.77217533547567 -6.97451298430597 1 1138.078446626
"1" -8.34822549584441 -1.14943805495463 1.09802637290086 0.675884439437533 2.75194898430378 2.8433679043659 5.50914932534384 -8.48051822527279 -6.61076062664425 -12.5059764104974 -10.7768834184263 0.0019231926824356 1 1189.53220241362
"1" -1.6815174990159 -1.24321202188283 1.59480561329303 1.60367722156429 3.28520313112474 3.56803845214813 -3.71669369089764 -3.50899097450084 -10.3970204921514 -14.8546162201938 -6.47916747927691 -5.41440718194028 1 1233.23493888024
"1" -9.58133281804234 -1.44706127978672 0.943820309167086 0.922625054987097 2.28877175921503 2.83535577742516 5.77469975303632 -13.5699105339899 -30.5625742791456 -31.4930207409129 -10.607600253564 6.70031845419422 1 1057.63088950952
"1" -1.55872413500737 -1.40894939719342 0.967910295800983 1.31824955741286 3.116474841087 3.47028171589336 -4.35423554672486 -4.67946037844755 -1.30208377318955 -0.834341056513465 7.04343933164683 -6.66183298524362 1 1186.41774566305
"1" -0.121519345478925 -0.961972939084927 0.354775844968562 0.764257746287404 0.345784036374278 2.80334146831995 -4.11154789335897 -4.07425958981534 4.0906518357019 -2.58585568578775 1.62063903236626 -0.932511663006428 1 -188.904437469402
"1" -0.789837997756263 -0.0658911816841634 0.520121119559427 1.27184172597139 1.42353705973883 4.24449549442351 -2.18750111426852 -2.1263856068823 4.06498939446138 0.924946469919893 0.546203280192657 -4.23944425361451 1 579.654252626813
"1" -1.55970603676 -1.31625325723899 0.950684904513155 1.14371819415894 2.63263676088656 2.96964953219778 -25.1212591698496 -23.4768822552068 -10.0219283728664 -21.025362800223 7.97713236674321 0.27435941324699 1 1225.62163098871
"1" -0.354988744869964 -1.08985571062685 0.443299992026386 1.08853557629783 2.28347169215478 3.61914958095792 -2.36141614420273 -1.84319884789171 3.28509861164737 -0.880294741421752 0.436569468861397 -0.103095073395259 1 803.432874677386
"1" -1.14117614524381 -0.328973096433018 2.18087340792231 0.546148144439828 2.62906148781671 0.681644234526925 -0.222456661275176 -2.14770309866244 1.40370700800566 3.59948913158734 -0.848043276443252 -6.66205648374284 1 180.657174589611
"1" -0.200007059857584 -1.00587021242548 0.286014408170057 1.41116074306232 0.276810303163615 3.06415003714976 -2.02645022372667 -1.98617512653317 4.39948477230329 -1.27227926188448 0.179728483125402 -0.240493149455535 1 -344.779785945298
"1" -0.308953986324624 -0.937051496003986 0.230978324818532 0.697207435076127 0.219072463784588 2.90787535449523 -1.16484055130798 -1.74180253037701 4.5678954656422 -0.0770201451245522 0.340506807893154 -0.376297186566505 1 -561.908137234674
"1" -0.361296487174153 -1.10168805526535 0.470722302638801 1.07404892455335 2.32125690081932 2.9728950833549 -3.08794765473875 -2.07040101718492 3.33340207453014 -1.3289883183066 0.469561080530403 0.176037248989162 1 728.815323249532
"1" -4.11168253833275 -1.47441527877508 1.02006735711907 1.11652985628401 2.7321080739765 2.96163441407452 2.53942639506559 -3.59963918395606 -14.6640253476297 -31.0076294219105 -13.7976722480176 -4.22604795645552 1 1173.76445589105
"1" -0.348130007944234 -0.531555379657035 0.375714403269504 1.1229106634172 0.344713219466977 3.34540257639701 -3.50867127606523 -2.59062335948009 4.30357923877184 -1.69823106154366 0.562827119495696 -0.122759574432804 1 -46.5510119363898
"1" -1.16075852762388 -1.09912737325154 0.709200977281947 1.44150676113959 3.4472022929687 3.67695837037149 -14.0762789160499 -28.9962012183572 3.51483018879898 -1.45225771549995 -6.56197841422057 -12.7497815276306 1 1172.76665032511
"1" -0.431594101602773 -0.000631696622851688 0.282426890178474 0.357186495204712 2.76848417599919 3.49984734688483 -1.34551294418954 -1.78814469264487 3.50597371194453 2.19897095482087 0.453737134514992 -0.921959890946416 1 126.220869368706
"1" -3.23411364412963 -1.08586826261377 1.09528032706365 1.14641008584428 2.81039728574701 3.42742097756324 1.91919546322306 -14.8586872392169 -4.85372256150437 -1.04117480034986 -5.46884234523725 10.6454670472623 1 1276.97391713377
"1" -0.453599093664496 -1.51972809839938 0.191604059486622 0.950640372318429 2.64842107380848 2.63788916847826 -5.69430834050481 -5.64655991885474 3.27904058329485 -6.87930700721147 0.939042606753077 -0.502397442074976 1 742.094846099386
"1" -0.104235692769447 -1.00558649887083 0.364007343962971 1.14243730573393 1.89702049337168 2.88594140997544 -2.47416540114036 -1.88240765197953 3.28462346085188 -0.793647683114672 0.565061405792118 0.0804183383831258 1 802.207738688034
"1" -0.133425773396115 -0.914942207954522 0.38739182970292 0.832574247565671 2.06861432659683 2.72401054950849 -3.71733716387141 -3.44866987333574 3.24054568805502 -1.01122368503463 0.0283563510410541 0.0430613296205965 1 841.90869628132
"1" -1.70304138834299 0.0252968177954781 1.10335960175816 0.348220988171926 2.82123585119766 0.321550806925359 -0.27072538599343 -1.46406871007875 -0.547123985840003 3.95768748851827 0.130796231083043 -0.291892531010975 1 30.871735714969
"1" -12.6588559823963 -1.42344734675822 1.14389284919353 0.934589885127578 2.5315465151404 2.68354964224851 7.91393159166059 -7.55026098306678 -7.50150049591697 -3.94939942438104 -8.47953639935276 -0.493077762059821 1 1014.32681075194
"1" -1.80150832736266 -1.39689108371674 1.10116362846802 1.44396723590515 2.81273425729904 3.32804558017421 -9.48875399367233 -8.28568832378966 -1.83641656078709 -2.87179458632513 5.16360842188548 8.50705089776725 1 1126.43159006456
"1" -0.442285480974514 -1.45126715354099 0.493638050059198 1.13574537584135 2.34700249976585 3.55498653906065 -1.55795133331372 -1.79608735544278 3.38366317426746 -0.898370545499648 0.200178967579813 0.0242711996128781 1 714.302518054214
"1" -2.03841865041176 -0.409605317489744 1.71732522682209 0.226470257088789 3.63743120003348 2.58111027105678 -0.0924909591956017 -2.01812616894959 -1.15170676503291 3.1382815090321 -0.31697463033041 0.223030997486101 1 639.660696596304
"1" -0.391054204288599 -1.25336639158081 0.412258453828902 0.969825368130514 2.38915010766637 2.90925949989596 -3.92841660008703 -3.43677192343293 3.32880265296786 -2.58122795941537 1.43213183048939 -1.06433393240454 1 801.977372184581
"1" -0.337431946685069 -1.15385275656817 0.459831843025696 1.82722695120541 1.81360601096367 3.97902819975665 -1.49450580387872 -1.90312315452586 3.43243296530387 -0.716520968493297 -0.0151223290968593 -0.00657350116465059 1 711.819374701008
"1" -0.366656499753402 -1.23396411065553 0.274408605223216 1.388087628209 2.69761543699427 3.31938138511875 -1.96220598886196 -1.73058756022951 3.24520485046778 -1.03555569809696 0.154530489727301 0.0537829030579399 1 873.208332470476
"1" -0.469286338003744 -1.3276159142574 0.442685305966973 1.07180915282233 1.70979636839215 3.08757148365637 -3.03321243907423 -4.3764010720234 3.55108302281942 -2.36689973974744 0.257305316620567 -2.74995931588252 1 579.468753109806
"1" -0.624614129788416 -1.64199332194297 0.488143862748259 1.37604916305112 1.7383685341419 3.92914284478328 -0.480886504517335 -1.21107091716377 3.58807901957791 -0.269077216117705 0.215210960153055 -0.295652159808418 1 668.93472789957
"1" -0.357040501900574 -1.04770456120695 0.435895553329421 1.72979612242034 2.26330601445582 3.63293199857137 -2.1327940402355 -1.69961814355293 3.32543852855019 -0.852096503766269 0.4112056850262 0.0978766851436212 1 759.084100668664
"1" -0.38377790432846 -1.0752183942343 0.401185996598671 1.47984366539419 2.21833826948779 3.54441646725459 -2.00943906840575 -1.59303867946364 3.31664679496963 -0.837268850508226 0.713571073056272 0.598818646407915 1 861.736647604081
"1" -0.974819199674624 -1.11860357262 0.240886652471275 0.809925612876331 2.89160069988235 2.1661021845655 -5.98247419406658 -5.24215785771646 3.60053920161404 -6.95740849539098 1.46449511557954 -2.26774973784681 1 780.115258412068
"1" -1.60161501465978 -1.20414835996472 0.992612908126121 1.38104115353407 2.99507491037984 3.389616802126 -7.3512291773065 -10.1423047075189 -0.896288982779774 -1.86941779379229 3.2433444532433 -7.89603619977025 1 1251.12499681062
"1" -0.43533203066775 -1.21837705729139 0.173157331107392 1.53362861808452 3.04552487502974 3.67055996687162 -1.03384931591753 -1.49061591174694 3.11966758808448 -0.514771046456349 0.0624159021200333 0.365343708211139 1 891.891420712414
"1" -12.4025858512291 -1.35538019099314 1.0480693573949 1.07118833802688 3.12115731379431 3.11801185446963 7.83205420715759 -5.5799589739229 -11.9780551231445 -1.01684033008372 -4.28374637197743 0.634638331022811 0 1070.63822666565
"1" -12.0837966776936 -1.53667569675562 1.68989004549814 1.52760202261233 3.93371710951959 3.70620685843836 7.63047238262434 -5.64371097041143 -0.104062649136609 -2.16663593031446 -3.9198324581336 -5.40841848871577 0 1069.4568618151
"1" -1.79851695629901 -1.28261541139236 1.18111798457739 0.984871898755251 2.83916904034259 3.30590932982741 -1.01447556117099 -6.06959010975815 -3.39966091924694 -0.627567961093675 -10.4226376143535 -5.5436549587393 1 1197.57684556592
"1" -1.71760949533674 -1.1521185109615 1.27904969779864 1.12376404172368 3.15200933252685 3.00057025590335 -1.64701143536331 -6.38002861618407 -1.57647331197866 -1.24432410861419 -7.04746908561602 -6.39358183126773 1 1268.76456039516
"1" -0.161179257148219 -0.388670350354779 0.499055203576372 -0.0931192518159365 2.16908312135695 2.29721915845829 -2.29434664208177 -2.20237742624081 3.49939076593305 0.530215637547256 0.805948986627758 0.0474629656130968 1 793.168294171097
"1" -0.887395475741625 -1.52735908512574 0.236364915624842 0.713102928112715 2.62227296939066 2.20563965893943 -11.1812569625075 -6.69823117191 3.52197867835407 -3.16473081655686 -1.66205206847688 -1.78996597529335 1 768.520360884151
"1" -1.56421571590558 -1.41343297636719 -0.048065885046435 1.3418963148919 3.86682318118789 3.38127960219172 -11.8328547786536 -14.5864848916983 3.85764247204508 -8.83029765640769 2.82201760131521 -3.27576398388546 1 840.101950144566
"1" -0.706692461748511 0.774536973206436 0.334875434278179 1.53121921614127 0.507591208067723 3.31144565543022 -3.49304378782075 -3.21051529061725 4.9043011037387 -1.65556110478274 0.245985504416285 -2.34531994414873 1 281.100645234121
"1" -1.72527732261202 0.139539446953397 1.05212853645786 0.590740684029604 2.90166197259294 2.12016357294857 -0.195857171727444 -1.7442074238154 -0.70475190212478 2.96997822571378 -0.0621718081618598 0.110608670603155 1 972.67587749827
"1" -0.937946023521118 -0.713578484548582 0.547833934906702 1.48604756358318 1.6605349985847 4.33418115365041 -3.06177885460039 -3.01029874203549 3.90890867348553 1.79281575127772 0.626131123898779 -3.38890113356804 1 360.265735313253
"1" -0.468811302023224 -1.13604120985731 0.495476407045344 1.40586603212055 1.94256232712168 4.05937699186611 -2.91338148827138 -2.20393474269632 3.48629726815057 -0.969754481445272 0.601790119810183 -0.147162443530244 1 716.843996464999
"1" -0.855370455652961 -1.53767337152881 0.333064043774771 1.3473657019304 0.323069352199239 3.53532377297775 -2.51293304184395 -2.327589122921 4.62808756724731 -0.658659878722227 -0.196901719478982 -0.242317846911939 1 -430.047240596632
"1" -9.14292568681036 -1.17435776441101 0.722234185550472 1.41842984184199 2.36619407044977 3.80529301900511 7.32297725531927 -9.92441493872728 -7.37634013024604 -16.9657686358325 -12.7677238046617 -12.4440957572435 1 972.008913900278
"1" -1.01070588332218 -0.483471337643893 0.143650656988263 0.35245442741517 1.07416217425826 1.85140592030237 3.21811632296198 0.261497739340888 4.15660703280098 3.12241689571582 -0.458607498264327 -4.29432502353909 1 587.601400692296
"1" -1.36543961532687 0.0113260838227301 0.924089089292472 0.21836581226624 2.84458146914292 2.40579421216352 -1.04614243905379 -2.2677874626095 -0.738092292230823 2.98236874017305 0.538023514657527 -0.0987124935033255 1 924.19928938886
