"1" -0.500020350110107 -0.354375815216113 -0.0825900108415476 -0.0652532802265782 3.56949493694969 3.94228377184168 -1.55634900433888 -2.70303477505489 2.27514063474053 3.01009617417998 0.312365111397155 0.0750838184588393 0.466124019766011 0.104123085346375 0.774465751871748 -0.748964770557727 1 1351.23161197515
"1" -0.475147411266906 -1.70030130692095 0.334827395329317 1.64501724146759 0.35229768597679 3.85824305634358 0.276462271285853 -1.01324690354009 4.26306669235244 -0.406237047870834 -0.0617470187236639 -0.51803332777289 0.234114823274705 0.112055653275717 -0.132212822636361 0.0554841950564496 1 -713.194595591172
"1" -0.510214780144032 -1.12303198341192 -0.0246965322188251 0.540103094568933 3.4691473686898 3.20406752058758 -1.95235193339496 -2.4023300375299 3.13781954140366 -0.344389612825309 -0.207155421254264 -0.351585500163335 -0.345572154436149 0.339263069128719 1.38476968712747 -0.0707134142157531 1 1673.2130851562
"1" -2.3765091753448 -1.60361167445735 0.592526791510725 0.882705337537065 3.47100626787194 3.70963645403981 -0.288668312943385 -1.7925739460668 -0.353452998480942 -0.0963144610383458 -0.345744880140799 0.732888453574383 0.139358603370931 -0.0294327664966852 1.19833585022336 0.00970592580851314 1 1943.94039242204
"1" -0.887065273681165 -0.326230077984794 -0.0517722745044597 -0.0641031651846662 3.4049594030801 3.83822655828921 -1.62407401624348 -2.26831085397802 1.5876047801444 2.954479866039 0.163502781850574 0.0905430810688736 0.122784512896481 0.501964022777268 1.08652199601599 -0.169463851519837 1 1697.70213855586
"1" -0.808256766567589 -1.0174557638394 0.113620573917224 0.354346787854228 3.32038795786639 3.92777122094999 -1.94344646010563 -2.11435599997341 3.41774652496919 0.131784377700671 0.263352907446347 -0.495758401378603 0.206455923324679 -0.384204845259174 2.20557556602685 -0.575407422320614 1 1594.01955255707
"1" -0.711031246570883 -0.963987398155113 0.135997404077021 0.806642927958142 2.91112840607069 3.54329618933 -1.51350483713852 -1.94219668552734 3.39506342941171 0.0272699666082652 -0.00202344586496877 -1.18712270063946 -0.0873920031321657 0.190281444649053 1.27034266717188 -0.0204505382138112 1 1537.32475462507
"1" -1.34305347957435 -0.398271283487077 0.33894749056481 0.332034502674622 3.05635120484213 2.26897471001984 -0.951174512071908 -1.91714120007738 0.356033922255384 3.29463988321936 -0.104008538489533 0.640933513552431 0.367175328340129 0.206327576183782 -0.913284083396816 -0.519718355160518 1 1566.81253324742
"1" -0.665193180043114 -1.04029161799763 0.403792951388386 1.08613312851811 2.12713067085875 3.44795157460578 -2.25811224870805 -2.06635214454944 3.55747933839862 -0.921209814034492 0.38049777880624 -1.1745024409281 0.563350723332409 0.213773843614042 0.685263351574108 -0.287792143964874 1 1484.49104211239
"1" -1.57448230370024 -0.383069852887818 0.538519569993267 0.199532048421047 3.0890337126446 2.9670122115894 -0.780246495867004 -2.5651849075027 -0.440364911248632 3.08913664484824 -0.0515823932387928 0.684383949040124 0.204344414840793 0.0720682552058987 0.562360530946604 0.0221143043129939 1 1762.05087653472
"1" -0.480959227345513 -1.12175468125417 0.327529811295431 0.366125307046405 2.31621293938385 3.13789577847922 -1.83567751619961 -1.82533767412357 3.36279972615979 -0.139556865864689 0.10541379238113 -0.906000107204908 0.273187377388327 0.46111819613775 1.32404639108776 0.0188603183394255 1 1415.20552777076
"1" -0.509000361699385 -1.21399087778193 0.491045104629535 1.17308401024575 1.57727513790757 4.06978620514634 -0.934929177268448 -1.67020685516659 3.54579019403504 -0.833180646046361 0.00161433905382545 -1.62220654423317 -0.16643404202685 0.208533602210849 0.333797255768173 -0.0780555484975804 1 1139.47748320579
"1" -0.55207856522776 -1.13904873688502 -0.0500815584249809 0.561767251894586 3.50506337122567 3.72936717314137 -1.63242972400661 -1.81292778425174 3.17258003979702 0.466722440494978 0.217807323139508 -0.541595293112909 -0.188012876352269 0.246518463408319 1.30503209919089 0.157815712820484 1 1644.93939976888
"1" -1.74765496096304 -1.38973906973829 0.633505572037985 0.938181631892387 3.31852637534718 3.70672168250967 -1.22180109510211 -1.50584986615679 -0.293043355667837 -0.336963098685624 -0.0530437649218575 0.698035943384592 0.118904635859666 0.0599471554289477 1.03746637841519 0.734918980800875 1 2340.84381720072
"1" -1.8626722374737 0.516201584276258 0.0994046890799921 -0.120390700344343 3.61078913015801 4.1414741953905 -1.32349637628337 -2.09357502118142 0.920372116256566 2.35545167081117 -0.102517108609678 0.784999757786381 0.134144166372557 -0.0967349900154889 1.36213703497002 -0.266086225302299 1 2017.45127309701
"1" -2.09981589186698 -1.45494735841136 0.673154100888177 1.18423598849782 3.56578570214178 3.83227890571292 -0.425100230521747 -1.73588478094144 -0.4543453833605 -0.974490295598631 -0.318629576796018 0.70652955123915 0.634367361544239 0.0736287401877735 0.340915463332 0.0106384843402911 1 2229.30089365299
"1" -1.04444452048064 -0.989840591987793 0.442309392290157 0.402680500852514 1.99023165066352 3.41624340075996 -2.52713918061128 -2.00514689287462 3.90749818114901 -0.455630085482643 0.288697891848792 -0.536592083915754 0.321902937104758 0.00623835936681416 1.06163641633868 -0.643959110340305 1 1258.15526818102
"1" -1.20623403945928 -0.446391323988454 0.116066578925225 -0.0325070798322962 3.51454661476579 3.68375643298549 -1.51044269133926 -2.69984000265628 0.792142940926721 3.03600921200473 -0.00154794728796329 0.64067939918805 0.28431554941535 -0.0205370692195912 0.78995936286642 -0.463847384440135 1 1745.50862128198
"1" -0.328744866577233 -0.978546195214394 -0.0477418049078622 0.175122596743931 3.51966457742743 3.40996514164607 -1.46683542961546 -1.72570146487399 3.04243745403426 0.40447092460039 0.0674153865374963 -0.790922561704508 -0.0392950209901462 0.290679456027963 1.29112853395669 -0.0306438768705712 1 1695.70519543743
"1" -1.79365673836448 -0.547902833065534 0.311500142216498 0.208196216173301 3.08467377660965 3.03765605003124 -0.467050396065923 -2.24766767151634 -0.100727233758531 3.12933729915464 -0.30270864485753 0.590105519159469 0.280494315653361 0.171863291180095 0.66774887033117 -0.0536810144947869 1 1661.31321872211
"1" -0.785391655195451 -1.17749512467059 0.288784605042817 1.05070788255893 2.42382282698293 3.89224460349287 -1.33833683102733 -1.86793026971254 3.55299828489808 -0.951184907752308 -0.317472164080793 -1.25385727599545 0.075942406506372 0.0441747523140749 1.12843372960216 -0.0373313702946769 1 1427.76791339632
"1" -0.846145475234304 -1.40777567636466 -0.312497205557965 1.63589105220118 2.76475946995281 4.04995070502802 -1.3246784672687 -1.16590790800767 1.07196957167147 -0.576811182103242 0.261329622264373 -0.414710924255096 0.517703902260687 0.486587191992969 0.0795702830840527 0.449945484369033 1 2186.55280707288
"1" -1.34318675485228 -0.826621137811454 -0.0908132847575749 0.145631934715477 3.90006768998223 3.82446588028252 -1.52352680424579 -2.26001544129437 1.65573537498405 1.12367094536217 -0.277334639024492 1.07521035314551 -0.543919432376799 0.0982213527935554 1.9709548657933 -0.17867682192053 1 2152.67170470671
"1" -0.165006779514799 -1.42622181053256 0.349425816003379 1.11292439516191 0.377175250056288 3.77550839742329 -0.311133750265395 -1.55296665278655 4.05243110596417 -0.725635494468616 -0.136546809141762 -1.36110439613565 -0.169582236973529 0.302044731847846 0.464471074773584 0.223270497419427 1 -857.416633415283
"1" -0.441619689885627 -0.795873045640202 0.55971835246302 0.791118888695812 1.51113549216519 3.19645029540259 -1.34453236310414 -2.0227336531956 3.59720179441183 -0.484795336953772 0.0336870066038723 -1.00350188043971 0.0300495532974383 0.301792921524292 0.852201608093248 -0.211234582983225 1 1204.29771997994
"1" -0.820890792360294 -1.29776031183048 0.532445155126632 1.02079709871121 0.739535252928446 3.7802293478079 -1.12042034670624 -2.14068788616961 4.03685854675254 -0.517276168671857 -0.482153140807172 -1.21537242432214 -0.213008361028735 -0.0529298432547053 1.38823186602273 -0.372795061496516 1 186.57671353699
"1" -1.20276435498448 0.887216389064455 0.650566381363589 0.337794513389012 3.35360903524563 0.338888486256266 0.410299247077032 -2.19520966287967 -0.838537878090099 3.65656270250841 -0.435649680225214 -0.110022805693295 0.794421957739784 0.262597828353937 -0.670977627158233 -0.229818621015211 1 -693.879579301407
"1" -1.33330017108563 -0.445211106078217 0.498411565916837 0.0338681123941973 3.05602082281021 3.38663200706425 -1.27862083966094 -2.44393262100706 -0.182591541573429 3.02123223421401 0.117697356878949 0.573248783718789 0.227806769665191 0.126744812225329 0.621848928677921 0.113380602876268 1 1941.60596376156
"1" -0.436158688809527 -1.25792070568984 0.0923917855821746 1.16206957829719 2.87766675704252 3.93334084676891 -1.32850422938781 -1.52694982080307 3.21514184824519 -0.755269928264159 0.00193572635540762 -1.0290937111127 0.234081249104012 0.344677864996653 0.214882878668664 0.16650450708605 1 1489.78557065202
"1" -0.559087839722069 -0.738904009727284 -0.020099832911051 0.0313422581789601 3.43049894884842 3.32330294766084 -1.62443758718472 -2.09808707070876 2.50109859497076 1.75712458109907 0.17677203485107 -0.627727596818431 0.0454143685361824 0.336028567511405 1.34432720460771 0.0116069658241934 1 1803.45481596374
"1" -1.20384599447882 -1.76730234162539 0.0262869553942345 1.21632437356267 3.31591453998011 3.37033137387298 -1.31485007503749 -1.65425574316255 3.62325650687772 -0.801349331823034 -0.312370433636391 -1.51983408927116 0.158381459952384 0.452399712551741 0.264764521283297 0.275839727530451 1 1527.43451618692
"1" -1.58268543665204 -0.477340902611048 0.427583509906622 0.59352174411026 3.48658986302855 0.765298939076095 -0.795347662796093 -3.05977102594243 -0.611538295304034 3.70073042949427 -0.0764894629626777 0.777559731158981 0.330620715270472 0.441674809106579 -0.145258076981861 -0.436664216900869 1 462.539506496243
"1" -0.86701846072282 -1.47572418949777 -0.136281925879583 1.23065553080052 4.17709924818067 3.88148629519979 -2.20582802225242 -1.85231601104205 3.21404295248965 -0.807044521244083 0.501014107902781 -0.0721947934786761 0.537203864940658 -0.212096248817764 1.05351155693922 -0.22974373571442 1 1670.70783374585
"1" -1.54866165332344 -1.07674709600617 0.0193492620942897 0.311146494014403 3.87641970659798 4.17976382103804 -0.996675099215774 -1.8773684285842 1.58895209702791 1.03740929649707 -0.431887798947834 0.469447223324841 -0.670543110878815 0.18682038720415 2.13115079777725 -0.0241774355501731 1 2190.46944265923
"1" -1.74764627428357 -0.293294678644031 0.637262770045224 -0.148151822158702 3.29899774222981 4.21122090019804 -1.00600029168055 -1.59751973518636 0.105781602917467 2.79274750717686 0.0937699172579706 0.629014991038223 0.389594988046795 -0.00650807806572235 1.82689658913971 0.247447472365522 1 1891.61080160703
"1" -1.6113526052467 -0.693337947576066 0.00541539964371689 0.0784155016307052 3.32320454617164 3.57887534916447 -1.39214569666176 -2.7069970785445 0.386213425028733 3.01547322308957 -0.264653731905255 1.23554419996394 -0.274926650117338 0.0971833441502927 2.48301680549308 0.013009897232539 1 1660.40018335944
"1" -0.773465050545217 -1.27156983276292 0.179908894751774 0.375238035714387 2.84844295395822 2.96123204117476 -2.15265918820326 -1.92416195240696 3.5069830949748 -1.01299512708081 -0.291051871348178 -0.681215331856375 -0.00722127954957663 0.223034904165545 1.66528518159379 -0.113586087005785 1 1352.49248485146
"1" -0.65160579556822 -0.891939393708257 0.579283595064126 1.13483709493612 1.55977648604167 3.1989158443739 -2.16688410898761 -1.66980573466255 3.73064241692428 -0.626733212314269 0.17594539577149 -0.383374086963335 0.546397047875063 0.651268373580099 1.19228794057036 0.0507188493980318 1 1420.34986939096
"1" -0.737717967772094 -1.18155490331654 -0.00451949269644281 0.978636554531326 3.45883701799971 3.64700146464772 -1.69235147732157 -1.51101541576869 3.21870948036102 -0.540026134599613 0.294579214219989 -0.775676865181519 0.226053984771679 0.434854727344735 0.724279272967732 0.630531647927543 1 1669.90443122294
"1" -0.226155781311998 -0.948362756325758 -0.0228424361822289 1.0423588167279 3.06017541349755 3.92570079967156 -1.21490697564838 -1.43428359276452 3.02190126287187 -0.453254751137409 0.126256585882251 -0.896413654006799 -0.0321992252905387 0.397069889208779 0.686749853132381 0.0441338244784943 1 1932.59589794817
"1" -1.79364786365085 -1.38355777243673 0.56494985046086 0.634709722016304 3.32515229792784 3.80728481385834 -1.17248837542888 -1.82304365094917 0.0595193629859353 0.26395327376055 -0.0670179173385338 0.760368345266088 -0.525472453378055 0.112952998211414 1.21469142855016 0.0721678498573725 1 2193.28729257067
"1" -0.948236086246356 -1.19820981092077 0.0545434558692797 0.258774440083039 3.16736268428628 3.60621362820622 -1.41394067684641 -1.58708479499333 1.14926955161886 0.370638139223457 0.356053937213548 0.223682141803738 -0.394544517950162 0.28100041733476 0.87289968957041 -0.161538328332966 1 2445.0466095874
"1" -1.83384374998778 -1.15032801221799 0.693987142238859 0.314636822315464 3.41929770364194 3.8527938970496 -1.19717587195892 -1.76109211998979 -0.844295496883521 0.904496581981703 0.052060009982291 0.623824914258468 0.410411304293805 0.537002436775433 1.46033854270671 0.459844037382223 1 2226.3203512252
"1" -0.758744927992213 -1.3765103255054 -0.0547600340738959 1.01254549689742 3.81714057413209 3.80893510407124 -1.66402898142026 -1.65048461785395 3.22262942779151 -0.504103564048955 0.406302260891634 -0.566154796343821 -0.401033419939092 -0.166218276464973 0.819100619023559 0.412666897982089 1 1578.27824429131
"1" -0.412363642512038 -0.980400431877809 0.143171354450702 0.18682106644622 3.05492983629089 3.21863208415002 -1.89531104986245 -1.91768935604106 3.18272544704952 -0.052145641590765 0.0771755567624799 -0.439856572591356 -0.0887885079416046 0.232567748092236 1.39282176311836 -0.115085136841067 1 1667.99828282675
"1" -0.467177994025566 -1.16627167227895 -0.149608951341218 0.582158142850777 3.89089420233698 3.7823880969192 -1.81871950984737 -1.58151104470946 2.83538534653275 0.310115921559811 0.650377495995867 -0.0939364528488208 0.0653688271138833 0.362816456009312 1.21967745020673 0.309826513340762 1 1927.34096979265
"1" -0.85395142991797 -1.35621930420809 0.459787061011941 1.18649877812272 1.98734421144947 3.67219754590916 -2.74425958415051 -1.9869274665118 3.77287867202671 -2.17988506071564 0.406750269054582 0.572270282463771 0.247568416565727 0.124872014553993 0.58370696609624 -0.129302767831672 1 1347.91351510392
"1" -0.569489810318641 -1.12130116014854 0.109259798059228 1.39376101750571 2.75810350078337 3.83455909953561 -0.955250506402842 -1.68714341566632 3.38077750534006 -0.742164533929675 0.00317882088591464 -1.35036466090641 0.163153354352654 0.243896376131219 0.171895383594809 0.294443007475626 1 1470.0667738671
"1" -1.56227285786555 -0.182442776110868 0.365652459196761 -0.0980716335855793 3.23397767881926 3.82789487580954 -1.18272306591228 -1.86399820931882 0.50668659400186 2.80610716762984 0.147372430113351 0.54411087445595 -0.260828805144245 0.0512230746142508 0.92567492318131 0.113700413404804 1 1948.96628117677
"1" -0.904501824034556 -1.29385751283075 0.296792910314536 0.824452824798372 0.323463890083864 3.89368012651569 -0.947378930197825 -1.92832391460918 4.72298641362551 -0.949895335534118 0.0385433583989069 -1.00900632412801 -0.00662645664339933 -0.0321855817169839 0.673699313498035 -0.122633640501369 1 -681.333718449408
"1" -0.511397979969099 -1.20812194584696 0.0292617274432267 1.38648666514701 3.03699538976904 3.53236030699006 -1.31307671452757 -1.6845636401917 3.19040825259284 -0.652790371624005 -0.101186008596817 -1.10636558299896 0.143606944442175 0.263363676512097 0.656880558752628 0.271144518331051 1 1470.0909084403
"1" -0.824984666531873 -1.01511987465358 -0.0627919571887471 0.529789046471004 3.65288468607475 3.54169063235591 -1.75294849400869 -2.02350844505727 2.52514454878043 0.418074882856362 0.233938817496512 0.0375428580327784 -0.228625538483035 0.436672966008823 1.44209356415998 0.340116576970646 1 1995.43358142558
"1" -0.524993876268252 -1.22941296367588 -0.018686198101686 0.846754730941989 3.46544896993779 3.46568038584871 -1.79098821068899 -1.87095842571684 3.11576644321205 -0.50026329411072 0.127274548574458 -0.937102047813943 -0.0558353998770922 0.408919136077701 0.98698841874885 0.110924182681017 1 1672.88684829501
"1" -0.201794523552674 -1.32584197761041 0.0300073045338394 1.3637822483929 3.02444327208091 4.00832215200066 -1.13101469311522 -1.2325138009343 2.98545280080515 -0.628056274001044 -0.00968922507455798 -1.17130037601795 0.181796295509086 0.478268349973532 0.0780639301065683 0.238434567970625 1 1449.32835564227
"1" -0.985325802366211 -1.26249340040806 0.110488570554495 0.897143786590518 3.15766393906448 3.80031234690307 -1.50613360739087 -1.66765181533599 1.61083538624333 -0.454538909049887 0.0787946747653792 -0.00519535241514698 -0.294840116646278 0.357955867524258 0.883768707502726 -0.336784370732135 1 2190.4632225591
"1" -1.23823401471829 -1.30691029365213 0.110275633924138 0.820326767675791 3.36279021002568 3.58903500378064 -1.71786318092505 -1.84108144295607 0.959649797510808 -0.382899741110095 0.239219144790828 0.448199084597406 -0.183607800397564 0.258119413955924 0.905928021325308 -0.526899124209242 1 2305.6853926627
"1" -0.537678657098508 -1.05117724575235 0.218377327669724 0.553550649956169 2.93358680059196 2.51707187288912 -2.79104154379606 -2.66754080231365 3.32091944579411 -0.92733873700253 -0.125347021749242 0.536943317846392 0.46064770245583 0.369468794479697 1.19122585232922 0.6130159715333 1 1795.62352845621
"1" -0.782280356915357 -1.28031839117548 0.19646339481452 0.995613066580431 2.90600806891026 3.43524402783752 -1.67546531215816 -1.9814143081894 3.4322254201862 -0.774836591872602 0.0192618398332227 -0.627490535173907 -0.399498677468542 0.096461171278661 1.19882596820877 0.188048772980799 1 1447.64786195338
"1" -1.72447083093212 -0.0985959478862984 1.30564011430635 -0.205707514092126 3.22491846714161 4.10851036269143 -0.073286160473037 -2.56554283847072 -0.727307332685334 2.68542122046257 0.102471688840799 0.760055589141152 0.112644538352738 0.154872368425332 0.772759731211707 0.69986943299374 1 1824.58186790723
"1" -0.868064874505845 -0.790108412925 0.350005411293061 1.08395493785924 2.08139909636163 3.56491119286319 -1.05850079138414 -1.82551601386059 3.75911021084491 -0.890975066886981 0.292159676994005 -1.6859324722303 0.292515241954138 0.0584889323849712 0.750691216956476 -0.163299551503705 1 1459.95633537359
"1" -0.731467518288948 -1.28675941301061 0.461629681135443 0.859711843436194 1.06344930694077 3.62583655953558 -0.878616411195577 -1.52188379381526 3.74671724981181 -0.351922622980724 -0.100597609708557 -1.49137878323005 0.24894471141602 0.173440786159992 1.16032134440521 -0.362680044492806 1 715.030941884346
"1" -2.0230420557362 -1.59539809695626 0.475062184204423 1.1165630012564 3.66904079550035 3.9971657860447 -0.853758415306997 -1.72981671851285 -0.0472022406193374 -0.836581392268669 -0.486056565147295 0.76918246368239 0.036481340129592 0.153067973417857 0.941497685742177 0.132529621123416 1 2074.82916988478
"1" -0.437948300890886 -0.752399458356623 -0.0726304099072066 0.0905442684288946 3.73192646346258 3.88658657501102 -1.75035127767875 -1.9802120906593 3.02313789893255 1.70136483218474 0.394522210183755 -0.329828721810611 -0.0766987849463712 0.432525197144812 1.04766478813134 0.157366154166637 1 1647.34527433182
"1" -0.508169747344715 -1.18992780639179 0.197747315327293 0.867109457592134 2.92409385489176 3.78644374028643 -1.72488684346174 -1.78411964950959 3.24973858888712 -0.615906203574081 0.129229782696769 -0.473522114494529 0.147673421307548 0.213395232212971 1.00211254100765 -0.441907654015249 1 1650.76479111069
"1" -0.952702839172746 -1.12131490892535 0.0286503378063798 0.600535223149295 2.81389307242995 3.83601298528973 -1.28122330267363 -1.66825363025784 1.45754281939445 -0.264750577080173 0.209337106453457 -0.445636154696356 -0.24638191567596 0.325027219258671 1.08339914400918 0.0942831414913994 1 2261.59389977191
"1" -0.5231517514426 -0.910310703180338 0.23295690745601 0.789279556517199 3.32437008093506 3.0706132842602 -2.47495991524997 -2.16903981511813 3.29676012250304 -0.565319038729718 0.166038912709611 0.267688530404075 0.538682305100869 0.451317239268138 1.42564391514735 0.236132077918396 1 1900.36272735007
"1" -0.953640474570598 -0.748322771379987 -0.0921105596269415 -0.222483217735827 3.44647425316374 4.18102356233795 -1.6828837878526 -1.77775088864223 2.14634845208566 1.4260121698314 0.0479994667342697 0.0131868551571776 -0.250128169320662 0.247398269544183 1.48974128853396 -0.0896023260879079 1 2062.921335566
"1" -0.747765971308255 -1.40204785992496 0.0767911939139506 1.23654264655472 3.02797059634105 3.63752032650162 -1.54019383000466 -1.75564412571477 3.35929567273353 -0.850902015904923 -0.120626745924375 -0.84475252698069 0.413445394274548 0.245321155835081 0.9618826110492 0.184038487208317 1 1298.5893347436
"1" -1.40230167528984 -0.000791996840846487 0.799916856587257 0.0614824004902101 2.91792305026214 3.30802714310797 -0.733753704182751 -2.71874279771274 -0.482786867550732 2.79219088851739 -0.0296079762415678 0.571267722261709 0.635216613009747 0.311027678372874 0.514702020462801 0.204254125533037 1 1821.0436624823
"1" -5.82307973687579 -1.480505516056 0.107073851698944 0.997700635968506 3.13951687291332 3.70057382159052 3.78584280000406 -1.7119544217479 -0.220816383105812 -0.467139887863185 -0.927781542502994 1.2367468879237 -0.233659531662866 -0.26084525931304 1.08799778716975 0.269015684902267 1 2038.83820608857
"1" -1.4991229776804 -1.29846731027623 0.23216804164063 1.04877352021694 3.13252997127964 3.79347044523333 -1.49886869618452 -1.7625461551401 0.602605200334311 -0.557678237541306 0.413761018187483 0.568558214573347 -0.18076707117317 -0.0311741362245639 0.963781693600908 -0.802282712739609 1 2335.59154768155
"1" -0.505279119134889 -1.42346593569436 0.0374164000725008 0.979572327673706 3.19084905870847 3.78619294478696 -2.04412102114506 -1.80915401420182 3.11672712567491 -1.00437014704571 -0.120537260990439 -0.302231519934398 0.275838487242858 0.343681560038319 0.863826129555338 0.273291177865113 1 1589.94058980392
"1" -1.80078465789779 -0.552264178257746 0.357672445688523 0.237698485669762 3.02983068605062 3.13682230037126 -0.903854321036286 -2.83606562773212 -0.420767167476222 3.07137233304328 -0.136519142630958 0.914798164949322 0.163206121970002 0.0931330087425692 1.42985024369961 0.0619169764629008 1 1698.10190702267
"1" -0.735907373830751 -1.23788298506452 -0.0477221495481466 1.06299430219823 3.82543006540614 3.56502919375723 -1.89873763610215 -1.72780960927385 3.23231816259483 -0.533918823629474 0.362488830550142 0.0280382352091128 0.903205082488731 0.512548880916327 1.07499676408367 0.565662236961904 1 1760.36434058254
"1" -0.486733574456551 -0.885785766808558 0.100526273217341 0.454911390533861 2.99061728909784 3.06896698967563 -1.8110004031911 -2.31101851574154 3.29131466231986 -0.471986541933421 -0.0193485684088764 -0.663380524389551 -0.0875965171658745 0.209682760246735 1.60262417337379 -0.0703768190909081 1 1644.42807202884
"1" -1.7500212724277 -1.26383646297272 0.494660657299249 0.4329803669438 3.32061982230322 3.58721071828991 -0.797342178290612 -1.6422008243268 -0.00662522382702433 0.31809571271259 0.0297580587368644 0.604701538924661 0.50107665257999 -0.0807397770419251 0.818026084697039 -0.318046919796948 1 2261.02941958475
"1" -1.0252921440933 -0.758327528046192 -0.0207697313050387 0.527115355361024 3.69648344002373 3.79902048041342 -2.78181626783209 -2.29199230646789 3.54153962427281 0.595877988731573 0.143401651693186 0.387561151270227 0.075352950969313 0.234497153200225 2.31571843385479 0.0727043924579644 1 1805.08256261136
"1" -0.830113017964451 -0.320212286734954 0.335276026212673 0.236135702727706 2.07599054043454 3.62211146260641 -1.98420828750572 -1.78790305935591 3.90839428332247 0.914798128411006 -0.14681368902067 -1.26735744047102 0.268417796794333 -0.058879137078848 1.36533779795518 -0.58395094458749 1 1174.39025021796
"1" -0.949476133807628 -0.319548913514014 0.170674695433728 -0.113901296556415 3.25816790623671 3.76249340216711 -0.480794187979241 -2.78970914579025 -0.729534286165148 2.99742212721486 -0.188943118952502 0.299907573517367 1.13830157741236 0.232563814358334 -0.791856818927177 -0.155719559194901 1 1910.65571141976
"1" -1.35147773438292 -0.338539509728638 0.29910816973346 -0.114190548180687 3.51732664409715 4.00453699761727 -1.39325001485147 -2.17278787420877 0.319146746344254 2.92476533928176 0.228201027965699 0.538669431904163 -0.0678885159600582 -0.094328027089833 1.07441422050897 -0.00254905875758427 1 1948.92586929491
"1" -2.04025415132212 -0.364585769127571 0.498797612463496 -0.180590890511846 3.17392243020974 4.10946892327452 -0.536890887400813 -2.45183147226853 -0.176808049941816 2.85994372551285 -0.258107609868747 0.832851674729471 -0.289941255895964 0.300978770977849 1.65900598895916 0.200263749338452 1 1875.48240675256
"1" -2.05883678113152 -1.31212889268548 0.640111546555687 0.561737699030663 3.07184475726964 3.74145010403783 -0.660287503087966 -1.7117892781629 -0.237976633408099 0.340399105650096 -0.00718457976968309 0.616678528068032 -0.00813250165326235 0.444690544777838 1.1465603494041 -0.0771248091239117 1 2155.58879731503
"1" -0.304609509501851 -0.908251823590131 0.119722388147821 0.371608033998829 3.36845482582597 2.88702190983454 -2.45379388399317 -2.15137096225179 3.0403217114467 -0.182164355841953 0.257046593669859 1.125958841299 0.385529737301554 0.101994113983206 2.17188690171289 0.0943366129503814 1 2040.02607720321
"1" -2.59454658702472 -0.351199976069227 0.41763133836819 -0.123401589172802 3.63352786171662 4.2211355820254 0.673849327817598 -2.1694151785982 0.0283825632476307 2.77681815441287 -0.708830094241955 0.627441689256846 -0.459083924292146 0.168765249432208 1.47596974768002 0.0928576032908072 1 1872.52093507925
"1" -0.360340229031035 -0.577381269633276 0.206011704995466 0.701325908822721 2.55100630085867 3.62640670966033 -1.84700239708433 -1.82682156793367 3.34708748620983 -0.726997334311275 0.254749233280386 -0.364911498897564 0.0222343089756073 0.405229640199907 0.97838232181358 0.0965489063032634 1 1776.46182603658
"1" -0.913566365834677 -1.0042798169564 -0.143612369618133 1.35737067890021 3.86823650494179 3.51376755001136 -2.68890408320007 -1.75044826180464 3.41898537265535 -0.744866222387598 0.254090359784176 -0.43027734281636 0.69263255910157 0.547119018160575 0.914692221949239 0.529545181033111 1 1651.33279629406
"1" -0.376903478485388 -1.0746454841192 0.500645707208225 0.848885018118974 0.450693965303808 3.44988090310581 -1.05270119555726 -1.69602341573136 3.96595859167205 -0.808952493470024 0.126103003302884 -1.49104986110691 0.457471837142756 0.169019581789996 0.736501445070114 -0.18418284550675 1 246.618589596794
"1" -1.61760072910486 -0.539480792403362 0.559036779269217 -0.0159823591653568 3.26617988715331 3.61459502142882 -0.922219779756274 -2.09943736871176 -0.0971736691291192 3.04973718493252 0.00620080058559586 0.701237820034583 0.265486252111936 -0.067648709054113 0.816914806203073 -0.105547962880959 1 1864.02013169972
"1" -1.88091194419645 -1.40026053938512 0.884226692504774 0.52770561658463 3.18741942008264 3.99508042068958 -0.7478597978702 -1.34360049687556 -0.696385714602646 0.393293736044282 0.0967543209819187 0.342412816347901 -0.487033219508914 0.396954851289301 1.0214872136354 -0.179696326007064 1 2212.33946321504
"1" -0.593791878524353 -0.917846258808587 0.0046667854834038 1.16076137574749 3.23879989946053 3.26293427076282 -1.60782877064519 -1.81381245580534 3.31326029559628 -0.728220285240431 0.0143053322313334 -0.869343393456394 -0.163057821422605 0.367074974738195 1.0121712725357 0.317019581468484 1 1708.2938005109
"1" -0.659675412816465 -0.990073994091684 -0.00651667713463132 0.446980419082603 3.18823508167429 3.76818676881965 -1.26798156821275 -1.55116015889553 1.92190315322198 0.387842569101935 0.210995327392688 -0.428194387496869 -0.33025716653647 0.290748367221973 0.972378849566796 0.0662077963727019 1 2245.97960571797
"1" -1.51809330911308 -0.195182416795774 0.477222431376179 0.010800641316401 2.97443270238457 3.58621931485881 -0.758303263345425 -2.18407537538843 -0.0588268327453904 2.88949547953561 0.259831461626026 0.544442466169629 0.974874986515535 0.25498458448609 0.59243386329251 0.531840406440967 1 1810.91899872072
"1" -2.22214563661991 -0.037824413241362 0.972573204319212 -0.127099946260914 3.27461595770946 4.03105176906172 -0.0637580210634635 -2.03416014249742 -0.897577435679029 2.53079138361761 -0.354720536898613 0.612561722098066 -0.0547522069837789 0.39667230768651 0.98270446388553 0.119006565822025 1 1981.98980541598
"1" -0.758389068401344 -1.20634898232202 0.120351978502162 1.2025608611871 2.82159584014332 3.95073831422209 -1.3030125603197 -1.54647952408542 3.45648921422846 -0.545103800193539 0.074455310796825 -0.982988965439835 0.476452224034813 -0.0657460815244877 1.0721208553161 -0.029389830175521 1 1507.29096401766
"1" -0.764273477881988 -1.10854684731762 -0.0246651316957389 1.11452977950276 3.36950614413537 3.65751233185046 -1.80939356436563 -2.11293665649252 3.36625595579573 -0.82711462673768 0.452709800269013 -0.0431810433471584 1.10843255845332 0.0444772366293016 1.11020533633016 0.147345937702067 1 1621.65324386921
"1" -0.549934435378357 -1.12295546166958 -0.0723929851782378 1.02680149643082 3.07998339725218 3.78307037533864 -0.983302146303434 -1.29707342615458 2.37813758647722 -0.424634988169521 0.0589984887442235 -1.40465770347221 0.229360936364108 0.333356634577232 0.19483061519086 0.128911975294504 1 1885.33479254541
"1" -0.695914214584992 -0.746116365901237 -0.14430174774921 -0.203685175077132 3.55593613973508 3.94798611202888 -1.79653173623999 -1.91812668868201 2.54233254497591 2.43694922917945 0.403826971023707 -0.0660598135672199 0.251397970429546 -0.226986455097841 1.59188061751371 -0.65026159736599 1 1709.66116846096
