"1" -1.92147801269674 -1.33551182854217 1.08699374790785 1.08512777943349 3.10656457686833 2.98261492884846 -0.963592899747745 -1.59354062755474 -6.61026258392415 1 1105.52994669485
"1" 0.242477140576268 -1.27780888088946 0.199205434204362 1.73361704901097 0.235573882287759 4.15167634287332 5.3571426712863 -0.99119380936235 0.0937774820288588 1 -3508.02947653028
"1" 0.740315276999616 -1.43041166234071 0.219821983862022 0.638366033747576 0.268886588958239 2.69240268831886 5.04122636891594 -1.68387584926931 -0.121188457437568 1 -3386.17945353458
"1" -0.0134904443677733 -0.456990599093307 0.15188483664381 0.376491554268316 0.212693856396008 2.20716538453681 5.83416335787639 -2.29778466033238 -0.346942728476432 1 -3776.23156209385
"1" 0.228275018867228 -1.09961337232107 0.242594351215039 1.81221526827631 0.248491585038856 3.9719723927913 5.17062094514205 -0.778852203921631 0.847994700033365 1 -2931.61087519564
"1" -0.842405537833094 -1.65974692419423 0.286140934451089 1.04763285495609 0.308848933701139 3.1862601415365 5.64626227398912 -0.291524782999297 0.251464055982138 1 -2746.21946567884
"1" -1.95581545201523 -1.38616003266234 1.42558493769115 1.0809997294294 2.85953471524628 2.77654788436777 -5.42699277810207 -5.01176698065688 -0.659725592150272 0 1090.10569776015
"1" -2.11004435268972 -1.56317643901353 1.39043243528447 1.22349026945913 3.19334022409562 3.37460533142344 -4.12272311290662 -3.75966306076228 1.82087030879502 0 983.661092221366
"1" -2.25253653531214 -1.73415294394653 1.13017678271541 1.09389300472883 3.0785757475029 2.87382175148871 -4.78159345258867 -4.63435454508052 -0.286552545359822 0 882.57324488966
"1" 0.445455972411537 -1.27653816621469 0.13468398217341 0.761224471253118 0.151907976151727 2.69157809573638 5.65815448491094 -2.60695113687555 -0.307413349062327 1 -3988.7743398039
"1" 0.257905161730688 -1.36760867598375 0.201497975841446 1.48552126466756 0.232013498659236 4.12501228996364 5.35948757531776 -0.731280793621022 -0.0242314882379746 1 -3567.96572977508
"1" -2.02594258740188 -1.4372682984786 1.09571925277842 1.29948171853216 2.94173796811277 3.4361397595531 -4.07599657483657 -5.09180603249153 -0.502543135460325 0 1051.15856122094
"1" -2.13921536570964 -1.5148869607178 1.15538109881637 1.11948526879359 2.68204506734802 3.0511092674682 -3.49922700026631 -4.28306920615346 -0.200351445842849 0 991.460151009887
"1" 0.298134934429325 -0.195060993972959 0.21119044512352 -1.20313729423958 0.263205356570476 0.932425912762855 5.43390181477744 0.0410348468546465 -0.334078255597988 1 -3330.01089380666
"1" -2.14858895194248 -1.41866058842927 1.09171487042619 1.27930729577704 3.00511094260714 3.06610349281574 -4.19919313157976 -5.09041593899299 -0.060052475110562 0 1030.24167404894
"1" 0.514577700437801 -1.40193507329022 0.19778911744701 1.42804369572574 0.265610742082636 4.2825797956929 5.19869004747238 -0.877154488641307 -0.0409429605008862 1 -3370.89619256873
"1" 0.188922199898589 -1.49013077350885 0.243255245751429 1.0006423643076 0.250341999642135 2.682330097798 5.15709104944191 -2.49832769689313 0.118635044683794 1 -3077.42545221097
"1" -2.14734432943938 -1.73232692473773 1.11922703989868 1.16713869463775 2.48772251163331 2.960610276091 -11.361206564592 -13.9242802017535 -4.35798872513717 0 909.688316518615
"1" 0.33456300768234 -1.50125976149538 0.2583033224308 0.744255701659217 0.287893522461182 2.84925554892804 5.04765374488521 -2.88443888513412 -0.515905814162656 1 -3059.04396151518
"1" -0.54868201331147 -0.955019406556503 0.223349751110121 0.558629158619542 0.24959486487499 2.18089381938 5.78797441168679 -2.09093118835019 -0.0371288540446354 1 -3468.63591637272
"1" -2.26167917776019 -1.50349443171549 1.01334465859472 1.19482352185716 3.00668990814427 2.95643364885437 -1.94742918083636 -3.39784956230649 -5.19135831152926 0 965.499665194744
"1" -2.00938537978026 -1.67479845338999 1.14839721809382 1.14487932629671 2.81424183457431 3.11231178154605 -3.87029653662155 -3.67485763847237 2.05439401976683 0 965.902506156366
"1" -2.04964529072451 -1.39294634659504 0.980929598574492 1.02576350515271 3.19479456752791 3.06561501282675 -1.1767933355228 -1.5278953331223 -6.76941737088261 0 1045.03021163466
"1" -2.03387655680491 -1.5510037485667 1.14559286778469 1.39234144666731 2.95562130528533 3.97885130089233 -0.737154548136096 -1.64755712898263 -7.5521194250971 1 996.924052620598
"1" -2.17428134108059 -1.34820018635233 1.1404898736798 1.17586631623244 2.67603464201801 3.25915408669025 -1.28788080145516 -2.85345305008474 -5.79646062298242 0 1047.28797456168
"1" 0.787165402894891 -1.16652737820651 0.211597461790135 1.21001186226969 0.21999439688837 3.67213636188369 5.08123033306211 -0.650681035779132 -0.0437948347676451 1 -3170.08981498422
"1" -2.15859532441247 0.369215527653241 0.785714453164958 0.255154307732605 3.03942711132897 0.281474267680568 -0.147749611491297 5.00005418266669 -0.047024105127951 1 -3061.21134661154
"1" 0.613543752399303 -1.86756549064221 0.226865645130033 1.42093565187222 0.271681801599424 3.8122875575822 5.12560082790467 -0.536041205666634 0.109683550777759 1 -3239.46224389244
"1" 0.123353700202705 -0.158317336004716 0.131884864900283 0.617144447978229 0.439074958998203 2.64144635882949 5.40676677829087 -0.264807306062878 -0.901462457625624 1 -3603.12451583286
"1" -2.01426743397727 0.320301984618684 1.25019771520982 0.233460523812102 3.63284983015846 0.301834547431788 -0.928446407749834 5.07585598813086 -0.149105393728707 1 -3133.94273641621
"1" 0.0584187455510733 -1.11780008216794 0.261950522121574 0.81159975975934 0.305859498374873 2.94207074063433 5.21525072840299 -0.483498371298233 0.070354583276071 1 -2999.10663833821
"1" -2.17884397056381 -1.64525549762312 1.06317302277993 1.20068167388862 3.33472581114097 3.09822514239692 -1.4625297416805 -1.84164775025556 -6.79789368828486 0 928.875769556063
"1" -1.8986839548718 -1.50492610681563 1.14223444739123 1.25775386384258 3.11408294412252 2.89307964386892 -5.59031924940868 -6.06815603554802 -1.25296101306153 0 1061.24880473557
"1" 0.204850319976024 -1.42798932342221 0.24045078785168 0.756795501398414 0.292381683304108 2.31389772957322 5.17110873093483 -1.61257546707573 -0.100664776020453 1 -3089.61029097908
"1" -0.076702334547266 -0.632358196927961 0.309012076145361 1.04491367765221 0.475355221641948 3.05650335541862 5.02527563784383 0.0438806498403083 -0.652352650852209 1 -2228.58534585833
"1" -2.17239251905731 -1.51162965849794 1.08877037043876 1.18899244001636 2.93170548134813 2.97614727447212 -0.840625642225422 -1.24014544979553 -7.99320195472157 1 973.756730140754
"1" 0.630529620919235 -0.882765630575452 0.117888759985654 1.25588226745491 0.187580801126382 3.20153629753585 5.64525623110021 -0.966168289719068 -0.0899997829766194 1 -4092.04232275923
"1" 0.240028198886985 -1.43554386917479 0.168427934116197 1.34034813323783 0.216918668203975 3.60019814374766 5.48843719516566 -0.689464183026255 -0.201029990069432 1 -3785.9568702899
"1" -1.99459298089886 -1.56684952540766 1.20070974572776 1.76934847905113 2.83816456025444 3.82272313196553 -3.31683681558544 -2.49186976330085 4.62143134533507 0 1007.71532625463
"1" 0.139296063895799 -1.22113891377581 0.238680488315246 0.937891157263546 0.275960817407811 2.80528560963233 5.24130805452043 -1.23872537520441 0.0147476492605983 1 -3161.14952315407
"1" 0.114286891744163 -1.80081260182274 0.162353950544945 1.28711756498906 0.197506858679277 3.52269626744995 5.58031494565487 -0.601674661874678 -0.0896166262291124 1 -3895.38128184735
"1" 0.113957591166728 -1.41891184569726 0.352781792557268 1.49694388766601 0.348902177317099 3.52954794513036 4.89562613521261 -0.667469385728245 0.384123053794895 1 -2350.88657409498
"1" -0.722020059549252 -0.41913366221182 0.308548350099432 0.253630019210303 0.372370083198722 4.38389875002054 5.68429051724977 -0.610313961257882 0.304928822953425 1 -2442.72309823554
"1" -1.90850056086441 -1.44961015759472 1.1705971486496 1.26878680660252 2.89736030494966 3.29984295334302 -1.87069351912894 -2.50738822942567 -6.23718894337638 1 1077.03120531901
"1" 0.0999878713759178 -1.47446832591489 0.209791033241599 1.69830767045921 0.226265385907415 4.09312182734325 5.36676909133088 -0.816065919529622 0.320181165410099 1 -3389.15895731761
"1" -2.18062409138595 -1.35461551076028 1.55469588429535 1.10868949448214 3.34953995209564 2.8518390565116 -2.40435436445094 -1.76021345988958 -7.02593172942578 0 1044.64436615027
"1" 0.26397624890064 -1.47140239505853 0.346276843577662 1.88121971842743 0.313119534167935 4.62696072182189 4.76761237145086 -0.120469337638446 0.704495545355992 1 -2374.87451597973
"1" -0.0754950669014802 -1.39502192328433 0.227290482242211 1.19797427062455 0.274765045417643 3.39335701878862 5.39005277826601 -0.669166718631789 -0.13972989690621 1 -3409.26472739281
"1" -0.141027803244242 -1.04660639835668 0.279139817695771 1.46507908720408 0.251617616200117 3.54438861927809 5.24276146743517 -0.36920759607221 0.10609963592737 1 -2619.55201811708
"1" 0.408044733147051 -1.58781925788522 0.267671414670698 1.11176306639702 0.329908877123854 3.21920072216604 4.94620482950807 -0.707422728017844 0.0705186713076422 1 -2834.97346656408
"1" 0.468446498524815 -1.41629675638584 0.149964627610589 0.464888216701015 0.19335096460753 1.9435614261229 5.5300639904183 -1.03263316473253 -0.153046968119915 1 -4048.68075386315
"1" 0.170355124338635 -1.31185484450454 0.225440322691612 1.3445804963154 0.285448131688271 3.74667723331965 5.24619298642746 -0.569309948239851 -0.121173961476717 1 -3234.01302872482
"1" -0.136660946289519 -1.42814378755967 0.246057120113963 1.15165777076985 0.264974894857604 3.30208494677048 5.35509084789165 -1.17272889529817 0.077619646673165 1 -3305.57278067767
"1" 0.681914828591265 -1.75735774818608 0.178652510819579 1.28242258715814 0.254120933950505 2.47080314105257 5.17273789699969 -1.63474914116642 -0.204391436853341 1 -3438.15935374812
"1" 0.804834859410889 -1.54978039979246 0.197820896738881 0.907352371345194 0.211028365232385 3.53867874200333 5.11707075353976 -1.32243799663865 -0.00837622847373165 1 -3475.09816582429
"1" 0.0311416854080566 -1.55520800633257 0.189153531053405 1.85338878534519 0.239002148480303 4.40834096480692 5.48283479906029 -0.736511590833816 0.349975576712987 1 -3590.99248261091
"1" 0.0889619583765806 -1.18622717893996 0.230138631520424 0.849084772325957 0.246512570870231 2.409936945243 5.30425626375462 -2.7897950823692 -0.280641318155076 1 -3137.09762829597
"1" 0.594302678292512 -1.94635114923413 0.216316882397351 1.66787604268976 0.258999831506563 3.90388815777938 5.09564092953828 -0.461099080209538 0.20884579968043 1 -3335.70829135588
"1" 0.368467619149573 -1.09605104937406 0.223054747987172 0.319899520977582 0.270203828577752 1.96504865611713 5.19809487190449 -0.827903459317712 -0.208086778015803 1 -3405.53982506874
"1" -0.0846498654765351 -0.956972394709486 0.235702411233631 1.2024847548627 0.280553011538099 2.95693301951032 5.42205980181884 -1.77710338794139 -0.0705396005226142 1 -3185.71212897947
"1" -0.0497720242188438 -0.873551278047207 0.186630279237991 -0.430993520520553 0.246932459736722 1.0921866175734 5.631849788314 -4.89221297608794 1.74440022405698 1 -3471.53840530412
"1" 0.0451055606806109 -1.28866021236758 0.249404517592335 1.74667374898459 0.262970991341407 3.94287599320867 5.25501640767367 -1.01618719564312 0.213475042163716 1 -3155.86640203354
"1" -0.163349883606826 -1.496662775802 0.229655668429918 1.10736999086409 0.284713627092488 3.10884609077923 5.4160684046323 -1.10080922413144 0.00295949541623482 1 -3421.25407340256
"1" 0.174638723036972 -1.31509907750328 0.214805197408444 1.45871198014357 0.270157931082521 3.68290057809542 5.30542399409644 -0.781412164385576 -0.18014315447732 1 -3344.88701864949
"1" 0.116851936070725 -1.24819170939722 0.289284942742992 1.49783859369215 0.327290980735518 3.8826227259044 5.09071407774599 -1.09027128878662 -0.0464650311662733 1 -2828.59325071158
"1" -0.608644736342509 -1.8898546628183 0.271230924680922 0.360931150941848 0.283595697931579 3.87266961264414 5.47017358942361 -0.965181130788213 0.531914120919753 1 -2783.0771853754
"1" 0.281469903040148 -1.75023140325402 0.228296955055276 1.5771564221929 0.270106452729322 3.94601578416944 5.16981804802585 -0.670956331345355 0.349645536077169 1 -3338.69723525913
"1" 0.0698398033547728 -1.45951041179162 0.191811457025663 1.60362349414875 0.263650853795077 4.25374785928489 5.42443721741056 -0.920444151684865 0.0357558658504081 1 -3562.45159644923
"1" -2.21097724565029 -1.48749146833285 1.13669196949076 1.07271680290725 3.0239151398269 2.81304110727648 -7.39442455049317 -7.42244531786159 -1.84930664047907 0 984.422951783898
"1" 0.306359822349894 -1.36333655512601 0.207398987740487 1.73635188735189 0.236429473179336 3.85042827073333 5.29246354095511 -0.516057798784239 0.235061653781138 1 -3370.30265746688
"1" -0.0147459764078288 -1.46166182819985 0.269065519427838 1.60074103888553 0.316164896628555 3.74488691606512 5.18586312357625 -0.677386411986482 0.0845809531593566 1 -3039.77729535566
"1" 0.256901582006481 -1.43892081370755 0.245046682902327 1.67339414119479 0.280491017355353 4.43116211953927 5.176028941241 -0.77281995237646 0.0290042687740547 1 -3134.31579575717
"1" -0.27065710132026 -1.56826270332781 0.286800468555635 1.41274248041433 0.297468224056559 3.09844989335861 5.27894533664954 -1.2500185825711 0.0288395591972381 1 -2902.28055488483
"1" -2.23181275598402 -1.52960693218832 0.989865261004898 1.44509308147629 3.2142057618796 3.09738982137942 -3.0705045751119 -4.59740927403921 2.08538244535693 0 964.825502387088
"1" -2.20295012156455 -1.58964395161366 1.22999243181293 1.05189209636319 2.98740285358982 2.96632047252926 -2.12030621174343 -1.82555022362338 -6.26952790440347 0 942.819805476509
"1" -2.3431049702942 -1.59713232704435 1.31851943465109 1.33331524708052 3.017700454984 3.44700605503803 -1.3069852869017 -1.76078685098057 6.82968833374259 0 915.508798200914
"1" 0.31227882035437 -1.28109453035784 0.263855325428779 1.20960985572689 0.309004611134411 2.15658622686083 5.05691331592267 -1.00544457810989 -0.0495563731783979 1 -3047.21918339611
"1" -0.0690764990942971 -1.42974471354454 0.480935524880246 1.20375285073286 0.379653012197563 3.10000910574887 4.48536411066763 -0.529886267889772 0.324878343403485 1 -1530.25675835283
"1" -0.0233158157423713 -1.34831153362509 0.190783775542732 1.2539909005688 0.247315110014583 3.43476793043242 5.52122735439595 -0.702617987824318 -0.135175005240957 1 -3461.72866403021
