"1" -1.76281798632845 -1.48310522428931 1.28790216633883 1.56306304637349 3.29807792953285 3.4401920606088 -10.3724965606181 -17.5822422535649 -8.23150398295783 -9.19483733285057 -5.73280477345943 -0.591089354060324 1 183.153670647274
"1" 0.424092644128526 -1.44214454558452 0.129982130453583 0.892216910314064 0.174852610687693 4.41605168028434 -3.05973722022991 -1.89223726829737 5.67826018894806 -1.00179974271546 -0.158935434405457 -0.269684718622592 1 -695.432177894998
"1" -1.39895775731375 -0.848202332115922 1.69121359210623 0.35945071521703 5.5172660308056 0.375272905050302 0.194837434594388 -0.610692015112411 -1.92020176763836 5.43478785121194 -0.151702044336866 0.27521730603393 1 -352.543819901743
"1" -1.36842260902797 -1.01889186432877 1.05010848183056 0.848694409452205 2.60886215789518 2.87091085972463 -6.72673290428894 -8.34423109498602 -4.73732590484612 -4.75260008080326 1.27802693963675 -1.04345864065668 0 231.00823271871
"1" -0.0644594443738468 -1.10205040888988 0.214926879900582 1.09158434998479 0.374987040389374 3.72463014761559 -0.668279971185494 -0.627950913009915 5.33371846903115 0.272736319900486 -0.0824667301349684 -0.741476868548398 1 -440.853423334132
"1" -1.692191389147 -1.62843955252723 1.1857988710042 1.49497448622495 3.35168227273857 3.40301137407872 -8.6768699769477 -8.67807349337455 -5.51648803931118 -5.93455998720159 -2.55974123049639 0.07004147147725 0 178.30361203509
"1" 0.197345910729926 -0.842435169029382 0.285442300333948 0.976325594271821 0.30127047884381 2.67379947670038 -6.58574988796268 -8.49593214578731 5.08237451012937 -5.1209359484454 -0.281972052890825 -0.393939709639512 1 -424.616698013995
"1" -1.52391388908068 -1.14712765833425 1.54781323827234 1.16462881804519 3.64772417469927 2.92076636748291 -20.3138038995357 -26.0618085725081 -11.8499379673498 -24.159489808207 -1.28518561344505 -3.66469653291816 1 216.899573340886
"1" 0.945417791128842 -0.292297856689506 0.0669053078191195 0.304823721513918 0.268314494201235 2.88214051608426 -1.62099556608779 -2.37029875199364 5.27387658498325 1.19814375500237 0.192823740703746 -1.41271892579351 1 -529.184607570787
"1" -10.648296277114 -1.1241033990215 1.32852333575052 0.956248022025292 2.94990249963714 3.2720588357497 6.01083262589291 -22.7058248881669 -11.042539307088 -16.2455918306424 -9.63623069532311 -0.894138255841984 1 184.426480987755
"1" -0.947115247630131 -2.33112460876466 0.311282258465259 1.72181917616363 0.276784656909417 4.32269136664232 0.740869198458863 -0.326898406229085 5.70211594379639 0.0187987951016456 -0.189871399293031 -0.687161167432435 1 -296.564779996859
"1" 0.378443688257565 -1.11156898186475 0.292894818204054 1.39621039843955 0.245679510834723 3.7993032499692 -1.36393353913433 -1.49781256533393 4.86115133427472 -0.720416126751798 0.0447686304474534 0.4641460040856 1 -379.15941374604
"1" 0.380931433068337 -0.668115598973891 0.254408762112112 2.07860704516213 0.266293588531499 5.17412791822185 -3.96509928480092 -3.85687825367413 5.13891632635036 -1.53043230186497 0.771753729270809 -0.0261055103379836 1 -448.044156289863
"1" -1.65122545500759 -2.27383891568174 0.242113024130315 1.13791977970518 0.320199369228144 2.4979699742397 -5.33035002252629 -2.44219366019174 6.34260593305923 -1.06937197051516 -0.268553095648071 -0.133908107517714 1 -497.252470242085
"1" -13.159430168727 -1.63485795672338 1.00795833007664 2.07577873739801 3.53254097021253 5.86121224201623 8.0393940135204 -7.72871056676394 -9.97841950386318 -2.2468312246099 -9.25764242757113 0.314985583265239 1 133.945313811671
"1" -1.30682996839752 -0.78747144627988 1.30395601881462 0.467356581076097 2.93844030652185 0.363146528168515 -0.530337742629726 -1.61771864067821 -0.780869833311211 5.08496417808373 -0.115525894927439 0.284236838511001 1 -287.50757038914
"1" -11.0349378399921 -1.12041212527496 1.16952480638457 1.16322208648398 2.18065882105887 3.11983215140426 7.22639436566169 -22.3944519436891 -10.1038051326189 -17.6942646977339 -10.0026414816955 -2.23005020644763 1 210.27097513469
"1" -1.28907428547835 0.308104616105986 2.33631496349312 0.409406654683844 5.32879470475833 0.353074864368598 -1.22070333118879 -2.67414401030981 -2.04998611478944 4.5281794397395 0.00757457750235274 0.226900471812252 1 -278.304719992731
"1" 0.882698232221928 -0.780288624168145 0.211107367409402 1.41523791279269 0.278697702540525 2.87670195452 -4.09375408013647 -3.06093978296785 5.075351225397 -1.9970042027191 1.4554667202529 -0.364977197157006 1 -454.353058239823
"1" -12.4127383729224 -1.71022462003297 1.40242036103737 2.67401789659959 4.14861539784424 5.45224398726399 7.52863377427201 -11.403065326499 -3.82645260238983 -1.17812137689978 -8.67212192095812 0.477542133995295 1 143.691195432113
"1" -12.7277038962436 -1.64020677168099 1.95209307938741 1.77035576421972 3.43320616107393 4.22834972569542 7.89437475926106 -5.29136370441347 -7.08905071676914 -6.42632245469169 -4.84903408027034 0.392222921434335 0 145.838298482948
"1" -1.73460216602935 -0.0283852634383893 1.78091909826862 0.279786924154761 3.1435288012231 0.295297345862625 -0.910950179246671 -1.3090531748861 -0.99399521828364 5.15197412942764 -0.282069081181128 0.396676357141365 1 -483.03726824837
"1" -1.73240096482091 -1.27093219813447 1.66033319795651 1.54458820951669 5.05023651766439 3.63402329513619 -8.16496305491838 -22.2287902178525 -4.61065263012257 -13.699770256328 -5.83101668227694 0.934834288690319 0 195.336033786529
"1" -0.0561116826397192 -1.82846833120234 0.19597640073306 2.60971577667323 0.252020556338443 5.1696503751966 -1.05438482782679 -1.15866044070634 5.48150502786778 -1.27754740154729 -0.233673722713227 0.339608133155024 1 -621.494669062318
"1" -13.5454050281023 -1.70794410106685 2.58968868470413 1.49482835611237 4.22872387581495 2.92227208274784 8.04373888189908 -5.51369587094812 -0.35797489195015 -15.0942593017456 -4.03820490941455 0.280345870956452 0 123.579997109431
"1" -1.55587767326059 -1.44004757830037 1.20137900130388 1.42845373755779 2.77034415702767 3.01630161689599 -9.26027418849864 -9.11636549379992 -2.30773680144084 -2.915981511275 -1.81982042822482 8.27347072871021 1 197.46057394886
"1" -1.41499114941566 -1.82188519651336 1.51483793504373 1.05579616577775 3.19486807553242 2.61354190398004 -7.39876087986373 -4.96309788475964 -3.98558185693477 -6.02347548313044 -1.19278769248236 -0.33559571527643 0 184.842200641398
"1" -2.89916405048345 -0.276434023534241 0.744772411590962 0.236261888959704 2.97448668843978 0.248191820827361 -0.0223092804401872 -0.339651030639647 -0.611279759992169 5.37994254502294 -0.00742148806290297 -0.126417389776262 1 -487.374118985497
"1" 0.266999079794174 -1.17966884800221 0.357068099577394 2.9653205181007 0.265333315004511 5.72505163407813 -2.84703025493323 -2.12575270403499 4.67537354661899 -1.87760847506237 -0.0594890087472154 0.464743442262575 1 -322.618002414149
"1" -0.324748880695257 -1.45837620320734 0.348727812886016 1.03972057442753 0.345878625392488 2.65525833180512 -28.5505604698372 -31.5225301585037 5.09101250288915 -24.9583311733817 -2.3722820864705 -9.3201021994453 1 -362.960215801862
"1" -0.179824616016196 -1.00046087340333 0.405767343934431 1.94481053175742 0.300499124049537 3.67562849497562 -3.39048226075596 -2.95295044180316 4.80020407073186 -0.730758504177323 -0.294125418031651 0.4330174062767 1 -301.159380721527
"1" 1.04716758774694 -0.323836303808349 0.359402513577671 0.977170468903879 0.319326213338914 2.75020343874269 -1.98828899266981 -3.80016208365514 4.48468089253681 -1.83482974003402 0.45249378340736 0.175841528835365 1 -284.754099714573
"1" -13.0645430809096 -1.62139405981725 2.28533699838134 1.28490099001346 3.66920318635574 3.01431253573757 7.95760326104995 -5.3426715510964 -2.29375949192597 -5.13913843969619 -5.28901372006565 0.449088921156017 0 139.03780986946
"1" -12.8671085059932 -1.62952657120623 1.51156133143691 1.37341108988369 2.68382494383017 3.34078088320898 7.9213132570314 -5.23974190188375 -19.4095481428706 -8.14465171383249 -7.13164105006363 0.394571230481503 1 145.38314703875
"1" -12.1785858644353 -1.55068287815969 1.86510007504772 0.927385035669065 4.29058627264326 3.03165073796357 7.50032920948406 -14.159599360071 -1.89666020404012 -7.70721292546575 -9.87786471055198 -0.0531694310262448 1 159.517119908493
"1" 0.454620755351198 -1.88734853515577 0.202014702961821 1.97698235985135 0.266603554589607 5.34079306716163 -2.39596017706624 -0.807718401334625 5.18681238363544 -2.00386937405504 -0.380108953688098 0.129378309780963 1 -579.328608814229
"1" -12.8229099644965 -1.37063597749818 1.02877406694776 0.936213111416276 2.91936729096811 2.71530331615369 7.92267781371768 -15.3730385319257 -8.63873883739524 -10.9807802107085 -7.09295923819423 0.262838748896534 1 169.807235093378
"1" -13.1579843678344 -1.36799097527721 1.57100276675225 1.69156648673471 2.92651821769061 4.00828551892927 7.98536328976076 -5.21754472449803 -10.6070311704427 -4.60850013527689 -6.53049749564205 0.150868883013451 1 153.153673851497
"1" -12.5504448711574 -1.22245365462633 1.392398311151 1.40759407846686 2.91013841562601 2.63968565331306 7.87770084754002 -18.2786784552033 -11.5222126669214 -12.8798361630436 -8.24304567117682 -3.25061428189909 1 194.606075924208
"1" 0.438054553803392 -0.583879612492731 0.41623621787869 1.36404182153643 0.344723934141259 3.78847564318415 -3.61860080940563 -2.50798584662106 4.56808385150256 -1.49567483299139 1.45095824337354 0.265996664251605 1 -223.168329812564
"1" -12.5638511050265 -1.06777573177101 1.19272916629941 1.47287128522871 2.47284654130833 3.69413948347026 7.88299498902743 -19.6178713925104 -11.9121451263109 -10.3240844240424 -9.0147286714179 -1.24276603877298 1 202.56956826872
"1" 0.809322909221229 -0.881169800778386 0.415845802614288 0.183514138629792 0.342296849195628 3.65323120640437 -1.71838358529021 -1.87918000196449 4.29563836038418 -0.822474857798335 0.66108666884182 0.347907269860554 1 -206.821015124195
"1" -0.815183957091092 -1.14806290649326 0.448878600598889 0.602752871036343 0.399309475025193 2.15097272770169 0.074808668115543 -5.56595539335135 5.1612743874991 -3.49524381977218 -2.06905759166147 0.0205780189023874 1 -310.777328742246
"1" 0.506952452450384 -1.70417565751608 0.383067556507362 2.1683862962408 0.314690455561717 5.39069202875411 0.773746563195537 -0.497451272517249 4.48196349181726 -1.37033735644705 -0.221345257590482 0.725582221999435 1 -308.752254190253
"1" -12.7324866375804 -1.42692085757136 1.66928519518977 1.76203482327448 3.46763471751665 3.86619812212043 7.90730273200215 -13.996370539654 -3.31282402653452 -3.59831286000984 -8.27115467289313 -0.229766344223885 1 168.451564467219
"1" -2.1349840889815 0.169089858527645 1.06582519919851 0.422569878311995 2.52319123878531 0.312056115674937 -0.127084450503078 -1.30473375787998 -0.211686031288002 4.36916586741253 -0.0999674143591301 0.170803486522772 1 -254.765594861585
"1" 0.0757759286920659 -1.30778329736939 0.29309350704168 1.47234788763078 0.253052393207923 2.99248675128829 -12.7163624479663 -15.8278799417048 4.94655969358376 -11.6846192700657 -5.41636439622261 -3.99353216348736 1 -397.12473390886
"1" 0.30760405748595 1.09618888375041 0.426519720498885 0.22057651908719 9.07080523427485 0.285849853703621 -2.95547497923342 -3.94352434882665 -3.81319668387189 5.14539204693273 -0.469744972956732 0.010112115783877 1 -470.878652449233
"1" -2.09404269382062 0.39499636383413 3.32208415940807 0.440568167528074 4.47790973736177 0.38041873519414 0.451361384749 -1.67622232660561 -1.68123299387367 4.35698260232031 -0.469545380705892 0.306656067474784 1 -266.309053893447
"1" -2.29511580479863 -1.67581702478091 1.05508948080023 1.57167091984993 2.7116684578044 4.45077090121173 -0.0959875897720933 -12.848423393235 -10.6442628804277 -5.78706203425053 -8.83226546996472 0.136454649913572 1 159.440466608283
"1" -1.67150197258967 -1.69004527809397 1.09849465196647 0.821333393114542 2.62135486122332 4.0690524915823 -7.01769005071187 -6.5955786250346 -2.21924923160569 -6.54905352118695 -1.45703131236571 1.91951291546496 0 173.539686801783
"1" -1.69050128975447 -0.79124488081183 1.08900379404701 1.22482898488573 3.64613674680261 3.83510184507062 -2.05230754010294 -2.62580084650674 -1.04597254879604 -1.53174817381662 7.69306691946781 8.28542819953948 1 235.151623092066
"1" -13.5657978785922 -1.82245895611361 1.31934706167394 0.909751149962738 2.97507350035258 3.05171031532764 8.04827727724879 -5.54553625816127 -4.96101304450269 -1.67107140167019 -4.13305466583599 0.220844181131765 0 114.459802394143
"1" -1.94023358083882 0.652065832374214 1.66310133245089 0.171743371573156 4.22515654331506 0.228260628103941 -0.0268477811877866 -2.1330939368246 -1.40771098292428 5.25766144805974 -0.264019089732215 0.20138779490016 1 -569.891780193184
"1" -1.69321360232554 -1.62805522158684 1.38720041108087 1.32162387043829 2.75120936438556 3.93697270244198 -16.3155283646286 -13.5764580474583 -9.23541111339379 -10.371725628002 -5.46437876799043 -0.517132375782765 0 178.196991402356
"1" -0.98054652390175 0.432095736056136 2.07270858531013 0.357039605045497 3.3001916478904 0.319377296122658 -0.209115603665439 -1.67284535825764 -0.529478541494774 4.74139243818919 -0.314997260870972 0.176202934099734 1 -348.116654119687
"1" -1.88725983759453 0.108107584854935 1.70051503477369 0.508622049648084 4.58987930157718 0.380603166083097 -0.5859695910084 -2.47128930750328 -2.0657326819981 4.40304131856478 -0.347184056985004 0.10323136668567 1 -221.610796748513
"1" -1.44454048022584 -0.990516088714497 1.07698464551531 1.10383379735353 2.57320287679825 2.39232959378105 -17.9765517877028 -18.1980990230042 -12.0419292284004 -14.9107403400913 2.61075258371916 -2.5024221632677 0 231.619491185358
"1" -1.48788155337846 -0.175766105919384 0.675988532355963 0.513370560780167 2.44141763129297 0.426374837196865 -0.556841293896372 -1.0825679945297 -0.0691107687844249 4.56642247007558 -0.044739160119614 -0.24879727003482 1 -182.323137985755
"1" -12.994979097742 -1.49629025182127 1.35383111459599 1.40788106580267 2.8870777865156 2.85681144159147 8.03272969494238 -20.450529341538 -6.46947848274317 -7.65511219344185 -10.7165278568636 -0.971205423789861 1 166.893929606913
"1" -13.0828115355152 -1.30217221771232 1.9331027959452 1.72744369933902 3.69830706519526 3.50523014225573 8.06423549757171 -9.51771014862103 -1.645355564541 -2.84882403450412 -8.47940272277509 0.448712577590409 1 169.344234736969
"1" -8.52442480806431 -0.953258643657306 2.21637660763578 1.27598138991594 4.62166192415584 3.54558906660452 5.04865091182126 -24.766350622109 -1.10549753209462 -16.6200481186543 -9.72279571635564 1.51861163144494 1 206.886984182636
"1" -0.0974389214976398 -2.46747674102341 0.438322885766636 2.24230349245 0.383456711592074 4.69237486870414 -1.03125696139348 -0.65045477813526 4.59812964999323 -1.19122853003338 -0.278266989130668 0.194598581551707 1 -361.365538027489
"1" 0.909362717336718 -0.242209135618575 0.177111807685332 -0.00546180768482083 0.254367241820104 1.88396881139557 -3.05848445561635 -3.6363031512429 5.23428071267114 -0.444502923847845 0.152561130350199 -0.249217556340816 1 -558.010777649903
"1" 0.235387102263483 -1.71875100127481 0.372992744395764 1.89845164555142 0.312549270757837 4.9106831027334 -0.00499961370118349 -0.953921299181249 4.61000671431732 -1.07613996538761 0.00244969572963136 0.321596866727786 1 -355.039276603782
"1" -12.8721378420635 -2.17454671522637 1.9535654796633 1.57359306438146 3.92371476676894 3.46958733419999 7.90586687041497 -5.50220043956271 -2.38414249753464 -3.45629285691617 -7.03575077150839 0.145604246708667 1 114.419413649095
"1" -1.90213489763565 0.847715115173539 1.16215086043289 0.88583360613317 4.72028585042241 0.732248623205359 -0.651965514823596 -1.73070885113899 -1.60612486140955 3.50424936746486 0.055444180173982 0.227191200171899 1 60.6045939909782
"1" -2.02063923758492 1.07824584170748 1.29871438932932 0.229662920062311 5.21544898157878 0.302744697429719 0.552595444465027 -3.63060975497872 -1.71894452045699 4.826861629983 -0.426154805723245 0.34702299878901 1 -430.931822516304
"1" -13.0594205375349 -1.57662557343225 1.40854605935777 0.897489084633381 6.18397672436345 2.62684707366713 7.96038377253037 -5.28834210446415 -0.00805213538619387 -4.81093934684007 -3.95848496174477 0.231641732322675 0 140.951431520551
"1" -0.394116185060451 -1.64481347682503 0.506681227569987 2.30683796000938 0.365274207728221 4.55809638052263 -1.34985613112428 -0.2838703369165 4.66920029678444 -0.397220237245199 -0.636356486326817 0.480119808882406 1 -258.172864330081
"1" 0.44230634534417 -1.06691780778368 0.415175779628673 1.5001341222121 0.334010479538585 3.25965191758177 -1.64635656215347 -2.18380336577122 4.44204845727554 -0.459905602261697 0.382829408349527 0.0242350935155643 1 -225.491453055185
"1" -1.60792548656691 -1.36068341492214 0.984289432068083 1.22144141378465 2.85820588622006 2.72993124352712 -11.0257760211566 -9.31336218228542 -2.31311435706871 -3.61598141248571 -2.27736558386364 6.77189405581097 1 198.129560295381
"1" -1.736217361706 -1.56051459820864 0.953063047372647 1.88473610638803 2.63131327773702 4.64787611086279 -10.4343285266701 -10.1549751059047 -7.40723304109931 -2.95941300703228 -3.52814750956891 -0.231549818313651 0 176.50342428206
"1" -11.896262634972 -1.37998744186433 1.25526723141589 1.44016810043286 4.10049966016577 2.63709449457699 8.45125188031358 -6.28132870435858 -2.26725425573107 -0.890872644665961 -10.3647050579346 0.279688945365791 1 165.265911248556
"1" -10.3091853696444 -1.50644620041274 0.659984071006079 1.45961153997443 1.85204866542177 3.37115051813958 7.26470612787211 -15.4494221621244 -8.68577829587664 -4.78613480803614 -9.93319364326507 0.874511747476538 1 146.80731345702
"1" 0.344916674921511 -1.18267258283032 0.455308558887553 1.55555970531183 0.357026621650462 4.75458292578612 -1.06011376121583 -0.956001556321926 4.34073492518025 -0.854800159586516 -0.0558617121761173 -0.0120358488332898 1 -231.304923291926
"1" -1.34125357815123 -1.14105551958788 1.14535654416517 1.88305206451176 2.98719160685996 3.4940537107537 -46.1012036599758 -47.2548506099404 -30.4634549174865 -13.4943870794087 -1.50055119608601 -5.093844602855 1 226.076325741558
"1" 1.59600998295746 -1.31288785948948 0.128361983689298 1.39571071150793 0.173681926135734 2.55753239975735 -6.60871079768972 -4.23728959158233 5.34022863770897 -4.64647091218108 2.60163683122476 -1.60542423086897 1 -568.198797292123
"1" -1.93137361783792 -1.57786068085389 0.743438847718185 1.47015849724538 3.58299556823148 3.47087680348974 -10.1474279556012 -8.13975079164799 -1.5181637259171 -2.46048310362312 -4.28961577454122 8.18506150368265 1 166.682695612266
"1" -9.51686581682701 -1.44122667703532 0.633248755328116 1.38970934698662 2.06037848174272 2.89484606337209 5.61100032996011 -15.778623680812 -5.60186922161209 -4.30215480893619 -10.1661315856524 -0.34523372153208 1 163.357306479365
"1" -1.79601369647668 -1.29908969060708 1.09951182641871 1.01936002300872 2.47229190046881 2.58608682329969 -8.28727800798198 -22.6224157793662 -14.1661975045376 -16.9434380800827 -6.0386403264548 -0.58369618169072 0 192.595655280258
"1" -13.0130177530356 -1.52758180746567 1.29776558440358 1.15432230102658 3.18326327401134 2.44784360948927 7.95197080003867 -5.23790342323189 -10.7723742112158 -6.11580423566239 -4.86003202321405 0.0640042389678681 0 147.796366820688
"1" 0.58647670128801 0.0479682249211532 0.309256036183977 1.322364255902 0.26765608760573 3.96579892177495 -2.98859002434956 -2.85948710845603 4.90985308997163 -1.42710794233825 0.442846918364094 0.242984052118047 1 -355.979973305199
"1" 0.120956824090132 -0.815238893885577 0.234628445405079 1.96599304043093 0.295151237885055 4.17238484139878 -0.615357123736038 -1.93943235648501 5.34081952091963 -1.00622076666172 -0.309096421692788 0.699391788127475 1 -466.151720879108
"1" -9.68888269580528 -1.55545329766698 0.8002232585565 0.664318797226887 2.23261432638024 2.91150439308659 6.79352915288926 -24.6980229599618 -17.0388716612788 -20.6724607156622 -9.80492052293776 -1.08939406489432 1 159.255674165999
"1" -13.4639425121268 -1.64504201414306 1.92481094591662 4.13399141681214 3.29013649395882 7.49439565219412 8.04970248499431 -11.2426844022437 -9.17915749078931 0.393702673755139 -7.76081167724622 0.00438755392787193 1 127.326641288188
"1" -1.33027104418371 -1.07665433634436 0.991961770098577 1.69855779742737 3.75852787158981 3.82056587375071 -23.3653792727773 -22.3017050150016 -12.270038161686 -12.3170930655091 2.62033633994676 0.0595665219645375 0 229.387787769656
"1" 0.0643996912874323 -0.703635665286914 0.297211621920034 1.46201512299225 0.269985472222825 3.40172228803397 -1.73365428440996 -2.26713753898804 5.06319508063009 -0.943346676313651 -0.0501627227504501 -0.0646020448749346 1 -385.49033616013
"1" -12.548984168114 -1.2898269411143 1.35338579095707 0.844409504836087 1.92210951893696 3.18678655551486 7.87367346649594 -4.97096726411458 -29.5088222744079 -1.53215574414883 -6.00744089860166 0.854123742722269 1 174.771729822021
"1" -1.58273991073572 -1.14483851830395 1.25479260890113 1.08921823698708 2.43484424536939 2.69163948882714 -6.46568749729259 -9.40755767772377 -4.70414217924421 -7.12700137719187 -0.383288285040229 -0.394045197761915 0 214.763609417796
"1" -1.16227874844371 -1.17579493398033 1.13925088425436 0.884257542610986 4.5666879708382 2.92303823372169 -9.79122065745032 -11.1912373452048 -5.34052129590808 -8.82120022367136 2.47452418111777 -0.984455167366231 0 231.170729818054
