"1" -2.65719131111518 -0.470081304135224 1.89887974530005 0.364945854844315 5.23144311882031 0.286627634654918 -1.88265547479008 4.89546047467936 0.310438279988607 1 -369.84708724579
"1" -1.99849627222039 -1.58701921885264 1.85470529555392 1.55584009536358 4.80472329468336 3.01840480673471 -6.48278886998314 -17.2197150543858 -0.64945795405088 0 164.135185812981
"1" -2.7205114180051 -1.36828678695138 1.31755078411433 1.48636907617483 8.82448891466876 3.57722565042787 -2.80074706863591 -6.34274586317566 0.52802196310002 0 152.711380310326
"1" -0.700476460257436 -1.30708433120778 0.221785534965976 2.17394490840369 0.245267462768878 5.22381001488969 5.79615011310972 -1.43111835594437 0.533256992062462 1 -580.673918938704
"1" -2.22448349106264 -1.44425067354235 0.792921941616189 1.16247483837053 6.00873548901399 3.01181426647869 -4.91467131654435 -17.2079315618569 -0.336457682127886 0 163.531109619896
"1" 0.314872483585514 -0.983391637099365 0.316656800304256 1.74328046887604 0.282045053462804 3.99073747677103 4.84722049342271 -1.21168143866264 0.14541812055785 1 -369.886437247058
"1" -1.82886129789283 -1.28633790829634 1.32811235605869 1.59124252271697 3.84306937331951 3.83144451578288 -12.1856076993945 -16.5661522559394 -4.46251907272509 0 191.339606918135
"1" 0.201420449728383 -1.42892374304864 0.157876022217506 1.77649928108845 0.190068604881648 3.61004846151996 5.62527281060195 -0.0725545102620998 0.5134075955969 1 -611.577929917689
"1" -2.03187666027313 -1.84099123322128 1.28511057148592 1.40802757141856 3.95304302282728 2.6923640133273 -13.5133172409436 -20.6959918309043 -2.21294633760554 0 149.819308508889
"1" -2.31260550027249 -1.22957221438134 1.38427399234713 1.054413576906 3.58552614093173 2.55533028952873 -5.85126542639043 -9.05939874228391 -0.527364553040852 0 177.567344334869
"1" 0.323488543916497 -1.28949998432269 0.400142385684345 1.86231202408194 0.380263455839897 5.15155433065123 4.6298778124268 -1.41480522375583 0.0325341537702855 1 -288.860682797755
"1" -1.90862185275349 -1.69844605356268 1.86515588856091 0.973939495210899 3.1164646675973 2.61946556495038 -3.13247675830404 -7.18766274875353 -0.0100609717178575 0 162.492595576407
"1" -0.889022513962879 -1.55832853885843 0.231506487704883 1.60172676583686 0.231047401168798 3.96644840116039 5.77039126638596 -0.550513699774528 0.772030476027809 1 -506.298950514225
"1" 0.251184746253153 -1.14618682782226 0.43596169372154 2.53429989880847 0.36465332726941 4.81028906726577 4.44496802202367 -1.32738485164336 0.0190026013150971 1 -310.823893876134
"1" -0.482137558106494 -0.29910549048542 0.24936806674929 1.0538717952697 0.34994036426368 2.03475980803774 5.71331309095519 -0.914005327228056 -0.251030196939924 1 -483.872749180196
"1" -1.95616372260193 0.422277506635127 1.80192973911536 0.205731699744364 4.15657522301132 0.296060734431951 -1.46741538120125 5.19700894090907 0.101283812753829 1 -546.296714835984
"1" 0.909203705070421 -1.78719717449399 0.464469357710078 1.70794641596399 0.397799646531819 3.97319649020018 4.09091153202566 -0.476413648118681 0.325751035231892 1 -300.359519650982
"1" -1.31043825040318 -0.603670761727284 1.71314615899294 0.54916195202599 3.2262724419196 0.407113230013864 -0.770904547854091 4.73669562067859 0.231711141971465 1 -228.837185097113
"1" -2.30519972063325 -2.09093064732721 1.37976944923965 1.82389977152364 3.31395544653288 4.67362068846325 -7.5558165267767 -4.1194120603713 0.0114946959339547 0 123.80827006534
"1" -3.33603012402294 -2.0354199484463 1.68241241436235 1.41866398158113 2.52117660270134 3.2709216166197 -5.56209036800181 -19.179434503591 -0.270885600833696 0 99.3752288154601
"1" -2.11203017711641 -1.85864087496707 1.00103861666139 1.39033370397742 2.71879949050046 3.53216490219524 -4.14191679492408 -4.88960274384108 -0.306201869005454 0 144.654650256271
"1" 0.308471735292776 -1.20740432936982 0.21726423806275 1.53140728395011 0.227820591634822 4.38226040896548 5.2740729439778 -0.790432816684693 0.18715968939623 1 -529.578762361217
"1" -0.361079623616675 -1.44189294777917 0.206225983646518 1.49432430804015 0.173100745998173 6.25929156790795 5.60205929613638 -1.80055155968929 -0.634345360869855 1 -483.928288775844
"1" -1.92307239897716 -1.90534307476387 1.35216392180081 1.03216444489941 2.79619510307649 2.88011944987193 -11.9539279000208 -17.3614551390018 -1.38922154750077 0 151.743653002816
"1" -1.81520961180663 0.187510820650333 1.04424667024045 0.255729756451325 3.5237519829069 0.274244667046104 -0.738179678056595 5.10419790601044 -0.177706261710513 1 -511.338784107297
"1" -2.13818821480768 -1.85534656265646 1.29655961115898 1.31676259637006 2.86534806751634 3.17950021194149 -12.5667594761679 -14.5756601366748 -0.846311835379591 0 144.865701305082
"1" -2.12523104562815 -1.9576307004116 1.11964665369937 1.21090451773023 2.33733221883915 4.01972394830083 -3.549010835231 -4.20541955116129 -0.168503572738552 0 138.541693914704
"1" -2.33131883159399 -1.37987564535597 1.38796683750592 1.18265681682191 2.64649491158116 2.86920461492462 -2.9552232450764 -3.23408898308282 2.01737382166219 0 166.912038782962
"1" -1.64753649345358 -1.17841946244725 0.909078025784732 1.25713267908678 3.27347269282777 3.58141497726628 -1.21380801773191 -2.01615907831604 7.25042714372981 1 206.390030848123
"1" -2.00474904961462 -1.64988906161765 1.61237613148406 1.07147132389542 3.16004582404124 3.23006681154572 -13.3110681701319 -24.5332438660761 -1.54153561118893 0 161.431592735355
"1" -2.77733252834578 -1.8138834979404 1.33384855526831 1.50252040230931 4.08872533650621 2.37984935320751 -9.44980981955421 -14.1388364210414 1.06465768682807 0 124.861790107846
"1" -2.64717960848792 0.978153555722616 0.774713081499232 0.18272987547994 3.7576008839076 0.254817411364839 -0.652509019051012 5.06818898535725 0.00965436460522929 1 -611.941629883226
"1" 0.104290713424812 -0.985644908146605 0.135428254400368 0.710724618314689 0.269789907994637 3.42532371985293 5.53797360654145 0.0888560786437152 -0.749273496081223 1 -572.048499016569
"1" -2.51100362601208 -1.35777504514952 1.94487962322571 1.49910229142599 3.3710343204251 4.45091411519303 -8.63865163734602 -39.5972757346191 4.77206511907417 0 159.563454894796
"1" 0.0237981648744174 -2.04725828400171 0.26556417225472 2.1256711866871 0.276908294264712 4.42577746014449 5.14138901848454 -1.04515087498259 0.410669024243966 1 -520.194307298758
"1" -1.9127141613516 -1.26606307955584 0.792124646200039 1.16352883817587 4.16037090364962 2.72774000515916 -10.6918519674217 -15.1265182140549 -1.19931366130549 0 188.851302418511
"1" 0.814555476387435 -1.10498501032855 0.203183429841283 1.25567157904144 0.272106205032222 3.85704505374911 5.06820774026846 -0.21439430278701 0.256772458328441 1 -570.641278462271
"1" -0.156783630253738 -1.39153092310795 0.266251344559658 1.48895969203852 0.25626417185941 4.04077600469266 5.26622215476898 -0.654530193264222 0.00546073890767685 1 -484.811258772778
"1" -2.81404960807173 -2.12072990961959 3.71807513717038 1.48995407322051 4.86393562956639 3.27389828998674 0.800196246588378 -29.2644748937078 2.22143464912914 0 106.228838563063
"1" -2.46555052499823 0.194380106969239 2.16440116165804 0.2051365473113 4.30026850104712 0.269374956697714 -1.47341465428746 5.29166507096154 0.00610374459567107 1 -618.982732386997
"1" -0.853724746916152 -1.30223306259844 2.65513821168738 0.42603617286174 4.33300113125247 0.371549282042279 -1.83063997753435 5.63893479722204 0.310913494511828 1 -311.117203311103
"1" -1.65193728868319 -1.67538701015262 1.10481705389189 0.921742597506105 2.57926308286346 3.31823072009632 -1.22781118553648 -3.80616305795867 0.0423665126416341 0 175.402094190157
"1" -2.58595275618045 -1.80957398680152 1.71150369896331 1.36832526829198 3.21076144695044 3.69173663969355 -10.9822007050701 -31.0315922391482 -1.69000274350177 0 130.014160386799
"1" 0.256431665675052 -1.25101415847361 0.139807859587469 1.57786279230843 0.219846084891684 3.07415934438262 5.604726472262 -0.823360116680517 -0.213450364130988 1 -656.813818594677
"1" -1.82561267147081 -1.29792506762492 1.2681298849142 0.881150016327426 3.4622234228997 2.91600118029376 -5.50671920131672 -18.1895575361533 0.17071371043182 0 190.270393535137
"1" 0.774525021169525 -1.27848589866802 0.222585784930936 2.2363222592431 0.229162414857961 5.6634719318688 5.04996350840202 -1.85190906021636 0.136225492294155 1 -530.7177785391
"1" 0.471184168353767 -1.7719608573692 0.198347980014597 1.25110949202068 0.257533653777406 4.16946576393288 5.19216747156105 -1.10833301300678 0.191954950940753 1 -593.404030093589
"1" -1.68341205572094 -1.13023173419287 1.14776211648608 1.56014102551416 4.55154593201961 3.62831496473162 -0.897523228742263 -1.1615917216192 7.39108732507385 1 209.871766817328
"1" -3.54133925373158 -0.825063854567715 1.62233969596609 1.01292438536947 12.4413886530327 2.68685901107725 -1.17296763763994 -1.74050535029582 -7.20473890852972 1 183.892113230485
"1" -1.92486307458481 -1.35814942767824 0.906536585973196 1.44480873715538 3.49796512532484 3.22345039402104 -6.7320746674949 -9.39124373601083 -0.24286641474544 0 182.865821313792
"1" -2.04545450196816 -1.23490099303679 4.35920599985541 1.32691337027409 7.68427461405965 3.04539844431714 1.03451278046704 -39.2240504001613 1.4961836684969 0 186.081261816066
"1" -0.933985688518061 0.503986723793656 1.93022326362032 0.158021612350268 3.36070506144716 0.172252408680227 -0.83078087676973 5.50811449167745 -0.0667740703996766 1 -553.095868269146
"1" -1.61382109536417 -1.89659698218391 0.943685990150919 2.97347727367954 2.82111470009131 6.65553026840023 -37.6781068067435 -13.6282936273669 -5.92068573576884 1 161.600481921846
"1" -1.85095247425456 -1.46125880789949 1.23374268833498 1.05529140521676 3.06562447517429 2.83239624035285 -4.6899605665854 -6.58332405111258 -0.204366563565709 0 180.046981704486
"1" -1.4126057351555 -1.19225590280694 1.00217512069725 1.22786145537263 3.10746434590724 2.99129167782412 -2.25187386870972 -2.79829838482329 6.10972844277463 0 219.232177834135
"1" 0.0887630245119057 -1.25752299992632 0.283677168005324 0.978249567199868 0.30388027514272 2.87044325976153 5.12176750809282 -4.3168801534586 -0.38975603186394 1 -456.133317344325
"1" -1.8811026922984 -1.65996129689323 1.22152001620592 1.40069158324167 2.8496866038924 4.68331230972029 -5.66675815824011 -4.5496133108811 -0.15420340353913 0 165.140836726351
"1" -1.74295968890243 -1.85131182619912 1.83041818834402 0.992558302674941 3.96648248846173 2.79325880680257 -3.20189402860721 -1.40193963066558 -4.20062150176774 0 161.121966768314
"1" 0.7134154186334 -3.94025489191331 0.209994747300286 -1.81055586562527 0.325660145437947 5.9346690360121 5.00179073627268 0.0281979008058701 0.455389252640589 1 -423.368782200969
"1" -1.97581030763684 -1.85270235085213 0.938767533993887 3.98025369955697 3.09930568713736 7.14465155075383 -1.3185617773038 0.772298887066843 -8.0902406039187 1 147.954156955956
"1" -1.87065424132692 -1.59410596557865 1.25340653212671 1.13692368648437 2.97453744485848 2.48097241008983 -2.69515493132784 -1.19873148889563 6.0106502612762 0 170.332936722326
"1" -2.93000195097866 -1.38457755475038 3.4531371998863 1.74551863876524 10.3876461970317 3.67918972672086 -4.40768356826655 -7.86136244942754 -0.203359501769325 0 144.480578667007
"1" -2.08884290057162 -1.46635256144835 1.59591435699161 1.02531217512018 3.22777430226897 2.73409259014852 -4.25683414609513 -1.67625885377128 0.493426382742931 0 168.175760093482
"1" 0.850560272971953 -1.78169648992893 0.192411274496642 0.860355161371423 0.248330503462815 4.04646062731602 5.10711770200291 -1.0346823023304 0.013009019778607 1 -566.020570388439
"1" -1.09856614903701 0.204215828181625 2.37524998654933 0.223072237495376 3.44273718030739 0.29167676642198 -0.949119244114438 5.1718920468787 -0.538270800577072 1 -481.713361791412
"1" 0.422699897811707 -1.0014956555484 0.137413844838403 2.08527250247196 0.19040128436082 4.51002176985448 5.65146324336865 -0.473714311475828 0.53845010403291 1 -674.416960797495
"1" 0.014979293977542 -1.69264264421394 0.225218298225236 1.23730539666886 0.23712585158774 4.47762070712622 5.32274170927911 -0.781120854585873 0.165427472870957 1 -511.02677778286
"1" 0.240027442039118 1.75961248463059 -0.43828541772082 0.171551895758051 2.30801547903916 0.212914083693905 1.65502080914718 5.1892739092198 -0.0369364249750298 1 -510.240397879631
"1" -1.59863387915307 -1.78767982488684 2.76301695562805 1.4048240361257 7.08409501035242 3.65776354404374 0.878163313140853 -2.20508900612694 8.4490309714339 1 177.33937983669
"1" 1.75028673173537 0.550404463876481 0.175174597126257 0.830948558272902 0.349076216445571 2.8623122517293 4.90875808504833 0.261466685268231 -0.646888910933764 1 -578.722135658196
"1" -1.97534445501621 -1.03988687053559 1.29534440112453 1.21010171062748 2.56641698512688 2.99787536405553 -4.8186307220868 -6.7530847918801 -0.279103931960402 0 205.231899746986
"1" -2.78946891342372 -2.01588954010677 4.33619600490244 1.20778987627164 12.4523189773 4.70329516136647 -10.8290524243664 -48.9501595306276 -2.45792236525176 0 105.012693668318
"1" -2.37624324267908 -1.55696071203012 1.41645120264846 1.7492468715224 3.36567131257309 4.49073098353003 -4.74900233646893 -4.04623111439424 -0.172457754962233 0 150.632163766455
"1" -1.83265530557569 -1.91170387530529 1.418200959654 1.15630128247646 3.1713109896056 3.3188808525859 -13.5257448264491 -18.9033814419217 -0.869100999719149 0 156.044091562001
"1" -2.00442720462736 -1.09968389431279 1.08999513746858 1.08292317777264 4.16723848402385 3.34926603561293 -6.69521270796404 -12.0881816564429 -0.567802915687548 0 197.201654799424
"1" 0.146425220931335 -0.956143644154851 0.149602276786029 1.11002752706459 0.182770998079678 2.85613705424941 5.78724814160526 -1.03438404585189 0.160739894385332 1 -621.958227810682
"1" -0.736400274790986 -1.10992972483458 0.389165984034887 0.545156930785053 0.341697673989337 1.67225432532491 5.22217765550238 -9.15741834300604 -1.18493616384718 1 -324.796686385243
"1" -0.0968160280407472 -1.71623635387082 0.254862321932547 2.3270141869451 0.259125731837466 3.7023457447963 5.3295758129818 -0.220241808110411 0.485837745228054 1 -555.590495820857
"1" -2.73102414341918 -1.49634155931132 1.62829424204053 1.36109419747279 4.7720141820039 3.09169292303375 -5.61653138241932 -17.1624306641875 0.040322727565386 0 145.874347109467
"1" 0.208201931462906 -0.0699135525876579 0.321024269852506 0.774967370623705 0.274670909645955 4.16191832967309 5.04658204426844 -1.10278819888136 0.345160026422243 1 -309.51835421682
"1" -1.65544922282613 -1.25333092839575 1.01456753831608 1.32825492128355 2.77238392373381 3.83009513060378 -1.07625510563138 -3.21624371219828 -5.93008195536532 1 200.709431699343
"1" -2.16991816232198 -1.39606967403516 0.882794413212825 1.812761224271 3.24220955905238 3.85277522285028 -15.3207238832793 -14.2465018900259 -3.95427672095325 0 168.622976319605
"1" -2.2520931336674 -1.97078546231163 1.14424203931098 1.26671750312957 1.92854792085026 3.84687060912046 -4.68364865675954 -5.14109529062901 -0.323211544590957 0 132.596851199739
"1" -2.28646761554887 -1.31937172743208 1.01020757858236 1.20706520112533 2.77035831975298 3.24430227164584 -2.01147289557149 -3.63910588831264 -5.55194581116234 0 171.478396069896
"1" 0.171394331556387 -1.28833395573189 0.259486052658338 1.90489830976132 0.279278343219118 4.17383124151552 5.15102340827429 -0.776487577182381 0.284979039411037 1 -494.371636054388
"1" -0.638492895616597 -1.73107473806756 0.549107562140193 0.951415831998265 0.410156438494365 4.36118668146474 4.6736132802242 -1.11729603144048 -0.363690630628421 1 -244.838946010565
"1" -0.862465646326449 -0.28234880309102 0.450448006140944 1.84250386837741 0.351913406376945 4.07807849520797 5.1769356960694 -0.0607979433847749 1.50118748251059 1 -176.58881141984
"1" -1.94795774032427 -0.0187945324603167 1.9788181210184 0.388970459235528 3.4134559926426 0.35881884192436 -1.21800696567502 4.76336115913742 0.194616598504133 1 -367.452943563425
"1" 0.106662451361634 -1.51081232460245 0.350419186617439 1.59899332746153 0.319269096584507 4.8520976312441 4.80044782875712 -1.56189525501362 0.0745702378624022 1 -393.408778850127
"1" -0.226378498117845 -1.41819285165693 0.406068675690821 2.25327378813639 0.342479839736365 4.72685453045146 4.84624880494393 -0.92987382439517 0.419461079836414 1 -365.595424325878
"1" -2.55018235411471 -1.61893973156667 1.26160404638676 1.18835035321117 3.67483997703681 2.8025419814614 -5.31094843821685 -9.33338099137256 0.213910682969264 0 143.151077904014
