"1" 0.873098015722152 0.754096378400887 2.67609809416353 2.88082261760838 5.34718623619971 7.07346549275068 0.0901337448660846 -1.42043533177193 0.261830528949218 0 419.697354000685
"1" 3.69170519464999 3.61577006977711 3.89334007510284 4.72646028599697 8.16600896614678 9.96236360124226 1.41945497483324 0.961778420259533 -3.86480127116448 1 492.70837930062
"1" 6.15178641046989 5.65404941655679 3.12454886806997 6.76445413019623 7.48001513763539 16.1543266703644 0.978627485876003 1.14101509285891 -9.27083705851299 1 484.087493578738
"1" 18.02019507474 17.5641753487532 3.10306472843691 3.85668482049764 5.67367889483766 9.27793440382685 0.245685031639324 -0.981349964438608 1.0017661402861 0 500.816453248776
"1" 20.0698093416635 19.9872567988893 2.08864917562595 2.73149444882452 4.06865967300869 7.32092467648968 -14.8786873154979 -12.0826321448053 -8.89474206828361 1 512.46104600734
"1" 19.2223858204133 18.425177663526 2.05575291793189 5.37176912184577 3.90393761121609 14.1463896317949 -2.35352473765478 1.11387141551243 -0.216676835177215 0 545.104637491707
"1" 12.3727750151333 12.1209250528335 2.7582989354621 3.27069995672457 5.97021643840072 8.41216350867555 -0.0649094736891566 -0.803528223992741 -8.39606657716147 1 502.857812006922
"1" 2.1030330701741 1.99557201099886 2.15202410917199 3.65799976129736 4.7057210913817 9.89175232083558 -1.49301564996671 0.291329182954886 7.59903142398117 1 464.016621572704
"1" 0.912815843008831 0.62987203558546 2.03212389557463 4.32258917363934 4.21065599316999 10.8960502630868 -2.47851025960815 0.48848026965357 7.57069950886529 1 415.144594458846
"1" 16.6389832371787 16.1581778174463 1.67282322383507 2.76551542258116 3.72454506150531 7.22582144395793 -1.05847769981383 -2.81647553441598 7.16682790235141 1 510.437822988543
"1" 9.23498289017149 8.74669666920374 2.49784545127924 4.0108044460067 5.32894362681821 10.9424806057553 -0.329186490143672 0.0290865790243911 -9.11373663505247 1 490.859047631438
"1" 7.25245831670909 7.20113574307255 3.58026263782111 4.98488864930044 7.95358806913141 10.871116660298 1.37602918645545 0.99860125880855 -7.51567433613311 1 479.201508040589
"1" 1.47414574736782 0.942122590460497 2.88450141550334 4.46425392818761 5.08120679843747 12.157732002686 0.240017019770139 0.563254421902501 -0.125388905601713 0 440.463899533708
"1" 2.11180135297566 1.08734383315326 2.37312602606693 3.07701898504966 4.17405237099607 8.63495013052586 -3.24372443122629 -0.0633027028544293 -7.48992249087736 0 449.220749607277
"1" 3.95094669224689 3.64294070615181 2.82797636252396 4.8126731080054 5.47720685643449 11.8544191076196 -0.446840891691772 0.570520891230126 8.00978054498642 1 480.296716555642
"1" 1.17119141968214 0.606711475050803 2.57179333669884 5.22718246303091 5.28379961326089 12.4013363810598 -0.395610198698601 -0.0900794606258887 5.27387894782564 0 413.873866461455
"1" 1.15622390850961 0.827255489344524 3.95973952634402 5.43308919920176 8.65314795066607 11.8060254963778 1.36459605208418 1.39335615808151 -6.5552827016306 1 418.994137405295
"1" 1.70407219757892 1.05229470490155 3.49188889599047 4.61155307391261 6.54025685899272 10.4673711285732 0.210105666500052 -0.0489648675382508 -0.577851854662617 0 431.380443175566
"1" 2.105260584024 1.30661232513235 3.51985304554624 3.54209251658917 6.53542624385323 9.33799086097934 -0.0369730737000032 -4.0614301931458 6.25442993210159 0 433.582537793714
"1" 10.6010733401419 10.4509384430954 2.67992962201124 4.67348123022491 5.74443598003298 11.1759459573699 -0.65362128004202 -0.0549446672928312 8.20461463804257 1 497.732258404584
"1" 3.14401228884993 3.17587799513051 3.05533797635316 4.60793453023392 7.44853046292768 11.1258488952602 1.49467392458902 0.843563528996454 -5.62121712049198 1 467.05093949835
"1" 1.85470812987562 1.21298283093097 3.97526103248591 4.74374622191284 7.89295322292235 10.2491119116521 1.16127929279884 -0.503198782769453 -2.32767652505852 1 434.080941529388
"1" 11.2936878558834 11.0283381482225 1.73179454217351 5.02545535144186 3.63866199191165 12.2848031454127 -6.89136046269952 0.357269522370535 10.3297930139942 1 535.600445804741
"1" 3.05707830368005 2.50874969636692 2.38378012836933 2.67134995023871 5.15292147696235 7.38927346608198 -1.33919647671049 -1.29587499556962 6.70393424116372 0 471.6650629265
"1" 3.40740401108122 3.37295550170847 3.78286967892623 4.71972490879658 8.3777831426989 10.3964033210295 1.52291994340012 1.22578216913063 -5.79386136598611 1 460.774321648309
"1" 6.23888392634082 6.34661791820659 3.45374386843149 4.73917479718622 7.48735990682337 10.1429054257049 1.6647207829616 0.601639437441449 -3.14594271211814 1 510.367979581657
"1" 2.17945392533457 1.71430588028945 2.78490984311619 4.02589376128834 5.3706243514664 10.2849831635597 -0.113138311652984 0.361289369821935 -8.32774562823832 1 463.861456099998
"1" 2.51112868147553 1.75328426654224 2.23913519593436 4.04368840580744 4.42359711317383 10.0308131115676 -4.32451931148845 0.197671669859731 -7.01439544555728 1 460.529951511521
"1" 11.0661872554003 10.5736233287592 2.07103699339231 3.54539281191329 5.0343996197524 9.26874495396383 -0.827541656050773 -0.461094109882361 8.25067862970653 1 544.429133780838
"1" 16.5771609170682 16.0551142201197 3.17189261317312 3.41053038583037 5.93619060513807 7.98558486000341 0.0247350699997729 -0.756602459146272 -0.902233662414907 0 484.682278663773
"1" 16.2515870311392 15.6526439492344 3.24200380626565 4.56312715008576 6.28944895141642 11.3912625338814 0.077836086425047 0.0822159106029639 -0.57441268785213 0 477.864450880493
"1" 11.2524477740748 10.4481463569428 2.31142757452585 6.56024240522957 4.26979874678307 16.7571500781954 -16.9161794717094 0.639345821707221 -5.86442994802041 0 485.425711608784
"1" 1.83734501392882 1.63306257834335 2.17435425893165 4.62547324508737 5.19444327780369 11.2584359767102 -0.101718801259253 -0.229309419593291 7.79760232926812 1 455.583664226593
"1" 11.6639505379528 11.1392785112229 2.05721460682087 4.5432247838927 4.17342440698806 10.614783409952 -1.14431843435548 -0.0460913084519265 9.08602503175733 1 510.302686486097
"1" 1.20762737505338 1.2084504324323 1.82388045897221 3.00764351855075 3.70080276706283 8.35925311728321 -1.72591494374887 -0.827472062088837 7.27514671837435 0 439.159338460925
"1" 2.64559236197112 2.11751561118057 2.76674330750727 2.33387648432311 5.69413492076042 6.36364320367197 0.153502550034399 -3.18596161618845 6.27728955344912 0 478.279402233502
"1" 10.0152474768201 9.48131169195827 3.14234636049891 2.92598116111144 5.70231769201078 7.28366540533892 0.0419763028448579 -2.35415271621667 9.05709760823738 1 490.714145801629
"1" 2.81717059286509 2.20167617567972 4.03557169318687 4.05812352571122 7.29458750331834 10.3972865182381 1.29681637062326 0.303260496728295 3.15270511827213 1 464.081469135441
"1" 0.829634128316092 0.466515985951815 5.45558534220962 5.11827812514775 9.3951165812204 12.3262457689632 0.808693442570867 0.766851091447527 8.16087989229073 1 385.325368720404
"1" 4.44932589148955 4.28384578349387 1.70300968109891 3.24151224855266 3.25114914711406 8.30171197413358 -2.61641186455249 -0.696363933559281 -0.0645321194657444 0 491.67270666004
"1" 18.7794896909307 18.2258817589567 1.99175503407062 5.59693707568926 4.39995472546979 14.402818587389 -0.423694648510137 0.669384354448099 -0.0020391102361307 0 521.495273607955
"1" 11.2408037795719 10.5639107734754 2.96116273492589 5.37075815896896 5.7346243716608 13.2599654106333 0.0938974658452031 0.0171670969924357 -9.09630231752398 1 507.724555323946
"1" 15.2851031756938 15.0018946650217 2.38783941992968 4.98444773459242 4.5216924847361 12.2926401910329 -0.954727822489948 -0.108496209187271 -7.11285737955632 0 516.729596726954
"1" 4.67493426733788 4.01029868370705 3.02086078543471 3.30994761348735 5.77677973966116 8.61208940929013 -0.0106686779351495 -1.89158777461011 -4.4722100177487 0 473.186786842867
"1" 2.81861196399133 2.11602929583783 2.32740268741637 5.59550670066518 4.5210757062678 13.3713166203914 -1.45303952416354 0.690018563823289 5.77812009721017 0 467.606290653323
"1" 1.39472542064301 1.21277704871762 3.98243857360638 5.28141758630986 8.80773877490994 11.8592818540928 1.60592163283654 1.29719488505291 -6.77776560610349 1 392.109996149725
"1" 11.2728456162906 10.9857164288231 2.44673275398684 3.41991412362038 4.78069381477935 8.98710965948134 -0.762885778765758 -1.75210567889992 -8.71650561004453 1 505.672253607534
"1" 8.18075573083365 7.42856535539315 2.7701374162927 3.68832848613949 5.40987857100552 9.14152071829003 -0.617280551417759 -0.356152663171931 -9.12285232690304 1 496.953429119299
"1" 1.54534622855362 0.947368050651879 1.81943569162649 5.34201747542241 3.69224366845776 12.9043266501992 -1.58553953038473 0.557332548223729 7.52037198680642 1 441.619193859744
"1" 2.76154236955325 3.02984698989589 3.73268845623933 4.66837561911277 8.26024908979661 10.1502990594175 1.74405011203281 1.28637762837898 -3.61713597094981 1 462.895940185973
"1" 3.00692772960619 2.68127950446665 2.22038190670295 4.14537903129477 4.41853980890727 9.94836721812255 -1.16245190589575 0.328195812739821 7.55016759111618 1 482.419113473155
"1" 2.17008481387554 1.49930329855231 1.99523054162479 3.08679417945177 4.57789861759341 7.99234831741923 -1.11204038036783 -0.917456884942714 2.45825350902395 0 462.530181137297
"1" 3.44096848002143 3.09621349000249 3.50704690145646 4.22359590132932 7.08524337756499 9.35615397311643 1.2612504514348 -0.0278955802477835 -0.814720731281374 1 480.654304282293
"1" 13.2244879901623 12.5589022300985 2.31319156934539 3.2265660208241 5.08517679079711 8.16446147389833 -0.299748774231013 -1.95653321171378 -8.38749961093853 1 494.052830213924
"1" 7.48400922203564 6.91654859229361 2.52385021018626 4.37391291378859 5.516704042424 11.0747977340256 -0.529399778678292 -0.399996825334865 9.89515252471783 1 479.401619962625
"1" 1.12420643134908 0.613300731186785 2.83153085256911 5.09579130019896 5.35703329138629 13.6293005457048 0.0596365862076396 0.211363263525695 -8.00546453593969 1 415.54069976908
"1" 2.32325890412356 1.9682677088816 1.88541274612981 3.34523058950478 3.73992598640987 9.60710244527793 -2.75947773979755 0.444554183504485 -7.19164289178156 1 477.620629886205
"1" 18.1179884330992 17.5788940319562 2.13442211235272 4.3112205226742 4.32008349474052 12.1830448616523 -4.0371415942813 0.0917200681279943 7.32952898552761 1 495.764075156638
"1" 1.90281084899256 1.47790080417949 2.13837212951298 5.03916424416988 4.19792966907055 12.4219065203922 -1.97497044862868 0.323901445707171 8.3220514199925 1 448.654407664701
"1" 0.921604118821754 0.649916053956948 3.04050028101876 3.83709967594884 5.80045285081787 9.6474656737971 0.131333940143094 0.14521633387025 -0.304968208710983 0 414.723542567632
"1" 10.8146357823478 10.5452829593847 2.18616951995029 5.40883551078812 4.00853915726069 14.0901663204833 -17.1106033129628 0.564363122473563 8.07282735409265 0 485.945024792748
"1" 10.0807690906715 9.66832469763683 3.88735270333761 3.90485504419783 6.55036809583843 9.80752375856619 0.598267462369687 -0.283955227026281 8.24783243828348 1 490.60769195282
"1" 19.7335632956377 19.3859713221204 3.35108763522008 2.66237978808447 6.39119038587629 6.44818894312881 0.410126792283447 -3.73865220286085 -7.01939555177499 1 491.175147936901
"1" 11.2386432475417 10.8654133666536 2.15884131624585 4.68153800383628 4.04999042739101 11.7130869742054 -1.28379543011184 -0.133797806043283 9.91831433159487 1 488.531149178943
"1" 2.82297171372486 2.2425321502276 1.98844941191003 3.20023514192461 4.0022761566015 7.968301463412 -0.808171828024246 -5.42221426300012 6.60769262487352 0 474.691467136521
"1" 1.3685444472073 1.17603296340696 3.55577227651946 5.47991338629014 8.29560769071564 13.3683151070289 1.51780560783819 1.10904954539147 -4.5616565866867 1 401.793514682267
"1" 3.51787852909542 3.22479943813219 3.34076373962668 4.40961707645048 7.11816452821685 9.92076788017586 1.24775557306911 0.40518319734999 -3.94103987549721 1 482.771315863909
"1" 2.4820022161863 2.57653656105633 3.10534608476332 3.9729664501625 7.76577149354306 9.93343621744643 1.82396715525638 1.23245197925567 -1.95562382339825 1 452.668898127926
"1" 10.5689578573086 9.94798720452034 1.87244777144181 4.24312102853854 3.71659574549222 9.46222791599858 -2.02601143459793 -0.21620860442296 9.09997487852653 1 506.280380564229
"1" 2.82026110556476 2.36686108327787 2.56625202710464 2.2839105664706 5.41021113621104 5.61502634989023 -0.0387611545354087 -1.59854030682461 -0.247432597614827 0 488.154038038251
"1" 3.13058624813033 3.21892721983311 3.48603542584023 5.57211966241134 8.29946051310006 13.4406546514318 1.65918134915935 0.915662299353957 -3.7442481427883 1 458.494067041408
"1" 1.58762297517407 1.00645908381647 3.21206963626561 4.51266961824072 6.69547659889408 10.1731020071877 1.29834547073426 0.299589611640558 -6.23077937747287 1 448.734384033178
"1" 3.87543946215026 3.73172860327446 2.89452885231513 3.28667040874258 5.61556957711853 8.53638375906658 0.0686938848567364 -3.24381981814301 7.2510738010056 0 474.034972923905
"1" 11.4433907517352 11.0312700678749 1.69180957745806 3.24552064003759 3.50259338176716 7.93003321895455 -10.1562412343839 -8.1908246663175 -7.66477905013143 1 495.575179122574
"1" 1.61858163768705 1.47146520066819 1.74454615794956 3.89134390962136 3.78317114024186 9.81991322397583 -16.4178878870733 -18.195847154415 -6.06036051126303 0 434.99912859943
"1" 9.78234831512925 9.53400614317219 1.75144936565326 3.4255736424279 3.84470882922214 8.75723680205656 -1.44721276109128 -1.11094748775672 -8.38587302767986 1 505.718595917342
"1" 1.75026277712161 1.43812556832206 2.01876822363344 3.44157928022882 3.84820480581855 7.70432033378544 -1.82734599242227 -2.09830842060711 7.12663868066662 0 451.028540716511
"1" 1.48821462083859 1.27937698880799 3.13322000912003 5.17876942734722 5.98850507925647 12.3154772000745 0.157930969603251 -0.0624954229786544 -7.73236145073693 1 429.553740763156
"1" 1.68556993945505 1.41215365497513 3.65014330807023 6.34233346915386 8.60046362387678 15.4320472199183 1.54422036061992 1.13855619361417 -4.96781863527172 1 436.374180758391
"1" 0.944181909744469 0.914870673014628 2.05083856666247 4.43970260722438 4.02212590915698 11.8108103215742 -2.3555294525561 0.623803211888093 7.62681914153484 1 422.406338715212
"1" 2.80866009032715 2.60213039421117 3.46200099572081 4.2852135933547 7.06034451124591 8.84378284220744 1.44941762232295 0.991826456738841 -5.33213731283385 1 472.371949403343
"1" 17.9389447179374 17.5932069692305 2.95333283873629 3.05106640204307 5.72180946442068 7.29029143458282 -1.63133501890902 -1.67432553461099 -0.50230012558226 0 489.938848022653
"1" 1.67161307575355 1.28417655555256 2.08028281145796 3.39036322259625 4.4290764807651 8.51820548204341 -3.07899233083988 -0.768293544965483 -8.29584484858216 1 443.766050542335
"1" 1.25755028733501 0.630345255530418 4.01626157600331 3.89091340409401 7.60507014568778 9.74179580904518 0.593341744715812 -0.38783842897385 7.2346564917958 1 415.820812609072
"1" 14.6833686600928 14.0817206641925 2.0797281303816 2.34900245930601 4.14791272719387 5.96923125583384 -26.9547350893573 -9.8879799723672 8.06330146468934 1 500.659300935988
"1" 1.85873342722312 1.31622960431162 2.11056361557452 4.69542588419362 4.73169192449287 10.216564688065 -0.845196043375301 -0.964342120326823 6.45142020852905 0 444.528905745213
"1" 1.49552890043782 0.914895503627987 2.76258874254388 4.60909929684366 5.48283389756891 11.3299332120787 -0.22980733215542 -0.0867369855188929 7.54464109431263 1 431.440417204984
"1" 2.97297166395053 2.60379895335906 2.19613794974551 2.84366089017983 4.49165862786722 7.45801410346497 -3.8364615747909 -2.7830514464182 -4.10221233167908 0 468.343284168803
"1" 18.4643112304413 18.0011805793824 2.78739565906264 4.90639387423781 5.98761157362934 13.1787680888356 -0.549243534158947 0.887178421866972 -0.33704652067406 0 504.807652390917
"1" 6.52319063100929 5.99455042629646 4.44749007690516 6.11023686504278 8.12621407416627 15.7284078609276 1.22715526300183 1.19544832404428 0.71121121605715 1 512.180769579838
"1" 2.93203022364626 2.70723747051542 3.28059912647697 4.44150009665246 7.66652197380708 10.4956167505886 1.5570400335274 1.04248505318125 -4.84714836274243 1 460.685410710684
"1" 3.84486347079729 3.62449263212264 1.90538134292833 2.67413442984435 4.31544410976201 6.98208729464567 -12.8858581924195 -4.96816253573407 -10.2583745239886 1 476.933585562651
"1" 1.05453511292624 0.274300874646244 2.14062813405764 4.15661314930691 4.5226709727679 10.0404755926088 -0.735442629902182 -0.151238381203749 8.25052906747061 1 411.685409710526
"1" 2.78620790138946 2.01585114612964 2.08787498591839 3.99018025642229 3.90030153167279 9.00347848741955 -17.4757825041801 -11.9295269562509 1.03143655364273 0 459.592950491748
"1" 0.707906062800831 0.510143379737238 3.49506453138217 4.35781674927175 8.55924379491232 10.54529270551 1.63637690849186 1.10782936902773 -2.24457917729459 1 438.190930759829
"1" 0.933205467568015 0.186859886078138 2.45528045145857 5.18706426344214 4.72539928419498 14.3979510246946 -0.618213952130626 0.537005619521871 7.55260739753242 0 397.539217732832
"1" 11.3547980667975 10.9813447982604 2.19698125664246 4.49330926133092 4.36147740411278 10.7845035199033 -2.84989773092369 -0.207250743703453 -9.6741696070929 1 483.825771807927
"1" 2.05288080863826 1.67130424504125 3.60626981176827 5.50669086928314 8.09056217967171 12.1728048581383 1.31563805233045 1.25247600845533 -7.83541971321358 1 447.838175710973
"1" 18.1899820701182 17.4436113403872 2.49373605698412 5.31128185880736 5.01566805694479 13.5961991258704 -0.657591062303167 1.06613570958469 -0.18052217963883 0 523.743757807009
"1" 1.18433774786185 1.01654588166781 2.47986336630486 4.6314458917729 4.71549436177746 12.1089983305689 -0.137908043635322 0.170034395627948 -7.35599276905182 0 428.106837831867
