"1" -0.0779552636109549 -1.29690416155891 0.22694950340696 1.06566695533751 0.264508351535636 3.19992004683227 5.39529755574323 -2.27783026722218 -0.123132917941875 1 -6956.79253087942
"1" 0.01327266286515 -1.26298938099539 0.267063523237646 1.05059653800813 0.303713176440673 3.3002079896377 5.20834480540511 -0.942772369397453 0.137161680008342 1 -5848.82831238768
"1" -2.16556207190003 -1.48203680319566 1.08823695361654 1.07249525098285 2.70766886935391 3.05145330597756 -1.36188491642362 -2.40214721150614 -5.98514548797971 0 1981.37144057528
"1" -0.219328655506748 -1.21808335456457 0.212800349255758 1.03884639363147 0.22527588044271 3.17413436686312 5.58891338298502 -1.28256136590504 0.232102935923284 1 -7032.06722390505
"1" 0.0386227054265406 -1.21858507954161 0.247898031555184 0.282031115157559 0.274728279178032 2.67495577959845 5.25848031508209 -2.4908045786313 -0.0210426645169364 1 -6293.71407850876
"1" -2.08337548428003 -1.53337526987234 1.12784970852062 1.13230094420961 2.7484241210199 2.94362483291887 -6.89508825917569 -7.59570561753305 -1.93289479840839 0 1998.84300699778
"1" 0.144749285967538 -2.30379682372634 0.284119967753097 3.26117949732705 0.319384274047719 1.70706143456267 4.96717515894548 -0.0508828743452619 0.937146819107674 1 -5419.19283825929
"1" 0.474989934113869 -1.69776120952818 0.261450099401853 2.01817188544539 0.285953558056806 3.90257458803477 4.95701760806714 0.0273116960037868 0.026630822798721 1 -6038.8586279076
"1" -2.10290987979747 -1.71093611248572 1.07177452579536 1.45474415898302 2.65658633429568 3.32810985298807 -1.35214468643048 -3.64067638440837 -5.64814992226761 0 1851.06774394991
"1" -1.94433752388292 -1.61211592034523 0.931238428402748 0.994816725147612 2.56550895091722 2.80134965323126 -17.0161834735594 -10.0277077061861 -2.1698559211991 0 1991.5320446465
"1" -0.871663938628869 -0.768260449884098 0.227350759501529 0.773331322255458 0.268450285693785 3.56357064526271 6.03570673109392 -0.996176062895426 -0.123502551029762 1 -6605.70472630675
"1" 0.17557409340106 -0.965156241930515 0.219675073038611 0.565799224428997 0.244670738611097 2.10243307787145 5.24709229371774 -1.09361731725952 -0.407191612159555 1 -6542.75288303687
"1" -0.0514556421943118 -1.40592610845261 0.265585933721424 1.48767848230249 0.306617805425433 3.76658211282575 5.22462299167093 -0.53273494867646 0.180896454307419 1 -6010.17755363033
"1" -0.182508095546011 -1.44462003560333 0.301698266369561 1.26829630095004 0.320166314570673 3.58531573499665 5.1706916648153 -0.912557075251403 0.795606946912364 1 -5710.7622312376
"1" -0.21686605749529 -0.991167630993543 0.174400116716124 0.90855670226518 0.253696899068861 3.25568976400395 5.72587497469412 -0.798300097185 0.0514218839914213 1 -7205.03907293209
"1" 0.470772022169911 -1.09841424012019 0.214159245908237 0.841746605648084 0.245379098468757 3.98123923863064 5.20855411182985 -0.715635905245297 0.00392889560734054 1 -6990.95409556112
"1" 0.39838945049541 -1.83309986747764 0.15866766051309 1.45771236435653 0.236139734531093 3.59216343074071 5.41636657810573 -0.761508362936751 0.58533500243985 1 -7304.70779463564
"1" 0.28194510657376 -1.92912696539454 0.126281579611286 0.589534462538544 0.18758281626057 3.202610458169 5.71642753618024 -1.6935191182669 0.00141046212539689 1 -8541.20780694984
"1" -2.02966315961217 -1.50796277892822 1.00709999253959 1.1781358404664 2.97239015836524 3.27959068416737 -1.3159719219948 -2.73673366926653 -6.06932561472571 0 2028.815446455
"1" 0.731581451859678 -2.5627676602962 0.226195918002112 0.461450689058689 0.2502459764914 3.4996095533239 4.95273726779967 -0.835733193261706 0.372737741534409 1 -6400.6304523943
"1" 0.885271373671343 -1.9113161391978 0.235979791118845 1.56748842565841 0.208539338501638 4.85037863025117 4.7969649425562 0.45934091943447 -0.049701201123108 1 -5402.43054659676
"1" 0.00382718353552943 -1.50606654583609 0.277169204561192 1.38607142428845 0.292384058882678 3.85814570939606 5.14991157873767 -0.506911546298144 0.410235216776033 1 -6023.07025329018
"1" 0.0429390165230177 -1.07581557891368 0.257913230719919 1.08301779274809 0.295842525129696 3.15509082385017 5.23664942108769 -0.937980318618314 0.183671004498147 1 -6083.53785241685
"1" -2.22934238892766 -1.61756767528484 1.02168352989411 1.30509288394721 2.85500781181631 3.34317188075783 -1.855494463292 -4.91049196051664 -0.692565400427982 0 1857.38511368786
"1" 0.408409958275212 -1.34789832983602 0.222705742480204 1.19615462786253 0.273062164674944 3.20971189775475 5.16243139530627 -0.507987655290153 -0.101187898329904 1 -6811.50958300148
"1" 0.156686033026128 -1.20889802738825 0.209438386566419 1.43519180666334 0.25364795345885 3.17017192593913 5.34894217004715 -1.10537699820201 0.146938135460956 1 -6912.20807762719
"1" 0.0743750708454406 -1.48690872358794 0.258771312327479 1.41890423276228 0.283242219586498 3.32506291003957 5.16828915945301 -0.930346901856009 0.0015918410531146 1 -6344.380594819
"1" -2.17185816528242 -1.49585168379026 1.3117107290365 1.20792019017071 2.98591187433941 3.09126829843702 -2.24528208066394 -2.48399910178749 6.21353284446706 0 1990.20621960633
"1" 0.215848092204344 -1.22118092275213 0.178924858002741 0.689218236810856 0.228117553076193 2.52887716866657 5.46758214187726 -1.90340593871708 -0.382708144312978 1 -7404.95380827349
"1" 0.147530134343879 -1.37060011480111 0.204556924577511 1.133148415587 0.270329709070842 3.2815410320379 5.34560692575405 -0.618057712996054 -0.182064369797395 1 -7118.78899243644
"1" 0.00944172151809941 -0.903767962572126 0.233406383912543 0.426131060091262 0.269466267151642 2.4018232360153 5.37825321373715 -3.15993395861119 -0.163725008496897 1 -6609.15693917303
"1" 0.411039054329976 -1.30863536368068 0.229346168960793 1.33653647554886 0.263235745913443 3.58062208486155 5.14616405974136 -1.09524906950333 -0.0995651794441628 1 -6672.85519099364
"1" -2.01052552638098 -1.43547384325151 1.06157961042884 1.09523982296713 2.75719063563484 2.98129205599814 -1.53867374294002 -2.49291177275763 -5.97160152283101 0 2096.56835074309
"1" -2.23084875665351 -1.51734254766821 1.12661306546225 1.06925941869558 2.80755384079562 2.69265149771778 -3.26073826980092 -2.70398029931136 7.48261828239524 1 1933.81411837309
"1" 0.0837034275450888 -1.43546558366718 0.264405929830555 1.34318773477929 0.293104483317971 3.82091064563104 5.14579832900267 -0.717000549805165 0.244084171991283 1 -6099.72650763576
"1" -0.290526514491901 -1.08914359791798 0.28635937030317 1.30161846500228 0.314294351774407 3.11958670443093 5.34277621427381 -0.775111855269642 0.060091605882625 1 -5978.91840740883
"1" 0.192794614390771 -1.30785662232784 0.197828845826765 1.2964192908101 0.257007467747414 3.65071153325985 5.35086980353795 -1.03687330419167 -0.177898184475582 1 -7163.05311622564
"1" 0.577882093697728 -1.8023559490852 0.229695584651665 1.38195857339498 0.24969661300572 4.04336928415095 5.04953071032456 -0.480175887639598 0.195450587687921 1 -6372.76068215737
"1" -0.230986679584437 -1.55749547194987 0.399512011783482 1.58927683007674 0.352174871787575 3.19664582393535 4.82480108590072 -1.25221371024741 0.133158421957712 1 -4155.8361429449
"1" -1.9726677071315 -1.46000453804188 1.0632893905841 1.05211537048321 2.84381101895549 2.83392535264775 -1.75477395680287 -1.99677045612435 -6.05401188296735 0 2092.5093722764
"1" -0.172880364720535 -1.26155263171432 0.264434920718367 1.044595680213 0.300477997968807 3.50393190975644 5.3249402738187 -0.771410009086304 -0.0683464663021812 1 -6322.04857842914
"1" 0.0714703907553819 -1.41773011096553 0.263814659260453 1.13790667471405 0.288866729790414 3.65998007768701 5.15728349306035 -0.809787193515014 -0.00243960049262862 1 -6202.55018955219
"1" 0.200150731392941 -1.64152485144763 0.232634237404665 1.4482311417006 0.285128179886383 3.92870306841675 5.19750499986326 -0.653016423347424 0.16697494176241 1 -6609.44892129979
"1" 0.522165508518369 -1.36802127153048 0.132834863633335 1.0638468412486 0.172971953125036 3.3086628021112 5.59922191684568 -0.491463298307669 -0.193071738453976 1 -8322.06146858061
"1" 0.406661424664816 -1.55198069234731 0.22962630738422 1.66148022874603 0.26261379226765 3.70718685825409 5.11754885839403 -0.39909313127647 -0.0861795966494824 1 -6711.80940047358
"1" 0.511788352993707 -1.57448880692425 0.209060628313009 1.95512270634977 0.212370775073998 3.19558194660575 5.21349364360985 -0.230956822645262 0.247651303969856 1 -6801.09746595456
"1" -0.823100731742666 -0.820746134845846 0.177702567999706 0.639290368963085 0.223382120120226 3.4557318901326 6.21939450088159 -1.90023345056165 -0.198695274618473 1 -7310.95391843292
"1" -0.0476444928782329 -0.822978173849317 0.243598202927567 1.79919686292249 0.246110338991169 4.12155473060001 5.36106757065163 -0.129487652923923 0.348025166053909 1 -5890.90545322307
"1" -2.18125830648516 -1.3830718315786 1.05205689928582 1.06099442542831 2.83460586724035 2.79531234401158 -2.1693943667033 -2.91152189968382 -5.31958822964419 0 2059.41567838451
"1" -1.89262367290969 -1.45097405619089 1.04758860338056 1.05839347469065 3.02129502219576 3.12896787962107 -1.34754399887449 -1.82359131793905 -6.67987930093871 0 2137.59649517492
"1" -0.1404647620139 -1.47182989437913 0.254255967849124 1.76378135733202 0.269283952375756 3.60451993007808 5.33361092455498 -0.560142657379105 0.534738204317604 1 -6412.73739040598
"1" 0.251303583486825 -1.35320054204151 0.204845093578776 0.814434141093008 0.234645491263846 2.69408577962082 5.30557579349672 -0.760737870111794 -0.137243549680363 1 -7098.60780728451
"1" -0.13827989245366 -0.820481758682279 0.24772943686476 0.699493143879734 0.285734780638464 2.46056908523604 5.41839903676785 -1.59801868116085 -0.103274760489729 1 -6377.59081435166
"1" 0.381369077187629 -2.73249062995102 0.281297729705927 2.61756893598192 0.313355259071762 3.02342492856841 4.87728061655834 0.123434488463377 -0.396060055384692 1 -5597.13772492316
"1" 0.513834134700877 -2.37855110943031 0.200762968166089 0.728760783656872 0.254922996047779 2.5327800698015 5.14967183727536 -2.7082734443124 -0.120868797512852 1 -6954.89913444631
"1" -2.00420615902997 -1.43813075089661 1.02982306217695 1.21452206739191 2.8576782803119 3.08508769353514 -1.74528518344342 -3.13155167567076 6.65181187210971 1 2105.23756140674
"1" -2.05267962063321 -1.49394020490377 1.19349206839481 1.08360482366873 2.81903768261128 2.693636148053 -13.5778145422785 -11.2503932257441 -4.45320928362652 1 2045.41737230757
"1" -0.322963804308647 -1.26887760191006 0.596527180861351 1.37497517766979 0.571034703283949 3.5663093323481 4.55660926032035 -0.487837061139834 -0.032509080861097 1 -2336.6503840434
"1" -2.05512315478996 -1.4573480571274 1.1143292869852 1.03107909488221 2.81992502470912 2.88648459883711 -2.82350198848077 -2.05895641297279 -4.48188854422585 0 2057.32931668086
"1" 0.200893517289148 -1.24530577451228 0.208937691627686 0.895786510023875 0.28132373563899 3.02266458699444 5.29222391441457 -0.591393847394855 -0.356982200870682 1 -6851.02630427969
"1" -1.97671002930901 -1.56635436003166 1.11149463218191 1.12206764724301 2.5231484000042 2.77668794703559 -2.50107544673766 -4.10131924088767 -1.92579224649044 0 2025.42284943863
"1" -0.397489708072036 -1.26079648449057 0.30671487696052 1.53907555683216 0.321075762071509 3.71603869927024 5.32019865140197 -0.591035299068512 0.296798213783752 1 -5745.67227003531
"1" 0.326752813176021 -1.659527708895 0.178591181571037 1.25123022252464 0.207384257596508 3.33419490629684 5.41420905370207 -1.15853475982084 -0.0737845151148633 1 -7594.2289896725
"1" -0.261334467504002 -0.892928175086102 0.337610221066578 0.477330622356319 0.357667458535463 3.56471094641309 5.20435018534052 -1.21644710458783 0.0157193275585509 1 -4899.05069380601
"1" 0.203712888089881 -1.10428039307786 0.166715254207215 1.25389124548995 0.218984127270227 3.63887851707314 5.56736646660213 -0.696258654207674 0.113260623739922 1 -7548.40641690791
"1" 0.200259959265312 -1.43241885228177 0.245528352773035 0.964263826215647 0.274105742377546 2.74837146450104 5.1536608763993 -2.19055142294676 -0.13630860996742 1 -6539.56161015849
"1" -0.520468988983514 -0.580891887368859 0.344292909276846 2.31176730812157 0.467800350523386 3.06679616936949 5.29325187761188 -0.394314094880623 -0.587493081074906 1 -5936.47575890421
"1" 0.1100773522812 -1.49090734565455 0.209248465918257 1.18784398890222 0.273196206208034 3.38837635980652 5.33756806279413 -0.631997498043819 0.244032026145811 1 -6825.03472665492
"1" -1.81604874349516 -1.51556786333503 1.03749209652277 1.30359630885109 2.80114361914748 3.33882539870756 -1.29877423648657 -3.26982416775319 -6.00529149034177 0 2143.75764160592
"1" -0.137356968808979 -1.22864914752463 0.159560133879071 0.986704025187718 0.241776141218206 3.21704901335249 5.76449007711779 -1.86043529768343 -0.11205225446836 1 -7845.08070563924
"1" 0.497904773248168 -1.16380859658257 0.112910360708722 0.929790528743421 0.200847271036471 3.12943369160636 5.61800085749608 -0.0571895766726954 -0.453453013937161 1 -8432.06626504526
"1" -0.62345410648709 -1.06161023464389 0.501716970001344 0.922956827171566 0.487051266307151 3.56054175566615 4.99355160559984 -1.18972308827053 0.355911550229174 1 -3120.69894348834
"1" -0.166896720349445 -1.50267555294877 0.181777220944787 1.24952754690461 0.21281764762705 3.27333879413779 5.62988966269685 -0.570113203600739 0.174568873929208 1 -7556.6366719325
"1" -1.86025534958967 -1.47809243486132 1.01571885501648 1.32849226809963 2.90019143163827 3.20840546334218 -1.63384396328895 -3.65333519993759 -6.23748162626321 0 2152.07750621103
"1" 0.35165294471682 -1.89978572262256 0.17459844968747 1.91864597836146 0.244347423073122 3.67284960747262 5.36143597530005 -0.0381903880776637 0.466712547136371 1 -6995.23023530109
"1" 0.317674551091318 -1.34880073070823 0.176922432717533 0.61557855907518 0.226257604306281 2.46980686733961 5.42898570119184 -1.54896364793652 -0.140198135331426 1 -7616.93319756672
"1" 0.848034850224379 -2.13151656251085 0.17048074299363 1.48969304734427 0.197069862748741 4.45945333607004 5.24818868538316 -0.331984374199293 0.253132526071395 1 -7364.09834920539
"1" -0.0355632121819561 -1.41194022076838 0.230950985124739 1.02377291893302 0.280982704414649 3.84535995693922 5.34295716273411 -0.856459815327441 -0.0978863971614165 1 -6541.01703380217
