"1" -0.534224152949991 -1.40765049438611 0.196186157405808 1.44351760954088 3.35357990731247 3.94903510993162 -1.52540585498626 -1.63105392970587 2.79179166445876 -0.828955935877229 -0.374458130601085 -0.660931992866879 0.233938042382909 0.174524087152593 -0.154576277220787 0.168694218708014 1 880.679427063336
"1" -1.16699642184442 -1.11944509696849 -0.0549887901217322 0.80642924121358 2.44184538212484 3.2229941526036 -1.59755984847708 -2.04096642860417 0.917519019311026 -1.45326953253686 -0.0872892849420417 -0.160818688564568 0.642088859621709 0.76298523864657 0.723002143741371 0.860880011031398 1 1123.10628070831
"1" -1.66457354286395 -1.5970659577592 0.912480068799287 1.24837828174178 3.57917910297903 4.6707312869024 -1.6859316100898 -1.39166381592438 -0.899372509167398 -0.402990034267911 0.258398067896455 0.654210504521471 1.25443785922287 0.562106981199152 0.908797769966173 0.942451224969283 1 1133.15050906976
"1" -1.0750362558129 -0.429883676669089 0.129115744786804 0.120955474155724 3.7934985762935 3.5534998764396 -1.5276800322767 -1.95530685614282 0.63913551090613 2.76937919413892 0.567562638912685 0.571693103297433 0.369464558893843 0.451164643213063 -0.720538329162997 -0.0648333181851401 1 986.83501100369
"1" -0.42845886526121 -1.25535754264031 0.308449925186465 1.10241634155473 3.13365706587895 3.523568318484 -1.40733162504706 -1.38509869319079 2.80889601988079 -0.957186092576614 -0.0423580040052194 -1.19125116317514 -0.105753369266471 0.161109955107254 -0.0883530498412415 0.399120098301516 1 905.912912169273
"1" -0.34978373243922 -1.17419824618905 0.357941467518982 0.976884928172696 3.03522113711618 3.5634179219561 -1.41728687749719 -1.40372512223587 2.66444146488549 -0.731031822749526 -0.0853213294784596 -0.978847227777155 0.164546829526564 0.219844739054942 0.309764934117675 0.12523087233632 1 947.079256038551
"1" -0.895313750722191 -1.42290039274728 0.00793669167840191 0.876873483172888 3.31877014670248 3.72366376536475 -1.35650395993833 -1.58873542760181 1.91088092431292 -0.437315596708684 -0.0985593380996084 -0.413152432060718 -0.229447802233191 0.523121767371807 0.773078202784125 -0.236060152615726 1 1004.67778910375
"1" -0.998094430008946 -1.06039812979203 -0.0217097762110738 -0.00882046857997186 4.11680012151886 3.86862671182126 -1.95411167258856 -1.6969896211262 3.10167479605723 1.70272162191069 -0.466398187964435 -1.21924667408653 0.199507315821838 0.435697440974492 0.953894113408768 -0.314728187160879 1 787.610864513828
"1" -3.33821305586093 -0.561307962884704 -0.304548718562501 0.313003008853362 3.90553301548835 3.20853753763212 2.07195751045072 -2.32856308111325 -1.01428582423472 2.71624569070797 -0.960227537439212 0.102920364124928 -0.225909469270098 0.175451785469325 0.957126160324129 0.184518508802418 1 922.116394268449
"1" -0.814283347913334 -1.08518572731504 0.369419526290006 0.600844458201041 2.69034724501807 3.2571841576149 -0.874430647394129 -1.81610398339638 3.13988490406 -0.0444829547518668 -0.315446379517469 -1.59636218647116 0.00209500521609603 0.286581929285659 0.971024788137832 -0.133959545054595 1 700.486410579952
"1" -0.348051041123015 -1.13097425234868 0.0629159721931916 0.269667606926779 2.85004938820549 3.18969474996824 -1.40008105361576 -1.52425128711895 2.03861883019052 0.593707318086599 0.0417934767444929 -0.856536382386524 -0.245824010381943 0.419376757322371 0.393029442441321 -0.188062425295045 1 1030.74317525848
"1" -0.367432730624499 -1.05754188525298 0.206658761662292 0.578702085744524 3.0490719075997 3.28136533600098 -0.875351820442155 -1.76573179658247 2.87564137778318 -0.00672665542268279 0.210499701210427 -0.849105624138612 -0.501905917386535 0.110830996357069 0.719938615740043 0.170690499640717 1 940.863409560627
"1" -0.835011031917003 -1.5114638480861 0.340015312443166 0.878627195703897 2.62004728358074 3.3793296691282 -1.01698999995182 -1.56243714607389 3.08571402471466 -0.692543289432541 -0.383636369369661 -0.825436848179123 0.261248252788241 0.932886484716032 0.630750910488231 0.300644819618671 1 680.211929505909
"1" -1.32497018553866 -0.227231124956132 0.0284868207203243 0.0916780713098878 2.68942206257431 3.78401167525841 -0.887804921823247 -2.13472445559069 0.640755809156331 2.52389895331242 -0.117912144803241 0.0352912045867555 0.420253604023431 0.129290821462085 0.8834211699375 -0.101128076983938 1 994.336823604079
"1" -2.17146403277149 -1.27259661110274 0.902205932632556 1.11961959757764 3.1384178820101 3.57832954121169 -0.452334292426243 -1.53351478852482 -0.452246368289627 -0.457369711652376 0.127884256088184 0.281474950772226 0.0283513830424939 -0.0384154739049489 0.659240768049162 0.964556141941062 1 1155.84051573651
"1" -1.31899189663324 -0.249808452405615 1.16067855675464 0.183622347831937 3.39489989448196 3.500067181246 -0.951490940734841 -1.96309274966094 -1.0193413206416 2.59295691190267 0.115553142051118 0.220630203338461 0.873904805965286 0.269020121734127 -0.10202322732939 0.659755616440569 1 1051.270987013
"1" -1.70876061708643 -0.497005814601199 0.645455826222595 -0.00598596071339493 3.34576926074201 4.18782033962671 -1.59398150114076 -2.1778864019432 -0.0387126808931073 2.63535475596225 -0.67520447390628 1.1143452511359 -0.417914643031914 -0.223669816855921 1.48702136630258 0.0619731582141194 1 1019.13978336813
"1" -1.53592036550778 -0.607248227318098 0.75492016762826 0.433663757111738 3.05820471357207 2.93034890554763 -0.394029860031105 -2.44168924108189 -0.360537273783954 2.89538695860688 0.269169127944098 0.887215625056029 -0.194697438793955 -0.0779967473261563 -0.162265774682584 0.0647722117727331 1 940.012996837411
"1" -3.32829994875862 -1.36615819967353 1.67374956021386 0.710760622620795 4.42453224826621 3.4308162555956 1.4216682778527 -2.09038595017285 -1.26767302397619 -0.426110626931396 -1.00959721186846 -0.544028669976024 -0.210483517880661 0.253499111267479 0.957901607129577 0.226786303450341 1 1079.79852286766
"1" -0.797285814716416 -1.1945883078215 0.286910073551687 0.912473241794925 3.00276003321496 3.19464838005261 -1.40989050989387 -2.41294930139064 3.11689704213694 -0.871434601548173 -0.330907144700605 -0.456439107044789 0.430061399182571 0.0851258324875129 0.755215466998513 0.16659604678009 1 857.667516048417
"1" -1.95289920430593 -1.36284204341955 0.640360161654631 0.958524470010292 2.5855647163374 3.82989756978704 -0.557991788376137 -1.83234130924704 -1.16386534476909 -0.457052167198563 0.182249733649378 0.362696239677842 0.908427526721334 0.396361442165099 0.831866456506976 0.0698610933955565 1 1138.99798113931
"1" -0.451887776838004 -1.01017896215346 0.276188077431813 0.23217531215781 3.09820650324446 2.2233983722624 -3.15085465775621 -2.15501882468748 2.8904271492815 -1.94974662790913 0.353349284872611 0.0141541798008928 0.220410124582788 0.662216995955799 2.01837145335793 0.428613880934161 1 945.49678104116
"1" -0.482695673805303 -1.12653443403809 0.0989812336774214 0.749893818805687 2.64263101769108 3.33272369472658 -0.965620040311413 -1.31238408708168 1.8288034241474 -0.792764459216472 0.200700811859219 -0.870791893484771 0.0904846857234013 0.568840142480572 0.197792714013335 -0.190817455732826 1 1096.69232552015
"1" -1.04526342545449 -1.52695248145764 0.175793436877361 1.16812407363052 3.13001216143191 3.86946168856391 -1.48321963553643 -1.47161657936859 2.4100663439527 -0.84871548044062 -0.0115333662750269 -0.186116574478531 -0.0546404727753497 0.718602613696215 0.433718235673882 -0.471206669060647 1 875.538326889378
"1" -0.685476908527289 -0.896162777791951 -0.0307956031544159 0.787213420025291 3.23089999608502 3.66255783298969 -1.66223067838231 -1.76362832121113 1.97022498856802 -0.716769018861295 0.360326883852236 -0.524427337997019 -0.0655880691525338 0.662033926608622 0.456495749289184 0.0892422417996544 1 1074.08663705238
"1" -1.99852570842065 -0.410645607002426 0.703146872622739 0.327875849097936 3.23198902042459 2.91392639299146 -0.26754661602984 -1.6595419077192 -0.985356605654755 2.75238012401868 -0.153292989508898 0.252467814100925 0.00559439914442172 0.171345210421993 -0.729350017274708 0.0523833087852937 1 832.330167032063
"1" -0.694656966951281 -1.20578771850823 0.370477104499388 0.764001684663992 2.99677139520574 3.62819229289154 -1.48436572687861 -1.54825848339882 2.94606557445351 -0.461714133605797 0.380064010671721 -1.26260832515261 0.839397294137084 0.151022047268335 0.99252163632547 -0.238192912348575 1 929.477117315602
"1" -0.437715281309079 -1.37566695723472 0.0417096519473183 1.15214626571087 3.62658394855819 3.76563507083366 -1.61987226021675 -1.42391230036725 2.73844919587191 -0.934883613371612 -0.193722377116848 -1.08015840335681 0.241272885142146 0.264536336089995 -0.12477261376921 0.159605794639613 1 920.379667854144
"1" -0.689507576154256 -1.29196032535678 0.530622715449139 1.15177189024272 1.87060976881499 3.71115217881793 -0.431592735416054 -1.68176145673375 3.1727539200535 -0.706431456347656 -0.269161083828719 -1.3388007452594 0.0525409479516459 0.297058454983594 -0.0189276033074323 -0.367684631193064 1 626.230566050986
"1" -0.685521347673659 -0.346631396760016 0.0898867259823707 0.0777313769966053 3.09119463495046 3.76708196118094 -1.87612650322366 -2.36342317814351 1.79012153273998 2.56410316788295 0.266664178933921 -0.395157047655125 -0.0373140340402348 0.450577086737005 1.63270857659015 0.370418233969621 1 1060.48968348361
"1" -0.445536287966008 -0.629355586820341 0.135631706510332 0.154027720365267 3.39732510803985 3.36992930981616 -1.55777021659362 -2.2272917875607 2.55098882671289 0.980053899382164 0.971644928853464 -0.219271181121123 1.32499819716973 0.466564536024278 1.19661217740336 -0.0941836819562307 1 1000.93404690159
"1" -0.794110391164571 -1.1869367964706 0.419365074018731 0.887820114493883 3.32528659332566 3.24051999892233 -2.67875116378823 -2.53267090010587 3.05226920168448 -1.63459791270022 -0.358596625295541 0.545997310132659 0.0834623475720311 -0.0442951062505283 0.705916915188421 0.132930232683531 1 971.575729764754
"1" -1.59094896396072 -0.246128533677937 0.464115047841975 0.161011998646168 3.10022870651681 3.6882074524831 -1.02855735543203 -1.96340433526253 -0.40201732343567 2.59091766390359 0.142175136732991 0.40063614150396 -0.0111878313133452 0.0248443481572943 0.211324530875234 0.36775144827492 1 948.857280551383
"1" -1.94056632709626 -0.381800614649038 1.00421739453933 0.248764528834706 3.09153392570578 3.02158570965464 -0.452128871644747 -1.93395708134428 -0.729584647772171 2.69466906321985 0.298239166465923 0.215127264527237 0.0936330633152849 0.161004377875212 -0.101952497111141 0.00987852070138645 1 893.932850668751
"1" -0.588709532408129 -1.02058708658016 0.460867148588018 0.895504396000508 2.3386595283311 3.71765026277381 -1.59117080048449 -1.75507847010777 3.01445916430288 -0.886221609851279 -0.141459415857171 -0.972047740904178 0.267834196852986 0.663672291796639 0.777971893941442 0.232606271665081 1 903.715878626201
"1" -1.66879514157996 -0.504899696430569 0.65392582966292 0.344148122723478 3.20927516969942 2.9396321881082 -0.715940920277747 -1.91788563318387 -0.877791761996038 2.80823098268861 -0.231491978999371 0.530650621209938 0.567440366403711 0.119847447626199 -1.17143251316274 -0.315782274463554 1 865.96739734804
"1" -3.05249868203554 -1.49023813645287 0.408238830840615 0.550279005626008 3.65922918227222 3.778566703532 0.850239932077705 -1.81657658459442 -1.13858646075853 0.123644032987623 -0.577726332521332 0.827315181285364 -0.558762087837057 0.0916952316285162 1.16673494188632 0.295019850353861 1 957.852740739208
"1" -0.452950706872829 -1.36472275878883 0.27147086547515 1.23204882088387 2.92178248400025 3.61079337175185 -1.45557117683645 -1.27440744394673 2.74523999205433 -0.747726028026874 0.096837715406506 -0.805422872688226 0.684090418842137 0.152348246564353 -0.15749488184278 0.0621391629834938 1 851.978935174209
"1" -1.42244776721974 -0.347906871780001 0.261925967701351 0.10001203935058 3.27428476777377 3.7697544135747 -1.23995782106771 -2.2007079936337 0.237706607212441 2.69119840405247 -0.0260667473106939 0.136798287700676 0.642790643000666 -0.00853927785846267 0.683570777749528 -0.0857075238292476 1 965.830516212494
"1" -1.70696069184132 -0.201628315799366 0.829159350611271 -0.0479994330642337 3.07854264560347 4.06991312100473 -0.729605415725323 -2.29657600538307 -0.799337567726637 2.55739003878248 -0.369620596984673 0.695348521611352 -0.15603747076237 0.365969783750428 1.37584977286181 0.229499374295471 1 1129.00900883675
"1" -0.907016424311376 -0.710641094210849 0.164765379555724 0.311190619048307 3.08451642726209 2.39267900289958 -1.11190642771854 -1.60782426337568 0.909865964093144 3.14772091141596 -0.0509418822018586 0.246868164266101 0.228479810037377 0.241261610295089 -0.855498550709779 -0.677932161954238 1 722.122336801382
"1" -1.72588671990904 -0.244449885013493 0.703946725700804 0.621233168505079 3.5459766704912 1.98113943281149 -0.763916194408065 -2.39811261097008 -1.07256312573905 2.83149570164308 0.242573511405426 0.24986540000768 0.0459767194511045 -0.0204268618687734 -0.461741926208463 -0.171955622498149 1 875.495483477594
"1" -1.95715282082405 -1.59123052903433 0.575448335279125 1.83909320967723 2.89508440772798 4.1524768150875 -0.733566021902487 -1.09336437371168 0.161372958667061 -0.31243891272942 0.0710079363567568 0.52712049890081 0.745794010130357 0.0318462718904512 -0.608059755315553 -0.133853736711376 1 1076.71720572633
"1" -2.15441406150702 -1.3921010273889 1.03595149692284 0.863678428011876 3.45099728278144 3.53034518510714 -0.396215234529293 -1.81428475966989 -1.00513511323425 -0.435659892613245 -0.39814913407998 0.403408486280077 0.560400980938799 -0.204839458756655 0.500259885414743 -0.311771553202244 1 1113.11293304893
"1" -1.57875056303053 -1.0636795346874 0.669158372045058 0.547594781251368 3.01919310969876 3.68572978608103 -0.981410503677079 -1.638845411981 -0.17538594253644 0.128468088558702 0.506997495159108 0.539486882711363 -0.0320450445676784 0.146278912948638 0.689562439455998 0.604611888968109 1 1261.35729391719
"1" -2.1067669480188 -1.39991316397109 0.65422898968416 0.859640694523168 3.52260882812638 3.55027200177444 -0.775496245747699 -1.90310937971549 -0.768254660149207 -0.381975576304998 -0.310187779872091 0.542641326464266 0.671280033878501 0.304349393425021 0.643526920554962 0.536138606065085 1 1077.82862925992
"1" -0.65757930401049 -1.14072791303041 0.383599866208163 1.56602291214668 2.73035931012245 4.49940522673099 -0.858699786906335 -1.50158369961128 3.03630163088147 -0.635627965232241 -0.331316858186504 -1.10526698664743 0.169938723413959 0.14029857303553 0.0438744736068679 0.0772984487625717 1 754.433738341288
"1" -1.8354492055173 -1.56820570015051 0.721535751854147 1.18350883634862 3.47680063306538 3.69191067751837 -1.02335573783995 -1.86478897985542 -0.323945945449416 -0.831005728790133 -0.225628404372632 0.822578113466782 0.76470926449002 0.199981271695603 0.525699406578986 0.417152369268323 1 1098.71147336183
"1" -0.294735875005753 -0.811879424143774 0.180990831842451 -0.0487653651559308 3.49565359470332 2.67357322378718 -1.88690339809163 -2.21613636731041 2.82566003932852 0.0249735877019365 0.407780299969527 -0.672481186538232 0.32653242466907 0.265850413774589 1.0052742113091 -0.217504472332296 1 951.632770985872
"1" -0.312941099403478 -1.35226362541899 0.182241714394151 0.923407041221849 3.1049084097558 3.74672898049161 -1.37819650841988 -1.62613766870886 2.5502542569292 0.00762958065930664 0.571459077969646 -0.6000993729985 0.327149328384588 0.447827767150153 0.758168885161446 0.115949299093362 1 993.457940727076
"1" -2.1483994472045 -1.39909421226122 0.703601696714869 1.09557857682617 2.9992871402905 3.6496175996837 -0.446590754004829 -1.50113348570812 -0.438920801867224 -0.306552147220974 0.291147337029747 0.295342913645263 -0.491831131808063 0.102032113042687 0.600625643299662 0.443622529716119 1 1093.61367095303
"1" -0.460686281554815 -0.712590609432884 0.1403931341798 0.102284966209766 3.89208335305894 3.55969478852224 -2.58138135820352 -2.58539605434057 2.77158786534182 1.2788089506021 0.153908385072855 0.331795291778263 0.153512968695207 0.0242054828445521 2.02891798437743 -0.223467585992559 1 884.58218163168
"1" -0.681930075043217 -0.942503976210606 0.0524770257647893 0.10648381049822 2.83076978281512 3.85825353535156 -1.6508829921038 -1.46918777496492 1.40818412659585 0.950988564648146 -0.0410607745693351 -0.515618300994885 -0.241767727346768 0.362600099351022 1.15496826257298 -0.0592101213796829 1 1114.58194748651
"1" -0.378858613433787 -0.652121617622328 0.242231839453714 0.384800372744205 2.93389672733022 2.17833743856756 -1.43200795146086 -3.28975503709649 2.27907022199893 3.29237700210612 0.446825920603692 -0.368503243521208 0.881789550364449 0.386040635581877 -0.189938097165338 -1.24853181777698 1 425.977105265538
"1" -1.53956390716121 -0.571307134385392 0.716613848226562 0.332797580185491 3.08832795928906 3.33520118235655 -0.651326517950753 -2.30568538308744 -0.766688181185815 2.80391839995005 -0.252610741637641 0.214717352766007 0.596245221572496 0.420692417447254 0.197224975311086 0.496168179899445 1 939.382768176569
"1" -0.479060760842455 -0.841307439462765 0.183438264553149 1.28886139772761 3.16709145833881 3.4392405955127 -1.19463565141329 -2.15043043544208 2.48795709176526 -0.941575799866583 0.375008462895553 -0.61522128901946 0.0460237540082554 0.62695122882393 0.706325809151799 0.791743847985602 1 873.570674346016
"1" -0.268054550389147 -1.17856094264451 0.249036338762041 1.14681569691275 3.04446268091637 3.44484249397432 -1.62897797527682 -1.51853062168936 2.70978425325129 -0.931875902581619 0.00855830810504012 -0.920851736570711 -0.307906672398219 0.803362523167101 0.292687406725684 0.345432767056596 1 903.453708732059
"1" -0.743114637928886 -1.09036028151911 0.188735738564877 1.05795523781643 3.40664126389724 3.52296208355498 -1.51650830951493 -2.00269340035454 3.07493553576974 -0.466714303923521 0.060241665982869 -0.356276598445155 -0.104344562895008 1.17084284667015 1.16382782067474 0.594313901726329 1 982.828372400882
"1" -0.888418590387369 -1.2655564727541 0.621335044464904 0.944490883438519 2.02142555957768 3.4880930781063 -0.892734201364342 -2.08005955485765 3.31552746997367 -0.735696548930596 -0.254505580339089 -1.10696337360879 0.134642955153322 0.375740509822604 0.443020713876997 -0.172577185610286 1 645.309552858358
"1" -0.534522158769133 -0.958253814230922 0.368868287829045 0.95603793607664 2.7896988388336 3.08620285272258 -1.6982749414986 -1.83038138505647 2.85476117814746 -1.19095004930441 0.1877229851361 -0.70201143026552 0.523184838598133 0.659834656959523 0.55584241611601 0.30216818925797 1 952.525155201192
"1" -1.1217290160989 -1.30579010480391 -0.100824496977888 1.31037231075833 4.2370321596985 3.58924190769523 -2.07791245878885 -2.75907829051036 3.12762931033289 -1.79032479748013 -0.00378642777827164 -0.0722589840595628 1.11192402330354 -1.08201927864114 0.416061701510424 -0.118176316465244 1 919.628763811161
"1" -1.72640237927142 -0.487621355561801 0.89358715924977 0.180358084560302 3.34525659896282 3.534280402741 -0.629068151977923 -1.88173000695065 -0.933303433862351 2.71404132875376 -0.187237883978615 0.155961671264169 -0.0187058967656261 0.272965195445389 0.0649449672180817 0.0991684641816106 1 967.551854560539
"1" -0.571467621339873 -0.607975190963092 0.234143832448298 0.284713671171515 3.09944531315219 2.86009327418192 -2.59018599566068 -2.54093480602106 3.03255144839396 0.529213114697826 0.17092337533731 -0.57424289751667 0.515186547975239 0.133068346177971 1.09253771190497 -0.210767439481682 1 863.754140577421
"1" -1.8055913651229 -1.44683288459338 -0.0620348285493805 1.27523458376753 4.65414526783111 3.61314931671057 -0.258872017452662 -2.76590258525691 1.72781470796364 -1.07754611566161 -0.499875131436635 0.441068001258928 -1.22083597622248 0.134137789319529 1.29366342667261 -0.246561649507749 1 1081.00874394573
"1" -2.15480136521728 -1.77586961670087 0.647471011672418 1.23910622764725 3.19092354953787 4.14546148426291 -0.658576498604898 -1.51128361363289 -0.356274452317497 -0.65198170957903 0.122139650252267 0.712000571195368 -0.18746500472473 0.402383690795186 0.494131474768917 0.790981359538754 1 957.805458472634
"1" -0.424096779911672 -1.37261226919688 0.404331668589901 1.34699510820334 2.65919165533108 3.96389554469875 -0.898337239175326 -1.21821058282638 2.89150219498692 -0.807546471486616 -0.266312004547931 -0.959842934739831 -0.181939607064363 0.364082046552597 -0.261929443446098 -0.307574031237985 1 819.681605161411
"1" -0.408996925309377 -1.39125125147021 0.399284145518546 1.01215194765329 2.8014859673448 3.68880958958987 -1.28328737476402 -1.28146315184827 2.8108918715045 -0.49113042021336 0.162467750703937 -0.845994435253751 0.335971550106687 0.493000775998124 0.380677987363477 0.36602868136925 1 800.974978058093
"1" -0.84390223588086 -1.50486858337778 0.287709712989728 1.01137148334398 3.47754447857225 4.25643070154448 -2.52412125465891 -1.32609105668776 2.99578154361035 -0.0593529339955218 -0.578600808542862 0.228141230763359 -0.243160894651562 -0.0038188103081796 1.69135552085517 -0.0934033910062742 1 917.143619351693
"1" -0.357523198310827 -0.944955561541806 0.207270668336588 1.26295889843059 3.10489510814649 3.68658511495498 -1.64231915891842 -1.35547430279279 2.82905728516227 -0.563097123661305 0.555466261136533 -1.22897625662746 0.23956710626498 -0.00184355957292767 -0.0131411439865938 -0.0613199111686651 1 1003.72518399376
"1" -1.74033806228979 -1.64419758143102 0.777364585311495 0.945159022932351 3.20739681897359 3.61552951175552 -1.43471531818362 -1.59750708537531 -0.546430662879284 -0.434932214624317 -0.219134665237142 0.73967871367985 0.0354930221773675 0.453215199342901 1.01528420323842 0.161161767085866 1 1080.9472629078
"1" -0.614141298003096 -0.857931292897471 0.175229198661388 0.999181110709154 3.35167308754724 3.80221011858694 -1.73279678492534 -1.72455731742593 2.98094541368813 -0.452293284254345 0.289427779022211 -0.367685739759822 0.784614945039438 0.0139665680019483 0.550955069343945 -0.0798237806469592 1 1003.61251503572
"1" -0.664951692593849 -0.917098888887926 0.496415477158184 0.515398042108915 2.18294565751174 3.23167989931568 -2.09495897031711 -2.31916267802502 3.17888180471896 -0.640416075089473 0.484707241951158 -1.34209521185451 0.692063577446609 -0.199579466021915 0.963483755088343 -0.340558551925959 1 821.900269946462
"1" -0.581197269486532 -1.25093634082612 0.152080507659298 0.946764707885431 3.37588312004456 3.95479673560918 -1.25967227774782 -1.52257356263305 2.90321243609005 0.010900010312644 -0.329202828616774 -0.852786712487159 0.0469288851741978 0.531944647698013 1.55256635283231 0.390735512903889 1 859.152557369873
"1" -2.77183165978864 -1.32413572646904 0.890411308130013 1.02657419920837 3.4315812936531 3.46762645343073 0.845400823340676 -1.81850137949712 -1.02516379938477 -0.709520098307144 -0.6502312084169 0.297327681182218 0.177126104274135 0.435532615437984 0.724530518707945 0.394131927429722 1 1165.75110594237
"1" -0.761029068547788 -1.19932646384422 0.556830595824383 0.811451411535012 1.92705757660163 3.58675408613807 -1.50993449714155 -2.06695719687809 3.21742540522977 -0.956670111382209 -0.196341586179781 -0.519481948690534 0.118546331137457 -0.919932865062288 0.586175452540283 -0.549284939651733 1 815.619053721477
"1" -1.79238916687352 -0.587417041227592 1.064148401218 -0.0172771467141223 3.98816430802407 4.13276676037367 -1.0408890616643 -2.3906538443743 -1.41213175114341 2.65140905725338 -0.0602077832561339 0.430575065737699 -0.236098562152649 0.191565898680839 1.38638239105482 0.259228890169706 1 1018.57660196868
"1" -3.56422060991615 -1.27562432589007 0.440480539992667 0.734928517756951 3.37237284741866 3.33671567125747 1.4773150405908 -1.81151761575227 -0.758784101965906 -0.172679082939984 -0.677487440024023 0.562217709997361 0.0301057564053998 0.192988953803501 0.778070050766955 0.181771583745574 1 1042.14725222244
"1" -0.765151664473373 -1.03751472794742 0.479646094058581 0.461778523710482 2.65419392139003 2.82879928078357 -1.99827476894288 -1.75896148053727 3.10913556844183 -0.783783452593785 -0.148931878083055 -0.234297951424719 -0.714677719824643 0.111458116560031 1.02714979126724 -0.18012496431553 1 874.853815936387
"1" -0.697995048236839 -0.970116406689596 0.261646108865068 1.23197868970478 3.71436810637142 3.63955439081938 -2.48168943336613 -1.55131766612758 2.9715965443097 -0.501462388577983 0.921055229125286 0.751391438434145 0.986446549046337 0.87236950095937 1.63656772711776 1.35852483439682 1 1047.11423191567
"1" -2.20868673170006 -1.02278874421527 0.418128689831004 0.157001771349853 2.44579606559566 3.63264586347022 0.0963841505131548 -1.73051553933125 -0.49472822885556 3.03799905219759 -0.421332268845816 0.450184949209342 0.386468568729121 0.21098418885253 -0.77072071114738 0.096184479750773 1 916.836495849448
"1" -1.53051963879608 -0.548310146799103 0.980612983552053 0.15099046617369 3.01870429724414 3.74177507205225 -0.719968978559876 -2.19000694849894 -0.739723666878267 2.80531991521275 -0.00328232274871091 0.514137794711403 0.349224811542725 0.225550249940171 0.506374898951859 -0.0492165903157012 1 993.023075887326
"1" -0.938692134265706 -1.07197390338012 0.537072353590057 1.50091014419265 1.82934177827054 4.17168327017664 -1.00003714224325 -1.74336365066503 3.38777344740551 -0.837703018905218 -0.137796095726419 -1.49789291430527 0.00421977786960412 0.182244438756436 0.264319835186369 0.00754817922153062 1 752.444114388745
"1" -0.644886401066155 -1.66259097472768 0.590447063381134 1.2681029109616 1.96888232708427 4.17924343832188 -1.49687430118631 -1.57359795164227 3.13298465437028 -0.717054567144911 0.119521851389606 -1.26697302989933 0.351009380104951 0.071509650448787 -0.288132478680844 -0.208246485926081 1 737.470206278236
"1" -0.536287183446428 -1.40918866003774 0.0881553409278361 1.4830958765115 3.73088002996649 4.00690561343294 -2.28883954630679 -1.96786338184493 2.67719870435497 -0.812291998646382 -0.0653139740936522 0.0387320645049562 0.352522807178096 0.0550577639556283 -1.02975859272823 0.166110040714026 1 998.23172130672
"1" -0.803410685539242 -0.431493364555344 0.174337213263627 0.129854338301903 3.24517843600159 3.74526151000007 -1.84165222366889 -1.92881798000008 3.10669132843388 2.1651798135647 -0.0422720244516072 -0.396087878073214 -0.297632952433302 0.146202576046284 0.503732639630962 -0.702464489236422 1 514.474335283421
"1" -0.775234151968829 -1.3681477290908 0.409177587066163 1.42982983300449 2.76958471500132 3.79709246326765 -1.40828803508315 -1.90723881930452 3.11287411126841 -0.949492911322011 -0.272310621575172 -1.10107002427999 0.236062006703673 0.0622729143644185 -0.0869159395658081 0.184500931760976 1 899.976346282665
"1" -1.49110218210459 -0.230699061391154 1.22325444542308 0.175271385733608 2.95556914810347 3.52634436899117 -0.810160785903281 -1.97452293514696 -0.753445836134456 2.57245005532246 -0.212816114486352 0.597381710161888 0.0449156124660689 0.143151699786616 -0.280657014036698 0.100772702572914 1 1033.27877758923
"1" -0.739788603602426 -1.28955698372659 0.397675647594411 0.483050651924404 2.63868801432226 3.98201439821631 -1.38585135887992 -1.05102628208575 3.07263314100882 -0.384137799007687 -0.390867566512326 -0.944943385358999 -0.0283948964883188 0.1986736865545 1.36382129345375 -0.305476726395878 1 881.975490904006
"1" -2.32827350594117 -1.46112629389171 0.460491076778156 0.964713885891911 3.60078506622606 3.56549996968639 -0.0988726739979233 -1.92081284014276 -0.471431615846536 -0.714743466698452 -0.777559780147641 0.698090242861456 -0.0686026154924961 0.114370434571866 0.754340263878201 0.213373236330688 1 1071.21023447852
"1" -1.98355653830971 -0.713443310052044 0.888983340311581 -0.0362460251869306 2.92542375922199 4.26599254103092 -0.0729958913710558 -2.29324085949212 -1.76728179438108 2.69218648490003 -0.144282305797695 0.563255092330874 -0.524590733226449 0.978495146509581 1.54313097568929 0.54827156838474 1 965.766726626818
"1" -2.2035148373996 -1.34529999859508 0.960073715707984 0.945398918721152 3.54603454354824 3.35287500030153 -0.173826752693482 -1.72871908836182 -1.13993766335 -1.79730896004185 -0.769170436398895 0.630634952991857 0.240967114247655 0.135779205322959 0.334533528024918 0.154178183958323 1 1168.34547409297
"1" -0.594251413021351 -1.35530033128255 -0.00121843447241686 0.855998266709178 3.27481797678998 3.23766807714459 0.476234487858095 -1.83321534491564 2.90870337310976 0.12139533615385 -0.381979604852661 -1.96070265788252 0.270582376057912 0.125961522993167 1.0451110609091 -0.559121541920623 1 766.513746111836
"1" -3.21219462714946 -1.32150656983829 1.03775501362972 1.19300849581348 3.62230614445972 3.91239564210877 1.0675564409118 -2.02072339454459 -1.03665467100347 -0.690319827020252 -0.749386826136896 0.23582934567004 0.121384768597754 0.636551975608944 0.430618942693985 0.369465041439472 1 1087.35638707311
"1" -0.924652030014142 -1.41793248065418 0.545368154275604 1.16362578643119 1.95645202232418 3.88519619906471 -1.31085155044237 -2.1117798487547 3.35073725937785 -1.28995905916863 0.233107863026832 -1.42645801412164 0.334075968683998 -0.53228617969649 0.750558446920318 -0.249767870830661 1 754.954819609453
"1" -1.24784208093198 -1.36200273459416 0.455524232760203 2.07213238867053 2.19886602472177 3.45650455348698 -0.927298205847637 -2.0622566472111 3.56289391343151 -1.0139683715476 -0.19361624160625 -0.968282578436516 -1.28825548434645 0.208127648276185 0.110023248993087 0.311801012951437 1 812.655844618761
"1" -0.244148391811459 -0.761944251224541 0.354806970999443 0.473914093083383 2.87658890841897 2.59778621651504 -2.16773340381124 -2.43466544114274 2.78670064830755 -0.569037840300321 0.0853877716299022 -0.772463856934408 0.0644669030643346 0.615222844636155 1.0948632654777 0.169579212524683 1 907.404844990302
"1" -0.437082914108966 -1.04620355930218 0.361613302675603 0.531869314818185 2.5470852818686 3.28074644291329 -0.872380837243946 -1.57443546011476 2.90052246436759 -0.0310601923968469 -0.274630244748276 -1.27204779667718 0.0689475447112669 0.24223351442102 0.47762260150239 -0.0819369341276861 1 771.773888160529
"1" -4.17892520848199 -1.22920270619217 0.111992608625195 0.992411008954529 3.88535296386146 4.02625917156005 2.40725811171505 -2.12807097929486 0.489941099843859 -0.444455849965483 -1.10459303753746 0.892695290681781 -0.480767357441507 -0.182203449892261 1.38143247479373 0.31095743463102 1 1150.13633825394
