"1" 2.99914563975069 0.0619377911905962 -0.0158125674648056 0.263813272073545 1.3660071312822 1.07666552933695 5.94461357659512 5.91226873024449 -7.22323947547337 -4.07719646146548 3.32568585049848 6.37016661329093 1 -30012.3747567457
"1" 2.4341522926173 2.24083996744578 1.10232936963325 -0.369454787832507 2.05059827197251 2.7823928909259 5.65693392123767 5.66228362107369 -2.52751688085838 -3.59037253256849 6.02038142408097 -3.61262425851734 1 -21545.0456347331
"1" 3.74156307314532 4.04545054736935 3.61194922924312 4.7438089917758 8.45916930104374 11.1068623936413 0.0420185528205828 0.198323593769073 2.70097764273714 1.20033480092619 2.85535500644234 -6.83796062999133 1 4074.4146974475
"1" 2.62836413434078 3.26845419438131 3.60646038897935 4.0222400353145 8.81727999953219 9.81784146492695 -0.259665434685324 -0.0480998902896449 2.80291486852185 1.41765194567209 2.24375766576848 -7.94473487378092 1 3882.51523863318
"1" 2.2576255651979 2.40210453756685 3.22772429542408 4.13970175077806 7.76730907338104 9.97195642192626 0.000158005970594281 0.336768081562846 2.77970632899513 1.49871583709178 3.47895994576148 -6.51068760678696 1 4299.56302392067
"1" 6.51939489206078 6.29359052592964 3.36972448562223 5.0343377391089 8.34093962996203 12.0025575793683 0.340181609869788 0.968450380608364 1.70976139332883 0.964063895378646 4.18025885262742 -11.3160713525935 1 5547.14770020297
"1" 2.15364691233174 1.93743673609416 2.90753265090807 3.95221242435555 5.69659271555308 10.1314417432735 4.79879455016335 4.49791723868831 0.242215054899438 -0.433614331826841 3.24901085372535 -3.68480607645493 1 943.000593631354
"1" 1.87544820348046 2.26630938044998 3.69565508777736 3.99988038001357 8.6293959129126 9.36229931649107 0.757798429279303 0.587968372749648 2.53195643484407 1.38476784102752 3.44271040426102 -5.96999232262826 1 4799.24523559827
"1" 2.88292130035658 1.06278273604647 0.276362046097813 -0.695155633650949 1.47941693885022 2.63938621855546 5.8188500124939 5.84361816496958 -3.64984062476818 0.0836212074760404 8.1729280125205 3.39531486615161 1 -30043.599685337
"1" 2.35313561706202 1.3045964074453 1.95320431087456 2.8664037369782 5.58506030434098 7.92442541666128 5.38215512931073 4.00982768426079 1.91956096347578 1.88455123183642 1.73109232616951 -5.17054387974871 1 -533.639411780809
"1" 4.78940617651266 5.10960441355122 3.51675251730864 4.31310350906307 8.15167400279034 10.2041633023293 -0.373397717738982 -0.442570971183112 2.38967214721163 0.931171115789952 2.25559536879791 -6.22704320826254 1 5372.40357560446
"1" 2.46218545387352 1.07154635848722 0.430887547554781 2.14028192809048 1.24496339550501 5.79035532296189 5.38392605038763 5.18085484118662 -6.73578460720743 -2.04003760398374 6.40445334343074 -1.49707010538149 1 -6190.84067633096
"1" 12.1874224542286 11.9010260888026 2.01000494471498 3.51596320435437 4.09054474219045 8.94238290399717 -2.01126998758701 -1.23321185709633 -2.21435920050811 -0.843445319251817 2.78871651594121 7.25581995464329 1 5916.34287367185
"1" 1.90850840194169 1.95188078839024 3.54812307178701 4.77272748801687 8.58680261585247 11.3732551653692 0.758364884060168 0.544819533578709 2.25399071035785 0.530206501896512 2.65301927023181 -5.70178230378237 1 5395.39397609376
"1" 1.58805545360024 1.71323589147656 4.08952054004414 4.51879038175358 9.37652949416164 10.3607889469823 -0.0384698298959784 -0.129792208778559 2.42980426563089 1.74859663445215 3.68464423928642 -5.87923049872043 1 3527.98510275644
"1" 0.727500774115699 1.85596784632549 0.305109931694873 0.348120148503329 0.259059696364153 1.93717971458317 6.06864626716223 5.19941940232323 -8.17113052571602 -4.76745795968535 4.69334980664125 -1.50601471742951 1 -14274.7343034394
"1" 3.45050049657917 3.63900308901015 3.47024526649651 4.65508623521718 8.18530925253574 10.9802894140989 -0.478692151815371 -0.0346865982373007 2.71967333750416 1.16526085486975 2.8380328822824 -6.95384460034348 1 4099.84490166645
"1" 12.7502527813122 12.532946036551 1.94235661122171 3.23417287211838 3.75429423611528 8.18026948825121 -1.67516262217973 -1.6786434220611 -3.29450184268128 -1.04423073015181 5.43637544992291 7.17306198772324 1 5976.94042909727
"1" 1.98148573688738 2.01951797105494 4.11837756694364 3.76373999732081 7.41217067733971 10.3678506121869 4.84790993480493 4.63542406355548 1.23241048304496 0.313159980492189 4.04431453085898 -7.29618386521099 1 648.687464860035
"1" 2.9829229209965 3.53753316941654 4.11251955816572 4.68442920892253 9.3106029679591 10.5646266978378 0.727737166905843 0.82583672147856 2.44772114536389 1.0218232856323 3.39506359662997 -6.64306196086348 1 4921.59888875108
"1" 3.46094716012138 4.02612446703736 3.61604128869577 3.98356144619748 8.7422464861294 9.63626102847491 -0.675193771781189 -0.227061277090722 2.80725386644039 1.38786842122042 2.89537343993613 -7.72042744597 1 3768.91999609365
"1" 1.82147710876012 1.83938117422738 2.58080496731171 4.88191416378628 7.78696094815373 10.67939934272 4.64296903074137 4.30009676846306 2.0961144429428 0.164871739303902 7.04610574864556 -9.88933065648338 1 1933.62623872174
"1" 2.29197347507988 2.46728716522906 3.40826926039369 4.32055482465761 8.23880293083183 10.3969477461402 0.599295027602844 0.470314295892365 2.31125565285701 1.04801630097548 3.16727104346496 -4.78604066685589 1 5124.47947976924
"1" 11.4618294636419 11.0054163685547 1.92504398590758 3.71968052963313 3.80479256803939 9.11790590439601 -2.08898043914622 -1.12868278793983 -2.92050938942393 -0.841940721139556 3.22041941250612 10.1071570818208 1 5988.79764721298
"1" 3.46153742637353 4.02203193445281 3.79476440418502 3.72176622903274 9.07376957974766 8.89726454280714 -0.511279245075566 -0.496181058018731 2.61865229687495 1.6300983525261 1.88714416308319 -4.78722623223232 1 3971.70339659808
"1" 1.99071887216723 2.09585658108248 2.9581653026444 3.95925089796007 7.36695523684756 9.96764806169907 -0.237143090666265 -0.198467949142497 2.29386822237801 0.734483196851132 2.1558046909083 -6.07114657193468 1 5309.52630859076
"1" 1.69681203860878 2.14987421606169 3.13785779098038 3.92154831964718 7.87252508973343 9.85953774834853 -0.146037286650395 0.102851514440066 2.81424617940387 1.67857804056997 2.73165478704925 -7.36240121330673 1 4324.60330031232
"1" 2.67099445466199 1.66620688291937 3.13648657206874 3.45334734886753 5.19880379208007 9.39350073731527 5.1333251793929 5.18762138096727 -1.55910105927607 0.759305883255734 4.79252419312857 -6.84287003160368 1 -1337.94519637589
"1" 3.17594554618793 3.40664176268788 3.24822605864712 4.27921481528472 7.61411257937525 10.0271783581916 -0.274898471636476 -0.435647157043017 2.52739940833002 1.59621818532419 1.52778296996287 -4.89643073207565 1 4611.88198572413
"1" 9.63649567551397 9.30408798347003 4.53656118337064 6.0321639657286 9.96112632743007 13.5206345971495 -1.08327393241809 0.583574291911516 2.21840476627287 1.4611613099755 4.74350065346913 -13.7894545159539 1 5666.25123436644
"1" 15.5909277310758 15.2759339748418 3.39437814702902 5.24165912252185 7.68440264591063 12.0224180518512 0.485968408175976 -1.24763096551798 1.61182556912566 1.02180015844897 4.22930954082256 -13.9157945934882 1 5604.1862094439
"1" 4.38821813502135 4.64741607172765 3.37170383472176 3.98567663213138 7.81982094759986 9.25503729185037 -0.302856301070782 -0.19807716727363 2.20009527547988 1.00611924634164 1.79933213594712 -6.49887651248244 1 5409.59787697613
"1" 3.14525014401873 3.49889936980741 3.18790266157509 4.18882552610457 7.70280000117753 10.130147550871 -0.512495441251178 -0.18814764929708 2.56460707778918 1.06272179553625 2.28281425248159 -7.96688674212367 1 5065.58135779042
"1" 5.75641952412444 6.09368001017725 3.69922324972749 4.20743389788252 8.6828422437746 9.80581300958867 -0.876088524930151 -0.553914733928603 2.1574071240023 0.662624299112726 2.87891798672038 -6.9383018970267 1 5556.51461865065
"1" 2.57630004443203 3.17108097676394 3.79103857552574 3.49938180235996 9.07498262523284 8.37539595441565 0.113156893178739 0.135519660395756 2.28802737858706 1.45326205875069 2.65605442406137 -6.6097420092615 1 5120.23255453764
"1" 2.71437818610952 1.61157746347177 3.30273367950288 4.09845637378232 5.44688137232606 10.4780636864532 5.07084342879855 5.11292062549333 -0.611541506284857 0.414045037073574 5.02992165444879 -3.2377367461346 1 -1595.92822125521
"1" 2.65531434012578 0.52179349300516 1.38624129724954 3.2002667487868 3.80043586184561 7.59827578383647 4.93267948626807 3.73765882278658 -2.82704684838736 -1.39848572184718 4.24670851176015 4.1492632934398 1 -22.6481426752434
"1" 2.24194307158173 0.678527870008378 1.34648213035744 4.20991682806626 3.85797672153749 10.671804151836 4.7314868433214 3.65481986543647 -3.07926960349924 0.0773111412494082 4.06915896726939 -3.15794891564888 1 764.801349321409
"1" 2.20213806907013 2.38336676846511 3.54673021405121 4.01998736992252 8.19856768578884 9.24568440961088 0.40819887619679 0.314925520859306 2.3148413780226 1.3415445187302 2.68305354583909 -4.80844509804329 1 5075.82275246918
"1" 2.98254849902895 3.05611907390316 3.23198683673268 4.18793380173593 7.38162295728156 9.56792574920727 -0.70186889649341 -0.62065178722838 2.08517590358961 0.784686806219696 2.00955197436243 -5.17838550657252 1 5460.28895784784
"1" 2.03052843711846 2.13815537885604 3.27672981889267 4.21446000684235 8.03580027930065 10.3279539765788 -0.132474134156044 -0.00380174795217698 2.15108930921215 1.19558952930092 2.27069372013623 -7.37677181814733 1 5044.04080738139
"1" 5.34074240863563 5.37274220676809 3.16422568754112 4.41751339481487 7.27712390764058 10.135741985221 -1.53465418206045 -1.22889474915555 2.08000189278646 0.706926975154792 2.90486010000316 -6.16844405618037 1 5671.26917031077
"1" 1.28035901311734 1.39597655402089 3.32147652721718 3.78678460456959 7.98724383845518 9.01284366078183 0.778324034208772 1.22199780129403 2.20195501066567 1.20976518185913 3.59497793859797 -7.90537003248945 1 5286.19326755454
"1" 2.52292149348419 0.943419293264794 0.501854006899989 0.534364743578056 1.43764841989643 6.363593814505 5.46928034376127 5.28540029265911 -3.19297244050633 -2.09206231869159 3.64475992849789 -2.06527024208578 1 -9351.5264593397
"1" 3.11945295878942 3.44153102882385 3.77717682815102 4.5251266453589 8.87153090168871 10.6284723154049 -0.780397038550892 -0.303568442471371 2.66022279508801 1.28764147848491 3.06332738832356 -5.85744310489797 1 3784.52755027486
"1" 2.22542244408718 1.59857831705857 2.50671943889351 4.41920891000706 5.3043283446451 9.88239964134638 4.82753928109019 4.32269599266298 -1.14809533352393 -1.73842724496522 2.48574173267652 -1.89106643674209 1 659.630303278042
"1" 2.51750048118905 1.78538034377601 0.778074347558222 0.289000676873549 1.51000242714309 3.35156262458982 5.49646661478483 5.56494833044702 -5.09086707523505 -3.67902213324283 6.96271632088441 4.57496885604256 1 -14275.3310061053
"1" 2.09833856513831 2.04780021849984 2.95609539241955 4.26203347494394 7.20916025077615 10.4060011184115 -0.224481362448871 -0.194666680137324 1.87678736565271 1.27023700403268 2.30105139216221 -6.20363386077771 1 5227.60076294962
"1" 2.46466817500394 0.97540969737607 2.14868139198539 3.52219775352533 5.55639849455521 8.66577610240521 5.17096123524393 3.97409310143177 -0.194962703376533 -0.645595173682178 3.08281676288401 -4.35498968684717 1 187.154038796347
"1" 2.27647754485371 2.55324918669701 4.47709804851012 5.41117640510137 9.883301218201 11.94548626571 1.5087027901383 1.08450464955275 2.509924270506 1.20326298491628 5.33197622123789 -7.52481098232543 1 3604.89430813998
"1" 1.55288194299408 2.07074096742004 1.79146511132176 5.3908148733431 8.13670073626797 10.3051599480452 4.70720742847492 4.45189451518838 1.90547769366546 0.283421071188574 3.86534040679661 -6.05280514045455 1 1918.84698943002
"1" 3.17878296923641 3.41955934662932 3.38065399111178 4.33078055853974 7.9436672116613 10.2166166137582 -0.438511088206887 -0.5556984702912 1.99250671217191 0.972503998771552 1.60686799221366 -4.2817901347054 1 5385.37866108949
"1" 3.39821491448309 3.30799792729348 3.08843510156128 4.39070750528554 7.43788795140912 10.7255176904098 -0.583777047000302 -0.440083109583883 2.14734406484204 0.672816276306139 2.13717047540655 -4.36839874441334 1 5553.52293849277
"1" 1.93031337021895 2.48455579995444 2.08023627590006 2.62944405875201 5.49448968472976 6.87869056443771 5.89083815803754 4.54020030737033 2.8257167807587 -1.31844913915459 4.53145577881015 -3.27452099761229 1 -554.465794475516
"1" 2.98331397681193 3.35988538010355 3.30172482222273 4.03873160287637 8.04524161522187 9.78932326002051 -0.587865049032332 -0.473752709780488 2.19338145276519 0.892982337261497 2.03995679274303 -5.34582751757587 1 5312.95237244311
"1" 1.89285932858084 2.45083339298408 3.58553662108276 3.97304040349747 8.44200831510327 9.33148763879847 0.0334147785602234 0.140734864660963 2.81445599017267 1.55226633636633 2.7311607573305 -9.01498247520131 1 3779.19657976314
"1" 2.14457012001908 2.30314707018272 3.24144612122841 4.22754035645185 7.91819207099864 10.2241886983776 -0.786109135413465 -0.616267829392361 2.26714555255602 0.93135373598065 3.19873524450713 -6.01840924681925 1 5192.1948436215
"1" 2.96183606454036 3.20020560120693 3.19252167955278 4.13594706355417 7.7388104316155 10.0059895452766 -0.33439827210607 -0.505963925332011 2.39457752547149 1.25881471991472 1.37152987411962 -4.61616889677523 1 5011.85880049018
"1" 2.76645514522799 3.01077437135269 3.57161282994903 4.04029525957405 8.1723049284273 9.33474293537068 0.477280634202003 0.364394058257448 1.99035805006193 1.24357689504801 2.71872164907097 -6.1949521114604 1 5260.05777154252
"1" 2.05051193252837 2.30285998171407 3.75875215193879 3.89238354909781 8.68719232284369 8.98279076530235 0.758909563839418 0.81184931601856 2.24317887861617 1.49428539186744 3.45545871710887 -7.92584834560224 1 4991.78031192205
"1" 1.93746779352066 1.97717347304268 3.31329169923568 4.26104905281041 7.90041816189469 10.4003627288751 0.171536211506001 0.142118008173705 2.21663769616324 0.539390613068126 2.64044254189572 -5.19278707733365 1 5484.6475062242
"1" 0.569832427398642 0.968517437503155 3.85580419494944 4.38651341111954 9.24192011616686 10.5577388276946 3.22935686593017 2.846490809412 2.97253728752646 1.63217469211054 3.60198654103402 -10.3894560900757 1 3234.71614159692
"1" 3.99503797015812 3.93141577332621 3.4418095939425 4.07350051108463 8.42344155837111 9.96284069398128 -0.45005633829466 -0.434452409142297 2.31073811277696 1.9225261281919 2.1346106056052 -3.73451147200461 1 3915.46117259481
"1" 0.876370480784491 0.920617993185096 3.41378497979356 4.3764531497667 7.95138339256146 10.1667386712227 2.4024786514724 1.90803515132109 2.15898315764088 1.18099340600461 3.28690289441976 -6.25121887486433 1 4918.27265458449
"1" 2.94569598721741 3.08287789825261 3.41435438467166 4.22982698842671 8.102634235919 10.0383077544429 -0.114296613619596 0.195433606258915 1.99220299014513 0.735779618256188 2.72261975896516 -6.34893299947151 1 5432.49263100422
"1" 2.87148398044311 3.08318671565401 3.26888255524884 4.163100540266 7.94117797188726 10.086166228602 -0.202768519479866 -0.367680383827844 2.16092309132731 0.610305850256695 1.75064176297077 -4.6198113284722 1 5441.44168796622
"1" 2.53808686999288 3.11895371601044 3.55685577303099 4.0442834861248 8.8711891828383 10.0600327569564 -0.126058007006591 0.151964016229712 2.3749360645237 1.03654603190555 3.17271464032536 -7.80784244486505 1 5132.29050236904
"1" 2.85825890966798 0.935788866744289 1.243186755424 3.20819983194662 2.148375080384 9.96007835897301 5.14734119422162 5.14613890328861 -0.65948766824705 0.311764179077524 2.21155031285022 -9.03539036302621 1 -4206.49401779151
"1" 7.05921117715247 7.03683921955047 4.12393876519983 5.90811830945501 9.62026788992266 13.6792419826862 1.45992905522382 1.50052024076101 2.35442671462954 1.60918687114358 5.40972862762653 -10.973394130209 1 5363.17255147794
"1" 3.29075016331246 3.63059893802766 3.26844785003222 3.82061015742074 8.16654276970448 9.48185956523376 -0.619205190888264 -0.528957295887767 2.27957493602152 0.70140967040848 1.50858565975331 -5.74005515087377 1 5486.64072218913
"1" 3.51216104742151 3.62551031737499 3.50757375802285 4.41598660530599 8.11237552013905 10.3444894377963 -0.168488027492976 -0.0918059907258868 2.19604794997522 0.842038697295928 2.25182196841455 -5.56468102752719 1 5398.05228250037
"1" 3.51804054361902 3.8249789718027 3.57222291755944 4.39312991710819 8.20085128464642 10.0836461639144 -0.624146133355185 -0.704898731591037 2.06494840383393 0.66327834078458 1.77438943569928 -4.2814109223004 1 5496.55967957804
"1" 1.90695498212265 2.20034737162507 3.83140549978645 4.02508843378583 9.14121939577091 9.72025345743551 0.399348543148211 0.787577042188174 2.44736889836239 1.41516891705209 3.17973470090708 -10.4618989466287 1 4916.63147082075
"1" 1.58808327058177 2.35632859859378 3.50792380907522 3.57712274809804 8.68392668616785 8.9573710374851 0.175574987958234 0.24975197848051 2.55890481496845 1.47106872941968 2.34024465732853 -6.14951015454447 1 4951.53995457274
"1" 1.7999408757788 2.04182200264767 3.38932621052459 4.06993884906005 7.98717623158242 9.54711264865763 0.773076787783334 0.840085973226981 2.15110755421236 0.955586659943894 3.36581169184635 -7.58490753925398 1 5273.52702760008
"1" 2.26895289225593 1.7198392913321 3.23306089701483 3.90999802088861 6.49456821915992 9.94404020161457 4.69229480910619 4.43029293187636 0.932070359322481 0.161290880037798 3.32765828888274 -3.6689540251714 1 1285.39067408639
"1" 2.92368735264472 3.2750981503135 3.28369045137302 4.0784343731077 7.86202441555239 9.72909205567458 -0.608071904488735 -0.603180728178056 2.23843692520017 0.786366376692909 1.99130851224689 -4.32482378928402 1 5333.1382878632
"1" 3.5179267675194 3.95866372160942 3.43266036342388 4.43015869235544 8.01995908363869 10.3276805343264 -0.498545307964393 -0.453576103260547 2.26620734919154 0.618333576445127 2.37858556245288 -7.65046009880308 1 5389.26681208372
"1" 4.99603603563977 4.94985368006515 3.82181182202109 5.33955728594869 8.74387461758355 12.3293464681056 -0.686602667016615 -0.721637061234119 2.04234433002723 0.978232697601301 2.18095344441815 -2.93721630964863 1 5321.63648501903
"1" 3.87958371926485 3.72814521441098 3.30266138671181 4.78957251826308 7.55716828397807 11.0794371548616 -0.496252613842734 -0.222299978228918 1.87047316315964 1.16333256067985 3.36976483866006 -7.08423370316623 1 5333.44346409992
"1" 0.740744560066144 1.2253729412628 3.91019257167649 4.53871993332629 9.21449752860317 10.7022739040487 1.86038228908744 1.82617651398995 2.39707629311762 0.85467830623675 3.99055739089562 -7.66360390112785 1 5034.18800919291
"1" 2.22434240092024 2.21860480550591 3.14502864425946 3.77020031874727 6.32451158810625 9.60925329485366 4.74222381592068 4.58549290858182 0.644437891598639 -0.503651912248579 4.3050762115376 -4.56681172973282 1 954.188652825382
