"1" -2.33364933903522 -1.14743495089214 1.69224509960948 3.378960788314 5.13488810260772 5.93674019267434 -0.163207004892064 0.880208065594071 11.4203526064249 1 182.141615030636
"1" -2.68292889489241 -1.25863338721773 1.34636700568397 1.07459563118887 5.30604008380954 2.95529687471365 -3.51470047721171 -1.96108803890223 -5.47860718096213 0 163.200569783302
"1" -2.06698821939592 -0.232594606858671 1.31463934436033 -0.0351183660742331 2.90859819518888 3.05323320865317 -0.522469160094441 2.56329717960746 1.00159413330372 1 134.340680286118
"1" -2.23243162428079 -0.486306042475903 0.281659436568594 -0.116956627597925 3.27611093771744 3.742616928361 -0.124543462644008 2.55923168476164 0.154978040797318 1 105.275065750996
"1" -2.18834223634937 -1.46114872188396 1.09215488476523 1.38249078631636 2.8369315858193 3.88918032163146 -3.62027313734562 -4.50803105281747 -0.0860620212944927 0 165.015586972255
"1" -0.516643235152928 -1.32629034701081 0.462408273969642 0.682290628767203 2.59408345646189 2.5697813764094 3.01429211582436 -1.94900854475289 -0.100737666216488 1 135.179648226352
"1" -0.633981962953088 -1.26967589955483 0.452496659157778 0.63702313200108 2.44609449819529 3.06614017926534 3.11017715335234 0.414173308806494 -0.0891286400987363 1 111.296635588386
"1" -2.18128789486538 -2.19068616341031 1.33746874949982 1.37532641549253 3.14130187654847 3.95284558771835 -3.17108784039594 -13.8657999854497 -0.00270556518092466 0 125.837626931686
"1" -0.772190625849579 -0.590560874445048 0.368164030483908 1.39212550524074 3.29192674955291 2.89925980094713 3.27586735309635 0.0935080882246213 1.06792932360263 1 155.284293315458
"1" -1.77938513737034 -1.80720384677272 1.04108412179931 1.3960160374091 2.4632225130381 2.93541048616129 -5.54308553336875 -2.56705545908454 1.52777550442479 0 164.053185076755
"1" -0.537198634247189 -0.882345343813334 0.456194413039155 2.86680031442243 2.6570616757901 5.60604242516712 3.08985944680249 -1.63653775099372 0.0424968946208312 1 151.654139642626
"1" -0.325321121413937 -1.27150961706683 0.451991106361422 0.29257029187109 2.80552172700388 2.68923774859429 2.84288775642784 -1.38674249466472 0.101934804994609 1 139.378529157965
"1" -2.37384178690372 -1.47850063257404 2.9138414021957 1.58938701513231 5.96182817091723 3.19170084792395 0.234622509478663 -16.1985790918438 -5.12972283617231 0 157.792392758176
"1" -1.07093960487014 -1.96289669447933 0.456668600716286 1.98684256961719 2.68473436812277 3.86225606638152 3.33236411415752 -1.11679042201724 0.0629154648638872 1 57.9316731467787
"1" -2.03990815063432 -1.25603900898977 1.58833952696312 -0.0111194004146877 3.18800397111111 3.74853621824099 -0.83212406137654 3.20348528456305 0.122959912508462 1 132.852911841593
"1" -1.01944858263204 -0.0455798049959218 -0.170341508036917 0.39258683821551 3.00515663593752 3.28937873723266 -0.0726931432737818 2.56519213865993 -0.253068688032526 1 161.036961461376
"1" -2.46662595746549 -1.27591517742715 0.807327667071861 1.27196971119855 3.95063021803361 3.27062777969488 -12.3818062168407 -24.0382359670732 -2.99179730988494 0 168.694615062267
"1" -0.693865024475891 -1.51000742750667 0.136798772168343 1.34202274324953 3.31746296371178 3.31368488623762 2.72945380068438 -0.00152940279024175 0.148804599678922 1 131.570430218238
"1" -1.71429879592951 -0.0761104101271119 1.16280572560297 0.136790988683904 3.62568317969451 3.36948733582675 -0.758655610489399 2.3785900206028 -0.0439205298372228 1 160.432144775412
"1" -1.64922626900346 -0.499669424120703 0.410948089732651 0.453569103912963 2.19329941850224 3.44863040763502 4.06709095641486 0.438846977858346 -2.35137245098663 1 49.4256396803457
"1" -1.34509487335268 -1.41769709153874 0.425811889258514 1.60490639326674 2.62027952707729 3.63379567841813 3.62803812085627 -0.570431955417267 0.487552462532782 1 92.6054195632253
"1" -2.50334003301317 -1.35710876458756 3.94290261743179 2.70173140311028 7.26514881752643 5.7291101248077 0.559757650113225 -0.104553365578675 8.97840489351574 1 157.798716540284
"1" -1.6177148776271 -1.17270700425743 1.34715630241689 1.20941457561791 4.9713769770064 3.23980109838132 -16.3834204357029 -14.1227976210738 2.67242922448203 0 208.200011673827
"1" -1.73155357380943 -0.871139327302609 2.30514918563936 0.459238712871539 4.42357093730573 2.41951381070262 -1.58355038149287 3.22598432993395 -0.534607464858448 1 98.3948422893641
"1" -0.749649217047265 -1.43607236517147 -0.123074260449648 1.66668400114326 4.02523303366479 3.20505998430216 2.73384901431042 -0.382198262667653 0.215679775485535 1 116.785143364647
"1" -1.47789937304443 -0.500952532219234 0.566776002384148 -0.106664864811867 2.5833220737767 3.67331092495976 0.134292796600291 2.62717186241965 -0.14701585726413 1 151.887305869232
"1" -1.10308651785068 -2.13381598195432 0.222613527443601 2.13651230540379 3.16283156755474 5.14444811853049 3.11824476753704 -1.63442106558789 -0.188941021512796 1 124.238778392224
"1" -2.09840770266917 -2.45260898103257 1.61310933561175 1.40777544047713 3.22720979029258 3.43663899560691 -12.880782651766 -18.536379706853 -1.47675148032171 0 119.51381735288
"1" -2.42936696777284 -1.8517674180761 3.17585286517706 1.23621769880081 6.43412249266862 2.85453103039146 0.124037703040531 -1.25086288541137 9.06709211151172 1 131.218298768671
"1" -1.79838954750319 -1.70162570954294 1.34825800213923 1.15143266207551 3.1146979803972 2.91730940373537 -3.66425888639285 -2.4228415649983 5.83991808452936 0 168.782021918556
"1" -0.45925982154341 -1.76272715495573 0.46506607081567 1.58515353575603 2.54885559833755 4.07549845175711 2.92711853582957 -0.376116283363646 -0.311716435344076 1 107.29079126439
"1" -3.63255534145252 -1.41663593507767 45.4077894460864 2.97056113808563 93.7887347298481 7.28201888520304 -54.2353330784911 0.122119345609547 -0.0635374138139687 0 123.614781767953
"1" -2.0016897023074 -1.70940348797879 1.4608771463245 1.00019012156145 2.7092419860453 2.91552437152394 -2.42499895735611 -1.99226735534859 6.50067581121557 0 157.87084100298
"1" -1.58193364637745 -0.307943695797183 0.562332975934079 0.502834316939107 2.60650210501448 2.66022446868188 0.0773145828484918 2.9470803527529 0.152846987931382 1 142.173127392461
"1" -2.12069735293582 -1.01458737310084 1.78319768048028 1.11017925144603 3.55009613720188 2.64879039617765 -3.56168353381462 -1.39188769883083 -0.223300151523469 0 199.684854525533
"1" -0.630037876394414 -1.2880904960507 -0.168021166619719 1.2903247382099 3.78984150901505 4.84059472962176 2.85272810821736 -0.996848433068526 0.490135709578377 1 142.431184872315
"1" -2.3306767745142 -1.27323222266935 2.05669673182287 1.47888822325185 3.62363926186 3.29927802684216 -12.5321046634618 -81.1084723548325 -4.2461740992283 0 173.793819691379
"1" -1.98588426623518 -0.170540681841672 1.86287995449596 0.24602838738658 2.74908445197822 3.57022347281192 -0.503455159420123 2.47620394687339 0.0857598607892809 1 155.527960843571
"1" -2.38599614365928 -1.51076002835832 4.85004668917832 2.71581491347127 8.76619640710248 5.81584795144782 1.50084335493216 0.71328534187464 6.14855394804327 0 158.365091696441
"1" -2.46240542846893 -1.23133270166589 1.27235169283754 2.07577299053663 3.09576143337702 4.90766112030331 -2.20550857014296 -1.87174304828938 6.37731805112773 0 169.229803706402
"1" -1.32112281044352 -1.97041494906703 0.470847472668365 1.12230451316655 2.30967761753578 4.37590032958334 3.55931094788768 -0.990624734778054 -0.133090214618979 1 67.7747780661327
"1" -0.78111569376073 -1.17179941681731 0.223459603650091 -0.0721686906000828 2.81742292981982 2.86709831877311 3.07326076439953 2.73575817677409 -0.773644136639703 1 33.2627416312307
"1" -3.03155782819317 -1.9357810176201 1.62096442198927 2.06854181253687 5.06029357021826 3.99146776260604 -6.64947851848429 -4.1147798636097 -8.19707249055993 1 108.580374854607
"1" -1.79825820939293 -0.728524234529931 0.549176999645763 -0.218280297176715 3.08524986103861 4.05605331860496 -0.13792391362997 2.80289254032247 0.069478239005544 1 107.405329439947
"1" -0.942088956440454 -0.88990996674699 0.427982680094333 0.861665308009147 2.75618393359029 3.15233184020342 3.36326462861052 -2.31566360675271 -0.00151872827842 1 122.869782782476
"1" -2.04308728732878 -2.19068196558582 1.49210864296686 3.29308585776047 3.62158916534029 7.05934498778724 -0.0809154923126205 0.702279915208017 -5.71785904101076 0 131.551237255841
"1" -1.05741483834971 -1.38068627621686 3.60870024765193 4.21473338930994 7.92976588452524 9.18820940428534 2.14064610743657 2.47083169441631 -7.88683609893526 1 134.783014408775
"1" -1.17726974067244 -1.08451095989399 -0.099208051344002 0.333758731350696 3.48748573921499 2.19007784002579 3.26685106189298 -1.67123722152712 -0.080124380476033 1 118.999959523464
"1" -0.182337250619937 -0.399752072442516 -0.0048496165783904 0.292133721986973 3.56544268231632 3.03930758673838 2.74381499045318 0.5113712880886 -0.0605610618573472 1 193.296182985608
"1" -2.26537209602823 -1.8776785327979 1.15128121382829 1.50478917714559 3.06012473569269 3.62537469226998 -6.81691586309542 -8.09431925812166 -2.30922640976645 0 137.572534421623
"1" -1.90972819790446 0.0449528869611433 1.38080978872917 0.428421056303669 2.90847017493291 2.75681824872019 -1.05207249214072 2.59942530802886 -0.0710938848491507 1 143.931760832887
"1" -0.302516669839125 -0.372805580727896 0.247060519507193 0.261323758509598 3.0598978365938 2.67567025789144 2.57316676331726 3.03053593923498 -0.68843539883773 1 57.4238579184487
"1" -0.669938878140641 -1.54150767419312 0.452248381231665 2.47620729129174 2.44938131323392 5.51760888113483 3.10003712748203 -2.04889440088307 0.0584197298344616 1 94.0677054105834
"1" -1.44923631263512 -0.969668203925031 1.17253899858389 1.18820916225024 2.67734515438547 3.7384698376419 -4.62163616220725 -6.90246446415429 0.351454214610124 0 232.293646235487
"1" -2.93245237672598 -1.37059798255998 8.36654982870075 1.2690344546153 12.4251483873917 3.36059833599145 1.82774111326201 -40.4372260536799 8.2656478505272 1 148.114702853256
"1" -1.91504172561067 -0.202711917015797 1.29860466805935 0.453644785299857 5.00209873819602 2.52638526486056 -1.76318907512809 2.75813897730201 0.0455024793589189 1 111.991809384913
"1" -2.27036035818882 -1.98026333889643 0.790522621733726 1.93247918520495 4.403828492659 4.33198926337762 -1.76019169918491 -0.345663013388007 6.89188612588272 0 131.15544357521
"1" -2.44351515165441 -1.11482456360756 1.62925203396215 1.1304314799537 2.61856566178771 2.56973233726711 -1.82064532714719 -2.06731457533847 7.45801724833773 0 182.759777158818
"1" -1.79795154541251 -1.63817992133059 1.62485078550882 1.23387963097281 3.09770254091124 3.61593434220617 -12.7148319543007 -22.8933362429808 -4.11598449488887 0 172.175281536062
"1" -0.318863810338107 -0.606713130163372 0.355684353474518 1.56840227363431 2.9813507151122 3.86987197186414 2.83967901105287 -1.03848215636261 0.313128574225095 1 198.794188150973
"1" -1.74496033738327 -1.6249411208462 0.723226550676941 1.14677967586889 3.38939367403739 3.53024246652769 -4.71482547710762 -5.89608780422127 -7.52257054368714 1 172.60360078285
"1" -1.98712773713551 -1.72129697882779 1.3730692737167 3.4668919374042 3.22259705448645 10.1132197670867 -0.734826170232044 1.49790572428412 -7.76551116522027 1 160.034481823928
"1" -2.13021164141527 -0.559976220769413 2.07095737016831 0.449034094219211 3.08043946367172 2.47299907434626 -0.914161549271557 2.96988385796936 0.246580150340808 1 91.0218869895434
"1" -0.742155555594967 -1.49736193898493 0.449834585929443 1.48394756257902 2.81998603322862 5.16852562862308 3.09832515356546 -1.35066067203179 0.109806181004599 1 104.811702488633
"1" -0.96705737388722 -1.49001197280765 -0.365508208394735 0.788958733904193 4.77492197554292 2.30769453599342 3.02333143326294 -1.88602669851287 1.60353899008455 1 123.880580194171
"1" -1.64896917989023 -0.721503392096764 1.38813408201807 0.446295489886101 4.31899811616768 2.35556165748328 -1.21689832764873 3.11011802577945 -0.197377958817966 1 104.851796281441
"1" -0.671020709226008 -1.20327024421418 0.472989083199792 2.15459557023791 2.54225255802908 5.28656338981926 3.06485504077947 -1.43142596473126 -0.0372004147931757 1 141.723446835164
"1" -0.489949539100047 -1.20282713905412 0.456261003363003 1.01054272159628 2.84959848915569 4.6925375840801 2.97742545443618 -0.747052233196226 -0.0662415739371608 1 149.759003058964
"1" -0.723693450581425 -1.23390876148541 0.444290854541027 0.28558878094116 2.43091032521825 3.17852143764321 3.19382657446093 1.22497967810747 -0.192794815334 1 86.0552832940132
"1" -2.73900796068016 -1.53282644259052 1.99281382030383 0.862385273486453 3.82440557176282 3.11741816637302 -2.8789583722335 -12.9081225802724 3.00529684398957 0 141.20181245566
"1" -0.363809797194731 -1.19147951254338 0.107904385666201 1.96756070682353 3.25975984892696 5.10704027826306 2.60897535827526 -1.15242981384884 0.920538748558161 1 173.997906219788
"1" -0.752998664010531 -1.81159120114585 -0.182718175943485 2.20504790276105 3.96594718723633 5.15422669246448 2.92038543566238 -1.51343717398473 0.261098206512222 1 110.021339624341
"1" -0.485890897091484 -0.879026803152511 0.0316030952438397 1.60124956832483 3.38397905592491 4.15215360609985 2.82081159220813 -0.747179464058045 -0.783866683108764 1 181.229685381651
"1" -1.85726881003088 -0.0389985155367496 1.25875686859113 0.15592690592055 4.07595755081654 3.68031948540868 -1.09084728592351 2.23867530590962 0.178502209461381 1 143.559869282683
"1" -2.43732072524064 -1.89373268843077 2.06636017886449 1.53398774442013 4.2029087383191 3.74475188832602 -6.64069426031319 -8.72297877249056 -4.42873354396669 0 129.05585166122
"1" -2.33753153704649 -2.33780051921204 1.74439661177694 1.24108953838982 3.49838924820941 4.95381657065874 -9.47840933870231 -10.2222774920423 -0.449271693163193 0 111.608216806413
"1" -0.758669733274923 -1.89928319373759 0.430204472793545 2.59030115205796 2.38039560242922 4.15026939829165 3.17000583304121 -1.17240709203497 0.000673618794347849 1 97.8032132610998
"1" -1.20215493982338 -1.73849070599118 -0.103736883289781 1.32722198120725 3.88961771882666 3.53834922163148 3.21669145294686 -1.15431665228659 0.247702002785082 1 119.796613057987
"1" -2.07540793672348 -1.37499177084995 1.68537768956817 1.68254151751311 4.11606736680458 2.79152122599223 -2.2786597059744 -2.24078420595824 -6.28225435776619 0 176.354592919225
"1" -1.63994802710098 -1.4636242212522 1.26338031736219 1.81851632437447 2.32988623702578 3.18630102615983 -2.01682740424092 -2.2413877519962 6.79214587775852 0 190.823462552311
"1" -1.24857880047351 -1.21451557305102 -0.0561974629876758 1.52865454423911 3.6694957055572 3.76182470624779 3.1882193400416 -1.00666551952387 0.182529609147235 1 129.236320932133
"1" -0.672770808354404 -1.08119170227066 0.469733408995907 1.24830088585596 2.27179753364705 4.22635041129529 3.1825350619825 -0.315167408959819 -0.0767938926702734 1 97.0829236289195
"1" -2.94002379913397 -1.10154600822076 0.669231234221971 -0.39401751541406 3.23726644930125 4.91197900263649 -0.300557950490686 3.04529487887131 0.186302222930223 1 67.0761823811688
"1" -2.65221309633615 -2.36184709193404 3.13651687484645 2.16722203671712 6.62691995674829 5.69236171032863 0.16322057769204 -2.50328662964532 4.81585573073339 0 96.9610316665292
"1" -1.9700975551445 -1.8512823875665 4.54717218146331 2.73669376759319 10.0965843248648 6.47360282542051 1.08597988360174 -1.06420111942677 7.17039292387069 1 145.912101939949
"1" -2.14229449754499 -1.32445576981907 1.20006336225494 1.57171291466955 2.39111991101018 4.00145588178778 -1.36158029226269 -4.63326419323186 -5.99168179208419 0 175.318117606761
"1" -2.28606788298996 -1.15753249848697 1.37726548567439 2.25208863469641 2.771254313579 3.89597808091808 -7.45612965845116 -5.69881195425081 -8.54392362598584 1 180.619740075711
"1" -2.37195744845056 -1.59847412006485 1.32600753814868 1.0120650111879 2.71308529697804 3.10698181679491 -13.013303983038 -21.6256398715956 -1.76239859844583 0 149.789380906896
"1" -0.524802618583733 -1.4347796043491 0.456451519601882 1.08701159546396 2.77544355133486 3.67961265874185 2.95972832287082 -0.482368412267359 -0.101503391740045 1 140.178434678855
"1" -1.61201548542362 -1.90723745135924 1.2248324071803 2.52047756990228 3.16847119480709 7.13890992023871 -0.560964133923731 0.212460444906002 5.64245697313037 0 166.161808477673
"1" -2.3350069998914 -0.0394718148642161 2.06500711579668 0.464010273263411 2.69415261869249 3.1314127282119 -0.599003741016849 2.55321287452723 0.155524483100449 1 147.871783938732
"1" -1.67930801592525 -0.0151971649884886 1.44170072942443 -0.106727196273735 3.53046727619965 3.92329727443058 -0.945548861940315 2.3383110216135 0.229720567026553 1 160.158408273556
"1" 0.387397614524667 0.690940457740595 -0.0126700883156024 0.127999067137061 3.48481776204495 3.03078788329673 2.74352628869496 2.40980061799862 -0.583175254250306 1 75.3272788315583
"1" -0.765235095919106 -1.18347149246874 0.448764618131496 1.63756900688406 2.38724567773103 4.98320690533562 3.22211285881272 -1.09759961674412 -0.0462523153237877 1 111.913869831084
"1" -1.72858616515879 0.177851780493831 1.65100426438225 0.44348216746348 4.31921244058716 2.73510948703838 -1.4558498535894 2.52312971591255 1.01307421374813 1 155.004861888321
"1" -2.62373343883483 -2.10279521595828 4.23543468430177 1.29411710022533 8.01307285812662 3.30887893142384 0.308858074306959 -21.670500337001 0.350699350799748 0 110.904967293003
"1" 0.0620108015020502 -1.70031483870958 0.447191707248511 1.00464063425838 2.59855827013351 4.76702127443719 2.61113253129933 -0.402340886165405 0.302760420547666 1 129.290502614322
"1" -1.9978073555826 0.0664860253594224 1.48952240299367 0.506211528476531 4.14384229349211 2.9906954647322 -1.38899604497843 2.43082131576817 -0.322259721717098 1 154.460239161709
"1" -1.86797741807846 -1.64154457198829 0.987251775242148 1.15514033791692 3.16685277154066 3.64448539826033 -5.98868875532882 -2.88003407282772 1.05595926477852 0 167.385909855131
"1" -0.97845083008797 -1.40120425602394 0.445860475897134 1.83662730720898 3.02373974264525 4.0133314277893 3.25437547689068 -1.04214253669139 0.136532938412618 1 97.2121852260041
