"1" -0.615943255953869 -1.38354232488276 -0.0355176930667642 1.50864951497653 3.13636689913002 3.84198546291658 3.05062558865305 -0.687634537110155 -0.246599936144944 1 936.591020685116
"1" -2.15521608326293 -1.48266615565308 1.37006115455903 1.05744444821724 2.46494712660507 3.16137282868724 -1.89275476842257 -0.961553264247346 -6.1676415408249 0 990.172711456446
"1" -0.999323149152259 -1.43144377881216 0.526790577206506 0.9612291865516 2.3239813626092 2.46434414631399 3.32230826726428 -1.81131172440329 1.11355831542436 1 761.338837057693
"1" -2.03200358818075 -1.55285357824888 1.11696601990417 1.08316207164298 3.00339667712677 2.94488130666673 -1.44711712007633 -0.943092516121512 -7.00477879889842 1 989.918687725184
"1" -1.55666135894055 -1.47127283741136 0.426382496753527 1.70040233232008 2.77072966454872 3.64523262105784 3.72141969079894 0.380731544303039 0.700107785515725 1 709.136892789633
"1" -1.81800017654443 -0.428576885980653 1.41309323683608 0.34789702913935 2.89249300088544 3.15770813353666 -1.51383964711683 2.67667028771409 1.11409959092846 1 863.463977384116
"1" -0.783909727200784 -1.25688682626597 0.733822594840135 1.38208838399916 1.55511524716763 3.86990182244444 3.25511899621674 -0.904671747269245 -0.65978939696611 1 812.813932208964
"1" -1.92167327522186 -1.54167332705079 1.13468418341006 0.985157319185769 3.07541093156387 2.65195819665672 -10.6782758673582 -7.93495148619721 -7.09336719402374 1 1032.71392953086
"1" -2.10982846701274 -1.38680086708142 1.22618932758889 1.4835148371546 3.44228245403562 4.01787925061553 -0.183837759504205 -0.844796169094307 -7.4793085086565 0 1044.75872580519
"1" -2.14205613387196 -1.58360105399176 1.00555006200539 1.15835281034812 2.72243507813475 3.08330067058735 -31.1919296245556 -13.6904612666872 6.13339815367569 1 962.743681550611
"1" -0.726468595320423 -1.30739317274722 0.13126514209994 0.644703664090062 3.39540988928463 2.27078356572728 2.90192687391794 -2.99156825827496 -0.400476864749491 1 864.702123969634
"1" -0.805055680060516 -1.14134513744861 0.447376406857055 0.447979752623124 2.9084262738136 1.93594385613044 3.08196281659265 -2.20460555351768 0.00415503139468561 1 883.809277708259
"1" -1.15499103915469 -0.950181628419024 0.62769157338415 0.371993865701558 1.62796696382761 2.45194224492389 3.58330945347218 0.0400250650391312 -0.857847928034042 1 519.504317007008
"1" -2.0732529785849 -1.36487604652322 1.14455562086054 0.985840181458585 2.79753608918035 3.01619461481413 -10.5491896166883 -16.1295574410837 2.65160519592594 0 1063.05331921012
"1" -0.696180236373572 -1.52123337808334 0.506370389817847 0.79437560893376 2.85041866586076 2.61688755906068 2.98712308346715 -1.62954950249956 0.482187311198939 1 730.797898933141
"1" -0.693873974496339 -1.53588524250285 0.631251267482723 1.40889869226656 1.96112445367664 3.77028620396066 3.15295370074476 -1.0737045025274 -0.0214558723027557 1 689.411697072094
"1" -2.1540814022157 -0.651188958037773 1.40248950063101 0.373581770439177 3.1322074988039 2.85943786002908 -0.555791225949648 2.90673171366599 0.268670254186009 1 659.096012068762
"1" -0.875184179987971 -1.47677188509624 0.395851444437107 1.29454786129031 2.63840423435034 3.4057848942838 3.084770574085 -1.0236718125375 0.0630115235252014 1 723.641676417163
"1" -0.6998985799573 -1.04798851297845 0.477731083248903 1.20312572936262 2.5408683798657 3.7504851382222 3.06906576660776 -0.466678923735123 0.0263363164265719 1 814.759464459087
"1" -2.03712462500759 -0.366348670876459 1.22631240310146 0.382516802375043 2.98016286018906 2.90924471596939 -0.505303043270789 2.74305560240635 0.0944917779729009 1 715.401573623066
"1" -0.925342068030265 -1.03522891451378 0.382800749216623 0.675602564655001 2.66880251750542 3.17459850844365 3.28171782102636 -0.369752701972063 -0.0421783603754649 1 845.176815745275
"1" -1.19015874121411 -1.34155856243346 0.648321761874901 1.09460597570053 1.95306632316795 3.64455503378692 3.55403845537178 -0.457645925870696 -0.342105198901663 1 619.162389217036
"1" -0.940058923975262 -1.35375551161049 0.382428310235433 0.811378986855424 2.82152907304406 2.60402706883719 3.17956222923997 -1.97958718634551 2.66629033343649 1 707.552381565446
"1" -0.537086403588758 -1.2306247852109 0.47032240671126 1.58495296565833 2.72167187230474 4.12411790365817 2.93832576253964 -0.933899048246269 0.139905817143451 1 849.188827986268
"1" -1.22070447124867 -1.08606556573302 0.601749443824344 1.70714219032898 1.81677512536077 3.85049453471213 3.61529961963461 -0.519893245989402 -0.112036607056744 1 739.183476530682
"1" -1.32335125438796 -1.52046756252713 0.575722136805193 1.75472363601597 1.88571595641862 3.51485959652433 3.65620924975888 -0.607308336699871 0.141186641713471 1 641.072511798834
"1" -1.02174032785353 -1.25112820024454 0.62073844475492 1.17967223765669 1.87033872562967 3.14865786703985 3.43520664097803 -0.941098160682394 -0.108568064961509 1 731.371720931974
"1" -1.02830905399623 -1.82867139936824 0.331255730566319 1.00044865166616 2.9620022574527 3.39559142544335 3.10048026081359 -0.314787064171259 0.0162905163316107 1 622.97031118002
"1" -2.07563750719745 -1.4320078812942 1.40507122159163 1.36597566314764 2.93632743769916 3.44566479020751 -2.05032754125999 -1.32626945115009 6.9568925931296 1 1044.41851734132
"1" -0.971538496255958 -1.50712383655312 0.446367695639107 1.7882792832164 2.34420365019688 4.22497772694101 3.21818539327249 -1.02301196113801 -0.0375585124218288 1 637.242830369799
"1" -0.970017621995575 -1.39655553108919 0.390959382378282 1.80092870517571 2.68822467780331 3.94586392395644 3.22354761416113 -0.904763166911536 0.0363400438313286 1 696.494343921299
"1" -2.20352257115591 -1.60784765591016 1.3083072326508 1.23058826569617 2.58199429816171 2.82923137403048 -2.57569152433608 -2.53818915413607 6.62335477287149 0 943.394307126159
"1" -0.979808866778075 -1.08848349285121 0.496041151803688 0.786891786860971 2.5601210907158 2.19749812347957 3.34495412963777 -3.61848826740793 -2.1854511720869 1 807.775075485497
"1" -0.751262733516755 -0.91659842515179 0.511431642270902 1.4945791142196 2.48474160324358 3.44606856130376 3.17355889039869 -0.368373152427947 0.0429060968568597 1 859.660826992015
"1" -0.929109853453079 -1.56502947353729 0.486547584850095 1.42899251348671 2.67303962420078 4.09211666898809 3.13859902081483 -0.781864319895981 -0.151761977835598 1 639.119004868039
"1" -1.18196164515953 -1.61551155045163 0.530068074966844 1.26522729804977 2.52850451753619 4.0764125764051 3.39731528505945 -0.812216170135731 0.0316509905337991 1 609.644074250042
"1" -0.376386951263705 -1.22241331599988 0.353698712032382 0.838673864022295 2.85433862764313 3.33420065723797 2.80442465655756 -0.722945582877144 0.652822565291008 1 900.630524719521
"1" -1.34301116491032 -1.45785224046855 0.460356603226241 1.94463724127376 2.59134919879587 3.78603198179655 3.51719776750002 -0.823944109092235 1.05354698384004 1 718.672184372618
"1" -0.457819791619512 -1.27223648022356 0.401252215670614 0.46712997174187 2.67690006455415 2.74054471106156 2.8393705913983 -2.16124343041381 -0.139560643465048 1 782.501573138507
"1" -0.801858545168476 -0.935814595058643 0.377947037179544 1.38577504713506 2.85724382935016 3.05705551686007 3.10961716514147 -0.834558300079226 0.488461156612347 1 777.987772322937
"1" -2.10903414549217 -1.56203077589024 1.07219256686211 1.33184478413151 3.00933407730423 3.26959400056046 -1.30104055151093 -2.413084296943 6.69097943091709 0 978.675759235265
"1" -0.995493239952349 -1.63057392713545 0.416569879840752 1.15739528234216 2.92431557504016 3.57790746262601 3.15035012361985 -0.311337881211012 0.0119523944754373 1 800.016160245254
"1" -2.07064263098655 -1.48512688525065 0.578229947198372 1.72379533592666 3.77787046331593 4.14165421281371 2.99743990319788 0.229219560063183 -17.5933864621642 1 485.082626638573
"1" -0.594666496628689 -1.41402488871623 0.401914770920449 1.21840563245251 2.64070160580567 3.58958001474705 2.95825481224682 -0.48573561575518 0.0349608674505599 1 806.733878422165
"1" -0.809380758727425 -1.25770325347954 0.600283070332537 1.17097591489173 2.07571370246628 3.69944182965257 3.16427893281093 -0.538945370192601 -0.398997673160401 1 755.275135702374
"1" -2.08633753549671 -1.61867396470875 1.31214536852266 1.16162876480969 2.86835841794316 2.87921191084548 -2.67743255433125 -2.52205398890126 -6.47021869464786 0 967.219434167214
"1" -0.616100492167472 -1.5226316264823 0.518805780372346 1.33051307697779 2.79588843832355 3.99128422206937 2.93508807211856 -0.795403103808116 0.155407094609163 1 813.841518938667
"1" -2.06145827625544 -1.48131967534966 1.20942611963747 1.0873710649341 3.06730280213297 3.0144771570924 -1.0403435724432 -2.15683092846542 -7.04942731838245 0 1018.08031824725
"1" -0.726050659141985 -1.86378681008887 0.525936874263793 1.15010657738984 2.11040957589462 3.4600761062178 3.03967656563879 -0.733834608150543 -0.178667710380767 1 620.535430613827
"1" -0.386007104608512 -1.12187731512708 0.427901767062857 0.989013463745498 2.7516827025419 3.82199862720283 2.89112714067045 -0.661899361959749 -0.0059827139299084 1 852.136326990581
"1" -2.16242375863629 -1.55787439634984 1.40577995130669 1.47818972432126 3.11882255784166 3.26080715495225 -1.66321651902268 -1.9753559320535 -6.03222187235588 0 975.194423759144
"1" -0.621081670007318 -1.30020448685402 0.471221411083831 0.853843036967802 2.52960443137145 3.02534919630724 3.07737080649057 -0.386698149467147 -0.0702324689166291 1 722.503300905947
"1" -1.00441189312887 -1.44204015658326 0.522706664814104 1.92723005282011 2.14674722914973 4.58887333083088 3.37158094923625 -1.03981554011792 -0.101860881279462 1 616.066544022648
"1" -0.526666678037219 -1.36026029438114 0.34202703693566 2.00336169599218 2.63654158622612 3.89683967285219 2.9459505818277 -0.403389572895336 0.0454804574626454 1 818.034279168941
"1" -2.13827338719694 0.11238723536043 0.758657267272261 0.401755815463699 3.38389282962347 2.43264225377586 -0.487187338067948 2.43116350966227 0.322128754566751 1 878.321889630476
"1" -1.28173835921816 -1.13891548999068 0.706674605001702 1.53631209461983 1.47126447709156 3.51025474431178 3.67134510422795 -1.27275454386539 -0.257462803570875 1 743.362153485071
"1" -2.09500345833586 -1.41486858646319 1.16461750189923 1.00961449091756 2.43803215042487 2.97731813767012 -11.5735514868788 -12.0348885219088 -2.57050666065066 0 1037.79246174418
"1" -1.15592441133669 -1.08282962277314 0.625370299691412 1.49906207105276 2.13699540386337 3.11948662177401 3.53576492934152 -0.958685569661273 -0.0074754748432781 1 800.773869985221
"1" -2.32413527829023 -1.70426010194318 1.17684079152036 1.12142202707206 2.92288654636449 3.01619952998193 -1.43489274526652 -1.72974919767889 -6.56580771245107 0 872.768274140709
"1" -0.558186370883969 -1.15004761873718 0.212659536098888 1.97889414161231 3.37788355911885 4.52208626871457 2.8250511130595 -0.648109262311029 0.214007096163407 1 782.711008259811
"1" -0.336586415307085 -0.273383241278002 0.199084814344296 0.334949250266993 3.18817316147203 3.28058770649256 2.7955354768664 2.70673845298378 -0.57370572002523 1 456.085690070314
"1" -1.09126534963511 -1.0142373472149 0.614903816543162 0.963081410303918 1.85687946050255 3.32275063430482 3.52554093272998 0.0893747953665114 -0.0656875225821583 1 656.273764244042
"1" -1.50632350318191 -1.46559330925607 0.617255843542402 1.3036034670489 1.8430608172302 3.49605567359242 3.79436453703669 -0.715971401806341 0.020367912753955 1 622.224563348138
"1" -1.1193837859016 -0.879707260506288 0.56555234623228 0.6358757416099 2.01811186393747 3.25447785014102 3.53193766843997 0.346453853010497 -1.63603972403595 1 625.572307185373
"1" -1.17874815125419 -1.19111926327941 0.414248918353438 0.818609790754825 2.72555703327676 2.53261456659706 3.41871684729943 -3.39840868076984 -0.977131521182881 1 823.465680917657
"1" -0.822895717225775 -1.29951621840286 0.443620022663692 1.4576116757145 2.44794273382668 3.39495859033452 3.15600457156261 -0.517547255652381 0.467862748609603 1 797.768887996316
"1" -1.13849078383681 -1.17481622877603 0.410400934896115 1.15967292950953 2.86408055718341 2.93079975770172 3.36335593176637 -2.24059671380662 1.50182957031217 1 778.444770887327
"1" -0.871850996000618 -1.48305276670973 0.420002592505315 1.58165043261882 2.5344604987316 3.89930244418436 3.13799308439089 -0.810471697343367 -0.13603127901188 1 695.773408623679
"1" -0.899357410788053 -1.3200950704485 0.680491890536261 0.771432195502318 2.05720579513558 3.06423443782531 3.29120099474041 -0.184913839938906 -0.104139826507443 1 621.304140438497
"1" -1.20517847131134 -1.45518447564089 0.0376603923412155 1.55307915294513 3.96542881556104 3.66499440872425 3.27337154094114 -0.533508509906826 0.0552166805054718 1 795.733487872093
"1" -1.85942379706408 -1.62032718278965 1.35888078819194 1.50738144588985 3.11899439672801 3.90531291708205 -1.05478333255214 -1.22619597679684 8.05139678770557 1 1030.91106917043
"1" -1.85426306832773 -1.55339276248262 1.35208286578533 1.10898679749233 3.04791819609831 3.20498093853192 -1.64434593109392 -2.21064269347919 7.432179324058 0 1053.23627259082
"1" -1.19992377864803 -1.28403300798805 0.422701093937249 0.905115078737733 2.73462280838494 2.78742216185047 3.43075293716609 -3.30427475671422 -1.9779728990974 1 756.825139523756
"1" -0.959839863283798 -1.24012801633217 0.567650847904248 0.959307230647052 2.06596596225467 3.60119896178979 3.29352623628907 -0.410149855206569 -0.423083085998049 1 698.350680240585
"1" -2.04939644905621 -1.45165646744315 1.12466881742899 1.55193813482826 2.79114821515221 3.5594319185599 -0.799685833740338 -0.591576639978608 -1.08929513685799 0 1034.25598044327
"1" -0.675023283732187 -1.25511629016368 0.465406530621326 0.875593204145478 2.78546950108854 2.84173885704524 2.98910387346045 -1.87695087752638 -0.465639731296546 1 821.520209956879
"1" -2.09235577730341 -1.41787545785406 1.16763921721282 1.3601834335261 3.53705324814891 3.5360972281148 -1.87073236774947 -1.82255012521125 -7.06007907572487 0 1043.04334006697
"1" -0.840702232869434 -1.43554782309422 0.484427802029493 1.71386635718783 2.88251529001195 4.38391682202533 3.08232143505522 -0.868192963302841 0.108450445722909 1 730.846801594606
"1" -2.27004327997165 -1.77345352945635 1.26063824347716 1.23775867374014 2.73693679027528 3.68937804976078 -1.85256767841958 -0.45470486642136 7.05063829586413 0 861.210066807372
"1" -1.80265919129149 -1.70950093560689 1.11852042656809 1.18383837292384 3.36864030678782 3.28360790506216 -0.743420883764109 -1.2797193088542 6.73894330104706 0 1005.20256994763
"1" -0.901837144473233 -0.231640620746248 0.245625319315457 0.539349836769836 3.00720064901796 2.64826562520613 2.71855933380145 2.92945507531868 -0.40256229539407 1 458.053690623862
"1" -0.668510408680313 -1.38472954814878 0.444646846105614 1.48018310638315 2.89551578740702 3.83655019965668 2.942038259316 -0.553989251131599 0.0275459145413951 1 782.782002177909
"1" -0.727734372286709 -1.09144353137025 0.528025242891385 0.726068559009063 2.54386645596486 3.07752497361995 3.11907450199322 -0.606731978825678 0.205867101040228 1 789.330351876388
"1" -0.692693236611642 -0.929917817461886 0.488023645618612 1.62670989098267 2.60865728849528 3.8600625126771 3.10279510531759 -0.943842968193425 0.0935139751994306 1 858.658650630298
"1" -2.14471903518634 -1.39380645877513 1.15064902314263 1.2910693096975 3.01210698315701 3.29882342114525 -2.84769799332011 -1.18311891285297 4.32614619903789 0 1039.72901865296
"1" -1.06870688126997 -1.70463311037359 0.611142148235394 1.16613563981451 1.97301265516768 3.54735608990269 3.40397671476316 -0.566899189730456 -0.038174657721914 1 664.245061273665
"1" -0.72814776570473 -1.32021915182216 0.410612191346807 1.66266190738312 2.73238126729184 4.0990691843266 2.98751376531699 -0.547743884339574 0.0668857008381649 1 787.653510830952
"1" -2.28143054991857 -1.64099864862109 1.04705897477537 1.25099013662607 3.12545113735942 3.00483679154347 -1.29566758935414 -1.71406910525962 7.03166512557613 0 905.840273144603
"1" -0.771798033957619 -1.1400645032408 0.395109915808302 1.17351043256841 2.57029737851509 3.74048953454878 3.06985414146274 -0.477331577522318 -0.0284848448065389 1 822.401462865543
"1" -0.808857886427916 -1.37760695301737 0.506095686428 1.80109280951996 2.5841538642164 3.89020517909641 3.20801632303412 -0.426312560703452 0.145918993582845 1 769.703593537108
"1" -0.420338758164736 -1.03203245076464 0.488390615596884 0.33313929505978 2.61749553995047 2.18016178351547 2.85881142867496 -1.08963422335711 -0.0899483831492499 1 925.058719358894
"1" -0.70739770900526 -1.26818252365874 0.222088698816526 1.3107332612269 2.95449565918795 3.64429239356408 2.9758781292958 -1.35302315403137 0.500860791368335 1 863.820226926359
"1" -0.340836467758163 -1.35426461593555 0.577311759601517 1.09957018018066 2.6238752837099 3.51950510031487 2.83754707892065 -0.758433602633153 0.26900448028609 1 831.048968598438
"1" -1.02833078242298 -1.33872692738212 0.642954216023651 0.610968207287576 1.93755313270368 2.29196838174429 3.39510544845173 -1.74045639991222 -0.542476403549313 1 584.931180646163
"1" -0.90356528495427 -1.0405908121529 0.296133608026712 1.31348067120593 3.15257326498114 3.2686908331816 3.18475291666522 -1.31683638063344 0.196452732463533 1 892.692080679101
"1" -2.42202673577397 -1.60207388759636 1.19529997872285 1.37456550507089 2.93176127794423 3.03648141532904 -2.23027656811646 -2.6087726819744 -7.65851494179829 1 898.514615623694
"1" -0.615894985897891 -1.43384470996261 0.432538884804648 1.41773883515904 2.40131669635972 3.20660295228786 2.93180364387296 -0.979032298436452 0.883568490869447 1 825.524230500442
"1" -1.89663372334476 -1.5128250742046 1.08537922749053 1.17169442332833 2.71039215355295 3.4399619032476 -1.35478265937299 -11.7674695947803 -0.228773009435377 0 1048.85174419102
"1" -2.14754860938458 -1.61980127200518 0.937553311167367 1.17639023559223 2.90738306273358 2.89224089168408 -13.9928094261553 -29.3047977433018 -8.17111934954581 1 946.981594906439
