"1" 2.5942272940548 1.36156968966926 2.88180264039809 2.53304190958242 5.26111449604582 8.03244246958576 5.01803383069519 5.1734124250606 -0.15673966060945 -1.22632585126862 5.30385267144038 -6.41880986701018 1 -125.198941173971
"1" 4.44114171546251 4.4748833187496 3.63938203364618 4.74626530185269 8.33262688137168 10.8015461510847 -0.859270619662566 -0.432170230635428 2.0022636325899 0.748113410214589 2.45434995187297 -6.38224240928755 1 2757.46916600445
"1" 1.56905599518715 1.07978183407845 3.60388971722562 4.46448934864216 8.25015611324345 10.4230764186399 4.09561497797483 2.55795451670821 2.36076293621146 0.827956120329457 5.79189280456817 -7.80603926755399 1 1815.58552971667
"1" 1.31294922148533 1.7484060183675 3.59740594500252 3.93471519177481 8.36985824499825 9.25961902684668 0.499295712861043 0.498911164087077 2.59588858233584 1.4276904991205 3.05468599593801 -8.06253872856978 1 2391.99824460653
"1" 4.06598992027611 4.18580995559956 3.55495533374506 4.28592399924366 8.23023597969869 9.92724220864574 -0.400253906193947 -0.163162261923477 2.02759404642721 1.05021190626527 2.75106619276817 -5.20592790337602 1 2663.25140510099
"1" 11.4855196107748 11.3248346182902 3.55313485898911 5.63365570159225 8.3324442307097 13.1882575805004 -0.843271737014588 -0.292867952836266 2.35244677682235 1.24738325119333 4.47281083674772 -10.2626908953264 1 2423.00422072395
"1" 10.3335379061237 10.6650804264287 3.73583307568696 4.62149553967121 8.62523174176572 10.7221807427947 -1.73649947346399 -1.2987777140389 2.01435531154202 0.686741415663355 2.82332999690468 -8.38918661216946 1 2759.55931324666
"1" 0.584058348841977 1.54977184740999 3.77585710914289 4.26118925390553 8.87665039711882 10.0037721617066 0.577043329837952 0.431660730823118 3.11854297415661 1.26234016775606 3.52581415114136 -7.93103557653538 1 2005.30704367716
"1" 2.41867991268322 2.11129203414923 3.09322851236812 2.6365333835929 5.6868011886569 7.90060575944062 5.08841883741145 5.02621628489137 0.253654114247504 -0.88522612286679 4.63563437206254 -4.58112602085555 1 48.7994655691364
"1" 1.21303963330763 1.70383720548311 3.44745399976118 3.96268758028881 7.9799142350683 9.17163814310697 -0.112580893884184 0.320273343633986 2.9696706676327 1.51083258771243 2.89585438051785 -6.66486057346373 1 1790.88420646167
"1" 3.14812138698301 3.41254070375272 3.48644206999519 4.35164189690225 8.09334014160335 10.1214917552243 -0.865907859666893 -0.620044892336304 2.1676159045391 1.31029028451925 2.4731817327036 -4.44836886805068 1 2574.14486146123
"1" 1.949253900627 2.07506415982583 3.44825383448144 3.91348772410936 8.17357581007668 9.29504071732848 0.238526708726085 0.450620899674028 2.50917923548608 1.99362596952461 3.50202797433265 -6.66884402209875 1 1970.49580375385
"1" 2.78119538241223 2.58716564959066 2.63973242284858 2.87419274345468 5.25099349118541 6.93775860475847 4.57110682489996 4.51332918717913 -0.241318254061641 -1.58983869047135 6.1994557049886 -8.86707056638224 1 1810.37024306013
"1" 2.59264525875083 2.76381509338196 3.28971192889778 4.17368836543545 7.72899637499714 9.80645394217258 -0.243606332670271 -0.198949142817852 2.05539816918535 0.784626752966604 2.50625119915825 -6.95110880221579 1 2682.7716011551
"1" 2.03642211994804 1.98228547243597 1.84691499612576 3.45231108692638 4.32704783647167 9.05871997908491 4.92683660078634 4.57125987218944 -0.865814752585142 -0.844813532194425 3.69712692710086 -2.66000765367132 1 343.476134521887
"1" 15.1941779855226 15.0508841052603 3.55240602927284 5.56141868516837 8.42221876459206 12.6644811574547 -3.79356734708619 0.526853814675626 1.94095813848719 1.43177138600709 2.74831979607429 -14.5373099882308 1 2727.82598392811
"1" 0.585290649741324 0.70492739912433 3.60927069385112 4.06901533991224 8.52137744193096 9.63922812712926 0.626524625115415 0.723522142670466 2.32916107745805 1.47956913735261 3.28967038096209 -8.07707158713458 1 2474.3605124754
"1" 4.67112154429247 4.62013232711154 3.36947635193755 4.72727290098358 7.99231179650615 11.0918504359894 -0.0446155867936032 1.41575517883208 2.06370607743078 0.634664831375133 5.17470661950522 -7.99078442425279 1 2716.67287059441
"1" 2.42598317509146 2.10230467774052 0.742520082252025 0.0404555148896794 1.45191061637289 2.25721354332478 5.63599371004025 5.67517775385722 -3.55984709335459 -3.86600678840122 5.09573734667183 -3.729862088737 1 -10948.197338954
"1" 3.02479211441622 3.22149658248231 3.40556508057078 4.21804979538312 7.50238998989819 9.33270831441748 -0.53609414906133 -0.0939934946722321 2.11979618492283 0.71078676940661 2.67305508103794 -5.95012008970026 1 2755.69164603992
"1" 2.94997664476231 3.18539869785917 3.4432796491531 3.97824768537287 8.04222851344504 9.28648448865606 -0.536000270101442 -0.497136073061842 2.06350440717929 0.776346443596832 2.07768148147524 -4.60776162802068 1 2727.33244853534
"1" 2.46257055393057 2.78430441759947 3.72792902780681 4.25226014241233 8.36690591200874 9.55090849047074 -0.376901970993631 0.109595662500676 1.93357906590103 0.562093820912761 3.44160248036087 -10.2869468034436 1 2754.09940076851
"1" 0.906537894288764 1.64102090927831 4.14428378482305 4.62630152295968 9.64382607078967 10.7539758864557 3.70238138156605 3.44477367468003 3.11695080744986 1.4030106758159 7.17436050338622 -10.153401394762 1 955.441222402733
"1" 17.0553893215702 16.7201918204687 2.11590795854454 3.03470946876294 4.0598475338546 7.79677988430743 -0.91627371600906 -0.919364530384751 -2.65265608845697 -1.61880256142457 10.0404220787117 -0.650073395721867 1 2955.22175202249
"1" 2.67993980670536 0.495432725742543 0.658946441906443 3.26118302976354 2.30004801616972 8.12760310225033 5.26386898171693 4.73999076720826 -1.10036171056508 -0.994648154959536 5.02821078677996 -4.44837015649455 1 -1915.71084658169
"1" 2.6336996285088 1.41072475599293 1.34219482730136 1.06553201253331 2.25733483658347 4.91160854399297 5.12184843229583 5.22695376448138 -3.92134767596559 -8.24028992872014 6.47316892347156 -10.8154894769885 1 -3441.53457728814
"1" 1.33092384358785 0.671830950893509 3.28028132533639 3.11848739456592 7.2148056511615 8.19910381196101 3.85365299102408 3.26477729809001 1.6124446047337 -2.81366047896026 5.99522258629336 -10.8605027619312 1 2142.46249526288
"1" 2.70744163372273 2.71149978451066 3.59535379875348 4.66994948402454 8.16611833612104 10.6236109467562 -0.358367541337965 -0.494007950215554 1.96316841439134 0.963968906856121 2.49215305973088 -4.66315325549132 1 2619.91995741011
"1" 3.53366346989064 3.75252735959771 3.76023928316477 4.08000945042666 8.77704193153721 9.42074919340655 -0.679130850830409 -0.392386845602393 2.04258470962451 1.14729875741326 2.22275309609829 -6.55075659769898 1 2660.49837547262
"1" 0.267922861169778 1.2419636987928 4.17962576767305 4.23040293658412 9.94222588795047 10.0431887268233 2.86943724413553 2.35309133337665 3.29634900561873 1.32336780989778 3.28697211560321 -7.50168588426937 1 1512.9321883973
"1" 3.29020158498027 3.14270719474015 3.79413158642298 4.22652975714924 8.18658399725485 9.2241827399543 -0.521535351146021 -0.345814851857204 1.78689905342045 1.4379694618073 2.19414386181512 -7.11757765663607 1 2652.38035766615
"1" 2.38685591850344 2.37106268958481 3.25720811461635 4.61670125279578 7.56028147344706 10.717094741428 -0.170535952424885 -0.120562550081285 2.16182804674826 1.19591168286957 1.89193819178653 -5.73977163947598 1 2510.06405167825
"1" 2.49986403686277 1.96406887985126 1.60888058763704 0.440851419045504 2.59642317661972 4.58942340072862 5.26982424077554 5.31006532573642 -3.63296891358552 -4.09261239564122 4.93264849302737 -0.341066923816429 1 -4795.43265742727
"1" 0.382321220242092 1.13492632565052 3.95652937361873 4.12425911595623 9.35876293300059 9.83955656960276 1.30130461348894 0.861785731303491 2.41607010252192 1.26431640199518 3.51343038443102 -6.97028030906301 1 2526.24386609872
"1" 2.78504532148731 3.0269438627953 3.57091638728467 4.65916320413394 8.52382401041592 11.1319585581196 -0.193205598037975 0.202192866477751 2.2113347767141 0.97209142720643 3.90712966651553 -5.89293220426356 1 2553.75897135231
"1" 11.0276999402835 10.5782297713247 1.84865726455444 2.80548895648392 3.6585260918272 6.90848036130429 -2.43379225694556 -2.470235642211 -3.92053753916897 -2.66126514970926 4.4937090471434 4.00824363418914 0 3091.75922187569
"1" 15.3851752202599 15.1124992982616 1.86466147241768 3.30469670294431 3.828717637945 8.50436261895103 -2.40020192478626 -1.59225999224175 -2.98100676988917 -1.87882896641584 3.7125758840479 -8.55430091935875 1 3041.89107006602
"1" 2.46479291193115 0.164886729013873 1.31701567975599 4.47702002635749 3.66642596536337 10.670235330831 4.65856547469914 6.23704929129328 -4.32458249346544 -0.058176225712598 8.35976125353056 4.55900164891362 1 -1322.92894460952
"1" 3.70599984203531 4.09194280567473 3.0245064045808 4.33190399229342 7.33637574174936 10.2320966306757 -0.768034632648217 -0.57862790086796 2.43028709832188 1.53638532052782 1.96615481902317 -5.09290756392662 1 2618.06664670337
"1" 2.49722339858391 2.33400047602748 3.9214984095944 4.28501185995123 8.60870494809579 9.56496786271514 0.396112160500969 0.152267250374409 1.8687412032779 1.51814021958338 2.61425027328736 -4.90223710022418 1 2562.51029594171
"1" 1.04922573029557 1.15632887600559 2.9731763940666 3.95140314472427 7.23488186399728 9.73967744622759 0.166823835720685 0.0769924035330686 2.33694950270524 1.19793629488011 2.70895227423241 -5.12601407164945 1 2549.71535827109
"1" 14.032771607886 13.7691605409792 2.10919374128071 3.28524651396894 4.32984206725035 8.30655399539337 -2.04962485051253 -2.99765238037693 -1.82381726612283 -1.58870469299743 4.05755815224972 8.1059337869423 1 2969.86810190801
"1" 6.91678984880644 6.6728953742905 3.4851932624271 5.73630584048155 8.21438604174409 13.2471449874422 1.21742328885568 2.30551012462185 1.73360562156148 1.25471279190416 4.60654679246511 -9.67918102425134 1 2646.21295046003
"1" 2.95080105748718 3.24559085130226 3.51222780095066 5.01924768351394 8.3765500532378 12.0375086401203 -0.0563388751173616 0.986804052638273 2.38904594897041 0.770985087318002 3.40211688093913 -7.51581703343503 1 2501.7387066755
"1" 3.18952890374767 2.42470765813203 3.09686814764503 4.61779911330609 7.06132917221417 10.6058449158828 -0.128658267327572 -0.308920292617932 1.83813215393533 1.89340539150371 2.38184275066906 -3.98321926186848 1 2611.8009304164
"1" 2.44223324092256 1.45851937823861 1.72340646030844 2.68270376548524 3.2039419042084 7.43768101858086 4.67165724077421 4.37542527059331 -2.86253737222397 -1.6976661211418 5.73724671974008 4.63770116029619 1 517.783906109718
"1" 2.55377036450843 2.51841254016025 3.23189931821077 4.60503991573389 7.5262854791884 10.7643381168387 -0.402282450239922 -0.0657633722587392 1.91459252031323 1.07858080186845 2.46199475333376 -6.10462899924499 1 2614.26882551717
"1" 4.41674695092935 4.74566302323046 3.23287855710678 4.55349584806197 7.56851970789343 10.5776380279594 -0.927436685713517 -0.703270872675944 2.64452274285048 1.47525184407836 2.27848447087163 -4.16903702989082 1 2367.42743439346
"1" 2.72925250793512 0.188464190563381 0.33090079324156 3.73752394727275 1.42541839526863 9.58720050240831 5.62483712277173 5.35352653633579 -2.5651213143802 -0.25871524867114 3.94187141799107 3.97196225698418 1 -4034.5800815769
"1" 3.75159034779181 3.83627022199463 3.30783980650774 4.07780918206987 7.45056023901478 9.36066160946546 -0.707893240655573 -0.18097826026887 1.8973617789863 0.14423878115446 2.40777825868781 -9.94572203957223 1 2905.64047626806
"1" 6.46177843437173 6.45222073533006 3.46364392829943 4.78545035605183 8.02986944539606 11.0589300900025 -1.77438629535223 -0.273848725938844 1.9640780035981 0.804616566898116 3.60837360720155 -7.40724718719724 1 2742.19785011443
"1" 11.5616267562797 11.8768937965457 3.45904605309357 4.63454916243651 8.25932233752559 11.0636575863821 -1.82281401181451 -0.838212056355047 1.97655590446803 0.833999518204432 6.29379648400394 -6.18694665801043 1 2740.14922826097
"1" 2.34996398980906 2.43439181700679 3.36511917322691 4.14776916465285 8.03832986344408 9.99884279739702 -0.43326064260006 -0.288759671757406 2.06934677650777 1.03329932068351 2.16838643049079 -6.9163008680327 1 2608.25043895743
"1" 3.00772949795538 3.17645069286181 3.87965994265143 4.75700668221869 8.59778265544992 10.5536400118906 -0.918581380567058 -0.260856239257592 2.48794538617296 1.5758069853963 3.18271931555297 -9.72349673712835 1 1955.38449483849
"1" 4.09453108031504 3.9476213029953 3.43458626261829 4.48713840490028 7.95972685172413 10.3540560699169 -0.344339185621365 0.0478649661371866 2.30829535459203 1.91673174324315 3.23659067420208 -5.36534320954826 1 2134.04365883819
"1" 0.919513096583225 1.18618048859935 3.32042368958101 3.89122206924391 7.74425586053171 9.07489244681811 -0.0976751452491553 -0.00397137572808149 2.28880968109851 1.02053998381386 2.29200221095215 -6.16511301355698 1 2535.13310481794
"1" 6.37118396025086 7.16499525533484 4.04422846912609 4.38920388901247 9.26433312632726 10.1907320146359 -1.46652178123171 -0.593351547956926 2.82444647109558 0.912171593108958 3.61892645482238 -10.6344256160948 1 2591.25619448473
"1" 4.36228607485357 4.08553428224468 3.02260499162775 2.65646416257408 5.71987284403894 6.53868575080695 5.85927468329628 5.8371327057693 -0.175833587612697 -4.5565010501443 7.95277031762822 -9.76028532346569 1 1935.05035782498
"1" 0.765245673234981 1.01138983146773 4.00752246806316 4.55198580888914 8.89361451695462 10.0917238520614 3.0590269320079 1.90964846059615 2.84295829983841 1.67637961914928 4.45651054798662 -7.57704840751763 1 1453.92770003194
"1" 3.81977985090426 4.03849943381279 4.01181650285075 4.44951033936446 8.5807920604393 9.39879916255919 -1.03939074771034 -0.803325384489078 2.18395911827521 1.15495947586877 2.85794467896108 -6.15469041918745 1 2673.85592511326
"1" 1.15412303319654 1.3001037439511 3.89572810748796 4.12243087382628 9.15936781977287 9.69186217280095 2.54066799732606 1.77347731304668 2.53141750062565 1.92661214205593 4.68488736519673 -8.94853959864352 1 1346.83291556499
"1" 3.32073489375139 3.6700436638529 3.66896445941869 4.77913620528793 8.20679966240764 10.7113552119286 -0.485762130460274 -0.265864982352107 2.07035734929055 0.720575854886505 1.90369619724137 -6.41291288923454 1 2680.71852857206
"1" 4.97744840314759 5.07099620728838 3.63112061501401 5.12236994747331 8.68584020572823 12.0254401714675 -0.161222530282716 -0.839404547310577 2.42615182895197 1.29012993997245 3.91741700210906 -11.0355700120467 1 2467.10865191498
"1" 2.15304554391179 2.08406388723548 2.76132558798398 4.54501802729882 7.80456418675892 9.2188459002117 4.7888344715358 4.62256986632334 1.61342940598641 0.974211821450509 4.03586029688458 -6.77091181213633 1 329.691694857815
"1" 2.38029180555096 2.04025863185629 2.2430770599547 2.78161994753966 5.57186000049205 6.81172100282408 5.67812638866484 4.28081497665605 2.623632344825 1.86883943047317 2.51803855161055 -5.70697109926551 1 -410.061177411248
"1" 2.47217526309508 1.33163322836048 0.603753062797381 2.32158162013862 1.29493485437299 5.5061348622844 5.29279914190316 5.12822339246877 -3.5893643894151 -2.00245492542027 5.18540358974174 -0.143060875871988 1 -2747.69644421917
"1" 2.73035146704107 1.45184097129778 2.966725246338 2.77459610896947 6.08405530467387 7.60812298377782 4.84057476480833 4.94517472925718 0.613712308529967 -3.10782655325643 4.93517426948693 -8.75180347954123 1 209.024761509892
"1" 4.84417236338172 4.93439499233241 3.48733650116978 4.16986217797373 8.25945206781343 9.82257549223625 -0.349531894825189 -0.101484745520942 1.72052117036512 1.30366409472873 2.5762758804396 -5.7161538043061 1 2734.08788984916
"1" 2.8634931331489 3.24601021793238 3.44909175194632 4.06018037360882 8.06006994708694 9.44076379835789 -0.379946291347366 0.0467835523320268 2.072239032394 1.09510657989572 2.64337819481527 -8.8930916372525 1 2668.51473749922
"1" 3.89105234785456 3.6512440573368 3.47561394559551 5.75562952481642 8.34184067514598 12.5410599457216 2.84679038374487 1.37983020528713 1.38171391976967 1.56467836404136 6.86735260748438 -14.6368162139778 1 2849.52612551898
"1" 0.809658482215254 0.875619190074094 4.19943057656743 4.77096749609332 9.41678075719445 10.6860343409031 -0.442164992316537 0.294001303721443 2.5295965293236 2.12136452991884 4.53917279287581 -9.14822782202661 1 2088.82639580847
"1" 5.03885357462854 5.08263985239142 3.36651933890185 4.93989829571732 7.90949113581635 11.4857234570472 -0.663371115927436 -0.593499774071807 2.1404988238471 0.501269689751397 2.65040612368522 -5.37310513501682 1 2751.33204704357
"1" 12.318563201787 11.9344602435258 3.15940696563406 5.12250012309751 6.89847986830758 12.6048635173333 -1.78278067375171 -0.427364143193936 1.29639967921273 0.612070826804665 3.70420573877257 -13.1840247934086 1 2935.41764780428
"1" 3.36617652835211 3.2115670423842 1.83194069328522 2.54522994237831 3.78219396920908 6.48581848824217 5.14005813949167 5.16548694132422 -2.20342721482643 -2.91886253967752 8.43986195924592 10.1358648075646 1 1712.83575666641
"1" 2.12858496396974 2.6151856784985 3.17403948762119 3.90196117863577 7.85259227244855 9.60756358837211 -1.40110595368163 -0.883505719796923 2.3058678196646 0.945562000382748 3.73070177158714 -7.81928008599764 1 2585.09764728067
"1" 2.74429118605385 0.186696467061428 2.83122924019688 2.15391013630826 5.21482906083661 6.08012242354653 4.82573470663929 5.47433238272712 -0.263543299407079 -1.79382765493865 5.35557561889781 -8.68726168126536 1 180.541747159456
"1" 0.255821230655305 0.438962598875586 3.89956556996728 4.30565089633247 8.68661145329976 9.63637344375894 0.997411571176526 0.907486846823826 2.25360504569529 1.28924963642254 3.0771672457958 -6.5244822175757 1 2555.58378051745
"1" 0.490129539058467 1.0644479179358 4.47339400716537 4.48533270172063 10.3865928001481 10.4138152376721 0.310770535936662 1.02395172792613 2.73043213622444 1.65520165177202 4.04216339568245 -9.23852639876185 1 1601.86425212774
"1" 0.973407680082646 0.952950621815597 3.39238896148088 4.50168653216802 7.6741271349937 10.2036556230477 0.331997029642478 0.199726869592122 2.1657685647825 1.22075787326708 2.25189437705825 -5.04512575869526 1 2486.23169730746
"1" 12.071782264428 11.9020491096493 2.10025856505468 3.52576013326612 4.04863135326441 8.96215232611123 -1.73814525934176 -0.96379045130781 -2.63797084923214 -1.1212712265196 2.88078640493743 6.82724173239952 1 2941.67316358682
"1" 3.31887424106365 3.41614637123319 3.77464222406447 4.65829975588138 8.35575380929783 10.4597145135141 0.418244687208377 0.146724120890618 2.15859100961129 1.1176074449144 3.14660621690432 -4.57887321729225 1 2599.33299952649
"1" 2.34745690907691 1.96353614629837 2.95626536875524 3.67967767450707 5.04538480141667 9.42253040473442 4.94400634938988 4.83923241890599 -0.271786532989327 -0.794958345127897 4.27587400924882 -3.89824368346037 1 89.0305897107464
"1" 2.70532204967154 2.84253933006637 3.64856162526844 4.4624556004554 8.28150095416686 10.1105815637612 -0.265944676830476 -0.118319010883814 2.32726612050247 1.7421021822823 2.34642682000143 -7.5645405594865 1 2154.75541770981
"1" 2.91473718638786 0.221533337700553 0.220432021695461 2.59992846431155 1.32261540382887 7.33478130294979 5.74199429332136 5.65767862598678 -3.7240478308 -0.970767784644134 4.60980318076296 -0.831509815728778 1 -5145.41558843198
"1" 1.55933066432242 1.69145258811869 3.7672940586007 4.99546550973957 8.33063274724091 11.1029588631081 0.467046281649006 0.671916286690189 2.18041435887487 0.948905680983088 3.46614473937726 -7.43170757305045 1 2558.49110116994
"1" 2.38819992235833 2.64102647078049 3.54192249188627 4.12934574836241 8.07394791204793 9.29639343606587 -0.161026052211248 0.459009712715591 2.18979195690754 1.13172977840837 3.12270373082118 -8.41997793279264 1 2625.37820230938
