"1" 2.74118533182185 2.33318918807647 1.45696621292585 3.4944743921403 3.73171653098489 7.84845280838093 -4.67421687247643 -6.29891634964162 -8.33793230446843 1 471.70133395195
"1" 12.6730294464837 12.3909179789392 2.35905332034217 4.67099199292855 4.48501843438753 11.4581112949044 -0.679171627426326 -0.275153694766443 -7.99591697436855 1 555.666125763518
"1" 2.0606425970704 2.42531305765211 3.27588213581006 4.50433402029089 7.83405982912419 10.7095803870859 2.89248393284824 1.2472925316636 -3.64551479782067 1 328.668529204787
"1" 1.46972251365008 1.12249283097244 2.95945561643417 4.59089617489736 7.28665008049342 11.3089812147322 2.54828876498993 1.93434495311027 -5.52257835113132 1 357.602990472052
"1" 0.996959868786568 0.802172485293836 1.5811973592984 3.3619956983502 3.49080918398309 8.22901011225691 -7.63203512227428 -9.49314866721217 -6.32850167488493 0 417.370268838199
"1" 7.04021384434922 6.67242280518616 3.16525080874277 4.60268523029697 7.4938073221885 11.6727625386146 1.54742208175765 0.737191239498211 -11.0754514154742 1 477.119681105217
"1" 13.7155155140402 13.8324726848659 4.5542348149107 5.19232182004294 10.1138694044775 11.536166410258 2.16680939714571 1.59786624945724 -7.05700875004066 1 358.801291619436
"1" 3.75062321982772 3.26225435410689 3.143324054204 4.90374501532169 6.00106950183427 12.6312404660032 -0.0499506583241937 0.203480673814755 6.7857488090382 1 470.411870958752
"1" 1.78871452503165 1.56543308143516 1.52566287675348 2.3366381728597 3.22426469110589 6.18712127197344 -4.39435512365332 -5.88830739361401 -7.26465277992509 1 464.935789360969
"1" 2.72400568566462 2.23293905532506 1.95425048871184 3.79673549485356 3.76188586802123 8.95118261095709 -2.51894962794701 -0.882876641610221 6.55405127489736 1 470.72787771467
"1" 2.08571096986976 2.15420921222491 3.09867832855727 3.6883439585518 8.13557229850016 9.6796055994011 2.62183263730923 1.82448978608295 -2.58926001584595 1 276.59059810792
"1" 1.44799186545393 0.76049857884395 4.20353723880143 4.87402983898042 8.55264158373134 9.89172224760394 1.76045298015259 2.66427897983921 -1.39031356811676 1 318.464034102152
"1" 14.6654989760799 14.3384225274567 2.33490999066913 3.6416948813326 4.64627400986332 9.26322895510034 -0.57598980659403 -1.08892555708826 -9.46488189576868 1 510.143750983162
"1" 6.81404247057766 6.21361399817775 1.72752043739365 3.43417722525677 3.52813998314822 8.77109598658836 -3.30864724235436 -1.50140538475772 -9.15858390356225 1 489.204170601573
"1" 15.4675452660351 14.9474380156903 3.2034119945007 3.41796687682749 5.63347032121264 8.94939462303707 -0.252998972130144 -0.939947370336005 5.06269834031728 0 510.364199618586
"1" 1.74985914042546 1.2260594513219 1.80059833474391 5.89916197110437 3.49184043153402 14.7383295206521 -6.94073231467136 0.496002475374805 -7.46973511688068 1 443.154745100935
"1" 1.918683701363 1.0908164286591 2.79109929588943 3.43646965842054 5.42637683298983 9.30117671126631 -0.093951578502365 -0.413908100064607 -7.52165298957249 1 448.854418070031
"1" 8.87877518786505 8.52405954949207 3.04119456037689 5.49607305362222 6.87933823157857 12.3034104691094 2.01637087404108 0.742856496281143 -10.3729634197263 1 503.586277433279
"1" 1.17547522088655 1.1366822919175 3.35642769726456 4.53095257235493 8.11008462431526 10.9068657479412 1.98766341921035 1.06288887320584 -9.84296103173133 1 421.686157539761
"1" 3.97877688510292 4.21206890791646 3.43288646569079 4.56432100947038 8.64331454436732 11.4552370331912 2.56884493164218 1.42338566727754 -9.06086539605729 1 349.980819979971
"1" 11.8632914677566 11.2550799932975 2.91677984991357 4.86413880668163 5.8261526177954 12.3666122547113 -0.358945732220513 0.0892064107272777 -4.84482172953599 0 486.518414809673
"1" 2.01089763668636 2.70532792134111 3.73807102983836 4.68968215477504 8.5227443373793 10.6628956249325 2.99129495234654 1.12629867184991 -3.05937465643301 1 313.833719165373
"1" 15.1780750438477 14.7662408973054 1.77496219479057 3.03894522822915 3.5489868654136 8.10175484665813 -4.29748275585065 -2.25114636595306 -7.50385720517308 1 535.979880431164
"1" 1.48322703017762 0.803758330564227 3.16115255339764 6.86823872084077 7.78488191226764 16.9434624403618 2.06604926909142 1.59816003899127 -9.02817980580178 1 403.989692261274
"1" 3.14594440191158 2.54662420843068 1.8198904815865 4.81398108321357 3.57016890760899 11.4026105934677 -1.62791232628753 0.0606151173689171 -4.22138476839205 0 478.321592348029
"1" 22.0982881712152 21.8226326566985 2.93397959998106 3.3078988141675 5.30470175164561 8.65696640282757 0.214348289942241 -2.10457660060537 9.1151846236161 1 533.795195646736
"1" 9.33991816715573 9.07339718534716 3.2353674934702 2.74084351314231 6.14361819321683 7.24179915474835 0.0422602342156563 -3.6062375248925 -10.1264510488764 1 484.152917639184
"1" 13.3891693392676 13.2214397650543 1.93938618074028 3.21393859429951 3.64765516864964 7.56759250092527 -2.33701924834738 -2.36463459005456 -9.04808837274671 1 553.421977957833
"1" 3.75861133508849 4.34961140895039 4.70728722003487 4.24994954466582 10.7503444979 9.70540470065316 2.39149414523525 1.63530129209573 -3.03842650044491 1 243.52541623397
"1" 2.07693758448905 2.88347171926441 4.19157264286544 5.01025647287004 8.88112228261671 10.7382903559167 2.67772865430838 1.56485577446947 -3.98754706896124 1 379.812729827167
"1" 4.97899623465781 5.38160724400494 4.34908461996164 4.80007640243111 8.93792084879541 9.71947351970986 2.08081524330258 1.25674792239497 -13.8494861091652 1 418.348015681268
"1" 5.49404170788266 5.37957705856203 3.44428960614053 4.72777463638139 8.88061736494094 12.1716806508104 2.4165525303002 1.48254976369078 -2.78488981241842 1 373.760958707595
"1" 1.36162315612957 1.22217918252682 3.57795568085038 4.7590475259903 8.03332507019755 10.7584726228645 2.03428008100017 1.39611744973352 -5.00338810296962 1 384.608002454156
"1" 1.12550127598516 1.19794393883026 3.99514027539004 5.54311827183644 8.72639689974212 12.0646286249624 2.64485843425433 1.4360738349238 -7.05352104737664 1 275.380027904249
"1" 3.05224149473097 2.61261389255053 2.81342954876265 6.08156361543926 7.11608267613417 15.2011661798274 1.8049419196015 1.43856772852236 -4.98150234761764 1 441.353164937343
"1" 10.1788990869781 9.47465803525734 2.86280279523621 5.79638936939324 5.99601224839426 14.102729201734 0.61725423510523 0.600130085034864 -12.480705194697 1 488.139716611985
"1" 3.13472195876887 3.2384216683591 4.35415636125137 5.2346365247238 9.41564621770106 11.3269319153747 2.25106841194708 1.64163341884384 -2.16726716925532 1 314.82781755296
"1" 0.858244339220567 1.09322040781044 3.50407045802661 3.9715032765344 8.30467734783596 9.60768255693961 2.50756594456947 1.26507602746514 -2.45175726218342 1 362.944809438591
"1" 3.23591442442569 3.03563497820836 2.74323909441219 4.62413034916603 7.02155894142062 11.7265532726483 2.31174713951244 0.769893482823336 -3.99785085262324 1 445.805633226908
"1" 9.06050677044587 9.50027746773697 3.59395811197894 3.7384315074597 8.5991453892938 8.92881451268517 2.19853643425856 1.11288266950442 -5.95995370902551 1 450.57982010359
"1" 3.38287715063412 3.12299149552907 2.39949805499955 3.41640107560234 4.31966385242298 8.86694102466715 -3.3292056056801 -1.07933082904542 -3.67999719411948 0 468.521637120682
"1" 11.6440840960614 11.1831290103009 1.94867010822693 2.77522733643158 3.64991384251824 7.72293881460197 -2.35541756527468 -4.24742334339452 5.42127387121146 0 508.348244740279
"1" 1.56073710702083 1.22394363820391 4.34475534612988 4.98811182883331 8.99752232327473 10.3154310523618 2.02117019277673 2.3913731833415 -6.0428845573122 1 333.220489835456
"1" 1.56707052890537 1.78253082781682 4.33042489320112 5.64390260027685 10.1584955247239 13.1997083101439 2.4503344960077 1.32818004233582 -8.3436706489311 1 304.460152302528
"1" 2.54660508754319 2.31820203250337 3.43564887282989 5.07392883699202 8.096734275689 12.0256038486096 1.85538898768875 0.479721596651754 -10.5961110013832 1 448.785702008062
"1" 16.5651049932721 16.243756184612 1.82542486066324 2.77309315483774 3.81022791475686 7.70255096438958 -6.29470698384619 -5.50612660813418 -10.0157776800242 1 509.434663237308
"1" 7.02238617789399 6.55525598838811 2.03396096487926 5.56123441470729 4.34128981671756 14.2310610031221 -3.10479567721331 0.250425877928826 -8.0698823035251 1 472.982550214695
"1" 1.87922584125797 1.38203614915507 1.65477243314296 3.40880115933793 3.50377421574818 9.44410102604925 -2.44658699856815 -0.222543602101494 7.28750848087546 1 460.153883718004
"1" 3.34482395616247 2.93607030034579 3.87253164005658 4.88816191578969 8.69870177644068 10.7667550088695 1.69856427975788 0.709181126981246 -11.3140609397525 1 457.766590147904
"1" 2.26641170814452 2.27159680277761 4.01635963410874 5.78178377899428 9.21180734746144 12.9150765772216 2.05560875455516 0.79447943427805 -11.7021765203998 1 426.196345239615
"1" 3.83282104771368 3.04714368132888 4.25095662363468 5.49619245572307 8.03566204559047 10.3779533793404 1.75716581685711 2.44627174692967 -1.75236540938246 1 332.771278981897
"1" 16.6782195541105 15.900631623883 1.85337473261701 3.14043717902713 4.11904379066298 8.91285412490847 -3.3370201719652 -1.73780030453804 -6.2289063117007 1 532.769167140953
"1" 3.00006303973728 2.52518722644971 3.80675145116396 6.78768465256983 8.76321795557768 15.5936852964194 2.33082602767214 1.17913872842488 -5.36401223239675 1 347.171239937782
"1" 1.92129937554428 1.83996504914971 3.91696463644787 5.45095208043401 6.72315349753784 14.0417810822523 0.976367962633432 0.565348611748671 7.56650637731043 1 452.838795071429
"1" 4.28870442669959 3.85662287799925 3.05951461313103 4.18324592162024 5.60251454407145 11.1518423264753 -0.149474770701232 0.39230063505955 9.53605245018153 1 474.947729421822
"1" 10.2245937824564 9.85125255251453 3.71646654085993 5.49127343515403 8.63317365211286 12.8032723980186 2.13965915103071 1.35248938109052 -15.2792563353319 1 415.567881272119
"1" 1.04358488386531 0.838044658718848 3.31697425514387 4.83163287008721 7.65005852469769 11.1795545404681 2.17315245653318 1.00113182340801 -3.36107888462799 1 372.114516190358
"1" 0.910496342356992 0.917331686672638 3.61805370508366 6.06843204505948 7.94244011260004 13.650627094379 2.4174559612675 1.65704029724674 -11.5760760711587 1 350.98718414174
"1" 9.34882100377374 9.18740206176598 1.48270469597418 3.17557177123037 3.05030527164667 7.99753963548739 -10.3090432629353 -6.76295083204523 -6.64499605606225 1 486.298828273494
"1" 10.5216910865786 9.544397120422 1.68456784738884 3.27883929227024 3.54035837168546 8.040765424489 -6.74888756760741 -0.880513168101453 -8.99405418937868 1 491.796330191325
"1" 16.796430210059 16.0257693872781 1.45284595661947 4.45657856707531 3.42588953217705 9.7349216238202 -2.6172995196602 -1.41940128343379 -7.68360675312986 1 520.83383630773
"1" 8.79100555304907 8.51384841040271 2.63744473022025 3.54624723871602 5.05058691096554 9.26577153987079 -1.24533584673756 -0.187199617467821 9.08095418285294 1 484.506479560786
"1" 6.09475714863608 6.29791616046322 4.2083460113209 4.61126710295613 9.66148738177128 10.5802291636283 2.30095319964998 1.63548869856836 -7.75891806174865 1 353.247248748664
"1" 2.51142567339454 2.17542683000146 1.67841240044459 3.64047907478596 3.41931766501018 9.11465539337756 -10.9176388309782 -1.98545777419739 -2.95250853898201 0 465.438891509914
"1" 3.64010497884866 3.17429017887107 3.33697494155483 7.08233423102268 7.95241918128903 16.7864143427437 2.18781703656784 1.21763613399789 -9.0195315987949 1 413.717169007924
"1" 13.1847708346978 12.7759056123331 2.91278898256411 2.70795990778428 5.36447072198654 7.18083395813925 -0.314196142663247 -3.55020042721534 -3.57494400504994 0 509.981008160159
"1" 2.22015777525624 1.94605537897577 1.95998006431713 2.42043160942459 3.71609418256345 6.6654694766683 -3.71800672730084 -2.82083098292554 -2.22664254259934 0 468.740348533232
"1" 10.2404713693683 9.80231647661336 2.90165576833522 2.97547037671729 6.20535322543202 8.56956234198079 0.0423321364351883 -0.94784606386398 -9.17465473197149 1 498.180781618087
"1" 17.5879615358948 17.2094825946609 2.28690250759315 4.79987310288259 4.40048057920455 12.4033428930755 -2.78809866100368 0.258224943685494 0.248967156281283 0 494.316474028719
"1" 4.30559489914168 3.94609932152579 2.83452412802997 2.69025379230878 5.50077756632283 7.28269249949052 -0.546147556647164 -1.66005633562978 -7.15427046117717 0 479.177817325824
"1" 2.77081083917191 2.2435013204155 1.88200275808693 3.18909969481575 4.02494578012428 8.4575775185242 -5.47311159393439 -2.53596015889725 -8.78099127521368 1 466.474209140625
"1" 2.15136905017362 1.84344288106897 3.8075266263135 4.80543901030441 6.95031517683259 12.0269764569817 0.354700253546794 0.1589635111699 7.12858564582216 1 449.085470101271
"1" 2.20406391838107 1.63122834818607 1.68127162575896 2.715795171374 3.45677618963608 7.30476692391231 -6.09792507976374 -4.54563194752741 -6.97466405950151 1 465.13060000156
"1" 2.90421040079512 2.5702229727559 2.14618077954348 3.45029286465495 4.40027827729464 8.27894761495931 -1.30808283709768 -0.730311154069668 7.05654432645209 1 476.153283181327
"1" 8.74257592125893 8.27515798081245 3.3888320639079 5.38007828768415 7.52813211945518 13.0180295831908 1.54562662005558 0.832474646001647 -11.8595239361631 1 484.016409792718
"1" 2.81070277103594 2.59846309262801 4.38135142253315 5.53100650202476 9.63431713456536 12.1419022728544 2.14178881598374 1.81168041440376 -2.0541994356447 1 329.568368918212
"1" 1.6430850400926 1.2461452875982 4.10882996534003 6.45503179784595 9.88080087783261 15.5211750473674 2.30483356452335 1.31848597157707 -7.81110733160452 1 274.056370640664
"1" 1.66272065296171 1.57889779771748 2.15291825622029 3.2180634382746 4.03747133033284 7.73655045778834 -4.22795479630471 -0.964538883597715 6.32480145546327 0 449.543768816381
"1" 0.779992961549783 0.926440273453608 3.8704642654968 4.76402601407266 8.53676690583375 10.5058581154119 2.72378756357677 1.6700900062023 -3.37824890134904 1 222.728838927923
"1" 12.6902908997273 12.8660105953753 4.41534502384925 5.13585045267524 9.48003003826103 11.0691923327021 1.99066033414724 1.10198364061806 -6.84317049811818 1 459.938987078814
"1" 1.99877223261958 1.84199797388296 3.37918370918537 4.7314449572458 6.02667426372308 12.2865825858887 0.0361120378076393 0.08466974298739 9.20454993549659 1 444.837872804578
"1" 1.58389943593823 0.793151592243056 3.33711004354435 4.8872238193131 5.95310101535057 12.6795314298145 0.0829014038731408 0.543052677659109 0.515430654981835 0 430.634902769252
"1" 0.883298092523026 1.01089116604065 3.74494412027785 2.80548732673691 6.53113224951484 6.82293175665196 0.00547463557781877 -2.22942122230694 -6.91677866045046 0 413.59539235158
"1" 1.53230940349107 1.6905978969777 4.33366770801544 4.49643439463254 9.34184729474265 9.7630862357246 2.176381949901 1.80663144730313 -3.5047392006266 1 340.816407583427
"1" 1.64267064823286 1.40700437597603 1.99932651885651 2.93571163947423 4.13078499933452 8.92261326765137 -5.58620856423277 -5.73196057492263 8.13280641548064 1 437.743560652884
"1" 1.73050032273702 1.20911725052463 1.98096033159315 2.57791479195573 4.07986888182264 6.89888074238671 -15.9953672642953 -13.3785905477587 -4.6018873266172 0 447.072140965119
"1" 21.7915403824065 21.5423127681949 2.95977574096352 5.53877710117052 6.12112992881614 13.7095119179179 0.414774150509059 0.336303020172947 -10.5167175504168 1 522.843338198748
"1" 5.32471492751851 5.54561588260103 4.04723383173229 5.17084320136555 8.6111157458892 11.0010671085336 2.5928467955059 1.19334907483463 -3.59736225931763 1 348.709232758431
"1" 1.17210760644779 1.74346978330562 4.52051624797617 4.34183217981185 9.97083667558636 9.57660178865653 2.6268917425961 1.64721113095596 -9.00555438437785 1 251.525717934622
"1" 2.71989291190306 2.23062481363202 1.86118353744308 2.30846054765823 3.74374938698645 6.30133608779999 -3.64929701742765 -4.70677437979789 -8.12423879918127 1 478.946203361807
"1" 0.339970182203934 0.447766906642187 4.28243207032125 4.77869703500387 9.35466846389409 10.437592664097 2.33128178959017 1.75933824427847 -7.96552581982581 1 393.274854841511
"1" 1.75913406518515 1.42039376211486 3.71417968192634 5.07296374991283 8.24251484021138 11.2553306920671 1.75904511271556 1.34556830190294 -2.55507608094968 1 396.183350588206
"1" 2.86116635145183 2.49250794188248 2.89774540446863 4.66434040535582 7.11906758472518 11.4791391315075 1.92276619709229 0.990507840248275 -2.38209521850059 1 435.980857316041
"1" 11.7074542824514 11.2159551267054 1.55925058328887 3.03665536435002 3.246700723565 7.34788124782413 -3.01494009044112 -2.80038993239325 -9.11291204577521 1 564.70872457632
"1" 7.69823492664518 7.54296782633142 3.80654067724944 5.9187484738501 8.33255505414371 12.9559393400129 2.47717149371013 1.10647623897487 -4.84262169241409 1 370.936503275702
"1" 3.93559111439011 3.39241554464698 2.42782699143325 5.34793941005312 4.39545178858186 13.1698575104633 -3.03035916582801 0.6083522551987 7.14216418501535 1 470.629553174221
"1" 1.054500477953 1.29028747517416 4.14369773590293 5.26917104652251 9.74826259482577 12.373573759559 2.61562248708987 1.37004819176033 -4.97126673356576 1 266.480297310757
"1" 1.99225884683345 1.15057448316162 1.70389970005766 2.85663124031974 3.39792499903501 7.75686703508762 -13.2512787899358 -15.7266776086134 5.33666075145126 0 454.690403051852
