"1" -1.70326871831548 -1.45411731408955 0.659648077146996 1.43158629912815 2.51156479575889 4.01336938237094 -2.45662755952599 -6.01897097391116 -5.57239060327979 0 2233.26491673369
"1" -1.73905471886276 -1.41663370129236 0.860697262071605 1.58552633083176 2.81334217623299 4.1978573474182 -1.88166544523939 -3.36262924688241 -6.41481821033526 0 2300.27198061625
"1" -1.78112473045855 -1.37445406008855 1.03214394553465 1.61127266027326 3.06945445510144 4.02640327415749 -1.61866477708195 -2.80504700623764 -6.18472608859129 0 2351.02540947927
"1" -1.59735514938115 -1.2396248981222 1.05844805679459 1.42774490039484 3.01693581484329 4.12550746082195 -2.12503831140491 -8.4514501273456 -0.663235585867542 0 2511.43169250153
"1" -1.84780811248412 -1.32021799301438 1.08438374313795 1.55279257757524 3.24680505340381 4.03129368303946 -1.27455082623105 -4.12730800976419 -6.40769144685478 0 2355.77965478025
"1" -1.86821027729787 -1.50748555395117 0.893384673542644 1.58559523181914 2.86058846817155 4.02964984934509 -11.8607605804376 -30.0783010610498 -9.52413107039463 1 2107.3267249922
"1" -11.9741658159215 -1.28156086993685 1.08197691740601 1.53689101346261 3.36674314457748 4.21753794534857 7.52204634897845 -5.40636419862807 -5.70894395759467 0 2237.67391521799
"1" -1.63178385028999 -1.41800521965109 1.00972497846088 1.61183972812969 2.83578488756596 4.15589098874912 -2.25934166913659 -6.86881622370792 5.18847559709973 0 2344.16449473099
"1" -1.63424505954486 -1.44814386647802 0.983757529228804 1.38992111087997 3.29897863012226 3.96120975768304 -21.7328574304131 -2.49921944406486 -5.15263356392651 0 2319.8252969774
"1" -1.60328211550757 -1.36395180653702 1.00133818102387 1.59139442602785 2.91705114296394 4.15063602997295 -3.22928291508729 -2.977321008443 -5.80096614474584 0 2410.05106347231
"1" -3.28021100092746 -1.43111923046773 0.98929953612921 1.52215409023418 3.03970533157327 4.19770946934696 1.64864089814065 -1.26202446224788 -10.9064945576746 1 2274.00313631043
"1" -1.60709915360981 -1.21990057568997 0.856959620027637 1.42982107371702 2.88949426661565 3.91138728321256 -3.65674186724126 -3.10567187021108 -6.08805500422462 1 2506.07998987815
"1" -1.76955290968609 -1.32032175073848 0.903678064412273 1.76279059524302 2.77412615860247 4.26919146862643 -2.05669584785684 -24.6156671243755 0.451661208280543 0 2325.44459006287
"1" -1.79144935137137 -1.35515404291449 1.22684080757264 1.48833892168403 3.21047136483801 4.17523960903713 -10.5982665816184 -21.0226894033328 -8.66080119392237 1 2281.67531209431
"1" -1.757744110798 -1.5305812100034 0.889831155750036 1.43755624043871 2.81808392745105 4.04719463170711 -2.38261463960666 -6.22659878749385 -5.46912855247016 0 2179.28843303512
"1" -1.80035373486586 -1.32643729499625 0.997111270454772 1.4381968851778 2.86047809933499 3.89493224753422 -4.12679471115412 -3.03427132826309 6.26067664214849 0 2307.2623623614
"1" -12.0836244566368 -1.50348324541983 1.3459991125517 1.29533167171929 3.5191742415232 3.51445950930685 7.53152884557329 -5.55203402314523 -4.55443821603034 0 2027.52671600469
"1" -1.62230062886176 -1.34418459246151 0.974479312067936 1.51069932391779 2.94206979852689 3.80575578097854 -3.61889671684399 -4.50917108671561 8.10853309696202 1 2393.64088883047
"1" -1.63979336421833 -1.36795012671862 0.767897575706162 1.31114940632805 2.77717922047903 3.6325815305113 -5.77311877288699 -3.42708400335446 -2.24425836216663 0 2350.85647574512
"1" -1.78790859871567 -1.4362616370543 0.831621651424209 1.74029053933863 2.7024282675881 4.88107805519982 -0.965468965381693 -4.48637111964599 -6.33913272089909 0 2283.23205316558
"1" -11.9923819551505 -1.4948423975565 1.17746103058081 1.6348746441633 2.98232737230783 4.18293068887395 7.42913119650791 -5.45478514458118 -6.15807698572269 0 1998.84358167357
"1" -1.68582911470194 -1.27058023834938 0.978765057287311 1.54656036559822 3.02174573591198 4.11545827207405 -6.41491452554674 -4.75787340501107 1.87939164817992 0 2400.82652737984
"1" -1.51837730254179 -1.34410844707376 0.879666541289406 1.43351146332429 2.83516118611166 3.66699912969899 -4.33199386847611 -2.82102668457734 5.76279960495793 0 2459.6622518317
"1" -1.82589992988873 -1.43717522469666 1.06191805369328 1.380397708625 3.12681282234144 3.55558328578599 -1.06828176251788 -7.21342706920675 5.17813522830802 0 2285.12280809968
"1" -1.75794633799628 -1.34816847128343 1.20998255829955 1.27425459811812 3.3662852729648 3.51410053906971 -1.64275336890472 -3.62077751446074 -6.41981900994691 0 2384.25177955252
"1" -12.4153878278653 -1.57706362158873 1.23798389619151 1.50173848153903 3.64643490990022 4.19904145493984 7.75162643324539 -13.5793648831635 -7.60279584192646 1 1995.47655201952
"1" -1.72381430642203 -1.38556452664366 0.843847381781569 1.51115773251335 2.68684626074008 4.09856464497773 -1.38706526780071 -2.83407801918639 -6.74270161520563 1 2374.14501919974
"1" -1.7154404666078 -1.42867389830137 0.973073155143644 1.45931473257861 3.0585608656512 4.06801514864362 -5.95332184229998 -2.16925197645983 -1.92008160715724 0 2294.58819340104
"1" -12.0086900993834 -1.23694159327913 1.30194886777598 1.35855976064569 3.83678249769978 3.82253339655381 7.68971302118511 -5.40299420027226 -6.389273430602 1 2395.42966843638
"1" -1.85435540551643 -1.42100824689506 1.09853827386612 1.51382725406271 2.9207513045715 4.15828468732825 -0.912652478404283 -3.47597286857419 -6.45203840641316 0 2317.54104228528
"1" -12.1016554713566 -1.46727034048584 1.12989741417602 1.48372874615755 3.27641650455808 4.17255539109998 7.70127434837305 -5.55149082945973 -7.33616736782908 0 2178.35413112199
"1" -2.93124905538442 -1.40976247783713 1.23730201565076 1.69129403857041 3.27806268891091 4.29013446928375 1.30659740190458 -2.26450260374031 -11.6504511437757 1 2282.03447665524
"1" -1.80315209195866 -1.38027771793225 1.13053763944104 1.34061445242043 3.16175175885931 3.80997311142861 -1.74091357306927 -3.48259304093614 -6.07170482534262 0 2323.34573789833
"1" -1.6072836936814 -1.28339058370023 0.818445477795931 1.46407449597313 2.5950287614158 4.28067820866796 -1.76168210964636 -3.84701811982262 6.1042489774831 0 2446.4329651666
"1" -1.65250067994353 -1.42717179689862 0.910990148603621 1.65838129857754 2.97068542046172 4.34817914934319 -2.79607288417843 -3.67997641079847 -5.65839136058901 0 2315.89489133708
"1" -12.3240883062308 -1.42395315159887 1.1139231425582 1.62612986726023 3.40267722135801 4.17042568116928 7.72703331115433 -5.55268992703541 -6.05620922193339 0 2061.86407743769
"1" -1.68530986160496 -1.36553234088203 0.951360376779828 1.24644205374473 3.12656624666812 3.7382761535091 -3.05815803703213 -11.7824846175558 2.22641437309523 0 2341.13914980035
"1" -12.2785061821801 -1.4818329018934 1.12076619698665 1.54926484133873 3.03611639464233 4.07487672383304 7.71642057783653 -5.53898799954032 -5.95109965006033 0 2042.01297395588
"1" -1.61720195079784 -1.3256059903183 1.25136289027946 1.61749711954383 3.4272092187786 4.31664937917374 -21.7378198465689 -2.93733255829374 -2.20568052925168 0 2415.13349948603
"1" -11.9788607213142 -1.29513455857927 1.09101454383184 1.40140534578585 3.04856985469164 3.88899285775834 7.60998254940885 -5.41298072165717 -5.72115308164001 0 2313.88979759204
"1" -1.61638304016237 -1.23215264914228 0.850571116670306 1.68242191496457 2.78108057799828 4.3718875805605 -3.46048927568118 -4.87847402071913 5.82553264076627 0 2454.60624133447
"1" -12.1782307964409 -1.43838249317924 1.29208512284656 1.56917887594087 3.17105754537858 4.22016143005605 7.62006205974536 -5.51970152379038 -5.51772763621512 0 2063.28109808733
"1" -1.76009924393214 -1.28613829850509 1.08053698467246 1.55358897331976 3.67648958588422 4.29168629597505 -14.5650527612426 -16.9400950307932 -1.54697313868407 0 2340.31414265807
"1" -6.00765285825696 -1.17992216101916 1.51665008911531 1.66078977782516 3.74107467724941 4.34679483980976 4.03119245298903 -17.0010508477307 -11.2496187066495 1 2261.92895614857
"1" -1.73431509615393 -1.44653386454354 1.14896145042165 1.432804617401 2.98149074178313 4.05986616525368 -5.24189074575424 -3.44968227578817 5.57594071174231 0 2254.53117842263
"1" -1.67989131729839 -1.32649332624212 0.816008779276603 1.46750398529996 2.7927787047648 3.99929235663635 -3.82566890335453 -3.42115794793298 6.38136554020815 0 2354.38156150454
"1" -12.2279661767723 -1.65317508552341 1.59838297181358 1.52786443212609 3.82051822409162 4.16656993912928 7.63127655149478 -5.71696532799417 -6.44033160617207 0 1886.62846842124
"1" -12.2266992120794 -1.55063814466992 1.17629215247239 1.40984988973984 3.41203882349737 3.95621044791324 7.79362424919663 -5.64114521782665 -5.08579340286999 0 2111.54735804911
"1" -1.57394625190584 -1.21967975353541 0.871460302304938 1.61976645360641 2.8275759503432 4.35786382492251 -1.80187365218829 -4.34813036192574 6.48495319871896 1 2519.29484698501
"1" -1.46869112781841 -1.21617179866015 1.16340377625302 1.6733176959112 3.04144935164745 4.32471958135471 -5.67637395077717 -1.9875773643973 -1.85260823090859 0 2619.9293696708
"1" -16.7877706209318 -1.69601808879342 1.20049541514817 1.64911288366304 3.30053074529772 4.43373735169757 9.62466474698382 -11.5826870586538 -9.65205249328936 1 1925.59555403422
"1" -1.75392746526504 -1.5311529621666 0.875491395908348 1.6361591252384 2.89743029226701 4.30639349603874 -12.6752379820425 -15.5171490441196 -5.26421235822514 0 2148.581376472
"1" -1.80711952080388 -1.57965980980299 0.944025843335319 1.53817817527438 3.00080203346038 4.25048693989011 -4.84985793223973 -4.2188037649493 5.70504639308345 0 2094.85061798535
"1" -1.59501019500858 -1.14203863817064 1.12881399289705 1.55588501283374 3.18721380325618 4.19307602576514 -2.57656791049839 -3.64606031471511 -7.56734931290563 1 2596.09377146307
"1" -1.54595038579791 -1.11448997860438 0.672596585499386 1.55142547373591 2.514370721547 4.17142718856668 -3.77171812070917 -3.71681064916315 3.36364891517303 0 2570.42382063235
"1" -1.6140910847894 -1.14339753016244 0.953116267899906 1.66004885215889 2.8088988876812 4.13175018429213 -8.42540161374687 -3.02382547872447 -4.73055285889139 0 2551.67687257027
"1" -12.022590814048 -1.42386942670338 1.22080254041191 1.39282755296854 3.12300425162509 4.06908887152643 7.68472791788529 -4.73324522170695 -8.64819731686453 1 2208.42128090327
"1" -1.54816651555009 -1.32893780543872 0.796261044626507 1.53875110743569 2.63770199137251 4.09917686906434 -2.66965531269203 -3.88905392096906 -6.19342249060453 0 2447.8466410129
"1" -1.56883536279345 -1.38547464708792 0.912122073928835 1.54855544880461 2.93695799849636 4.13449702310332 -2.30061103645884 -6.46445443356251 -1.78338319889273 0 2404.03283446747
"1" -1.70223484049003 -1.31601614824508 1.09938228046525 1.52326314203149 3.10239404907429 4.10898990183152 -1.39434926542081 -3.65701816085738 -7.01135237514216 1 2444.12805252011
"1" -12.210180229941 -1.59556501318351 1.32983763567644 1.42482683155966 3.25911110626273 4.30289711633311 7.6406815609581 -10.5901953605808 -8.96833121743393 1 1907.40394068171
"1" -1.76378597874461 -1.3999403521815 1.27620934503852 1.56883912479204 3.26414163433483 4.28300401411691 -5.48460466196465 -2.33550537182315 5.06369405076988 0 2282.19910904618
"1" -7.88068849752136 -0.705238470832403 0.894316464586794 1.52355527220403 3.29024009176602 4.07170843799366 5.17487284213247 -7.97857118381907 -10.4882769590267 1 2188.65339384823
"1" -17.8497351215379 -1.34064634440541 1.41894354920904 1.44483421396882 3.64713960025638 3.87456508860096 8.01482892963555 -14.6858401580045 -9.2302305023733 1 2193.62174049798
"1" -1.79796590022153 -1.32523774504192 1.2539835519639 1.53905051005044 3.24217900093585 4.0371888516349 -0.976224546190636 -7.72836296022905 -4.94242651520127 0 2397.23775806569
"1" -1.81799880114063 -1.26227326788583 1.05075691368721 1.54867510847389 2.93469358699506 3.88227373945393 -1.93390769782145 -10.6478582000508 0.627751061937581 0 2373.3904817937
"1" -1.65234890584871 -1.29957456924831 0.691949716302742 1.53695169651269 2.47362270649286 3.96246372936222 -3.76592585365835 -2.26204857422177 -6.33645643091888 0 2406.15131497866
"1" -11.0976964203654 -1.27446870618832 1.32397558156855 1.73227192683297 3.14466370522025 4.4222803068484 9.45867441916145 -12.9511781819905 -12.7668080011883 1 2227.8892589612
"1" -1.82366962121779 -1.37971555691568 1.16339644130221 1.51937750920437 3.25241334151776 4.36224695561909 -0.929993260862584 -5.36836949074875 -5.47340216865808 0 2341.0527411193
"1" -1.6963068899463 -1.35910562398546 0.899633195685347 1.44390918849231 2.66022420648318 3.90955173179305 -5.86294292880248 -2.21460965182381 -3.17858813134184 0 2354.79079897037
"1" -1.82967994879153 -1.33074187546221 1.02018015213171 1.69300449012629 3.0261731336177 4.07714880024226 -1.35236314144804 -4.22617131608022 -6.19368310534024 0 2345.26415202781
"1" -1.90611815191007 -1.41961075472496 0.939563968841281 1.40483689170898 2.9286456357163 3.76500548218883 -0.767761647141643 -4.72051954281728 -6.25630455844437 0 2286.84326342799
"1" -1.67770969109744 -1.3188888872063 1.02060871689342 1.60326157255667 3.16897682581415 4.15664148534457 -5.52381720051087 -3.11528587611346 5.63542932311201 0 2375.96139311105
"1" -12.1453372093727 -1.54437969629389 1.09280410351958 1.52886988108109 3.04461049996932 4.21447915097997 7.62429353548729 -5.58525613125316 -5.83028712007436 0 2026.62092405156
"1" -1.79003714571277 -1.23700354972625 1.28493314759891 1.58728819642332 3.37149402272045 4.20899996486744 -1.0270121458367 -4.50623892445116 -6.24514942811241 0 2473.76271368168
"1" -1.74509724776503 -1.52124223310432 0.961472772000845 1.74461009412676 3.45499861432218 4.35044932220336 -5.71903828706242 -2.82180992747067 -2.41836426673236 0 2181.80480657964
"1" -1.54378812632454 -1.30676635347911 1.04974952473956 1.68762183124638 3.23482343054712 4.14134232803853 -9.22336118104128 -8.79911932129641 4.65269961484895 0 2459.59638205012
"1" -12.3761660781317 -1.50317680598694 1.17306312672344 1.46497274879089 3.31343974911232 3.83481741772572 7.76079731053714 -12.0972965464449 -8.16142210973311 1 2099.49904908098
"1" -12.2632359714422 -1.39853520714332 1.07941586995604 1.54951621059505 2.94214827289719 4.04278626152084 7.64371822479231 -11.0127115062787 -12.3847018053748 1 2188.69917513961
"1" -1.64435954427426 -1.16529292333421 1.06451206870794 1.39393222584273 3.07206115148737 3.9593188534019 -2.97647306324748 -13.0193319935446 0.347257112806794 0 2530.0003753147
"1" -1.58702071279455 -1.28178310991698 1.22316579141242 1.83593577059947 3.28904017109883 4.62697991065494 -1.85547746286701 -4.5790241289868 -6.1390097676787 0 2490.51142853022
"1" -11.9816959049755 -1.28968728077475 1.29347773825192 1.58439524489364 3.71258961877583 4.05656806687317 7.39891926489031 -10.7889061671942 -7.76778234121986 1 2224.51869560286
"1" -1.72752243219313 -1.40706429556241 0.83886504877451 1.45752954364021 2.724239966295 3.72601158238947 -2.73803604364438 -22.3892112916432 0.741618525556938 0 2279.75118586619
"1" -1.63963476044652 -1.39258162808152 1.11684091690509 1.44029496420029 3.32369157114479 3.93922477554099 -12.2442238441366 -12.6630082068136 6.73052796804432 0 2345.18825185347
"1" -1.77781115395564 -1.27740304626139 0.66472184852608 1.54066660510243 2.58286555198337 3.9247778282212 -1.46076457152027 -4.26474996404597 -6.23926527879906 0 2375.10626376874
"1" -1.65548150584209 -1.32466466776426 1.07938848653085 1.59252114185093 3.10876434002254 4.19005858345501 -13.9612032855024 -14.1690953051033 -3.05309258115515 0 2378.65806859194
"1" -1.61731008384487 -1.31212472999683 1.20039394792223 1.44607570574992 3.22020530438711 3.67579740721179 -2.53329279910735 -3.49920837553874 3.94917445023906 0 2445.97073072429
"1" -12.4123940861729 -1.5019355222744 1.21166955891188 1.54209822560468 3.39890722709132 4.19545580221401 7.75256377955918 -11.2127881678435 -8.25476308122641 1 2058.74580028273
"1" -10.9828954775467 -1.46350442410938 1.19908125173972 1.75147479228084 3.35487813707546 4.26658280533364 7.04807320057824 -10.8655893708949 -10.778450566149 1 2243.27727912507
"1" -1.67808170866738 -1.27411103082577 0.925840187236938 1.60440830923171 3.07060056275411 4.28672589016962 -1.37376119563669 -6.57141812651479 5.68278343064546 0 2446.73639710853
"1" -1.55489434722499 -1.37467476417257 1.14664781440875 1.53585219486312 3.07364880524905 4.02056438102207 -8.38007312214899 -8.82639885467238 1.09232174436962 0 2413.92622760146
"1" -12.267603006534 -1.54525882406364 1.19116558140469 1.41866040823742 3.62053681314529 3.85111020179017 7.71593860913186 -5.57270462980767 -5.04646304713802 0 2008.70915759026
"1" -5.85540885679482 -1.02684148462806 1.2169562649902 1.5699131558729 3.501475425566 4.01069116838948 3.98411189228946 -14.5270071219689 -14.9498956325164 1 2340.57713946317
"1" -1.69829638502123 -1.33548759822447 0.979756622726968 1.37493023530853 3.09761976727172 3.85159200134583 -2.72870173709694 -5.39042049996453 -5.81186679727048 0 2367.44201243894
"1" -1.81132806260749 -1.34429285269367 0.951370195238581 1.55217360134805 2.95025256111621 4.02263120705659 -1.47630267807888 -4.84477137629931 2.50945708728648 0 2315.16784397092
"1" -1.60053094782279 -1.2497265116098 0.979276030525843 1.40586026126412 3.10774433463491 3.87007015091483 -13.8027853458392 -16.3349447990466 -4.03396217793242 0 2473.70375705057
"1" -1.57116138200305 -1.31500921029342 1.20799988155573 1.59050349552984 3.22148238624342 4.05016029739742 -4.63348635415236 -2.53920462937154 5.79319219784725 0 2462.76041856107
"1" -12.3021865991812 -1.4937065565936 1.07964163453767 1.36112126534365 3.2758791867378 3.92998363335632 7.72237892168536 -5.53555728976306 -4.67076386257417 0 2032.53478710173
"1" -1.53484738122218 -1.35723967513241 1.01399058226471 1.68304453187869 3.40446812031883 4.20120668423614 -9.84851838274918 -2.26219604969472 -1.5147581183394 0 2449.12770795458
"1" -1.80167032266067 -1.47792216902464 1.17089342132552 1.50632333859615 2.95002103487911 3.95616574583111 -5.07811569059521 -2.56551043490073 5.94537338818167 0 2204.1905880844
