"1" 2.96487406517919 2.65620970718209 2.52369312044821 4.01813177951287 4.97298283442591 9.97649930935668 -0.0602309131997788 -0.547848558664127 -0.320409249273029 -0.0990768767098657 0.243375253411756 -0.601958389906855 0.316437752408721 0.360498025640609 -0.42786197628566 0.156868663152877 1 5986.56197819595
"1" 3.07037944002508 2.52825819748606 2.47578339906385 3.97451391943219 4.97435342493806 9.98288314552288 -0.0395625777966062 -0.537564179286749 -0.304342980374825 -0.0417294581228052 0.21538276994994 -0.591936792377409 0.335633258813725 0.349343406783078 -0.442974140512734 0.176047424617672 1 5783.18210286659
"1" 3.01802171150036 2.59704192957218 2.55281277280448 3.95908009038113 5.0199517107233 10.0239434435001 -0.0326169616954133 -0.528952385181656 -0.396577809253527 -0.125436281409381 0.19281748412273 -0.581488020445348 0.356102608080366 0.340275470338979 -0.458082518798553 0.18544926978228 1 6007.07330916778
"1" 2.98778333915782 2.61577972027195 2.59148582286929 4.06887685110466 4.98860296750554 9.9715539674547 -0.0546525681149614 -0.545388993526637 -0.379702665446637 -0.11776657744644 0.232096672316758 -0.592520288964327 0.318090312829766 0.351760690289867 -0.428229159119571 0.18387557248329 1 5756.10783671122
"1" 3.05024539648066 2.53946062601325 2.59741103205526 4.00932050800842 4.94458747310727 9.91403113652861 -0.071450715177892 -0.55805419193191 -0.348560412532317 0.0721293522670148 0.274475658394074 -0.586950894621439 0.320992472765023 0.345221848668171 -0.431614421940292 0.1439412931771 1 5699.11824439449
"1" 3.02904801604716 2.609477908005 2.48268699588796 3.98890291209641 4.99637034447 9.85183710324937 -0.171799121841512 -0.647558145336017 -0.238225191531296 0.169774147695685 0.521557565928027 -0.594276884403529 0.252961702576832 0.388752249733888 -0.418245688857858 -0.19968997376515 1 5902.36677721149
"1" 2.98589655501103 2.5995487150732 2.59561606223017 4.01830100612076 4.99740697928055 9.97407472796135 -0.0532823937248405 -0.544275543962552 -0.393950494130525 -0.0635012144439192 0.239575358816141 -0.58840767855661 0.325873014961432 0.348243232460793 -0.435090493833892 0.170176601140723 1 5521.97047167395
"1" 3.05365592209479 2.53832541863011 2.47534864525447 4.02393967770686 5.00023352035885 9.997610066999 -0.038018786247339 -0.537462160163263 -0.333261957530936 -0.128997380695144 0.216614869218749 -0.596551865965555 0.331603119188505 0.353463766282962 -0.439161061665438 0.173668301730849 1 5629.00239253153
"1" 3.06452345157897 2.53762330718939 2.49739304982357 4.02458449026458 4.97451575836561 9.99804407406163 -0.0420748135573012 -0.539011420754895 -0.326891316174834 -0.132950715839948 0.217699240545833 -0.595822014581993 0.330490746588751 0.353583616726346 -0.43861207236261 0.17451456619038 1 5796.52169091991
"1" 3.09365637000835 2.52809293336311 2.48527190480452 4.02802817394417 5.02275253428495 9.99329662417908 -0.0394461175003325 -0.537599656361849 -0.354096431470449 -0.124351431753839 0.210194063622751 -0.604636185761414 0.328496823415449 0.360943943610815 -0.436554817763543 0.171244289492355 1 6130.21197932828
"1" 3.02248251822348 2.57907461946031 2.50811827113359 4.04849166841289 5.0330610295012 9.96760254334838 -0.0391637755575183 -0.538545821425873 -0.375418988261816 -0.085626932500522 0.217283662332441 -0.610303681037733 0.314380384859707 0.366906478963443 -0.426269673987763 0.174320157851849 1 5766.98537503913
"1" 2.99749954734119 2.61086490438674 2.54596868092509 4.00255504666427 5.059949900452 10.0153541878211 -0.0302095505371681 -0.528289569004917 -0.431694113008546 -0.148069746548807 0.191768696528687 -0.590308403841999 0.346095564248621 0.348213273581681 -0.450350013777295 0.187116562473096 1 5847.00435095906
"1" 2.95614862154295 2.65558802761783 2.53760908887385 3.99425669167989 4.97082869244063 10.0015173201119 -0.0442834655763674 -0.535419367551342 -0.331243333861495 -0.107045986445274 0.212708846060162 -0.583425608372747 0.345553759456715 0.343191785376449 -0.450469821005619 0.176659681816129 1 5926.97604316538
"1" 2.99351242445723 2.61125527047962 2.5326801141357 3.99558748083634 5.0157133915936 10.0172612523967 -0.0427520394620828 -0.536213146733097 -0.374951778672505 -0.14234173425198 0.221750134941498 -0.590392487883299 0.351764535163942 0.348357039334263 -0.454452404610229 0.147452820406727 1 5783.33509778394
"1" 3.05046381247105 2.55043734570437 2.51522225332423 4.03122129655306 5.02948977263667 10.006223149747 -0.0356280016545907 -0.534963390086755 -0.375884958973202 -0.15048742850981 0.209931505922015 -0.59573721539218 0.33771271953585 0.353217622020834 -0.44333891822677 0.172574608816851 1 5737.48536104696
"1" 3.01211235718963 2.58709351692469 2.54055469187747 4.02219291576467 5.06939027494742 10.0130544281008 -0.035477733971036 -0.534592116047838 -0.437130696942567 -0.163093297399022 0.209302040220524 -0.601369511251217 0.32995844669594 0.358671704332395 -0.4377272341356 0.174843936613187 1 5664.57905829679
"1" 2.97260340170944 2.62312977303744 2.55310024820185 3.99435405106545 5.02811384899003 10.0056076302885 -0.0390722628322723 -0.534108583244433 -0.400875436133019 -0.120060988390564 0.210939631133773 -0.588474299131847 0.34213613066355 0.346947990782408 -0.447486190721027 0.176225447608229 1 5619.30467241645
"1" 3.03262739341854 2.56865377123978 2.54218899233521 4.01927611305168 5.03044584766524 9.98172982858154 -0.0540133048692402 -0.546415848849817 -0.400355826197512 -0.0852445039135557 0.241991496585881 -0.595681216824498 0.328076671494195 0.353306073712091 -0.436338314929044 0.153199926489038 1 5756.18458437645
"1" 3.00150367176646 2.59744452509575 2.52514313050485 4.04403485389938 5.06095914400576 9.9822436063542 -0.0383820079940675 -0.536430405557547 -0.415469628520454 -0.115453391943036 0.214825612288221 -0.605286802876983 0.323462428049842 0.362442669527725 -0.433279471464308 0.171636453826365 1 5684.79460874875
"1" 3.04375057229831 2.55324035607358 2.59886291182118 3.98364789103624 4.98827722441629 9.98537726359931 -0.0471939302771378 -0.541409610501766 -0.387814433210227 -0.0545778497125625 0.228186580308214 -0.587382323710597 0.334336349802721 0.347419466146771 -0.442526759021047 0.1699790789861 1 5702.44865154874
"1" 2.96884180165521 2.63606919783799 2.57521970025126 3.99997636657031 4.99338143382875 9.97210721765262 -0.0566287435922744 -0.543579190249867 -0.379132762748526 -0.0469827579143043 0.230749081371236 -0.57738185906806 0.336742562300224 0.336655512561105 -0.443433107195243 0.183194901258569 1 5805.38738412902
"1" 2.99815246535661 2.59682673833821 2.51349893411713 4.01258354152875 5.06263198661663 9.99686254099679 -0.0398668954402462 -0.535606261361961 -0.412917640115766 -0.115801996923993 0.214992590680815 -0.594219566665674 0.335761942472198 0.35128953147219 -0.442149752820652 0.17319066089201 1 5609.29464673225
"1" 3.04857715346067 2.55134030523586 2.52993675951291 4.01963166515392 5.07792885613784 10.0016699752415 -0.0365627950769015 -0.534935049914167 -0.436628350017861 -0.137603686876976 0.209195427791363 -0.594768540546698 0.336591865301974 0.352184726238692 -0.44268769225453 0.176679006196157 1 5695.16858822983
"1" 3.04947820288861 2.55002673536045 2.55762736241093 4.00097329401565 5.00474682964774 9.9624999177946 -0.0483413711973192 -0.543048313730417 -0.3938426536373 -0.0309332866712459 0.229182022357426 -0.594553396534302 0.323424184357884 0.352682774455302 -0.433807386622795 0.17485354990931 1 5757.91843535478
"1" 2.9650771861771 2.64455004465188 2.49338193358179 4.02146803865998 5.12624353273427 10.0066277204009 -0.0932839544647794 -0.55265404809211 -0.420096866699983 -0.152368482801369 0.32444490225316 -0.617681264108806 0.35377789233874 0.350572052178619 -0.442264013632698 0.00750022290791857 1 5766.88485137754
"1" 3.05855983581207 2.52321519904184 2.56185960179313 3.92808300848882 4.99214308642969 10.0295854958057 -0.0324996142202929 -0.530162645156668 -0.374833931289757 -0.108746643440279 0.203854212443917 -0.572620555614948 0.361938966739979 0.332072215722815 -0.462754843612694 0.180110472512785 1 5380.76908322942
"1" 2.95721878786123 2.63964198042687 2.54070761013894 4.02717884516907 5.02150933265287 9.97031868102401 -0.0460181086768136 -0.540297452552283 -0.383864433375478 -0.0780905068393304 0.226009097584521 -0.599620902633491 0.322624628188251 0.357891494960525 -0.432498204674509 0.170550429150842 1 5669.04661178758
"1" 3.09446023749548 2.5112805119009 2.48673041558878 4.00285366619725 5.00247932952439 10.0090857921703 -0.0375336484051864 -0.536260900277278 -0.344315551553222 -0.13285655510539 0.209048660230048 -0.596470832000874 0.332706034244154 0.353629276339356 -0.440238225419915 0.179541625083443 1 5863.47065414346
"1" 3.01422398647098 2.61086879941631 2.51217165573993 3.9688121312592 5.17372667726229 9.97519096364593 -0.127277802166574 -0.568323293669486 -0.489971923017023 -0.050642768724202 0.408172410345433 -0.616950037886581 0.335189061994639 0.349651709430942 -0.431260546923442 -0.0796267398051395 1 5822.67829757358
"1" 3.00650544911944 2.5992533828852 2.4836313096104 3.9594346147462 5.02762595516593 10.0354849193296 -0.026014652517621 -0.525568790264058 -0.366893627625239 -0.146144871146896 0.188451360933347 -0.588445204282947 0.356480034259789 0.345877022807564 -0.458520575049971 0.178281454913925 1 5845.78990402538
"1" 3.05014603343469 2.55543519457166 2.47207846470251 4.07414642700553 5.02822605078734 9.95349904407282 -0.0480869426429858 -0.545158427655897 -0.35314583379801 -0.0743532440722054 0.226778415683344 -0.607553072752424 0.300352787388575 0.363363776701045 -0.415844596598502 0.191391030917255 1 5854.50701447697
"1" 3.04657580556746 2.54530225255061 2.54918892133546 4.07358006782183 5.08239704418714 9.91082330458454 -0.0543976140498355 -0.550939833360674 -0.445966494003681 0.0232663097394235 0.253450499900027 -0.616313170872446 0.301773528805224 0.372037761976246 -0.415954241947085 0.144727822710003 1 5670.71543543492
"1" 2.98332712525734 2.61462036628372 2.52371664460809 4.02674087232841 4.98250699984956 9.9928905474984 -0.0463417355715335 -0.539838463103876 -0.338345281664878 -0.119761747063182 0.223466604121216 -0.590291661275832 0.33096908375278 0.348665788134432 -0.438855134812398 0.177301674954821 1 5698.8484433971
"1" 3.03963372620025 2.55547117144377 2.54947543436797 4.05868003368169 5.02885123145604 9.96010153014777 -0.0500886770827275 -0.545363339996095 -0.395995818527238 -0.0834485237143093 0.235211475934929 -0.599866742104271 0.314044063832764 0.357920838246761 -0.425981803619768 0.173761662638324 1 5674.48250477447
"1" 3.03809828601742 2.56643133964113 2.50599193099405 3.99144228234948 5.03545432928592 10.0312917137248 -0.0315926935742396 -0.530193214100385 -0.375985844539468 -0.171798427988309 0.19994297096437 -0.588776681338562 0.352371271723637 0.346093086978133 -0.454553162845179 0.173019771774636 1 5794.89740767049
"1" 2.94619216579693 2.6390599588612 2.57444135017932 3.8900480884709 4.82723306902186 10.0371688382026 -0.207668641410721 -0.63762311613101 -0.172263009552731 -0.125261361831435 0.577036944702017 -0.600055712070682 0.202396012232499 0.393671956389961 -0.364394415116271 -0.226514128352193 1 5743.06945083273
"1" 2.98593089752977 2.60427605496464 2.51274983116784 3.98407796183058 4.99099080867255 10.0283759562392 -0.0293761990860801 -0.528051268125545 -0.341614949131914 -0.16516004168948 0.198436167402667 -0.586234570945642 0.352424449653213 0.34446137563129 -0.455147176123298 0.177671483136588 1 5524.29567162733
"1" 3.02403831725069 2.57293632532373 2.50650238040315 3.98225537881387 5.00622912592433 10.0243366622328 -0.0291732814974559 -0.529023358137177 -0.358233209308589 -0.145598774318532 0.197286265816735 -0.587897924481868 0.349752143027463 0.346130200770817 -0.453070649691851 0.179997480926197 1 5664.75149724016
"1" 3.07169252997664 2.5211202950951 2.5179305618689 3.87900557646084 5.01595225545923 10.0293976236959 -0.0262932561216355 -0.526131233184603 -0.373791417670973 -0.0537476046122256 0.192810089930559 -0.581277085767876 0.361489668328839 0.339641703933474 -0.463026481358808 0.17739198037216 1 5603.01427778328
"1" 2.96303598716932 2.63373975196949 2.51689026367255 4.03032029073219 4.99878210949562 10.0014701877005 -0.0418024521563543 -0.536368695577356 -0.355449074187934 -0.144099679792454 0.21507953618326 -0.592077126127085 0.331438774529939 0.350533444451309 -0.43920598806336 0.181975867521954 1 5647.98407059212
"1" 2.98034729464384 2.6278067480059 2.54611627225078 3.9910443973513 5.01217115138977 9.99086631001318 -0.0403545596937009 -0.53452754325924 -0.373093081168754 -0.0743580993703597 0.208666747205608 -0.588061412042894 0.342037276846009 0.346660828596545 -0.447315745750697 0.17940440085524 1 5871.59593660635
"1" 3.06622971341264 2.53993020510568 2.49616388247785 3.96504882725056 5.0370427574574 10.0245433315732 -0.0261500936819114 -0.526902104553977 -0.376606913590723 -0.126146500043537 0.187757352426599 -0.590130457939867 0.350060041710633 0.347408316739267 -0.453168128543443 0.186209935645269 1 5891.3359946156
"1" 2.99810325084959 2.60720337395822 2.52173774002945 3.97580617116293 5.05293785122815 10.0065230386642 -0.0356531742053857 -0.532077390479049 -0.404163960022264 -0.0999578362606763 0.202903082020025 -0.590229579785391 0.344137486122039 0.347450365146955 -0.449225928804371 0.179300690677877 1 5815.84767126964
"1" 3.00565366340154 2.60808585849332 2.5903979978944 4.00008346573327 4.91639868911508 10.010654494352 -0.0524271015162785 -0.540754038838809 -0.309835289093372 -0.131844751510511 0.224248063156146 -0.571713095477136 0.353716551396503 0.332266140291685 -0.455839807247812 0.172954582236403 1 5944.79565989089
"1" 3.01320469012242 2.59271826078607 2.51857626521367 4.04414628557791 5.02624912575066 9.99212022028071 -0.0501736315823472 -0.543838376816855 -0.36847217572402 -0.138355474481134 0.228614007692235 -0.59313864114553 0.325796763710729 0.351776636682883 -0.434462397310738 0.174800362782903 1 5803.18258012307
"1" 2.99803559732503 2.60924482704765 2.49363675530297 4.01563592572738 5.01125408980855 9.98318400677497 -0.0427814570527467 -0.538466284628234 -0.345946096361064 -0.089539727873775 0.217523775625443 -0.600459384285715 0.326357787025032 0.357508110698632 -0.435167442411855 0.173525154073404 1 5865.88402658707
"1" 3.02764957582835 2.57207965838649 2.51682527152123 3.97451094603266 5.02343040944197 10.0165760135962 -0.0296854428114177 -0.528851052828945 -0.377858709653971 -0.119872794961538 0.197295437198387 -0.588610459405855 0.35118533135662 0.34623515674419 -0.454216584265632 0.177084378817186 1 5716.78540455888
"1" 2.921441821076 2.68180206493221 2.48294520673939 4.00083898019131 5.05276171592938 10.0117781924072 -0.0338695878894819 -0.530577283177099 -0.387671709937268 -0.142954999686578 0.20212999978963 -0.598830783969764 0.337653172144474 0.356008370883576 -0.443956222604314 0.17495054760948 1 5737.5123020428
"1" 3.0383095520076 2.57097759830523 2.51618039705582 4.00953879096741 5.05475841163612 9.9943860926914 -0.0400017858510445 -0.537508327272562 -0.400513998107153 -0.110596368193236 0.215121767917475 -0.602981465365407 0.329659269750452 0.359545194044851 -0.437615085938891 0.166944780192118 1 5881.01320369214
"1" 2.97583072648929 2.6352372132365 2.54189743753431 3.97781110095264 4.98477087974494 9.99074170515538 -0.0613133356456831 -0.545474626408345 -0.355308922020812 -0.0697121942283479 0.244382928594743 -0.57475885026374 0.354752530736355 0.33416576080776 -0.456661149428301 0.14554839144077 1 5883.61963576624
"1" 3.05117491985687 2.56302709202961 2.55617038142122 4.02628016274365 5.0136566560426 9.96991077394123 -0.0469651633779285 -0.541241918255242 -0.386132386399619 -0.065509618606853 0.220151177285142 -0.595497142492935 0.326671902273474 0.353654455271586 -0.435670867602649 0.178043109636203 1 5972.78189783677
"1" 3.02886228561859 2.59197590311125 2.48815981309678 4.07379163916856 5.06644482578559 9.97002398527156 -0.0504867729393812 -0.544412066545534 -0.418324987511349 -0.118434251558041 0.233120912672997 -0.613304289207261 0.31516074457439 0.369114676483981 -0.425769685203158 0.152325526091876 1 6021.94650026706
"1" 3.05024304766462 2.5534990473537 2.52454153290368 4.03322834164098 5.05087707734019 9.98857734531154 -0.0365881423734074 -0.536119492334909 -0.403591519322701 -0.115660320007792 0.211152937568943 -0.600179994938733 0.330982231136787 0.357461870316012 -0.438363563755724 0.173643338406628 1 5792.02195417651
"1" 2.99369063510955 2.61493018615594 2.53812777616366 4.01310306695456 5.01182705682945 10.0170763354185 -0.0441312906681617 -0.537309510507642 -0.379775709313519 -0.16091449999586 0.212413216776095 -0.587213464660288 0.337150436841744 0.345580643953643 -0.443494579351232 0.1848421793405 1 5850.26054580236
"1" 3.00542397524279 2.58113691226765 2.50547425139825 3.98782575704538 5.01442230765496 9.97450962655343 -0.032877175325799 -0.532993408524684 -0.352547413230365 -0.0450833940574663 0.21212735102104 -0.599467317674813 0.335734412197661 0.35680325246744 -0.442860833030326 0.165944311598183 1 5547.67379707895
"1" 3.0168384251345 2.60291505051934 2.54112254310103 4.00525948527084 4.96581186622441 9.97745232695861 -0.0532151925780872 -0.543770544480158 -0.314546723689844 -0.0701793540273568 0.226235454119366 -0.588878163598715 0.327611734950092 0.347717290094522 -0.437361378783454 0.180871867541241 1 6046.39916816514
"1" 3.04390941676888 2.56712439616321 2.55622101976523 4.0260464165346 4.95926303589072 10.0022974592037 -0.0542318677330921 -0.544922208482462 -0.339301417789146 -0.139432638801307 0.232261485286538 -0.58572466845053 0.333806118883277 0.344542182291487 -0.44061087551494 0.171909848428483 1 5893.16927411794
"1" 3.03809469690823 2.55344061294729 2.46918576635074 3.95038355062016 4.92133538752483 9.99716745941659 -0.0416995254501349 -0.537719534403273 -0.243856147539113 -0.0529755983877224 0.220769137748851 -0.586641972766354 0.340241531091415 0.345330381903194 -0.446671799258054 0.171537581558346 1 5683.04870264942
"1" 3.01896872587711 2.58349711414475 2.50880842757607 3.98423431745593 5.08669093596336 10.0160059245352 -0.036781858923763 -0.533434224965254 -0.43544442606338 -0.130685989250787 0.214523401642797 -0.598979578550216 0.347330751836333 0.355797705621529 -0.451071167589688 0.147574643938795 1 5738.11317407311
"1" 3.06456023084702 2.53321074519256 2.56257621737282 4.06485130718549 4.94738606567333 9.90747949784617 -0.0798424145752691 -0.565492559565013 -0.324452353530615 0.0410680380089586 0.286336075890949 -0.601968712701899 0.286451279334903 0.359896615700299 -0.405228564466503 0.156834231008037 1 5778.8698497583
"1" 3.05596492078167 2.56781599787054 2.49908496652457 4.03629002068838 5.02428052781092 10.0135504396399 -0.0458460075760898 -0.540373558147174 -0.369118819104326 -0.179803665837193 0.219640635404145 -0.600728492270465 0.332213736160296 0.357196160014344 -0.438799488514175 0.163072067706352 1 6089.37891558438
"1" 2.98964069236993 2.61451957424624 2.4936513163887 3.96787324325388 4.80861517670152 9.89084732327022 -0.161713454630545 -0.447524983837383 -0.375835015049408 -0.433634554278226 0.453489577987396 -0.75691400771589 0.248402034827063 0.358250717064173 -0.275695998563303 -0.119463573726984 1 5756.00505291697
"1" 3.04170432592933 2.56395511364196 2.48346981991362 4.00490708129271 4.96628206267422 10.0268745708861 -0.0418009396988216 -0.537064802826196 -0.299050351955594 -0.179034210457231 0.217220252196947 -0.590560762279086 0.345486699025508 0.348121910445883 -0.449313033648243 0.162264770446236 1 5842.75120271515
"1" 3.06758736404305 2.54708705243036 2.52460206113569 3.99248766678462 5.07700527808936 10.0080639545504 -0.0334394597286726 -0.532203947572181 -0.434241472327883 -0.11900634216123 0.199000843521359 -0.598746366984814 0.337935377232001 0.35587499612453 -0.444484738805909 0.177682203881695 1 6015.09630250279
"1" 2.94281321217968 2.65224562910099 2.5408722255738 3.98073628294614 5.02031880089585 10.0022060077846 -0.0504424882745353 -0.539997328649699 -0.388652855464328 -0.0985404738938482 0.228682347049649 -0.581960939674593 0.344293470736713 0.340501488467648 -0.448501656791207 0.166572376316812 1 5629.24680419423
"1" 3.00032700616737 2.59657358912838 2.49171061905888 4.0227128045619 4.94941084483657 10.0108853181981 -0.0451172473040712 -0.539541488926561 -0.280731350953775 -0.14992615289279 0.223563913055764 -0.58930867660163 0.335215924868096 0.34733204927304 -0.441240378205197 0.173447778509081 1 5699.80129166432
"1" 3.007125961901 2.58839218833784 2.51911345762734 4.0313259126399 4.98118454486446 9.97870454534718 -0.0500649420002333 -0.543796689188255 -0.32593047553852 -0.0962881450996705 0.235198177498945 -0.590177173760048 0.331239315706404 0.349333340547398 -0.438531025000746 0.164407768520274 1 5693.63381802608
"1" 3.05716834436602 2.53544954297825 2.52534779994822 4.07574165614832 5.07698939530088 9.93287484966774 -0.0457326562592535 -0.545704657903413 -0.427639921877707 -0.0367057701739757 0.239271410815797 -0.615173996612876 0.302780864020629 0.370872127977319 -0.416771293640705 0.160936135490484 1 5672.49125060397
"1" 2.95485158664078 2.64981458642827 2.52960484203373 3.98547911476525 5.02399472412212 9.99045951937657 -0.0390981545854446 -0.534158949659839 -0.384192448221894 -0.0799235042400116 0.209657418835554 -0.597023693664871 0.332553455058938 0.355180953424225 -0.440557325945666 0.176868489210527 1 5803.27076501839
"1" 3.05734995953537 2.66085538253927 2.60590707367195 4.00230299191507 4.9677198659807 9.9975079917147 -0.162396187696356 -0.456773536594085 -0.354943436747823 -0.195475482915199 0.517140346409748 -0.68313565406567 0.293572771570642 0.350186557738638 -0.341305846674905 -0.23188915008554 1 5880.62430995874
"1" 3.0058166254704 2.60338521281511 2.54702217574487 4.01636441312903 5.04065245637961 9.98055118819077 -0.0423805008027292 -0.53770958287898 -0.409101447723935 -0.0838203576058863 0.214151172030279 -0.596556947991309 0.330687718240582 0.354002088687696 -0.438379381338024 0.177172045074363 1 5877.05093496907
"1" 3.0053965411754 2.59269384569606 2.5801281867256 3.97019868569336 5.12930944920014 9.93507711442144 -0.078609151070979 -0.560278166630913 -0.471650446405476 0.0281459215118136 0.327933103560256 -0.628980973169031 0.294519970710444 0.391856140827365 -0.414650364072434 0.0281898753239996 1 5732.0924352993
"1" 3.07975187591703 2.52147502146003 2.54655601249628 3.99933108081126 5.05209651089997 10.0002363888587 -0.0369161425882892 -0.535589265199324 -0.418082857947348 -0.108688422768261 0.209696302015383 -0.593113364612906 0.337552173477414 0.350669972777549 -0.443602381132231 0.177386588979254 1 5749.20348077407
"1" 3.00217765761296 2.59491385026414 2.52111772084778 3.99507166923252 5.07550353845388 9.98566706479916 -0.0350342258493789 -0.533473774602558 -0.428302738649338 -0.0752796010714536 0.20757970638819 -0.598355730063582 0.334525106555531 0.355132386815237 -0.441705652663843 0.175210638670961 1 5657.51062413785
"1" 3.06567115135455 2.53278465619636 2.49795579604052 3.97724204943203 5.00312044030518 10.0101261334862 -0.0302733182885812 -0.530360502852003 -0.348257079651743 -0.114413369665559 0.19980249064911 -0.590146810438212 0.346339064274764 0.348062755854591 -0.450925867019927 0.178597691994829 1 5729.81550165502
"1" 3.0420617409709 2.56020180086234 2.53531942126504 3.96935355017575 5.05316150949346 10.0238194446085 -0.0337428440234411 -0.532055369873159 -0.421534900909692 -0.130336970935901 0.20352497744633 -0.589604870033315 0.349017990229367 0.347456589862326 -0.452455688613567 0.172136681075357 1 5748.67249145007
"1" 3.00155495669804 2.60162464177088 2.50293595503755 4.07537491014185 5.05807674982284 9.96905342054033 -0.0518584702453262 -0.545252915647159 -0.38868803910673 -0.114578042767037 0.237958444367955 -0.602569167618409 0.318503890466929 0.360195670417009 -0.428574105979047 0.159970117989344 1 5762.13698088865
"1" 3.0070252939594 2.60061532607751 2.54943881071841 3.99875913887608 5.03551226030788 9.97919957478678 -0.0467347585580941 -0.539476874148431 -0.401640017178454 -0.0672517429640136 0.220547894796581 -0.591757751231262 0.331462491072717 0.349537755675162 -0.43930257705 0.177437340979606 1 5850.69110536754
"1" 2.98464706974206 2.62861135631363 2.4913618341341 4.00094610699991 4.97640971207994 10.0346940263345 -0.0419427930596753 -0.534413734512494 -0.318162724842125 -0.183793749275427 0.207680913059614 -0.581684060936689 0.350471249294238 0.339691042527846 -0.453757103956854 0.179380270504051 1 5971.25090272728
"1" 2.96205791175772 2.62357559063802 2.49804391062793 4.030408407507 4.97660253319005 9.96285625451127 -0.0499474628784666 -0.543729516705404 -0.313058587111252 -0.0614833022034479 0.243069024406195 -0.6063452464404 0.314920556548902 0.364164916396031 -0.426855923171461 0.151916613347308 1 5577.82385287953
"1" 3.10542463246244 2.4953355174911 2.5074207073265 3.99796880884091 5.12372432310334 9.98216572103697 -0.0369879677825538 -0.538149217213897 -0.462801156772118 -0.0610639790490756 0.220560005149457 -0.610614179258885 0.323166723369829 0.366206527503871 -0.433135116432359 0.15776409411705 1 5749.10229883285
"1" 3.00766676495924 2.59266413456711 2.47045037819494 3.97783779257391 4.9621872053986 10.0208766654917 -0.0362430927026475 -0.533046752881794 -0.292205513922229 -0.135358578703372 0.208570356290578 -0.591673966788521 0.345531170389563 0.34899158370074 -0.450711649485971 0.168369493475064 1 5766.30966459436
"1" 2.95157262819883 2.65674197368191 2.513878042124 4.05142371027996 4.98887383350453 9.92993991416949 -0.0607683270181628 -0.548459547344475 -0.330131808032067 -0.031113855548768 0.24429448479833 -0.599369330530571 0.309797770547092 0.356518523871845 -0.423529883087118 0.171843911559437 1 5866.72395667492
"1" 3.04620846346279 2.56035783218693 2.48372072811345 4.00393173427801 5.00541322091055 10.0157523256935 -0.0310945541961265 -0.530875961868021 -0.339120170670416 -0.148939728932841 0.199819479416154 -0.594893609338451 0.343505793475811 0.352328234686685 -0.448479658243669 0.175156267739601 1 5866.4599195652
"1" 3.04086850802809 2.56121996590606 2.50341461540064 3.97762807835506 4.99143185535495 10.034102276073 -0.0296516952800435 -0.528564967931286 -0.341692753574175 -0.162545037438987 0.193375889559136 -0.585709509988959 0.349984828005358 0.343905641169815 -0.453510832860173 0.187257354250263 1 5771.58041206221
"1" 3.01327455989728 2.57828675827377 2.5026745530924 4.03674630295956 5.00876023857473 9.94642493755074 -0.0431204903824047 -0.540698073980303 -0.349886343873726 -0.0170222211382196 0.224300019615597 -0.599547785206982 0.317500995458485 0.356664309959852 -0.429051290004602 0.181099623813536 1 5645.88834672666
"1" 3.02516601680743 2.57298388211006 2.51738695937481 3.96509439792644 5.02382542723637 10.0164316956192 -0.0304748521976759 -0.529510605813029 -0.377427055793238 -0.112051895378783 0.198675390452392 -0.590076064921954 0.347127426655855 0.34794147232448 -0.451182426969311 0.178987087170673 1 5690.90480079316
"1" 3.04014545516021 2.54464927492167 2.57343397944005 3.99125513023267 4.98310116876409 9.9820360368479 -0.0499278173858716 -0.544317458285416 -0.366828341526929 -0.0631686744044898 0.236983901991986 -0.588935701238869 0.326993852822842 0.347426596344045 -0.43698970208209 0.170688181079284 1 5558.05207125453
"1" 2.99950302541501 2.62002700428618 2.51266063754415 3.99231020749192 4.99957814915702 9.98835443267962 -0.050487101023103 -0.540634497122972 -0.348625308085199 -0.0738047750124172 0.224276938894582 -0.590976405148961 0.340765117635651 0.348864561143815 -0.446581767715793 0.160371697819527 1 6062.73878037484
"1" 3.02002703588072 2.57650346260472 2.49763339589123 4.03601484718675 4.97326255882096 9.97894428350201 -0.0523147374270166 -0.545214818599694 -0.318567695612096 -0.101807329685873 0.231694026645082 -0.589323996279681 0.319780692655859 0.346782138267802 -0.430643075149071 0.188394113427235 1 5716.10421274372
"1" 3.00970344087918 2.59397669692792 2.59366233301798 4.08751923809523 5.00745254165654 9.84268113952861 -0.0339183123136407 -0.516423652773187 -0.259603385770208 -0.0795932804269632 0.499783043076245 -0.586507011712944 0.209361680837572 0.481376123696032 -0.562055946663422 -0.426329255150159 1 5796.39759693597
"1" 3.03566695262008 2.57492937910729 2.49267941872569 4.06524625118457 5.02446304867357 9.9462170115908 -0.0468026992153913 -0.543781147499018 -0.381278788898215 -0.055898145367733 0.231778208488638 -0.61432538012334 0.313300025833043 0.369755651862522 -0.424157669537433 0.155257072783527 1 5923.54180021424
"1" 2.97084860004668 2.63376152924798 2.57850942757791 4.00647567610151 5.04701794213463 9.99873330232579 -0.0393353733673677 -0.53472652325252 -0.434518258662193 -0.111140233856568 0.208131978809003 -0.593978264693625 0.332607512229417 0.352829624350354 -0.440271496823521 0.183410281653697 1 5756.13932361349
"1" 3.05809895433449 2.51957374361007 2.54050351144874 4.036315182203 4.93540399601018 9.99711537557085 -0.0475492226791896 -0.543831069551557 -0.289606184238654 -0.134875302745035 0.239519925991703 -0.591124595327664 0.328064131828598 0.350195408885906 -0.436210432018291 0.162993998425022 1 5480.81971024259
"1" 3.0334259628385 2.56878140625335 2.50790655540905 4.01302229272832 4.99128551712296 9.96809109019091 -0.0409489837410191 -0.538293933705681 -0.335996971699276 -0.0500066546815247 0.214723451012258 -0.595217521678735 0.328927786236333 0.352867798834643 -0.436875403597868 0.181613874126349 1 5808.24752901116
"1" 2.96481297583961 2.64616315906483 2.54821104173392 4.02605486223087 5.08085698758966 9.99323231056341 -0.0522416441015268 -0.54263772187726 -0.45179380747289 -0.133005565352101 0.2359137374928 -0.600806303842858 0.331275977621555 0.35802372817696 -0.438924805221452 0.145592853043918 1 5837.12847232546
"1" 3.00738919820815 2.59361773223413 2.52729576659403 4.05385593044388 5.09951469667097 9.92755531802098 -0.0576443204173582 -0.550075245641357 -0.440538942761608 0.00174094710011206 0.250232610152262 -0.61119468598631 0.300520574663144 0.367721023769737 -0.416286405515187 0.158199829594026 1 5751.47415419125
"1" 3.07265337620764 2.53248855074969 2.5205072402696 3.97646129019097 4.99943210706095 10.0141424082362 -0.0433733987695429 -0.53789924548305 -0.356447445901306 -0.13062782671994 0.215630986820262 -0.582005595971748 0.347572750686812 0.340432559656486 -0.451331507895914 0.174868486989678 1 5831.71398497809
"1" 2.9795152048339 2.62699949512885 2.52967053134239 4.05544775738079 5.00872839056493 9.99416921046498 -0.0480302385879105 -0.540699008022791 -0.369734458994315 -0.154093333280751 0.223458277630095 -0.595009294082133 0.329466446473273 0.352889704930294 -0.436966574614154 0.172109081239371 1 5807.16908937792
"1" 3.07084717151157 2.54232100154113 2.50195584202832 4.00952805350225 5.01851692632948 10.0197748799262 -0.038837204480477 -0.535234459324911 -0.370099812920833 -0.147805152123857 0.207695876971108 -0.589921543039276 0.344860683146296 0.347598084936175 -0.448429404940043 0.174457925547763 1 5965.10690732698
