"1" 2.96169506803688 2.96389718053369 3.63162611645754 4.34339541176572 8.50871926848047 10.3193465836758 1.92376561208228 1.31379783711075 1.62390754279005 0.930780237996115 2.66920280198608 -3.9164490274578 1 5600.11741442927
"1" 2.65403579877128 1.35760124930851 0.546867783115661 1.24498427877815 1.39448586992521 5.60120764608138 4.01897546969209 3.93939488589208 -2.57252596671118 -1.45930726109886 1.57984945463908 -2.77806505341651 1 2921.02873437758
"1" 2.96206954248694 0.518836101625302 -0.0369122512466973 0.069551866441644 1.13705492886355 2.50326692772777 4.4084904871472 4.45692861950645 -2.7672674523418 -2.58806051450054 6.59779334635709 -0.338167915454787 1 212.197293693556
"1" 2.75557554619083 1.2570747978977 -0.0521718520229508 0.0940129501296533 1.05616909300736 2.31497961199486 4.40887126522301 4.26036587314381 -4.68669581020347 -2.96489126746686 2.26314708339465 1.37770234961791 1 328.753325055528
"1" 15.8960264536266 15.6449165883044 2.65187344872482 3.99429980324438 5.28330191991714 9.80654540126148 -2.1221657248234 -0.914748914846684 -0.322580312912952 -0.0527837216828333 1.94834739442144 -0.472880325899875 0 5918.71244965775
"1" 2.37029109577413 2.0574647940754 1.69433077758097 3.68309599837838 3.59341900568251 9.02868472196749 3.97266354081208 3.15606178738133 -4.76045710625567 -0.367042359052845 3.65046059552378 2.34170477045999 1 4679.23232379939
"1" 2.61761786489291 2.51000800423461 2.96921837392166 4.43341457805421 7.09652846080539 10.5920252342365 0.192870467731797 -0.143631912506227 1.48424533307782 0.757187829576865 1.51445384293743 -2.57211964939954 1 5627.20244485847
"1" 1.94303303122908 2.32800011221634 2.18606774349749 3.12304967712217 3.97722655336044 8.38226272926819 3.70845201866006 3.31191547780335 -1.99863606660425 -0.815058132368601 2.54365535436812 0.753489149460687 1 4526.66868279385
"1" 2.41833174325085 2.17603741174752 -0.0132071276469293 0.00264002862119509 0.950841580328375 1.65170177856932 4.40527155437682 4.3576485703749 -4.25807460181121 -5.54578494000717 4.43555986126185 4.3949562034549 1 -1355.43603489622
"1" 2.89208476812497 2.88629616633039 3.25351292223047 4.33283084803535 7.60181067827546 10.0410638375011 -0.312496103343705 0.211362961092572 1.4949384112466 0.809908059147761 2.18844687015718 -2.40781309365468 1 5659.43598618469
"1" 0.983995599916657 1.10039269322806 3.24996439329656 4.1646695412314 7.70146454226492 9.73703943569651 1.73517964423746 0.756769042993975 1.87942479731746 1.0410084936544 2.3646865113534 -2.42891301941673 1 5415.82656898897
"1" 3.55069331045396 3.58329968070733 3.3907355103671 4.36055846309134 7.72440834004157 9.91130749638454 1.35306567984747 1.2256515837704 1.55706671527916 0.607582808926666 2.25137494672853 -3.81996659005261 1 5686.27895148815
"1" 1.10940998932379 1.2091429427826 3.48773656527529 4.52429993374936 8.44803409847255 10.8692175385243 2.53484462851748 1.32467596142932 1.9646450942424 1.07477877220636 2.66203229527931 -4.06278146286913 1 5282.97543986835
"1" 2.00666477542831 2.51035261241044 1.07041108257591 0.0712279309214622 1.547797784334 1.97047267714243 4.1323387396188 4.13849785456385 -1.61086935176492 0.90685010084906 2.60774517351202 -11.3623598182661 1 897.806166760402
"1" 2.57941397400016 1.87850252314423 0.540063427266964 -0.0193483204307794 1.30393813809507 2.53951098116471 4.11184788866919 4.18525395806505 -2.92996261526854 -2.40688568524619 2.62292743725961 -0.467924442715781 1 1207.76460667771
"1" 3.59799009340638 3.80105873954334 3.30376092245902 4.38207798453741 7.83376372044656 10.1670778759734 -0.256316145453113 -0.413220847964313 1.76606336131797 0.9380613304678 1.44394430680873 -3.17721430577259 1 5740.81902126783
"1" 2.63937340526972 1.8850440100803 1.70775039891826 2.5934484542025 4.22907257421158 6.15392730815834 4.22537152904852 2.9471135747979 -1.18370531060767 -4.78598279287776 3.79034638784629 -0.264054309808746 1 4505.2379889325
"1" 2.65837000716967 1.09928470441988 0.437929770003013 2.50092629540131 1.22037551520918 7.54455257389925 4.04908002863601 3.90506461082193 -3.74562272803151 -1.47516258404698 1.74683840177683 -0.0239570193553186 1 3266.59596655567
"1" 2.65186793550038 1.86604711645847 0.279440765902072 -0.132646120283316 1.21857656926521 2.10767378010215 4.28002862092274 4.22823757134309 -2.9249281896162 -2.88806020973369 4.21195520693019 -1.16744560718348 1 36.0410150131502
"1" 3.95465104948281 3.6540816862304 2.37184506294016 2.94131758006667 4.5590903729697 7.48589268528385 4.64456287261778 4.24926735548653 -0.835269502455623 -3.27532780099332 5.6643789843606 -0.656974705285882 1 5620.11830363004
"1" 2.76208690702803 1.66452589950218 -0.016897192462605 0.0257372694296901 1.06238255750276 1.86297776077508 4.40524278499101 4.40008588397585 -3.41619234927717 -3.47975232818845 5.05564557060093 0.88721747083876 1 -2362.47045084969
"1" 6.55976348070682 6.5149243465566 2.97419229227449 4.70734087192622 7.13616917729182 11.1283469902614 -1.22855819424944 -0.227594047245031 1.38665840427553 0.726306072719156 1.22792541237093 -2.69444376055026 1 5813.79070831452
"1" 2.57602546258723 1.38801498251212 0.751519075541008 2.05722624559188 1.62884168399745 8.37510101353629 3.8947678712323 3.67756549991503 -2.59945054623053 0.254909705194581 4.30898047286784 -1.53014993760121 1 3046.54081307464
"1" 15.2104247805102 14.9329186047665 2.43274504089764 3.62658140944608 4.88658991452478 8.87748880347595 -1.51063713948228 -0.419789673786928 -0.369372449415624 -1.01637749981252 0.9026759355016 0.354035845631769 0 5907.73096205808
"1" 2.08323413534672 2.56128309576364 1.06643331128764 -0.116151409126709 1.51248680692169 1.9891781510671 4.19429184134309 4.19179964274094 -1.37751792547833 -3.69774989143233 3.41244002391648 -2.62018138008687 1 777.846314336875
"1" 4.69273179777495 4.33996779876866 2.41187812213782 4.03692958764704 4.65620251541584 10.2758198686181 4.95311612884301 4.97563091696782 -0.524510165717969 -0.146811293303772 5.97145186024148 0.432200581130296 1 5505.00128783317
"1" 2.30816393019697 1.95844961719851 1.44088763521842 0.307166755997583 2.60484828778563 2.3353038956992 3.73912842280891 4.04866017213106 -2.07599484218667 -1.69826483353937 4.47210359843899 -2.45683713643949 1 3604.8416041381
"1" 11.7152253568276 11.501873822936 2.56956484685748 3.81001445750826 4.92219172265145 9.51130919591904 -1.23238968209425 -0.468081587572104 -0.815397540757122 -0.565260073381525 2.14033978477949 8.04101757937033 1 5868.72529302239
"1" 3.32746700637988 3.64568516811414 3.57335774367994 4.06191338793824 8.20451397932958 9.23747945452538 0.020486463522452 -0.361581472065925 1.72333473835016 1.01134264197081 1.60127433663565 -3.27034921604885 1 5701.94991482686
"1" 2.89153080667067 -0.114660456209866 0.309947300878484 3.21569703785749 1.39888678610266 8.01269977271845 4.15428972554132 4.18105291775934 -2.04412999665443 0.569744326946375 1.11329552990069 -1.65147556277161 1 2455.96404941258
"1" 2.35327315530613 1.45555432257179 2.27501127873851 3.70033463003647 3.8728076774625 9.39863023496683 3.93126430484767 3.1327344119047 -1.98728084442598 -0.581556039186527 3.02681773490642 0.736353842592691 1 4785.46920179732
"1" 3.68335998851227 3.71486537671778 3.54679288025463 4.55191427972219 7.98682425617594 10.4826162413832 4.17389691804458 4.21488480547394 1.40228151070492 0.50730044040589 3.51903574824822 -2.83629231394984 1 5357.1650386227
"1" 15.1830489665509 14.8305424496237 2.02546381575027 3.97325996654226 4.20905828434289 9.89559221049159 -0.506981043315679 -0.934524427580834 -1.63145385728754 -0.166030605361133 1.17036342903993 1.06857782122087 0 5924.7908624864
"1" 2.8960335306082 -0.221606830240202 -0.131891433985438 2.05957336102944 1.06127210785149 6.21166938555395 4.46278587330473 4.50517237869787 -0.889308170745852 -1.6067555195914 1.34097119484341 1.56729403692857 1 407.320730951087
"1" 3.14501843513129 3.35568675669833 3.49363896790163 4.51666720015932 8.42646174139247 10.9574007279366 -0.230496188203551 -0.452615853009089 1.63160878194636 0.948540647337579 1.75420007560618 -4.21364377084222 1 5601.83308387654
"1" 1.7215129487097 2.57212707146155 3.29867172235016 0.35003941359936 4.27629000119613 3.28364556683565 3.95564717540027 3.8499804898484 0.632469976778353 -2.48346781239777 4.31614296233502 -1.56889472753587 1 3765.05819760064
"1" 1.77535501651939 2.7142476929227 1.04324149863382 -0.0913961054985061 1.35306237968902 1.74603838877887 4.27349884497624 4.24752948117613 -2.03019561638603 -4.90765022764216 4.58634173724128 -1.647184695849 1 -101.536200198439
"1" 2.75823108159727 1.43841395540786 1.94801714425047 4.22165500263662 4.05500903560311 10.0635733226977 4.12128438663627 3.09324642087669 -2.21036959643882 -0.449496627299882 3.05431447576489 2.34107462206237 1 4658.09692373137
"1" 2.28348564134268 2.25771296283399 0.887947046079061 -0.181275435354883 1.48345796090416 2.15079710033365 4.10166490058021 4.16692010737534 -2.93511699119952 -4.84725385675469 3.99475874024061 4.77014948621744 1 1160.64391247854
"1" 4.08191113714398 3.99043774931123 3.2073670970005 4.31069600709707 7.31033589423899 9.84462384819835 -0.449187157414223 -0.482946320353417 1.32212332678319 0.737488155747759 0.774715401696664 -4.21172405987173 1 5786.80388817259
"1" 5.4617916267509 5.10202941592758 2.26502013564496 3.93444071813163 4.53654454825918 9.86165008806926 -1.8339807413756 -3.91178954212659 -1.09178880285521 -0.314092298730693 -0.920847919348783 4.12105726937545 0 5860.71487541428
"1" 3.4549117696912 3.44150334230571 3.18078684217264 3.96601383012993 7.46227029361349 9.17924471485772 -0.53883629717634 -0.623329607803007 1.33122730763872 0.829736059924117 1.46575101974426 -3.3277030478703 1 5799.91774363697
"1" 2.01992259424064 2.23042375685775 3.96262965868798 4.31864905292078 9.22639884944832 10.1453701093022 3.33815835645044 3.04706650199241 2.05692304176564 1.04958018131607 4.73722291164751 -5.40160464073291 1 4791.51410321784
"1" 2.86445804008575 0.171116091262066 -0.233640445930938 0.790704426850091 1.04487546646765 2.97716212356308 4.50995481260673 4.29327970699264 -3.85706516629665 -1.04577584103035 3.41834471396267 -0.73985785350569 1 360.952291847814
"1" 1.76867050791027 2.07580471980204 3.8713613585428 4.91156112238942 9.34479420283932 11.7983390443775 3.3163562100677 2.93437515791825 2.22362703767675 0.963284730415304 4.41279045138487 -6.19093684528581 1 4739.88017805378
"1" 2.77321309879494 1.56926488323885 0.0771356448840135 -0.0632426006267079 1.13370528825407 2.01595103063141 4.35696495765812 4.32630311921613 -3.67347267821049 -2.55389795275379 3.66656092913313 -2.37364400764045 1 -773.712499745383
"1" 2.1861405762998 2.45903480956836 0.86887572346965 -0.159507326612729 1.41696924421267 1.9479509133756 4.19358245182489 4.21513209716025 -2.78182050909606 -3.57331031426367 4.3068158290328 0.953038910765506 1 229.759627458548
"1" 2.87230254398084 0.18928699943163 0.189770038683723 3.28588691390106 1.28947683870661 9.72737373305308 4.18760343098027 4.11303256883956 -4.07641905971989 0.336469900525844 1.66538445238923 -1.2981002499461 1 2221.15808740194
"1" 2.43389814847576 1.11010993390582 1.52173657076724 4.01483963548077 3.10533640650167 10.2375469849258 3.62997040762506 3.19341556596701 -3.20126862626185 0.0798675173783894 3.80227935666376 2.55215443055782 1 4365.87148047367
"1" 4.26086865231399 3.8940561050228 2.13008453744136 4.26108261151301 4.22152707501868 10.6446611107019 4.80225650345558 4.80637704215529 -1.72610963979954 -0.00840591885929544 4.61045378695058 -0.596416661948358 1 5346.47902860751
"1" 2.65761843420055 1.22988896236093 2.00344550757439 3.73561990112283 3.12472224525294 10.6780103007851 3.67145387948534 3.85139227093508 -1.54267694578694 -0.125321637605457 2.32354971891503 0.39829513359099 1 3825.78696228614
"1" 2.9584641034474 -0.300187891432362 -0.178225267144984 2.16161954633697 1.04688236278134 9.32332784603384 4.50718870906149 4.51260670523209 -2.37797197766127 -0.0297141995252471 1.70552548141733 -0.831027019830949 1 1597.80176553371
"1" 2.88223101018123 0.911860260870652 0.0419417676987903 0.0555154853445416 1.17803250793079 2.53051913004431 4.35203823050433 4.32900967159671 -2.84671027907912 1.47435501898864 1.97606110676946 0.93444310156968 1 153.911998460764
"1" 14.3777315678799 14.2222555980619 2.27741811820722 3.32888707023663 4.60579464037196 8.18072883781706 -0.861706660080877 -0.225943572843235 -0.863846187068505 -1.08508841082445 1.75776478276053 0.619249775126037 0 5926.29856350121
"1" 2.88041249831062 0.360620672462243 0.160770357311401 2.14305763972502 1.27600434579183 6.43622374475957 4.2255220689583 4.28611078727068 -5.99139644171527 -1.78725422398475 1.37421162462169 1.16691121151064 1 2157.72776791867
"1" 3.44891424720806 3.11656698620316 2.47232119303008 2.75565457511642 5.05421407686052 6.6625737433648 4.01707303353988 3.96909315388053 -0.168801506476942 -3.41785529004146 4.18571506213842 5.90876053607259 1 5322.44829200444
"1" 2.23535789680382 2.58194218914378 3.33052247410166 4.28729360048994 7.83287924673218 9.95981281073636 0.053475782011603 -0.0045119762332633 1.76249750301896 0.715349693435296 1.65140540397854 -4.61021694124676 1 5547.09268243814
"1" 2.84993078476421 0.437053589395316 0.302463828350947 2.86955065283538 1.3403573368649 10.3577131256781 4.13785808207308 4.100314587875 -4.94853579740846 0.270864986663992 1.6928274139725 0.483198464227758 1 2857.5981285842
"1" 2.21846929937326 2.12886046818482 3.32454260637495 4.83392607264894 7.81094086340185 11.2080474211867 2.55868291127395 -0.143438642108486 1.66067288883479 0.902956878084628 2.6915805253122 -3.74378995842747 1 5507.05836736578
"1" 16.2414525043014 15.9058711934573 2.12254727038156 3.42110789550167 4.29780947312489 9.00794565350882 -2.8005687725785 -0.584999278169865 -1.05096789368421 -0.555393348237471 1.15354532511185 -0.153796952196692 0 5998.70237947624
"1" 2.1316252503367 2.35246564386079 1.49447282937729 -0.0427411323713012 1.85976577017599 2.40558997265778 4.02965215977087 4.08932581115294 -1.11496111035203 0.482947056166172 2.33962284045715 -2.45664380474544 1 2304.38198281005
"1" 2.84731801553301 1.20642723008273 0.607068292774936 2.59346314060193 1.45587474656687 6.29433110952622 3.96365458402498 4.16777386257309 -3.92492648054861 -1.81805511898934 4.63878636679918 1.70764806448942 1 3479.22376178755
"1" 3.37890288422644 2.96817033288641 2.77087069821055 4.05099313638644 4.8943382586781 10.1055341662242 3.98814930879707 4.02335865749222 -0.392228158590533 -0.0615572334083773 2.94893321691874 -0.253815822883509 1 5279.32333025772
"1" 2.9292905417987 0.897238588925387 -0.0513519416917305 0.120966938185362 1.10729682550213 2.26242811645972 4.41480229928522 4.45863941874205 -5.89539681384838 -3.25112259920246 4.58625604142047 -0.740237891796642 1 -718.90637168218
"1" 2.46692186726799 1.72267817970925 2.17695410307726 2.14641581402034 3.34671538550985 6.90122678853265 3.60198749868527 3.76093205561574 -2.35897510361662 -2.05237608035279 2.99178543962921 1.1418639494617 1 4074.29691966562
"1" 2.21419831078836 2.30948537449716 3.22797611197438 4.37622425941216 7.60010558127128 10.4664582582384 0.593111151593723 -0.133875886209088 1.47025261815634 0.765038966439607 1.49542085229147 -2.79525500028264 1 5522.61336956863
"1" 2.93099794369802 -0.576528817755189 -0.226502053965118 2.78232519031918 1.05494836151115 9.88105569970882 4.53248999950629 4.54501340210488 -2.2546377666313 0.288727592932105 1.416345070006 2.24136755053206 1 845.429528744433
"1" 2.90067450786984 1.03947410094483 0.0383636440184765 -0.0327540500700002 1.1475525970692 2.32244010283031 4.35827722676908 4.43180359418556 -3.71639142664943 -1.20744221798558 2.88000849058326 -2.30183201968387 1 -318.65390562352
"1" 2.91126500113424 -0.431262128097968 0.691783227784553 3.7893779680635 2.31536856413646 9.46401845038689 3.87904876566537 5.79882343073115 -6.51918351770647 -0.75172472524392 5.30002990313313 4.67442615045681 1 3204.05651015059
"1" 2.89326815812436 2.5884981790482 1.8631581726485 3.07120930654296 3.91810137395368 7.19209799697617 3.53812080694162 4.56438862481929 -1.77039486825196 -2.06884516569335 4.16373713227438 1.32251459623768 1 5059.98048112224
"1" 4.91696629938223 4.68864128999005 2.23856557335106 3.18280578134564 4.57795874931095 7.974113498947 5.31235167454995 5.3170987573763 -1.10182643576473 -1.64412028335208 7.7246664621673 0.626480247374402 1 5422.39136320017
"1" 2.10494127357757 2.56392963417541 0.546959077652066 -0.158524864351195 1.19449531127741 1.62391886533316 4.32235998953923 4.31451006182537 -4.69119088333104 -3.07422687679815 5.20646501868107 -6.53024830277196 1 -1898.08598568077
"1" 4.3167374944004 4.05692952425698 2.46670951941029 4.09849458375415 4.91255145770439 10.4862389901666 4.85025777336091 4.84767584503573 -0.635106001580199 -0.246457180020956 5.5584044593413 -0.19903462089673 1 5408.07502042273
"1" 4.82626521889564 4.4983278963079 2.58527820781054 3.86551478446919 5.01714917517952 9.66027547145355 -5.18464233385222 -5.15459168712678 -0.378110070666446 -0.376991243190986 0.0352849684360394 8.70284271286971 1 5869.71143511904
"1" 2.14660604223842 1.97280767631197 3.33703074867542 4.13105659043492 8.08179230914031 9.96691712069527 3.68934669560247 2.6824331377526 1.74613234268962 0.902972178831589 2.68857222576563 -3.27143988886922 1 4604.73662050345
"1" 2.54825183211124 1.60225968811944 0.519757702123785 0.897011458118546 1.28261473697957 4.12101175262064 4.02140379439902 3.86479705855496 -3.19914142437074 -1.95212494193144 3.67153749221645 -2.80596800090749 1 2831.0707323539
"1" 2.41798302798949 1.64824983382832 2.94111048404859 3.44742748126078 4.65683512909762 10.3427114196867 3.53975712669205 3.65915737164023 -0.164929989650102 -0.0386827505997272 2.74643258431738 -1.56318213961605 1 4198.39166305066
"1" 15.1349553358872 14.7584524322395 2.47246816074736 3.85713722470205 4.98050135070484 9.69289420413491 -1.35702594916803 -3.01297305345256 -0.578289611822165 -0.054959951088463 0.434784206184291 0.866791759655797 0 5979.37514960995
"1" 5.71274649561924 5.42354432462358 2.05440567624346 3.8119037540439 4.08620335192353 9.41481895468002 -2.28066158487272 -5.47882976258586 -2.12094758977406 -0.382497260891876 -2.99104256464721 7.64939842328974 1 5889.71261830727
"1" 2.95649374627524 -0.531448274079739 -0.0260716876676057 1.38515633960655 1.20741974004408 5.07990146224285 4.36919964623143 4.48565534806982 -2.9571430489397 -1.10862931539296 1.22611319042773 -0.443436844598743 1 999.472149004123
"1" 1.69572112464347 1.61184710488975 3.48733481140993 4.57044046732252 8.22244906528024 10.6873917048973 0.283675637903034 0.572780202675413 1.43359635640091 1.05456669138423 2.30889946021216 -5.08667592935322 1 5472.89103757931
