"1" 2.02409150214292 1.8186717771516 3.1124691260101 4.08067812960732 7.37272425056606 9.5626985619054 1.01845327157183 0.248385006150994 -1.61712641275088 1 5644.84952223733
"1" 7.97329550880201 7.5743267257583 2.03592240703771 3.8703434874954 4.01678322174313 9.47594867589941 -1.94961031560582 -0.664356156014032 0.46446922830063 0 5881.34514904259
"1" 3.65266856426879 3.23641464103789 1.97945696003171 3.50882866285489 3.89497650299446 9.07727948604161 -2.47606072354838 -0.608755418827008 0.538863301201125 0 5847.76647979383
"1" 2.89799129374315 2.52095537748304 2.35151054700059 3.68866637493174 4.556752940191 9.36214756671908 -1.08266930557282 -0.285155890180537 0.809787752696506 0 5755.27599206538
"1" 3.53923394202074 3.09117386279551 2.09026626803854 3.82699902494754 4.25528610308705 9.75472150010909 -1.00576473459644 -0.117832203391464 -0.507909179791073 0 5872.40610555145
"1" 4.11239887774086 3.55486542133206 2.33873667911328 3.90297617903177 4.41655480346097 9.9856084088255 -1.08278472426333 -0.258014571685698 0.821607227293672 0 5837.870934854
"1" 3.79178237759765 3.42968152068457 2.41649791411116 3.56802387988543 4.70624255430031 9.08379760377019 -0.659973241959006 -0.751956085093414 -0.0564208271456942 0 5833.88319801284
"1" 2.5220959533667 2.17903853208178 2.192763833823 3.56092957385516 4.44561388058736 8.91632518422762 -1.18005240951579 -0.859443598435302 7.12720537392372 0 5681.93961439481
"1" 3.55896347141752 3.12629469012017 2.43211101685678 4.02520277003254 4.77984992768059 9.90247314662508 -0.487287286258438 -0.264133661148591 -0.271689529603591 0 5821.52832749475
"1" 3.81837731647918 3.35209725249689 2.38853226888979 3.56126239961866 4.86650583803026 8.89200568384887 -0.493292868422051 -0.43753893847315 -0.366238796455045 0 5871.05161998319
"1" 2.36297320512979 2.06262640120356 2.42657566649208 3.2375483741569 4.76489742999579 8.28696945732826 -0.669375764267959 -1.23573790458252 7.9663884376924 1 5657.27451043905
"1" 3.94596077576357 3.48563647259642 2.12513261496477 3.39860995472086 4.21906622448938 8.74265970869164 -1.16216600761789 -0.553275686932955 0.930474594335877 0 5902.02374663219
"1" 2.70873022700653 2.29117499949393 1.97753393107014 3.77499995221488 3.95029399257247 9.5070411998852 -1.74021562889244 -0.346058363591438 0.905592769033092 0 5758.82117549965
"1" 16.8864205690452 16.4882488728777 2.30941468581596 3.85723342345598 4.62235588570887 9.42056266536918 -0.523165343306129 -0.251825416842948 -0.0808764903659384 0 6016.62138002159
"1" 2.37721151910565 1.99551245356542 2.33621012134741 4.25750800314552 4.67170770711288 10.4085458161954 -0.787796597666802 -0.0622989367429746 0.412555620571191 0 5652.41618565326
"1" 3.33196889248966 2.95478644524421 2.31261152355801 4.10686948388488 4.58071034200627 10.0242747833064 -0.953792523104202 -0.39244834467411 -0.606507084392512 0 5761.10963126059
"1" 16.6707516254969 16.27226886565 2.50166676234178 3.34428917435903 4.9866746524608 8.4959185309107 -0.441832342342544 -0.820999484553317 -0.143574396960307 0 5971.35744714098
"1" 2.55896572159005 2.09335492965759 2.0760307428557 3.6146990379954 4.08947229305449 9.13174661365968 -1.89364991427483 -0.8576487612141 -0.246555204576786 0 5673.33584780428
"1" 2.64189430795822 2.17550211342336 2.58852281681023 4.09702232236526 5.20438192688951 10.2925109061191 -0.371205053225975 -0.0975652011928588 0.149527884280039 0 5688.83243690293
"1" 16.6922856332349 16.2609430008116 2.03023323377207 3.69996815966804 4.14187788334345 9.21329126824659 -1.85612976670202 -0.733732088254111 7.50966342580857 0 5985.36886602321
"1" 3.38718489572896 2.79065230897154 2.05620778463176 3.8655562412323 4.24738972779459 9.9326134938469 -1.13376330592067 -0.170006586601498 0.585660264408083 0 5845.45308542697
"1" 2.95463580536873 2.58883875114664 2.54578627357832 3.73422990527605 4.904305862988 9.20854757366335 -0.577141002293109 -0.401246217057389 1.37620130426793 0 5751.32204791623
"1" 2.51621577628809 2.0907572743362 2.21857646907033 3.68568390684354 4.4747058031439 9.30033694649716 -1.5311016389228 -0.458149551260093 0.66200205908514 0 5659.82339982968
"1" 2.11589938376989 1.72349321773217 2.28243610185506 3.65209054836485 4.40153955800312 8.95149553207663 -0.985061194054754 -0.502566045142637 -0.179050321907529 0 5601.74176265856
"1" 4.38164349106823 4.3820333364355 3.22315799709907 4.6422141512781 7.55426477793759 10.7645320649068 1.47242457483989 0.647503082908339 -2.41963500305289 1 5678.23134858067
"1" 2.39126756465796 2.04971166478167 2.12866625166921 4.00989934940195 4.40059483645335 10.1445393851721 -1.4688168888346 0.0943138987669367 0.794163228087012 0 5685.84081103543
"1" 3.64272015713307 3.19762641606155 2.30539637687488 4.11169569554453 4.61578418416045 10.3331777292403 -0.723798134218555 0.032530899971355 -0.247265707377326 0 5848.68390407284
"1" 2.27876104832835 1.9151522842819 2.48265925496427 3.3818043883788 5.02392654762169 8.21156433303558 -0.559318653398047 -1.14842604093666 0.234413363657454 0 5619.26906620779
"1" 2.42891607253289 1.96945008145931 2.1903087632085 4.0073650746176 4.40000212770594 10.1918606533951 -1.53949203209949 -0.348829585284487 6.98484771294156 0 5627.24647821585
"1" 2.83536118953648 2.5041644885879 2.42600457759869 3.66794652734967 4.69179292094915 9.27314971847457 -0.790386947875377 -0.626260884778452 -0.133745093827693 0 5724.3902278067
"1" 2.3586131597977 1.92514293478999 2.32582043866292 3.42425503253551 4.72497874381336 8.49418952402348 -0.885616194186531 -0.834724301415447 0.544722899724319 0 5649.79371526736
"1" 3.92488458192255 3.59600307872857 2.42751598492778 4.00298798632919 4.81934508829902 10.1680984327321 -0.28632641472521 -0.0601585729516644 -0.318394438270402 0 5878.01384660955
"1" 2.97682775525357 2.55336875750139 2.08440862164483 4.16300098228648 4.11803903784042 10.3761378491294 -1.54401385755635 0.0224988399362325 0.660547925561752 0 5781.43868940085
"1" 1.39417222328182 1.62777982148949 3.53396005756151 4.06276289148043 8.19725115656438 9.36737895819238 1.67082996080238 1.00020960011138 -4.36372144719821 1 5535.89100596165
"1" 3.22573235878679 2.85018389684622 2.56904775471077 3.62992995544871 5.1211449103329 9.04563255018985 -0.258752152825757 -0.721111808725769 -0.541559934094156 0 5784.08921080907
"1" 3.45936366541075 3.1363198682411 2.20332870309033 3.66638976330571 4.40955167740428 9.31350616329568 -0.975187970646399 -0.205871103613502 1.12438437830729 0 5856.2890172476
"1" 2.16352660107521 1.82447787597414 1.93685869220043 3.10490027535561 3.98889521806845 7.7875972036577 -2.74612716858167 -1.81910218571882 -0.715165008798651 0 5614.57999784242
"1" 2.5323388333783 2.08137903560299 2.49528348534211 3.50690290291511 5.01367763860146 8.99961919752109 -0.619576831257532 -1.00655325320446 -0.457691628987067 0 5642.72861141955
"1" 3.30566458791928 2.93321032538861 2.15868082003145 4.03137885530588 4.40295307693875 10.1078377574373 -1.32307076240746 -0.102778779755331 0.265496847112362 0 5799.52383923248
"1" 16.6211654520708 16.3032173069268 2.47634640007151 3.66724264812824 4.96548397063224 9.14147869812119 -0.644655641538536 -0.541530177495046 0.374189325200996 0 5950.02825546937
"1" 2.54692279071261 2.24545466348272 2.24096372203537 2.78780993509422 4.38293416463712 7.17863835033291 -1.06075801058586 -7.45846525912403 4.56352780094527 0 5715.04505606488
"1" 6.06565309390756 5.66448936210605 2.26560437547493 3.86918563894296 4.58038225205663 9.81622483960359 -0.510961270220133 -0.0039379903251029 1.09598663268175 0 5968.69765959361
"1" 4.14600711247327 3.79624320362196 2.38700336325948 3.56158078086282 4.68789680159071 8.92646249581538 -1.0234993452075 -0.49415520072283 -0.0578507022954496 0 5850.59749520576
"1" 3.42329630986408 3.09943364866779 2.41572021318646 2.9166232271799 4.77909697174279 7.3679789827237 -0.543534287157524 -4.32673575959507 -5.88398382477651 0 5823.00765379354
"1" 3.01320798089228 2.8711384633819 3.06903813726018 4.56187353170655 7.12997581555037 10.7133328483633 1.19869934298731 0.302635680821184 -1.5396959024728 1 5724.99195017456
"1" 2.07695792060847 1.59520547685207 2.46941245111813 3.69293784254532 4.86039731990527 9.22195012338877 -0.598101170885211 -0.475173552575336 0.104055535812309 0 5559.26361619598
"1" 2.00313176541423 1.67592231413292 2.37768902507209 3.4119772319532 4.62065819929744 8.44944471267961 -1.1051044919783 -0.822988088901102 1.03215405259634 0 5546.68175030747
"1" 16.6664223496506 16.1870400368671 2.62962409887464 3.40128149110068 5.18527831914465 8.71264553118506 -0.418957041518747 -0.511678670776438 -0.56669329475403 0 5962.22077639468
"1" 5.42141182169388 5.46534354219416 3.10185887714967 4.2981323568345 7.33605916045867 10.147568580575 1.36480842528939 0.413644165796695 -3.39742003490875 1 5825.49107651187
"1" 2.31887644698429 1.90879236618004 2.2912794556549 3.43105169852395 4.52914928203946 8.3046487560234 -1.28341973241362 -1.43266987756989 3.7889866831774 0 5606.17466000316
"1" 4.36723868376571 3.91823067696986 2.64665823596704 4.20820710437656 5.08489761929532 10.4581419182585 -0.356048712239411 -0.0318653698360669 -0.147847186673613 0 5846.36986558452
"1" 2.80026466189163 2.43305740389161 2.40015428314343 3.86373685346756 4.81337309435104 9.8122904348084 -0.501058065733229 -0.177661836791794 -0.886867483650368 0 5741.11945155094
"1" 2.58852331766683 2.04343145260331 2.20110544459716 3.45501418518267 4.51406220781969 8.57013725773951 -0.894793099239182 -0.754203791166859 -0.722020104460043 0 5709.59739871073
"1" 1.96673100101966 1.53048634077242 2.34903237782162 3.44166556301701 4.60611891814216 8.58832588123599 -1.36041534966081 -0.829593399709297 6.23393748570975 0 5508.68735338669
"1" 5.76880076574361 5.37572034423881 2.570615553108 4.13088715514145 5.18959179591838 10.0627066841824 -0.222626492374822 -0.298317853700161 -0.40819375251278 0 5865.20083946107
"1" 2.62074737298872 2.18540586711871 2.32228536091101 3.73039113938194 4.55087554995313 9.2027127149978 -0.667442916834309 -0.478940198340832 0.91741957065766 0 5732.9144088551
"1" 2.62279038165993 2.25948069907941 2.10197426678733 3.60260196307957 4.21176285514794 9.24923243096636 -1.37497730148012 -0.629901471774594 0.24264062170429 0 5715.40777088973
"1" 2.51155863898657 2.11669373227788 2.47541928479317 3.82285196244509 4.85615054918598 9.6882023585054 -0.603043392200325 -0.471070606372253 -0.476014814633147 0 5658.15130880947
"1" 2.53766284006883 2.092355525532 2.30620586835826 3.55469763711257 4.41613408290319 9.0099755824157 -1.46664157845365 -0.612608966604531 0.610648149516251 0 5662.94174426896
"1" 3.21380326292094 2.87572497859564 2.07353525243824 4.16813260733055 4.06211613460532 10.0805217318374 -2.15944679709004 -0.167027290085256 7.23685996035969 1 5776.95598420202
"1" 13.4411451477078 13.0691268683137 1.97764646289092 4.09885413382993 3.92741783874956 10.4158286838393 -1.5967204476243 -0.187530352540104 7.79868902992534 1 5983.53878762578
"1" 2.14269596092756 1.65408044476665 2.44345777706644 3.50367703284937 4.85082372080942 8.50876325807052 -0.685837734327329 -0.748215260214041 6.90162482963516 0 5590.50887163052
"1" 3.02005241712313 2.66791794716683 2.20709226020876 4.45325178877977 4.48218254340992 10.8643391001352 -0.781833265160423 -0.214986302178598 0.056510667289105 0 5749.2270840718
"1" 2.97454246152223 2.45710574558193 2.29535358783169 3.43968389729002 4.65764237856227 8.73193745298277 -1.02740474894688 -0.900032098344427 0.453141029708903 0 5742.83882770904
"1" 4.3379516464008 3.96955482569245 2.49530779086027 3.52291709116013 5.03301175675476 8.80402259085055 -0.574907304549645 -0.693881968447494 0.241825685449278 0 5854.29953093314
"1" 1.92065062188393 1.55243046257089 1.92873779665717 3.78441409178354 3.87582600803978 9.59656619834183 -3.1871535156094 -0.508223666984422 6.19310590153102 0 5519.68049978289
"1" 2.03839585400513 1.70421530875026 2.31979013572784 3.64548241107442 4.65312334663957 9.14321207368542 -1.15996203035039 -0.29657490167795 -0.0229173798516437 0 5564.37237463942
"1" 16.6493911021332 16.3239999512533 2.14634372003982 3.45981262494513 4.29416403685618 8.70837834229887 -1.03278992305611 -0.768246999632907 0.020702564145554 0 6013.23553305051
"1" 2.07747796715875 1.7204654905279 2.2609025326254 3.9578609416437 4.47525125368417 10.0075295286811 -1.17370940842781 -0.376197309357927 7.15536599569109 0 5547.82287625023
"1" 2.80437351951338 2.39885880371231 2.32405364395583 4.13313322930057 4.84210356735429 10.2628661996598 -0.851491277873346 -0.354311258526761 -0.151812001604753 0 5690.15020997488
"1" 2.35738922345032 1.94842161214361 2.12995897946812 3.46522483602464 4.2512434148183 8.58882202488923 -2.28835114314341 -1.33086756458483 0.397696131949589 0 5599.0863419448
"1" 2.90876325984439 2.65051506337463 2.43658304763177 3.93430470765832 4.83297791476343 10.2537432488252 -0.940808253418084 -0.253891371500017 0.465585819232596 0 5711.86132663508
"1" 2.37517032279372 1.94847314448113 2.40649872879645 3.89453424560148 4.87114891765503 9.78440643340356 -0.467330260104754 -0.281621409334038 -0.998208547009715 0 5645.96458461587
"1" 1.91232220546512 1.51274023473797 2.47364790444322 3.6497807434732 4.88362187848912 9.13222562209956 -0.675234019310394 -0.223836497619671 0.394562074369962 0 5536.66701890225
"1" 3.64331174402002 3.29438866828364 2.48090954658282 4.00871810335395 4.95742514519162 9.98638959560062 -0.519055761346105 0.0737756239047816 -0.106389250291636 0 5847.15757607221
"1" 2.82109071479805 2.37080858951203 2.35276123195601 3.48599020730415 4.63501185185896 8.4802355670926 -0.934814705582756 -0.632955044695865 1.09233467157177 0 5752.63276502923
"1" 3.1258552194603 2.68412785907193 2.26082445864681 3.83207797398124 4.51339224620079 9.54077295116899 -1.1027116318925 -0.37134560665919 7.57083910446276 0 5773.14236719215
"1" 1.89595053545792 1.49925513587441 2.25924916914413 3.54149503149372 4.53212644041039 8.66859482402698 -1.13962072232072 -0.612017786122643 7.41130653098428 0 5523.56780800117
"1" 4.12144319319012 3.72578542855952 2.53902640463923 3.52794523265391 4.96225485383969 8.95935059718985 -0.387861245438395 -0.60815645305278 0.386228050123458 0 5871.10349916225
"1" 4.33050591497499 3.9118832381492 2.28434327088188 3.90390521133269 4.60686918740946 9.25252711791686 -0.762289114266736 -0.583010931314494 0.903284506872631 0 5865.90545947328
"1" 2.60416294593267 2.24781885645402 2.18952013689642 3.71796663379111 4.34551864611091 9.23576053493715 -1.32462131536886 -0.435354369327391 -0.0663202448159279 0 5709.85840258546
"1" 2.55525261011465 2.12903079564191 2.16842296503658 3.58381177105452 4.32281407638692 8.83015838857874 -1.18418534763025 -0.559762741277256 -0.390680601093501 0 5713.87145855729
"1" 3.0132700828876 2.73518124279568 1.99619083108121 3.72080572510483 4.10508438086707 9.24955173676716 -2.73601453677196 -0.794422708795343 0.00398204976344795 0 5735.92616479915
"1" 17.4577672674779 17.0621564094441 2.60720562592125 4.07633497241066 5.23308397201823 10.112904323357 -0.378704784263669 -0.263651767291084 -0.143970075014567 0 6007.02775459504
"1" 4.82916694951083 4.45494272620193 2.26033218863151 3.2145716246534 4.44845139381944 8.02552819300638 -1.31512434337008 -1.44127679699758 0.361010960289826 0 5869.98442737249
"1" 3.15843292566693 2.69482261480604 2.48096555236582 4.21559748903905 4.84885438378133 10.6420227056941 -0.568003017117109 0.053997245824371 0.267902597053543 0 5778.58537982012
"1" 2.55292265021139 2.2730666335249 2.29852982479505 3.31510636199115 4.57876861775957 8.42246437818377 -0.880021011974174 -1.15010666175973 6.46934546996436 0 5700.86836213067
"1" 4.02147968699469 3.73135126950254 2.33420039251332 3.26256589249539 4.60305826821488 8.14969801877673 -0.908450475706909 -1.5639766292363 0.44015219781441 0 5840.00683229798
"1" 2.10238063580397 1.70110141291303 2.09054007405386 3.97671974474691 4.25235470137389 9.73967915334822 -1.31411945415287 -0.337794439872417 -0.0673343414688481 0 5587.20967918662
"1" 3.00214151598889 2.63676540736851 2.24020045951265 3.2322111125308 4.44834502377974 8.22225739945543 -1.40616242073691 -0.774137204632425 -0.507492619001605 0 5780.37206279816
"1" 2.75780152137151 2.25659437089608 2.27263174634589 3.5894801356114 4.46155206030478 8.74424890425627 -1.03845724899098 -0.63180705762382 -6.71073295369343 0 5723.77220467806
"1" 8.34495529968157 8.33781774063632 3.10845059291021 4.64949865992265 7.29663448900766 10.8265429785508 1.54401828072536 0.672260212738174 -3.51799392832074 1 5914.25683643571
"1" 3.36233299921548 2.94684109274846 2.11008050951413 3.252184048221 4.17492178211965 8.23553135807144 -1.35760841487166 -1.08287800754939 0.679233462514599 0 5839.28816117555
"1" 2.41858787450033 1.95115406905824 2.17360562035638 3.41963923502209 4.39176758109362 8.51501415572531 -1.1756680357527 -0.922503214815623 7.63747532380797 0 5673.87981211305
"1" 3.18524904665784 2.78121654684918 2.24748296824139 4.17254826205966 4.3950784084358 10.2506578796168 -0.922951408030253 -0.12754249938522 0.183782880875957 0 5796.6454035469
"1" 2.78301361366713 2.43539340296078 2.46447456641835 3.1197579661583 4.87256791649517 7.71059997570494 -0.635765463132134 -2.23172373338982 1.89479802788475 0 5722.8966539075
"1" 2.91340482668736 2.4540098497354 2.0521394298994 3.82879420792876 4.18602790559287 9.6485364537462 -1.61558451104227 -0.207260096771016 -0.369084756912491 0 5768.77555072433
"1" 16.5637771423601 16.2371347844343 2.31914670507856 3.62018666875384 4.47852329069771 9.05435199196561 -1.31310635429237 -0.522404389298089 0.230125414433824 0 5950.24788770257
"1" 3.14465628902833 2.73103929220953 2.12970185469266 3.84365269684394 4.16776281723715 9.54059038876034 -2.15504374599907 -0.314216300194222 7.09240726401006 0 5769.68934041301
"1" 2.50939432310071 2.06570739961782 2.34348519606612 3.57833842140384 4.61209890498226 8.95967665687877 -0.881450740083769 -0.436321673500893 -0.744953627435914 0 5687.05832850977
