"1" 2.74282138986334 1.64446988521811 3.11536248331322 3.60681453580068 5.36219236790357 10.2269987901504 5.14204438128027 5.16756184384877 3.57510077291613 1 -1956.12956585993
"1" 2.78193285739397 1.50912621767973 3.02540298288798 3.91541394553112 4.87839105520713 9.91778467931066 5.14591163306903 5.17990579865801 8.11687283320811 1 -1447.54519175533
"1" 2.25681406479054 1.32124794656672 2.15692381795736 4.10944935394814 5.07920379028377 10.0357651658787 4.89552162391445 4.31511635107645 5.87145823896114 1 625.061101387982
"1" 3.09158348306024 2.83899945644916 2.58250448208245 3.71824745352073 5.28696701087808 9.30285093803292 4.6677141700573 4.58805519503379 7.18806160648666 1 3681.46264214943
"1" 10.9305817641561 10.5729616556299 2.41948226140371 4.04773282237162 4.87327573822051 10.1875235830293 0.595072995053421 0.59229848091278 7.00634681803221 1 5614.0215969757
"1" 2.48455227118124 1.70232212996952 2.74484386995871 3.87348871528416 4.9411026322124 10.2202079110835 4.9549430763552 4.83740135182477 4.4813663890853 1 156.510546107464
"1" 2.51891432209939 1.67141792795963 2.7260857125613 3.86171896270776 4.85109036326317 10.2227841048517 4.99554330374411 4.87572693221603 5.73437322556403 1 228.760917402884
"1" 3.06156732476152 2.81616523319386 2.25653886612323 4.21073101634328 4.93487701928725 9.94258836041989 4.43686724215451 4.4741232016047 6.87605229801077 1 4116.31389339979
"1" 2.70867917007049 1.75548082628834 3.10338524948172 3.41274072026947 5.46880102013515 9.34362850747458 5.07365696074862 5.03887039002436 4.39113151880492 1 -335.890971058296
"1" 3.18001014449667 2.94892410289705 2.55053484889971 4.46156808833511 5.00972250516093 11.139084115766 4.42668544814306 4.63581827659668 6.89766253827182 1 4326.45979702828
"1" 2.76877492557775 1.4984587062895 3.08763680276542 4.04391245453849 4.8023317812872 9.73453313698078 5.12700576455576 5.16775482929989 4.71227330435708 1 -1585.08502605986
"1" 2.72301118515096 1.71470145804411 3.25851080568592 3.74446910678345 5.18813134570866 9.58717236335461 5.13923217423016 5.15536531476221 7.11821595723435 1 -1744.59753646982
"1" 17.289352137445 17.0111701814094 2.62313848847321 3.93980282995045 5.16256759067055 9.95859788287171 4.12494943253438 4.06887249997793 7.39885189568038 1 5566.4082861003
"1" 2.55313372755456 1.23579540881448 0.497876775838467 1.92519579888713 1.24986726575349 4.62383684238133 5.39050190493055 5.23843069714117 9.55122796372092 1 -6564.48573807976
"1" 2.2602170169085 1.77745984454763 2.17672526021813 3.81191672705463 5.00518048041446 8.68987863795182 4.89541435436122 4.49817874555692 3.49311381785621 1 131.069693410129
"1" 3.51858756650029 3.32302175833763 2.4778891830553 4.29918472358155 5.03930079856248 10.799611074205 4.84647024208696 4.85852261768014 7.49685786282574 1 4132.69495376002
"1" 2.70591962963192 1.45995464646206 2.79727174847441 2.7600753085185 4.96281856832411 7.83537739690033 5.07664002000963 5.15030875201124 3.55536749861854 1 -164.894061544837
"1" 5.61661234259205 5.30452526742393 2.64334354095868 3.85796014052616 5.03032539490302 9.97403253545278 6.9463054000858 6.94752303905289 9.38302702246277 1 4015.94970288946
"1" 18.1260749854107 17.8192745081646 2.49631774653884 3.73798701910405 5.01777056214694 9.37033701339385 -1.99901167953152 -1.99655718971628 7.97208471406256 1 5678.72677052891
"1" 2.80628646321087 0.0464997825496233 1.68916935220798 4.21531372686052 4.31332499376619 10.0103645569578 4.91598689451294 3.0954852543009 4.2039308103812 1 61.5555054685974
"1" 2.40806963615073 1.93647728342638 3.04709630946031 3.71387260689906 5.33262136870321 9.79534381222444 4.93706088100902 4.83252141628162 5.80378335931613 1 251.275187461579
"1" 2.75449017134077 0.430831687145702 0.160089114365197 1.04134192052243 1.61085947873886 3.61554210422808 5.68092004030852 5.14698452770561 9.19612934406361 1 -12988.3086838596
"1" 16.4165827674618 16.1060666283791 2.50973417405369 4.05308334319853 4.99371290708295 10.0700346630984 0.4136951294375 0.739817650218998 6.1458530393797 0 5589.44397864574
"1" 2.22000546130565 1.02342003343507 2.18135965370294 4.52201870817248 5.33048304005409 10.7198606474654 4.88951623265832 4.11333691495192 4.43918362159125 1 579.089437064671
"1" 3.80015060346529 3.13569303339145 2.60436908905779 3.59044548652098 5.39071591546385 9.13551493801685 4.89374287011491 5.04131601671079 8.84813208630973 1 4244.60989868268
"1" 2.60918529560966 1.82290953554168 3.6148050206106 3.34371890555712 6.21464729605797 9.50381792218617 5.02645937413081 5.08096161182465 4.95369873963419 1 -1242.88689654203
"1" 2.52175594815597 1.12679422241298 2.25634317772816 3.45537318762071 5.42516564754615 8.04664784314672 5.16683094596934 4.16380553470956 1.78513311208597 1 -191.571928365622
"1" 3.592866199609 3.25413259631801 2.36266541482735 4.09987230905985 4.85369396000127 10.4107022397675 4.85214829483227 4.90023177244295 7.29802576107933 1 4180.18798667786
"1" 2.66032236399777 1.75647853532661 3.17511630550578 3.29855539866172 4.76479273229925 8.1716918338552 5.17512616118104 5.21452970833589 7.11512673225908 1 -1283.82347862901
"1" 2.6427907860481 0.307314336724569 0.385571147552031 3.99839915307313 1.9965294953197 9.66333514331666 5.3656124660874 4.96248990091252 6.22067293396307 1 -5376.33336058801
"1" 2.3632983311274 1.87132851944291 0.828360742423501 1.3043966682387 1.32302485144596 3.45612985419686 5.2840462461301 5.26203445995833 10.0899204468617 1 -6901.98124540717
"1" 2.36382819399998 1.04265862522065 2.52003926517603 4.22107723202674 4.70798382560181 10.7631585111777 4.76922772295483 4.06226821026442 5.0801049356438 1 2310.87782018422
"1" 2.12074063293881 1.38080520061597 2.38419106108888 4.8462598356726 4.9223728876506 11.7644812181129 4.75167952081717 4.28444462666078 5.78369446027949 1 946.386105002835
"1" 2.07985524241254 2.47755453934065 1.00101834530281 0.739344407173935 1.32416536201276 3.60485348174797 5.28935973406355 5.44686246349873 5.66880289577291 1 -4065.81741825801
"1" 4.52649571924568 4.78795338622055 2.47376922598951 4.32412784025277 5.14694586623128 10.6794373316261 6.04941278030623 6.03512741731252 8.51006907569881 1 4173.74498888451
"1" 7.21070363412459 6.99292631958629 2.53886518721851 3.8720401292134 5.06461088219686 9.60998690288098 7.236177756648 7.23646494182773 11.5422982830148 1 5391.80644312859
"1" 2.83400861022824 0.020224347958931 1.99545652295555 4.35096433924593 4.79996897601928 10.6167314763373 5.02974662459786 2.66032858007993 5.71047464749715 1 1032.85159812884
"1" 2.60812017093628 0.240356842845134 2.01201554509855 4.04982270028874 5.29125596493174 10.0151031680239 5.12500125897445 3.90143212469223 2.98907740391739 1 81.7045649548381
"1" 16.6331983731054 16.3426062319333 2.33539608166512 4.29030085149909 4.75550502142676 10.6207346142924 0.0899306386027448 0.404854961251253 6.38215287537967 0 5612.65562938726
"1" 2.71533972341638 1.54802828399948 2.85644775452811 3.10841076422533 4.81316552303844 8.90486469831115 5.18485599739593 5.24774888617401 5.79546656942144 1 -1070.04241221851
"1" 2.81737517127566 1.48008548987189 3.25128276778215 4.45300908458897 5.54856050373565 11.5356054686805 5.05823331064003 5.07909747560664 3.25150270242493 1 -1992.69309162766
"1" 6.82708372636342 6.57176283986274 2.39352766335993 3.85545983029347 4.94119927272335 9.57940932899198 7.90999914057979 7.91587176167815 11.0108592940325 1 4599.00280877885
"1" 2.51708464174991 1.72709018088028 2.16150473023256 2.80309842620745 5.20441899247418 6.56867210767054 5.39855140214247 4.37130749640917 2.30297291729977 1 -178.007385342455
"1" 2.89471037543476 2.71154558234831 2.4255484774472 4.03552132590144 4.9370027728837 9.87226328730839 4.47627749595626 4.52505638972508 7.19767045891254 1 3810.54123619973
"1" 3.0364414027429 -4.51082349725033 -0.0308878116973057 1.43992701842306 1.29827376621657 1.96413255414091 5.97199166471142 7.32431473123959 3.05369232707432 1 -29836.1886435863
"1" 4.29908546481143 3.95690005919554 2.54750318068424 4.74945291311017 5.18319448869485 11.7762180856969 5.41908185284383 5.69268100979835 7.59967313696162 1 4758.15485084509
"1" 2.8281053197316 1.47440288087857 3.32897623161073 4.6317757440533 5.47696563084363 11.2968209595582 5.04005237589974 5.0579573051265 7.42358323177126 1 -1772.20750274183
"1" 2.8990702292418 2.61425780072814 2.37372747274527 4.04561063938046 4.976436421521 10.9968787829766 4.50030400385897 4.40858576804199 7.8142244481696 1 3722.25976692522
"1" 2.54145509548956 1.73130706212685 2.81234194075963 3.75262512302739 4.77215892428168 9.82820557246163 5.04391929568567 4.96387893762272 5.31249550203514 1 94.7400983965199
"1" 2.8822453006446 1.09863765543438 2.56925463556789 3.60689114701901 4.74199971523779 10.0733086194882 5.14815194926203 5.18100484152092 5.2493457988206 1 -456.635414561417
"1" 2.41582736950532 1.79666475599092 2.79125527122155 2.82943373166956 4.64350661878469 7.25524752301376 5.04175035873742 4.99817929836222 10.163501863604 1 235.921384460948
"1" 2.59656463251148 1.70507461145842 3.23266299620037 3.33610245905162 5.21418238078003 9.21148102726929 5.13503100153068 5.19810852453053 3.5609350589496 1 -1412.25991286813
"1" 14.1548405073988 13.8393772155341 2.62995935849752 4.02719611952506 5.14100979083127 10.2182145228155 1.71637655095699 1.78233569790245 7.31218219377358 1 5579.16975435035
"1" 2.7066586464823 1.56681860870126 3.04924419881461 3.69391281160342 4.89302579926418 9.7206054679151 5.1531771807717 5.20209656104139 4.93829288158356 1 -1493.54628990069
"1" 15.0340625378903 14.6364677566321 2.40735486921084 4.07310949923765 4.87988095703137 10.2081982049702 0.498510210372942 0.492667676520362 7.11267554574714 1 5645.31525702446
"1" 7.39304008078123 7.14512662278526 2.4434132272348 4.05979384313254 4.92911828263817 10.1288942682115 8.48356793274184 8.48609226701397 10.2571961419984 1 4551.59187583228
"1" 2.77074341019523 1.41170534798682 3.16769004275969 3.9708410527764 5.43987011981145 10.6322767312203 5.04471720900797 5.10794379160824 3.52034015108981 1 -1384.88854222796
"1" 3.9175143756754 3.69768476483027 2.78325638574958 3.95006144437315 5.55552814649612 9.70753705270589 5.37436129247922 5.57686007939307 9.28008768967333 1 4574.22947221668
"1" 2.44078841368523 1.99067891037289 2.61725140523574 3.11031603679507 4.73262279772574 7.89401661194319 5.00741703689669 4.91807611499106 6.53012994317917 1 253.70868909308
"1" 2.69450635557013 1.79299795424021 3.1390272615256 3.30452877305967 5.01468123138681 8.91810548909242 5.20540550201525 5.22151135644367 7.062331213709 1 -1614.72756673268
"1" 2.73402469308722 1.67100559759641 3.14883002334222 3.79477360108829 4.96436744687356 9.67780504162098 5.1684062388367 5.18282658359359 3.29365947810271 1 -1643.4825440242
"1" 15.3234105413562 14.9682544195538 2.55955296673558 4.12259913380098 5.05253745450202 10.2429151976489 0.167270450572814 0.295817190888175 6.99631179217363 1 5581.69478991273
"1" 15.7177129806751 15.3978617337083 2.40660382221166 3.78916366209013 4.84246051364113 9.48386211016333 -1.33021105077217 -0.40058012205213 2.66581008235404 0 5670.99613921489
"1" 2.59707941774802 1.46767098868031 2.84051866286021 3.76669103436313 6.62458016803837 8.63313945088082 5.41107542822798 3.71240886956552 4.8502886843437 1 -449.902038234228
"1" 2.77427731306702 1.46054247724962 2.7615048236906 3.43565309831924 4.89273509518431 10.1751256745117 5.19322943764271 5.22580411851907 7.89908483399032 1 -1303.55930310248
"1" 2.56396850695936 1.80700834929426 2.81283749858621 3.53066266714316 4.93842200669278 9.79091500698455 5.06521948004525 4.99407997254194 4.22513399358859 1 -33.4698877724441
"1" 2.50721244701879 1.75229484356536 2.36808229677781 3.68480720408884 4.94044159367461 9.0791440497582 4.89347086951526 4.73370953362858 9.94721835023349 1 437.023271362486
"1" 9.31278334526742 8.9235674743748 2.42943400509857 3.97316293970136 5.0942446739718 10.1592156445233 5.73943101818299 5.73956118876609 8.54587025773264 1 5594.06435623232
"1" 2.68285789881659 1.62021336245398 2.76358543405703 3.67577067138494 5.0309759613955 9.86508572339741 5.03662143962343 4.9859677811373 6.05714236526464 1 51.1941281367108
"1" 1.55891209829204 2.29872976906845 0.433824444406412 2.01871550856944 1.33371644068641 3.47824824374362 5.23721373977837 5.05056520264165 11.5793559430335 1 -1319.77363151153
"1" 3.01217095051117 2.73053192222909 2.47457346146131 3.84364968652107 5.0662540183529 9.41494279489088 4.42653769630249 4.48496375161108 6.95591856516494 1 3950.08785248237
"1" 3.34476557151157 3.11847439911695 2.47928346180775 4.38003474826149 5.01252131465791 10.8031535799307 5.09663086790268 4.92080841205983 7.94810146081274 1 3492.29720882812
"1" 2.02202068639725 2.17766523454 -0.113184233063019 0.048094156816599 0.901996234512042 1.68307673304426 6.03919737078661 5.75411462239581 6.78506571021173 1 -32465.1434906444
"1" 2.8140201128902 1.31814035715914 2.71187595020571 3.71564551158116 4.83718382568003 10.7006333015716 5.17661104907058 5.21375100920901 4.15062170126561 1 -1369.63854299079
"1" 3.29409811975893 3.16066066647372 2.61342795223346 4.05067851012918 5.19809495944557 9.88567929315753 4.96226832469879 4.8458303853115 7.6135728237322 1 3583.01653360639
"1" 2.62573795607837 0.788175627113076 1.71196162215455 4.56797853147577 4.72315032694516 10.9619564048991 5.00403212520671 4.65750574310848 4.14240187748128 1 520.287857054827
"1" 2.77820302403359 1.27362107021133 2.66577442936804 3.45709630806415 4.63515637937426 9.84033606387687 5.17735421529324 5.25839321921561 5.27778429879742 1 -894.447916534366
"1" 2.29666644866349 1.65254107024777 0.643759089129905 2.4275120042467 1.65056945558696 5.06258508293042 5.27925410875028 5.06292364463512 4.24455397996663 1 -2976.56212208007
"1" 2.42725505030622 1.83537000326814 2.29769208260641 3.00682122620852 5.51489112841891 7.00950188140588 5.4268674180192 4.282606167316 2.89527446381054 1 -287.593333630706
"1" 4.18456306114282 3.66098555098635 2.64667091287334 3.98133985407614 5.27949174031406 9.99752091833201 5.47611779462421 5.05661518341376 7.60753798121197 1 4915.72306282485
"1" 2.0696404284057 1.7847992652895 2.7521567032767 3.67987553709574 4.95728200632777 9.9380278504444 4.86931395373353 4.59935740798512 3.25741160466058 1 445.558562958904
"1" 4.48663141278555 4.36112332074832 2.36099693508259 4.16734074914004 4.9403920185188 9.91396325455864 5.65669633435515 5.69189040842309 9.09367258989092 1 4542.23662533227
"1" 2.72670745680767 1.74926783893279 3.40527991534545 3.97047736190684 5.24804846057285 9.6165072054393 5.11653215111274 5.12605386056857 4.16748189828731 1 -1979.1544635162
"1" 17.9655729655725 17.6866982796279 2.50194798918876 3.96972745970332 4.95204734594415 9.94290517128315 -1.12800213277313 -0.797895958729559 5.90861609598535 0 5693.03606357194
"1" 2.8046336592317 1.40243645849672 3.24118225615971 4.50734173689687 5.68788262898757 12.0011455758884 5.02400691649499 5.06612417611066 6.5928791743057 1 -1740.13368817828
"1" 2.74536648921429 1.30662538632485 2.88741493707755 3.71830578314534 4.84052018086346 9.95671823873033 5.11116453773969 5.20609578493888 5.22755075578746 1 -1220.05563295561
"1" 2.44844971432465 1.44659019630827 0.864202840501439 2.95927988760663 1.42564366690726 7.6000887428509 5.15664284208834 5.01550427589277 8.23831403915855 1 -2937.05887929504
"1" 2.79980630900126 1.58657458526557 3.21880527954694 4.14884818142948 5.29037925740704 10.5566865343044 5.11003592971567 5.11703916167346 3.30953029232806 1 -1866.17312859313
"1" 2.65124769873283 1.93876775900524 0.431785921522987 -0.502241509473577 1.46538861705846 1.98365269148933 5.86136961646279 5.8601574331208 8.81516339139591 1 -36626.2985984348
"1" 15.6540001092622 15.3258425442241 2.45588076983732 4.10842740702392 5.01364127903289 10.3303650374667 2.29207384559402 2.42161877685105 6.8059974846009 1 5585.04775390644
