"1" -0.677062416911299 -1.30378107759497 0.331344399892432 1.44251175107954 2.88607128079814 3.92203220111116 -1.70039686417509 -1.70648157289986 3.00277297373775 -0.754361566622377 0.337252305916756 0.784086984609366 1 1829.64870883091
"1" -0.501312686871881 -1.13675750202153 0.197522069060755 1.00176573271168 3.04665052633006 2.90860304670218 -1.50785969634443 -1.37573951150362 2.85832679649216 -1.31652793131342 0.0240122109559053 0.00379334437614844 1 2011.32955959326
"1" -0.728212416704779 -1.27813843995599 0.221113175830228 1.09896497377717 3.01103816810189 2.93389154267867 -5.15396858733254 -3.58953786068184 3.02181666183258 -1.3292382827406 0.989455008040766 0.0476477751412021 1 1744.6721076189
"1" -0.918338281675368 -0.94407848383114 0.190083338870609 1.04435762641977 3.28906433677583 2.739641208492 -4.97667973400536 -3.87003761947298 3.143372473391 -1.32365835975059 3.40547000195616 4.77094773303717 1 2035.64770625318
"1" -0.33124175705156 -0.671080885894232 0.235940856673593 1.06536151667029 2.93420165890016 3.30032188538297 -2.0207646802382 -2.06150068854615 2.8928686043308 -0.610210252568058 0.137130672669785 0.0880601970702272 1 2002.59554970943
"1" -1.58166295791452 -0.851749293644891 0.62113082410877 0.462645782949215 1.98559482190659 3.93197390653303 -1.63446591611622 -1.54857116945731 4.00934025261053 -0.782623594773599 0.158005978631146 -0.142261592425235 1 1666.09217186786
"1" -1.96412332916949 -0.278503388646964 1.05070831451072 0.205110194132939 2.80568257156352 3.06189379898595 -0.440575086438506 -2.03755339088553 -0.766275342357921 2.58132148376596 -0.112393392000919 0.24093038496005 1 1917.00432547091
"1" -0.678950320043507 -1.27857259119718 0.226739016633633 0.983668746340361 3.07101434640128 3.20429558779433 -2.28755375308687 -1.89935969599973 2.96446987618969 -1.34218622767769 0.549799759755489 -0.157202222426613 1 1770.54042803863
"1" -0.711253311433502 -1.27431402641708 0.372560150629358 0.785147556169291 2.69849307345384 3.07879437509967 -2.06615254804985 -1.80507888549273 3.06102202840094 -1.05484436866656 0.245709378165845 -0.162320696363868 1 1646.37056669372
"1" -0.945595380742623 -0.841641221576864 0.607786058649466 1.0904059851011 0.495029478944717 3.33463651166264 -2.86725307879354 -1.59974552051857 3.52755734790914 -1.02836732703794 0.278839635263011 -0.802639531621503 1 1569.39591370488
"1" -1.7310300289997 -1.37362726676612 1.13097585778926 1.03485575420731 2.81097362357067 2.82502864723295 -2.52150038440023 -2.4722993960322 -11.0542944173409 -12.1647266620257 -7.15611105974072 -5.31165730233577 1 2366.98775215841
"1" -0.615221077234234 -0.822771624911893 0.274491391487764 0.999164013311943 3.00051230837593 3.22025509949568 -2.73783164783136 -2.45068142106056 2.92713061593394 -1.48815402535531 -0.00444727528790232 -1.52027656512696 1 2143.32068142784
"1" -0.781899114183607 -1.30606539905307 0.400426963072564 1.34973572506415 2.56859728298826 3.93153407192348 -2.06970185366261 -1.60688627618067 3.0925533911478 -0.873963628241235 0.501552384884558 -0.0806757344353751 1 1660.27486239648
"1" -2.36756935109783 -0.351455174079097 0.823193212769403 0.115942778381399 2.2713229623264 3.77722756136024 1.03316203160655 -9.28738690274399 -8.99254478859706 2.57131286239792 -2.86850053839955 2.37588135744563 1 1909.14043813113
"1" -1.35881443953125 0.200699692379561 1.05928813343799 0.269828621927977 2.87865250242205 3.27195833402861 -0.886219474617137 -4.06087996793483 -1.41690566811122 2.39857196859251 -0.433311487800823 -0.219645938217965 1 1957.65781619917
"1" -0.416550442277872 -1.08862386207066 0.425657172204948 0.754863395282707 2.79460337015023 2.63404323811498 -3.19774521350455 -1.9112679297911 2.83976953584918 -1.99934222950964 1.04814102387451 -1.27440526363676 1 1881.68214156908
"1" -1.69557139329517 -1.35352663107062 1.10134722238037 1.11256271398859 2.6652632988629 3.29125376465974 -4.24519334104034 -7.81838871606013 -2.40974083644296 -1.42919180047124 2.06038109325723 -3.94852775210919 0 2340.09493836783
"1" -1.45828287574747 -1.14272512525905 0.832503501733557 1.36130161149867 3.13950745833481 3.67605983342648 -11.3408735993981 -15.6711830970205 2.95437821113288 -0.244610808368391 -7.93802385714288 -15.4250054567327 1 2231.59758085695
"1" -12.1968882897136 -1.43185281104109 2.11609216733862 1.335371757649 4.94774817537918 3.79303824840044 7.61243603715814 -6.11275301434053 0.438800358479914 -0.788216116859687 -6.76159052619485 -6.26107104848839 0 2096.54962464441
"1" -0.691928327178647 -1.12516315764209 0.232518244696761 1.02399806729748 3.27611063711286 3.169858460545 -3.89536074736824 -2.92737488619859 3.03479452491243 -1.70581431142935 -0.0244736492750971 -1.69068383581674 1 1944.84160026348
"1" -11.911506855437 -1.41472745151054 1.09637614352828 1.34084682097569 2.99199574590346 3.54229197687937 7.41690671751011 -5.89870125443394 -3.0762766820153 -2.02943542761665 -3.7601333851521 -2.88536856598533 0 2131.7993466092
"1" -0.971272511437078 -1.40540271651635 0.191330536819512 1.36527727501999 3.10806948391176 3.49312828550658 -14.79715664028 -7.48810901702222 3.19533132314818 -1.09397124253152 5.88696644265509 9.7185007059644 1 1803.16156787383
"1" -0.412748941420095 -1.10308208577854 0.247531996090726 1.01840817374475 2.95256256552771 2.97181053181133 -1.989908569604 -2.36717606648444 2.80445693673559 -0.691069479480309 0.106588682734245 -0.380775621839527 1 2002.40161283503
"1" -8.3232515688022 -0.919908764553747 1.13711392124975 -0.110367254705552 2.70677375712095 4.34594923808208 5.66046214825199 -1.65356902929659 -9.36059143515377 2.7716189121906 -9.32641017828986 6.01721579422311 1 1699.11652762191
"1" -0.61125990824934 -1.4786545392316 0.229942314499728 1.20430211724909 3.01349770428858 3.76874971605851 -1.46360100432436 -1.54000916691398 2.92319289557187 -0.788985597922192 0.183626577886359 -0.155043622294645 1 1889.78166125744
"1" -0.84149900704178 -1.29615110886053 -0.0528920033694847 0.855895625848789 3.29813888156773 2.67238298268722 -10.5459542234272 -13.3194169449817 2.53848615291202 -4.84279507646154 6.65919928735554 10.1623633669517 1 2110.26094632891
"1" -0.499777377291822 -1.41058689080912 0.324063434909868 0.996037165726715 3.03382326662561 3.10416703730181 -1.79359500700532 -1.63702208756254 2.81543108868425 -1.00792155337831 -0.138773319158962 -0.357566113459021 1 1811.25423026768
"1" -0.667583428299966 -0.977009415661647 0.161374879707007 1.51563304551942 3.02486989943793 3.20663811669449 -3.45584261885202 -2.9320422838238 3.06797699402706 -2.26830155394452 -0.361984623507988 -0.16792170069898 1 1897.35556011685
"1" -0.425749765100995 -1.28066815603162 0.239397268017767 0.990497165213183 3.11916862975789 2.88201493598951 -2.39696819863657 -1.38841368853856 2.73723543878186 -0.719474642195176 0.0628390992713658 0.00735157697123124 1 1836.11262851213
"1" -0.507029210346431 -1.02769498806741 0.449190161299114 1.32305281223231 2.64636705100173 3.73426733453336 -1.37516531491378 -1.62760523780033 2.91696759792672 -0.815071226429871 -0.070851864790991 0.0890681222845843 1 1960.66140818094
"1" -4.19975031761855 -1.39528579740212 0.692680859776343 1.25835375028388 1.9735124149646 3.53797897748214 2.96219105347971 -14.0120230628608 -7.91262905619565 0.638522608943003 -11.8625505588171 11.1929684288874 1 2368.29629293824
"1" -0.2413740505207 -1.09854457508588 0.231161597365364 1.2958223952931 2.91607417324086 3.57519724479922 -2.34268514846947 -1.35767151497532 2.66968024697989 -0.67394155025032 0.511861706935482 0.0743232694061358 1 2053.31507347918
"1" -0.859515613723791 -1.23891931986188 0.265378465054792 1.05619620045606 3.26486243301605 2.74653406992371 -8.49653701232416 -4.80737183329262 3.14686347942685 -3.15972417185531 -1.19996830815404 -5.68500896615675 1 1880.06256848718
"1" -12.1278993369525 -1.46282797886658 1.13675572143495 1.20759559068179 2.91622234194886 3.44818177274555 7.5045245082686 -5.99709046779803 -4.09950719617024 -1.39789958837068 -4.67598370636313 -6.6389234857405 1 2017.06414811725
"1" -0.390393314136937 -1.20797451899062 0.210474645435161 1.42289427434186 2.91524127165246 3.60143674149789 -2.11099290250785 -1.73110793603155 2.79272304923586 -0.720353098738367 0.354903705234792 0.367625758268174 1 2035.36667255126
"1" -0.56727033920002 -1.09640035161269 0.21934792283543 1.34399800525228 2.97594001979119 3.23925616718838 -4.98056316812966 -3.23609892731726 2.91052404840003 -3.41972170460532 -0.474322761657401 1.2322198374385 1 1909.06833220904
"1" -0.526432653149354 -1.12935104702345 0.259489140406035 1.43729197620107 3.02342153801839 3.43920057815646 -1.41444031096018 -1.35738990319382 2.90959894963719 -0.492808706741633 0.0391527622293101 0.0126473175432162 1 1853.86133746917
"1" -0.592760878517487 -0.877517559173636 0.222356471349085 1.52072929508192 3.15871431048288 3.42431040190041 -1.93383137906116 -1.8065988611921 2.95627517785993 -1.07789747678154 0.404285360051089 0.598897968044421 1 2025.63155541164
"1" -0.400157076036794 -1.20309216640107 0.203446734208418 0.88606806419973 3.16896777354356 2.85294962797594 -3.17911698905252 -2.35963035001782 2.74912985742682 -1.85814624889158 0.353289061977641 0.118597229717291 1 1999.32036945611
"1" -1.89513482370437 -1.34485500749685 0.971440324349607 1.15264640350312 2.75837562609922 2.98762401379549 -0.510663621184053 -4.19410286855819 -4.1141691315809 -1.95467385195817 -7.39467967391903 -5.37963422566185 1 2398.50644553489
"1" -0.76301572407892 -1.26270407353826 0.176204015500023 1.24155052172766 3.11432441230447 3.13140409265175 -4.61547056647255 -2.99923138375124 3.00929034889174 -2.92333630112573 0.912989234306168 1.87219708064241 1 1961.48874850365
"1" -0.599254143520218 -1.21881667771672 0.262528650059979 1.27216692912547 3.01113432143079 3.17957849092272 -4.43857936859287 -3.45309473474374 2.96251761440155 -1.90629066998583 0.255827299445636 2.36011142245409 1 1868.44021317696
"1" -0.386593327368055 -1.30120408421372 0.21848768624009 1.45949838665624 3.12253796935722 3.92920606984641 -1.50216535739547 -1.51713537661475 2.78267705838488 -0.795615924395639 0.169492616141385 0.275503159041885 1 1929.96559427531
"1" -0.710753176401144 -0.924816093611356 0.202254390290385 1.12638893282678 3.12349256723956 2.90891433401354 -2.13757384981216 -2.60271123623099 3.05671406499395 -1.94564000778045 0.678250108355477 1.0808057344802 1 1955.7149378276
"1" -0.510110155863538 -1.25868515378287 0.221226997370812 0.784749362788331 3.15751831855765 2.48874434866924 -4.06776638387793 -2.37946678347297 2.82517996170693 -1.95095954208213 1.21403540882775 -1.1093095915932 1 1936.07414468125
"1" -1.10447165300936 -0.712955136937913 0.621569706741678 0.989614117028841 2.09967539460363 3.18503933267292 -2.91876970293795 -2.29541084139023 3.58226634463783 -1.78149425771938 0.570837826647744 -1.11545192329557 1 1861.15529572024
"1" -3.14915694090844 -1.306513899173 1.15311317954307 1.01559993365144 2.48396537736596 3.02772912968077 1.83871475727239 -17.785830245928 -5.21851828061793 -2.70637441293306 3.00595347436551 -14.0229799576717 1 2337.50418654138
"1" -0.53666162945041 -1.07317990479889 0.192973899346185 1.20828847521329 3.14214747674147 3.00327277886285 -4.62417754293038 -3.94240917224177 2.86086714530081 -3.0589261704728 1.50888445120342 1.34759685406013 1 2080.05275781959
"1" -0.886115711192974 -1.11541586657586 0.223360312042605 0.878286536808755 3.15912440784264 2.84745972833375 -3.26954608196033 -3.36177051552216 3.11704151449444 -1.58732424796616 0.315840269863371 -1.27843465167889 1 1840.8692400558
"1" -0.693216476792399 -1.16881216997251 0.219223591705113 1.65841363615925 2.93705125903567 3.84965734404259 -1.4709517948104 -1.62479049869899 2.99670885431751 -0.549933743333627 0.0214992644349082 0.13151728857554 1 1886.81336873151
"1" -1.06482471722949 -1.38090656544192 0.282736907484623 1.49818266118604 3.16272275386045 3.50393121883386 -9.48946498069857 -7.58798877503537 3.19110319522144 -1.51832512843387 0.383023151302268 -5.3487239199298 1 1812.4352527952
"1" -0.960057637675182 -0.896948719800888 0.490222841215263 0.665505240738546 2.41509818431488 3.36601274572708 -4.62933238503999 -4.13484815838037 3.38801550023952 -1.15463184681531 1.46902583577214 -4.57279197031058 1 1882.01424407977
"1" -0.425382983963448 -1.23474440650701 0.225141667963531 1.20145598635887 3.20638091138234 3.17443251340721 -2.168030841193 -1.52670282440455 2.70943697238118 -1.34208926755897 0.666071097851315 -0.508547100450762 1 2056.32419121967
"1" -0.511049664812594 -1.18896627446215 0.155003096978848 1.06070206133384 3.0491209823434 2.82334531569614 -3.21673832682977 -2.32055072123936 2.96510933016956 -2.05937952533043 0.794954854832363 -2.01684907765818 1 2055.71411281307
"1" -0.721832396006699 -1.24756648197232 0.168820968981572 1.54544409515054 3.21066955480167 3.67788721933024 -7.65755365007451 -7.38961682493799 3.02610241908779 0.298762250142358 3.37683385480848 7.28633624942412 1 1828.70051111656
"1" -0.565610931177363 -1.37183082852369 0.231674799295735 1.6189352662191 3.19998981739338 3.55741573341604 -2.38537375369883 -1.64374460476687 2.84727328226598 -1.23674436514191 0.836454483850064 1.37915955568323 1 1832.7831606056
"1" -1.78123790848918 -1.27056537628298 1.13985472132634 1.05619512948325 3.07881555602563 3.07259461595764 -1.24873039368843 -6.26315972241272 -0.908122232278128 -1.32112113260734 7.12904874611998 -5.93513916881452 0 2400.42172856707
"1" -0.735980158611209 -0.84535812051158 0.666276234422647 0.673487773848212 2.09400362171421 2.75720795278766 -2.53975659103495 -3.1551848530113 3.23113435323955 -0.494952837542531 -0.1191207002842 -0.0588783897079552 1 1787.07310706587
"1" -1.81026766525954 -1.36136636251763 0.887150746225087 1.09450832714906 2.53263730073719 2.90173542644524 -1.0253158890075 -9.30960568194021 -5.76959657918162 -2.23858707900312 1.49851962984333 3.84679543415728 0 2337.11643212061
"1" -0.473459740027325 -1.19185591501252 0.222798195293098 1.45233399726877 2.97474248039334 3.05830428711843 -2.13664827908434 -1.80239034994521 2.84261518212572 -1.2280433796714 0.14078894947245 0.189293466584156 1 1924.57395751246
"1" -0.417133615378085 -0.970014642410521 0.208114098280924 1.05038876828382 3.0585440842052 2.94954113713464 -3.36106493482787 -2.09250379867008 2.84624552119678 -1.52923325571247 1.04585918199623 0.339410094034765 1 1989.5930534743
"1" -12.2034122646305 -1.53230737112752 1.32048639427129 1.38015158580002 2.7239662914226 3.19419268449929 7.60671814936774 -6.07491835179284 -4.43023726469446 -1.99939302852439 -5.31696914801957 6.43059295806201 0 2006.85328476881
"1" -1.50410096176927 -1.36698257060107 1.0525563933187 1.27107164105728 2.8633580963086 3.22234835813859 -5.73200600269413 -2.86642102647189 -1.05023309357806 -1.69831163485396 7.59272041301631 5.76281222264928 1 2456.66894623928
"1" -0.510981083713128 -1.3163732560042 0.25788368024192 1.15733314351226 3.29706011873964 3.4287973111441 -2.85487834450104 -2.63740815088887 2.77087775290013 -1.49571381707451 0.817292373642142 -2.49098494725485 1 1913.02166520402
"1" -0.912263846199836 -1.48980679766505 0.185424751057727 0.971171309463896 3.30177462633283 2.93393815815917 -6.77721700006053 -5.54518337363747 3.0701845285845 -2.9774332071471 1.40851365791743 -3.85332423443314 1 1758.78439228597
"1" -0.607913655555236 -1.08657067575246 0.218123210672115 1.15909277037961 2.9568292404156 3.00545602928869 -1.97436609043036 -1.79484178083169 2.93813387843818 -1.05448436820597 0.761352901930938 0.259795350332143 1 1981.72102724424
"1" -1.36163624642901 -1.22061210385639 0.115109538909188 0.991695445487524 3.66874721568739 2.61238544369983 -9.61898791752912 -6.25216283372058 3.42290971299258 -8.34839307945489 -6.17321935524988 6.91761735170815 1 1950.6730820724
"1" -0.378162015813601 -1.37231173906571 0.255858445904261 1.24111665354599 3.2274769588711 3.11955952819882 -1.72497710555463 -2.3062237431384 2.75299977521641 -1.38727122401089 0.156494350211886 -0.768861395012249 1 2045.26008844957
"1" -0.580237378501219 -1.21645725395622 0.227055904545689 1.14056007906723 3.0579012907829 2.95565938150921 -2.86536933083065 -1.73861987961796 2.87532941775557 -1.63472856393392 0.751927437762739 0.198121312356081 1 1935.71882334254
"1" -0.389242474956904 -1.12930343637576 0.296122213285844 1.73355414067205 2.9699637943081 3.32862468578887 -1.93384687011441 -1.51152648140169 2.79661957194903 -0.613194616562081 0.210407619363987 0.115821339979344 1 1900.7079916418
"1" -0.683543437346569 -1.05987293028393 0.261141234085104 0.802453025480373 2.95271605239856 2.84163458659706 -3.39065103755865 -2.64688129754874 3.03836627990063 -1.86690618616076 0.555867152558049 -1.22455714229327 1 2005.39605814916
"1" -1.63065213146935 -1.32482218172828 1.02894657476943 1.37994829481939 3.00003936540299 3.30195649310104 -13.2520891726768 -11.5054283022471 -0.988119516468209 -1.48685629636047 2.91401258633368 -8.50591618440148 1 2397.80012552903
"1" -12.0839144019966 -1.44234050112707 1.23848854066693 1.21778717831028 2.75975197132371 2.97146206327608 7.605993295768 -6.15244182908041 -5.5419776889706 -8.15379186490194 -7.75492491558285 4.58492647137075 1 2150.24475308868
"1" -0.528453965967069 -0.837477319331559 0.70627388458717 1.13104716038346 1.60972666915124 3.11417610365917 -1.98893025704128 -2.12277207202707 3.16540335364107 -0.886172556630577 0.279554635337455 -0.127843824536651 1 1849.27763350594
"1" -0.544078227160375 -1.11859138502842 0.575123453522623 1.34372802209215 2.16869045010082 3.55760703868339 -4.28656884007277 -2.63035172058171 3.00883618382744 -0.366133807587729 1.2070034233638 0.466147934411707 1 1788.72965833906
"1" -0.538518729207929 -1.10836837626646 0.425585097428832 0.934317183770313 2.52921926925947 2.76942349876316 -5.97155114003406 -4.07916186784735 2.96881345754618 -2.18873874816749 -0.220331535513495 0.670613699973615 1 1806.78238241834
"1" -8.30677596460312 -1.37632932954524 1.0971995804871 0.974120573546739 2.85201764337581 2.68780845981012 5.41569435547172 -9.77068724295983 -18.7069626185084 -8.97870404877351 -9.86184822036135 -6.14022175985833 1 2146.64436334917
"1" -11.8539830415184 -1.38907822554253 1.32362891464563 1.63391488224422 2.86326744110236 4.16061216947605 7.42720934093106 -5.88277889580863 -1.56107185539 -0.879986283720359 -3.51347121164446 -0.440530437071935 0 2220.4786786065
"1" -1.1470886904783 -1.33854725650586 0.584630128874803 1.2937249938026 2.04630039701517 3.68812554590154 -1.60990220329491 -1.53359428312849 3.49848043058899 -0.591898105363088 0.371108703825201 -0.041551198215035 1 1724.98696170972
"1" -0.468863745570681 -1.0576679053247 0.29435232183751 1.04341691577249 3.02467604050128 3.15566163341365 -1.83241359353531 -1.73716361118084 2.90991189715932 -1.00633562031578 0.611123276949627 -0.0627874591684537 1 1984.03166659406
"1" -1.2918395186965 -1.21978203333265 0.18776941592494 0.964666886728196 3.44481449444395 2.66537609854901 -15.3820086445883 -10.0098914559034 3.42075100045181 -5.79136532316399 6.46047911623693 9.07460040573438 1 1926.40747244555
"1" -0.765327254012265 -1.04544204342159 0.371899676905262 1.5515326278967 2.94526578810887 3.38147254092534 -2.02653252622809 -1.84214720204676 3.12006639977274 -1.21570086746821 0.417465909521266 0.0515715687015683 1 1807.61036350045
"1" -0.506958433865033 -0.921994697938602 0.359197016308099 1.34545537240405 2.86736176579988 3.35067085240571 -2.11036839114956 -1.5807820513432 2.95822818718814 -1.19711599035089 0.20976044669364 0.32294127373056 1 1878.90279373944
"1" -0.843775545122436 -0.974101927609824 0.635209956478414 1.19177360943674 1.94137538652756 3.221102645902 -1.95594859562491 -1.8325892819568 3.34267948299624 -1.27386826873472 -0.236014570785048 -0.0912534990167998 1 1886.4272418949
"1" -1.40132201889389 -0.419993122606086 0.645771916324221 0.212906899708941 2.78480170616645 3.3051857935598 -0.928141953702096 -1.81906928536418 -0.0895626296235232 2.70684775067343 0.136801706519384 0.0234682920860095 1 1854.85341539141
"1" -1.87463289180976 -1.48769706679384 1.20538047841231 1.31206984317517 3.22410474810337 3.57105073421038 -3.63724020296489 -3.50678784950106 -1.58395986054553 -0.752311305734142 6.82610384761322 -6.79771006295299 1 2149.90451458023
"1" -0.395069317335288 -1.0753969865632 0.200121565973659 1.18055896900957 3.12962380214832 3.10409185337991 -2.16667952990104 -1.7676065436837 2.80232711052053 -0.952042807595581 0.470528081274146 -0.041161028581091 1 2121.28396330939
"1" -0.735366648836497 -1.22790274122661 0.448983318443808 1.41819808153545 2.72176385170859 3.67587109955555 -1.60891905945134 -1.26341632922758 3.05506307746034 -0.674878001078497 0.309235347169914 -0.0290535620714888 1 1783.96003910562
"1" -1.57713999975194 -1.42146035058945 0.975231712972851 1.28895958544709 2.79504704250076 3.31640396139111 -4.16743558808325 -2.07669195862133 -2.13796187964863 -1.2683552633332 6.99459623358979 6.9147872440754 1 2387.29751517121
"1" -0.314198937524242 -1.079241758151 0.241201324336906 0.893503552611977 2.92999868955498 2.87364367932747 -3.1223368870679 -2.80871416935536 2.72382068347727 -1.78918216514131 0.0745207377069597 -0.47783923218367 1 2027.93838645521
"1" -12.2953364718791 -1.40059398570433 1.14767179990816 1.12866804797915 2.74402270887697 3.13873548469624 7.62675641857287 -9.59601655994885 -7.0877727217131 -11.5502402308901 -8.96641270917387 -2.99265469460002 1 2138.40847714631
"1" -0.424252096954971 -1.25877488212609 0.173591458649785 1.5488694387802 3.0925167704977 3.83386345135605 -1.86972959223196 -1.52749111897262 2.80641753777579 -0.650146896716582 0.334117052032979 0.258081241923718 1 2135.39685160314
"1" -0.464816546390633 -1.37721521148021 0.357715665688135 1.39523588793759 2.77785575799858 3.49672277359108 -1.36714590935996 -1.16507398873606 2.85137467386229 -0.760237283310447 0.273831109055732 0.185431547316715 1 1798.52066637617
"1" -1.99364477929166 -1.63893135219755 0.850004433830703 1.17320708923396 2.29163161618124 3.01909479161601 -0.706695248452055 -4.66681803092025 -12.5557661091107 -16.4512391469091 -4.70264382249051 -8.9865747423548 1 2074.3914052391
"1" -1.72796051997803 -1.28117276011972 1.04275844643546 1.42384105494824 2.79552265493054 3.43748370138124 -13.3712272826214 -11.8156041849453 -1.01165649576249 -3.52559434610021 0.170894480198887 -6.54114447720962 1 2371.26309135575
"1" -0.633549433849245 -0.668316405768279 0.300045798160556 1.57572021055721 2.89418245583926 3.92003441156859 -0.990363758205689 -1.31148575242937 3.16452236598499 -0.319619979665989 0.190660623609358 0.248236547736745 1 1983.08437022078
"1" -0.819484589067214 -1.32719853993714 0.199076741264926 1.4490829534717 3.28684616447859 3.62011319037565 -1.36465044670464 -1.50254112101731 3.00770255222404 -0.652876149947856 0.13855216481975 0.453301425145519 1 1765.01440726822
"1" -0.375548846893928 -1.35593372637885 0.241259897669732 1.36236131471285 3.03613000066989 3.43724051366331 -1.78362142028515 -1.75217951604171 2.7222386010101 -0.9993679393154 0.272850858442764 -0.601407706929988 1 1969.07272167979
"1" -1.82890160847095 -1.39055145777369 1.44479465970218 1.09842035205225 3.1647661390898 3.05100384986293 -0.924614145608733 -3.81812054453299 -0.821581905471734 -4.02563729511196 -10.968535967398 -7.14995827953325 1 2370.00570794234
