"1" -0.270983231353908 -1.31386011116328 0.45726907702081 2.28968434016786 2.83697480104322 4.47289883368728 -1.72524366939853 -1.6200780826087 2.84766130363495 -0.919869017054273 -0.0856822583615221 0.0513116027317282 1 152.708778264092
"1" -12.584752595769 -1.1489516005007 2.7269931400095 1.36227883863929 5.46459918743113 3.01324611023859 7.85050081030139 -9.83605245783344 1.20274921025259 -21.275890672118 -8.75768566944801 0.130691685580674 1 198.534117980406
"1" -1.45388478494326 -1.28457012295359 1.22842845756331 1.48857978636699 2.86611160890541 3.24555846827508 -10.8034879816274 -10.3957179067065 -8.51535450756763 -3.52282774675692 -2.86156790761797 -1.19961778167349 0 212.540204760135
"1" -0.696133788131323 -1.13244815724073 0.446232367043699 1.49918042528432 2.73732374524218 3.71072683442802 -6.18735851494417 -8.85307710732538 3.13518730124168 -2.97789764572621 -3.10718674722623 0.48146634189113 1 138.487617672442
"1" -0.444150645330599 -0.794006677412417 0.410355375096748 2.10666300054394 2.47256446330704 4.15804563903229 -2.64173731730129 -3.15629299668068 2.96078734401775 -0.704778104701443 2.37402912390419 0.848900401685342 1 166.136893740103
"1" -1.75402705661293 -1.41828286133267 1.10143564292009 0.81703687615241 4.39631269566815 3.40057295503859 -13.3047225899681 -14.2300684971644 -3.07117316581684 -1.53836483173207 -5.8539518285022 5.54739871267648 0 182.984746036099
"1" -0.389689393821028 -1.54747011570942 -0.179002437598528 4.03006107226802 3.99708310204383 8.55447819069638 -3.56485984373762 -0.782969774285041 2.68232737654773 1.42901734396987 6.35850355018703 -8.83634167715894 1 181.368934528015
"1" -6.31946483670151 -1.2074141999133 1.04079397048759 1.0967154689983 3.61449007745524 2.34843936901587 4.24304213765669 -3.91356903521211 -6.25922971273941 -13.491756593393 -9.91149979538018 -1.09975408315002 1 173.866692892741
"1" -1.61163938282195 -0.311406325147452 1.80757786314895 -0.110459182410568 3.83027898869726 3.60603021722856 -0.752989702120119 -1.40930881878156 -1.23761847567426 2.56439535236663 -0.246018675872224 0.181213995270276 1 168.839167943615
"1" -1.15515817894723 -1.30315419167452 0.400819916097066 0.194072061590595 2.42900044676436 3.47477617807523 -2.99923058318256 0.0989686556390052 3.41745634341223 0.477640293054829 0.855545557862069 -1.05347947778858 1 121.630008985478
"1" -12.5161424089824 -1.23579335908692 1.05592467800177 0.8986694413498 2.08323075044463 3.69425671275046 7.86230443128112 -5.92990282335721 -9.30058511908022 -1.67170116428673 -7.3633899204131 0.363759258946349 1 184.340377481813
"1" -0.44852654631375 -0.786921587772412 0.444902342353584 0.833410766469397 2.35442348396504 3.06014333341037 -0.932256631487912 -2.02592017595461 3.07962436534799 -0.217554791660705 -0.160910693993762 -0.0431890954550844 1 158.917552371559
"1" -2.74440218195235 0.914099996885664 2.22149328522529 -0.0799969281445829 3.59648579424647 3.3732408198685 -0.18714335606485 -1.47950179610592 -0.982010030227612 2.00785766178804 0.299554313475221 0.736203091539186 1 175.929866126929
"1" -0.315983732927784 -1.10370168358332 0.45542866174121 1.94949429851754 2.37698074292537 4.89813572462939 -1.03401525328145 -1.09837748477064 2.95790277529924 -1.09073127271638 -0.0133824369203889 -0.0112809550368484 1 160.244004221279
"1" -0.493394743395345 0.418614586768253 -0.00301706518718692 0.248119214949391 2.84918489558688 3.73797450308826 -0.700028048678521 -1.40063042406124 1.10335700327816 2.33478003799996 0.918972643655255 0.375403472230118 1 204.275236410165
"1" -1.78594409407684 -1.54263695000009 1.64063900631041 1.18824725219392 3.84774486326747 2.95725749127803 -9.18471395230524 -14.2750491674472 -5.967971323088 -11.4813203619649 -7.19811756778837 -0.316536799407977 0 178.02301315489
"1" -0.367600395155863 -1.36369040748343 0.00423492866546682 1.62649265737751 3.44130293112996 4.50016385100315 -4.68008898571126 -6.78772502842252 2.62356674871464 0.181338941945371 3.30085380247055 -7.31525774486058 1 189.609454289711
"1" -1.85834336903716 -1.80696608167587 0.708229047020735 1.10659059883873 3.08481463287487 2.98989180790661 -12.2557085447335 -9.90728191391817 -6.26173876327451 -10.3726966194282 -7.17510122158528 -2.93127115930909 1 157.181438935307
"1" -0.754609091282091 -1.42497665077126 0.452413507294844 0.681908455793862 2.34575858402704 2.18809179404916 -2.13528671478122 -3.8962035720599 3.21369908266886 -2.4585749411738 -2.32565245103694 0.130505678926908 1 100.585790768178
"1" -0.106153264495955 -0.812955833763864 0.22392352888876 1.03094391570597 3.38663534162251 4.13893540981073 -1.88423799994779 -1.09931348784498 2.53441837703579 -0.548300774847044 -0.235574966031171 0.0621129995175875 1 190.161364246544
"1" -12.3997392795344 -1.17651683956984 7.47773064373287 1.13055053372122 16.4547609257713 3.68308468850888 7.83132788722821 -6.01433431972039 2.89252815350385 -0.588176803013393 -5.11582906611448 6.67236241624544 0 187.937935935976
"1" -2.24174299783314 -0.0466652738090314 0.933479315856273 0.212618165255204 3.49625920797719 3.07608950009723 -0.0806657805571903 -0.96621758334151 -0.649700428445434 2.40502916868583 -0.155587380560231 0.273372959401746 1 170.879452528632
"1" -1.67119811038486 0.0261962630982205 0.869951876356397 0.130966581968008 3.08678057673045 3.42850249719789 -0.067414385080665 -0.980350954926119 -0.464511989831858 2.32875521115765 -0.281751398942254 0.16810390099986 1 202.624909187477
"1" -1.62721508342636 -0.368302216224922 1.15181597058147 0.431414635457738 3.10918246492725 2.3215533707476 -1.12232599129729 -2.02267197940196 -0.993862016232986 2.89802185685989 -0.266046439226517 0.46049563467082 1 143.445174536818
"1" -14.0474773415438 -1.1228697218747 2.07889313093682 1.51496637540636 7.38367848350466 3.63929080169392 8.15431671787586 -6.42249006562126 -14.2769934856281 -2.13004783781 -5.15995349093103 -0.759328626776012 0 158.271239280999
"1" -1.59331072896182 -0.373757799806212 0.502913489098179 0.326321284170559 4.47819707288972 3.25360507002495 -0.894754675566844 -0.896015683913594 -0.962338486836419 2.79231066954192 -0.156471212610742 0.114620158526398 1 150.04807676126
"1" -0.516897591984007 -1.44144571843096 -0.0511544829892993 2.28223346311241 3.66674477285845 4.45943037011506 -1.64254854851236 -1.60842965669893 2.6687636979332 -0.982071354622763 0.941248024531034 -0.495256529991856 1 127.254993569295
"1" 0.410618113956086 -0.164126476525159 0.145332367312938 -0.125062707061266 2.77081675101808 3.97980374616221 -1.22822105589928 -1.32231602243952 2.66304169084282 2.92809438363453 0.215929821573584 -0.612844133843121 1 100.911018156188
"1" -1.64583755440386 -10.2167583070069 0.855706042772214 1.42531328446444 2.23083749338277 2.86395963832754 -4.59117803442666 7.18790583324054 -24.0659315363759 -16.6371015222581 -9.90217247468741 0.359768438569381 1 163.916155055694
"1" -0.282575572626918 -0.68501370366633 0.464384705857255 1.00463792698121 2.665103734449 3.38655059549512 -1.73988863714343 -2.19014752312664 2.97132344353522 -0.682921757511897 0.0863081247355773 0.047079654084586 1 176.180338847794
"1" -0.803443462780442 -1.38443617041984 0.533355444592606 0.939470390275435 2.40213342183758 3.5704566649411 -1.61771060471653 -1.30087283921549 3.34914392418653 -0.406355404177772 0.0335165862851755 0.352295896374853 1 136.446393446783
"1" -2.10996656433028 -1.47848425561757 1.38370333088548 0.846290696432666 2.95247432741546 3.57449429979899 -2.1662905990867 -3.12970766829632 -1.83486971936431 -1.54847642397487 5.43676830631313 5.15563221092004 0 167.38423732121
"1" 0.328493769101671 -0.683418229346463 0.446927441784866 1.40671783590584 2.45453781042145 3.05689010572797 -2.49645368901368 -3.00505842463109 2.61759329328648 -0.572266507569579 -0.162310569261558 0.139949250988207 1 187.593590095047
"1" -12.2073181640967 -1.41348263168391 1.01457547359431 0.958822532045408 3.22222450547233 3.04398858519503 7.78625579776925 -6.0810338903983 -11.6926402320812 -2.18006203536825 -5.0885311914625 1.24716488632073 0 184.54684523218
"1" -1.8136606229335 -1.41022494157534 1.08709010205626 2.75671297702846 2.33132030330939 7.88011154450254 -11.1469753527607 -15.7476022193529 -11.0649845881367 -2.08552970737952 -6.61317271089176 -0.368588817182547 0 173.984548925696
"1" -12.9141809034051 -1.59972785234661 2.60882557624134 1.19766353444723 5.30855810908591 3.06607657313613 7.93105466333705 -6.39864493119506 -16.6420355953733 -3.61742977217929 -6.14259124058589 0.0572213644811784 0 146.358851100298
"1" -1.58216734123569 -0.272073761169738 0.958911462662966 -0.118739751728716 2.66535640192995 3.99672518649216 -0.653273158095232 -1.75223525377556 -0.455513954186707 2.4500716903173 -0.0999075958493724 0.219733974731328 1 158.131615090757
"1" -1.63753537572552 -1.39740845974257 1.00649838851 1.75418810337438 3.32106825046549 3.92246106418693 -3.84544170459274 -4.08482444768203 -2.7660221366191 -4.40485756203617 7.75994907371469 3.70783208626727 1 193.16980563855
"1" -12.8656585248561 -1.62131781737143 1.32733744157406 2.35241845040995 2.44919155091756 5.47331102198083 7.88418614754681 -7.39586242826891 -7.61582741404693 -4.80907925473742 -8.65898715980954 -0.294760800098929 1 134.915811128668
"1" -12.5615570513908 -1.20660021203439 1.54457105168476 1.39762738454147 4.16892488452028 3.64724267120701 7.8638818125219 -6.00213121599147 -15.1131507595388 -1.37348592496207 -5.1724690052729 0.570914803282889 0 185.54931886998
"1" -1.29538870699046 -1.05041275115622 1.15461287642434 1.94711500798762 3.3535295444004 4.66809980390761 -2.22572345511117 -1.50713069904805 -0.924861996160859 -0.831405119636375 5.92137390229857 7.61329234968853 1 236.414369998094
"1" -0.955452225422918 -1.55779601428205 0.133859482546262 0.747029649951364 3.50546081134304 2.42554428718276 -24.8955844296702 -14.0220568568696 2.97076044338911 -12.1421305409232 -5.39628905505694 3.50388191244949 1 152.916254016102
"1" -0.443620584846327 -1.43060224200382 0.420094050137552 0.33458715178442 2.65820378798723 1.70457229027488 -3.45069831489789 -4.1555375490021 2.93019748270827 -2.42157384360204 -2.85792760896741 -0.238486871038459 1 137.203986566139
"1" -0.73384394641537 -1.07250207035456 0.419645011913994 1.31929563848548 2.58475106414201 3.31377719332897 -3.2193987713102 -4.06423866155031 3.21117132015929 -1.48107916728641 2.00776239300832 1.71939509879827 1 134.438501756715
"1" -1.85350701059285 -2.05273423909856 1.60407912203289 1.90935801031432 3.26914978699693 4.14551780034716 -9.82586593065715 -3.54338730695407 -6.27193216713983 -3.62987713646234 -8.78321664838603 1.44679898720156 1 147.65875505388
"1" -1.0594541443407 -1.35976642118241 0.217429432804032 1.98275048001067 3.35358995413592 3.94247150758513 -2.12341990176719 -3.00501522066432 3.12189176340609 -0.771066488501729 -0.475083095058572 0.166426842173379 1 154.964149337335
"1" -1.21751428251741 -0.98726905410762 0.980575248704183 1.58471336193899 3.31128122501158 3.62066670504064 -3.93459378981096 -1.79611019634445 -2.15244417975506 -12.7321083643405 -5.06367235782596 -0.889398503197814 0 247.384225585039
"1" -0.810565172728393 -0.102797232057438 0.360878319406697 0.124000752589113 2.42941973528098 3.52935256754058 -0.99053770650624 -1.40483546097395 0.787045550721969 2.53439706564328 0.106734855016191 0.0147085717181706 1 202.290823766306
"1" -2.7479548248371 -0.504733655916214 1.06550077928937 0.448564085473339 2.35936922819039 2.97958189130066 1.1230688774188 -1.84151519223783 -2.89588860572903 2.81388487597608 -0.938282596853755 0.142537353933293 1 115.373790576883
"1" -1.90563142296753 -0.436964559142825 1.06356478079165 -0.0717370035046221 3.83950131321013 4.05751958999431 -0.00422954816817322 -2.36355414617071 -1.44889913675855 2.38937146648554 -0.758670768564032 0.0830333394531336 1 175.367028846381
"1" -2.16459228401729 -0.21173789048454 2.5252019982883 0.141205043320065 3.39011041329719 3.4462863941681 -0.0753021415333195 -1.03064515683737 -1.12810014530605 2.39993216852384 -0.153973307069288 0.191292178478221 1 159.96359452678
"1" -10.4629311983106 -9.4464453987568 1.13804888787908 1.70045097980214 3.92050355171031 3.35433957080639 7.1261069224737 6.22262273626552 -11.5349601237807 -0.300549387428667 -10.0903999662477 0.40908966011327 1 142.503738143658
"1" -1.85250154846274 -1.44464042798715 4.92567346137132 3.70998123417106 12.8459788193758 9.6088653878925 0.125567299393621 0.136253205810933 2.49650409577242 2.17002316942812 5.3256200182206 -7.00441825656186 1 159.923095397776
"1" -1.44181936660654 -1.23077898990521 1.35771559762467 2.67406539087422 4.15877299145905 6.02347736548291 -8.64424878496487 -8.49463946636808 -0.487018532206595 0.32083684561752 4.36094016696855 -8.99522754112609 1 214.965828443356
"1" -5.23354310925667 -1.19732027096792 0.8647546304528 0.846443984487149 1.9634322347414 3.26282720344988 3.53162459412437 -19.1933843170383 -12.5937382706383 -15.0414119390551 -11.2090014150117 1.78575314472735 1 172.852517222677
"1" -10.3283625284734 -1.26729084343171 1.53687838854865 1.70915892673806 3.17429424644579 3.56685472580107 6.77101688195821 -11.6800774162109 -9.84165122302942 -10.366999896779 -3.52927359613401 9.67844201192398 1 198.362245487068
"1" -6.04525829596456 -0.970252158724658 1.05097868399193 0.827851602216282 3.49071865464344 3.07913352305705 4.44026595896937 -3.1343362305381 -15.0020722086968 -1.10135512805545 -10.6830482716374 -0.864369458777162 1 204.821726157948
"1" -1.71881526869179 -0.110332855685716 0.908189334389253 -0.0545269251309136 3.88864170990889 3.70181628596564 -0.919893334251002 -1.52125691968362 -0.757825314457651 2.31499597626709 -0.308581941856655 -0.034720866749442 1 178.842271728449
"1" -1.79617294232987 -1.47257779010567 1.14177676686757 1.294252067844 1.89833510804515 3.11824675238386 -17.5799640324743 -9.81424589074821 -1.28003315907275 -2.83307241743149 -6.65779589530531 6.40043373107128 1 180.884000716261
"1" -13.7580445903552 -1.42447768513136 3.17971510295358 1.7394752561979 5.96756939748916 3.328457775623 8.07176813103213 -6.48271201357989 -2.55159605561051 -32.0744021559497 -6.61588627770551 0.209934535695829 0 137.04030742417
"1" -1.78938712214875 -0.573011644515687 1.01115505303881 -0.0707656550311101 3.16335088260791 4.01266791611398 -0.563156759092734 -1.22226207880704 -0.632622142273384 2.50933345552563 -0.0743155624601917 0.12577691924139 1 149.926228637004
"1" -1.62406033136435 -1.43327477615501 0.998926185181154 1.15947818973231 2.56501785073792 2.71117007040601 -22.3842491520561 -22.9991249185116 -13.7530548464571 -18.4154330572581 -7.43589396952894 -2.35764760824209 1 192.880545522011
"1" -0.893402134674344 -1.7859157414133 0.420839688342336 1.68618872293376 2.71097906459615 3.62533868190541 -0.948182343856388 -1.48955472941327 3.2046909670972 -0.583494544705357 -0.468607040366495 0.0798936726233067 1 91.3510932056113
"1" -1.79622435318593 -0.295161210166545 0.960897049875163 0.422580065402774 3.3802913462235 2.69239026021894 -0.228977665979949 -1.21751165595426 -0.570977094181251 2.79550260221116 -0.114062701765647 0.012756436313026 1 157.850393564086
"1" -2.00459520400235 -1.44504260945266 0.854506078580758 1.84196981706475 2.12187980548259 3.31009614014814 -7.30349272051354 -14.8793051125675 -5.99651805322309 -6.17887493765851 -8.63483476146912 -0.955773455986112 1 171.848018196461
"1" -11.1458713835879 -0.710581284675624 2.40107774352934 -0.611201132541747 5.51802687685102 1.43960874121066 7.23071137423934 -16.6691775664868 -1.65824925337662 -10.1869943726367 -10.3947565233701 1.32917720644784 1 131.533672371989
"1" -1.48602021511856 -0.15959589467331 1.58588015104615 0.444811170166577 2.63884117623755 2.38431395959836 -1.55290945699305 -1.12871466353232 -0.429446496975523 2.79355077135715 -0.320869274179241 0.0627121047813098 1 176.273678505469
"1" -1.82183212371731 -1.9962769557689 1.18329824323351 0.847472947976436 2.55040771791986 3.34951109716392 -5.09617785235149 -5.0577604175876 -4.22348762997369 -4.67395282520993 -4.10966782228712 0.640821933731728 0 151.552207114056
"1" -1.60422038345961 -0.313512377100694 0.949650198810201 0.45264759549617 4.01167328087645 2.75349936874147 -0.648338214412764 -1.12291908205817 -0.863903690966878 2.81309960379664 -0.227457427209144 -0.0155768493615174 1 158.617312405855
"1" -11.0603113374481 -0.780474623629009 1.82823034074305 1.41588561771815 3.91707730467323 3.32779589643463 6.60402947101815 -5.18430046770877 -0.565620910187974 -0.849672742274481 -3.03974184043516 5.83204309018538 0 217.47400762727
"1" -1.4399293280149 -0.0640550902216661 1.35966328554716 -0.0401524911835175 2.94774234071314 3.69826247214762 -0.0771842480828482 -1.1258464013779 -1.12564027031429 2.38776471782308 0.380979775391053 0.149159706711611 1 198.59416632743
"1" 0.0193023243830817 -0.0953179410916117 0.456122210239047 0.951972417476655 2.81572604175002 3.21110494675802 -2.33954300341668 -2.52676315502578 2.8934704425457 -1.09927164228398 0.653576955435774 0.0332982995389215 1 224.644424658791
"1" -1.83672363091 -1.42573835738922 1.16979869461255 1.83280379198931 2.95983395123013 4.10321127339939 -9.70878161136249 -11.5466622406401 -3.32345600197926 -2.68201315784492 -6.45887680726052 -4.26223692894203 1 181.819220509881
"1" -1.28939406555541 -0.824010251601877 1.37769142545382 0.192926932804787 3.21367010619324 3.25663489253556 -2.1676803247281 -2.77770358501139 -1.37569040045483 2.98573884878094 1.42444570516305 1.06811437644282 1 147.759866989584
"1" -1.33159173122725 -1.47937795400458 1.05592053910442 1.31461201218331 2.98215161344126 3.94305742928858 -7.30216452878116 -7.20944672512118 -4.16184906196462 -3.01375053732679 3.73453377344535 -2.7333573728227 0 206.365984999044
"1" -2.06458455174603 -1.46424778122383 1.54220895755785 0.966788038483472 3.44482934906588 3.85632607800982 -2.47199633156892 -1.4723448062945 -0.163286040013418 -0.707317151242117 6.68120450183426 -7.58884272099108 1 173.121150309922
"1" -4.74978519179193 -1.04243054249509 1.42809066664392 1.77818962278548 2.60186711533213 3.8781447002861 3.86428751498135 -13.2385350121262 -16.1624117648491 -5.87019975124412 10.3656901038447 1.25223688211791 1 208.103213961628
"1" -0.403395084845911 -1.36025169033609 0.473774920553799 1.44309122606741 2.91130121349121 3.20470095815241 -2.11283127896703 -1.78775009854977 2.87345520711243 -0.924188619979394 1.90917656795484 -0.812713125249462 1 148.469381352264
"1" -12.7902741154124 -1.1602189672805 1.98294747084067 1.35715263721622 5.5759909998165 3.73716523150099 7.92995635122301 -13.2835775183827 0.853431023677959 -3.68050868845577 -8.5371429144691 4.94050647060177 1 191.442506032748
"1" -0.463417205239667 -1.34498927100776 0.475734755341038 1.06632320173866 2.7403005368945 2.51826759268219 -2.88714480818632 -2.87925390239158 2.93747433244255 -1.02262347201124 1.60760953545459 -1.55478849054015 1 135.535872724581
"1" -0.943378413239701 -0.911321806496028 -0.130089868766708 1.5467320406919 3.72171672251506 4.31809490306383 0.289004385964208 -1.56394357869267 3.10742074330552 -0.70913824690956 -0.955631268937361 0.247177681334953 1 184.025450977329
"1" -0.00171110834567687 -0.691927774944308 0.453285159959828 1.54209856044933 2.58667007099905 3.85333392867757 -2.66031419070854 -1.56009286350295 2.78583566054687 -0.171728840274578 -0.381972138364681 0.0342089734093361 1 181.938486452565
"1" -13.1340880762159 -1.1105295438158 7.29783081054064 1.37938465124409 12.6337113615741 3.275603981706 7.98666868130565 -6.2169471638545 2.92180860034069 -3.49122881703226 -4.96482510609691 6.2610211047933 0 176.77340626571
"1" -1.1004613669202 -1.86855118212797 0.21196155952521 1.57989362512323 3.1723005733638 3.61847389861272 -0.409196257090786 -2.42398734113109 3.13035686605024 -1.39797168386433 -1.68145495791576 0.247469498706712 1 112.216703668517
"1" -1.8819403641115 -1.57358069304485 1.46052738967875 1.60363467478841 3.45803722018006 3.3981696865124 -12.2092041826104 -10.4369400672924 -2.57222193928164 -2.17945071180242 -8.07618980081601 6.25959887461531 1 172.298045253588
"1" -0.183169057671216 -1.38171492798037 0.475779412010529 1.44232078325121 2.40847229778941 3.40745646937495 -3.76106208311138 -1.94409253362773 2.79821953829567 -0.83884112533462 -0.428683159419448 0.00622534880355379 1 157.188142297436
"1" -9.28426925525777 -0.540626757707214 0.647960272379431 1.03132237961979 2.3508219637472 3.03726774454087 8.64830685327251 -12.4065147987701 -14.3549528357812 -33.9298386840862 -17.1083676254536 3.63589996327838 1 188.974303045169
"1" -1.47816802868971 -1.07685293563877 1.31103687415382 1.31421370374464 2.08794108735443 2.40667947887314 -6.60129822468161 -9.23951806731541 -3.64244434710747 -5.55073198330278 -2.18685994755386 -3.03440270412919 0 225.635193222367
"1" -1.58573289564734 -0.4378338708657 -0.0678580307422933 -0.0182970766460357 2.645669349163 3.44632731486265 -0.672965907347493 -1.60650190707591 0.499841136808567 2.67354718878912 -0.115427546714131 0.0476757670553939 1 125.544913582834
"1" -1.54777672127684 -0.975164543749455 1.05486998310871 1.14936948361988 3.56719812746457 3.1289743336271 -12.625757029405 -21.8104806698643 -9.5940957554195 -14.6199555932367 -6.37699918841172 -0.115117601564268 0 227.03823289885
"1" -2.62001034281662 -0.385946273253417 2.3416290602136 0.168449748317451 4.83562538201313 3.27777406756723 -0.258519699628508 -2.57858579003064 -1.75523800712936 2.65129847524016 0.794612081827242 0.576900446791207 1 148.186154745256
"1" -0.651669413081301 -0.952653433031399 0.459616362583687 2.26218729455812 2.34616472941893 4.28554603782391 -1.81454513985245 -1.78555587095979 3.19111534533357 -0.42790769058026 0.73015165681706 -0.247746478113774 1 162.174889282697
"1" -0.213839150892733 0.414990592871802 0.20340427515534 0.148928557443384 3.77544376054429 2.91157380787586 -1.09512499811174 -3.72193640009319 2.88451030872003 2.20868305272673 -0.908708793017995 -0.486920784696234 1 95.2399619412868
"1" -1.09967043952335 -0.468061256587757 1.53820280144294 0.215490857989375 3.81589266128594 3.44656303511267 -0.741942645399528 -1.15906546994359 -1.08895605280671 2.73318728988983 0.403215170190151 0.278384134917621 1 182.682289262721
"1" -1.2060597737957 -0.999790759893267 0.240837686974395 2.89241110744135 2.90264070436338 5.11750413898038 -0.800930733084874 -1.79050011592705 3.64045765725784 1.70301731750261 0.641297925885419 2.42241576953701 1 138.145239427315
"1" -0.575919675508237 -1.04359147295377 0.408413348017027 1.04258731704556 2.5984552117669 3.74240731789944 -1.14065323305208 -1.27437635326661 3.0967104350116 -0.54635702306403 0.802038281579976 0.159235777648606 1 183.43305004432
"1" -7.82994366586629 -0.975678578006564 1.32278639237679 0.843914471491416 2.85011510678652 2.77777997186217 4.8528494392989 -1.07966495303656 -16.3899292947281 -5.29619169240495 -13.1309184522208 -9.45880440349001 1 182.430429777857
"1" -1.59685318412416 -1.68604804735804 1.20598479223044 1.75264841669411 2.65052316053308 3.60701067811652 -1.07892553103066 -0.715120339268334 -14.0298821322519 -14.5426286143954 -7.75767458713472 2.92470825617179 1 205.886813423375
"1" -2.20863387652596 -1.61614552745498 0.897904268909004 1.74059186114462 3.11654206613316 5.19165893033403 -5.95950119627651 -10.5472078154539 -8.40923371768542 -5.83091033732447 7.23799216029213 -2.33433631612201 1 150.644760186428
"1" -1.0731596419916 0.10346806821322 1.64682103304844 0.432903934142141 3.64714888352347 2.76534636968125 -1.07174873743998 -2.14930987260787 -0.883274888254395 2.62735109951964 2.34507917784775 0.817205221007737 1 168.135974606565
