"1" 2.94224080978197 2.65462747760422 2.42820141608171 3.91555494685374 5.04619140787831 10.0289844760918 -0.0272750392680239 -0.52306693825373 -0.351081033965529 -0.0561547485787123 0.199975567552015 -0.578937894406675 0.38818688671317 0.335313290695875 -0.481462324964604 0.136618769009151 1 2840.97373550853
"1" 3.01473430176118 2.57736974031331 2.49705938429866 4.01594166025495 5.12156677011105 9.99530234184208 -0.00904284203116055 -0.51611892397551 -0.45477496493547 -0.13987774566045 0.161654492338887 -0.59563854357231 0.345574084815687 0.352719156228469 -0.449507772654763 0.209367112896514 1 2698.34387848526
"1" 3.02821448057126 2.59788331985824 2.51666765797586 4.11408652972847 5.04445094132196 10.0032177239811 -0.0355438719173431 -0.535537427222208 -0.392090044146257 -0.193194931012117 0.207042330157369 -0.618905840420136 0.313828319670302 0.373027240977064 -0.423673169997292 0.174242188661935 1 3004.57995407166
"1" 2.94933468148358 2.66173020346161 2.51332225544612 4.11402367100245 5.11663500027648 9.93419355625839 -0.062546125694472 -0.554853792163871 -0.413150585369189 -0.0564389587507379 0.259263733332639 -0.622282709677218 0.291888293858423 0.377156187108906 -0.41000055643218 0.141611281668089 1 2921.34171174727
"1" 2.97896776789284 2.61398191187329 2.51927814486597 3.99178038339751 5.02766923131422 9.99468249372734 -0.0175422350401607 -0.521458663185711 -0.380016631308123 -0.078098985148525 0.17878485839742 -0.596979568086694 0.342218777690015 0.355152797671577 -0.448005570800344 0.193522073901645 1 2791.91353483335
"1" 3.00445145933064 2.62468097837761 2.61972184435119 4.06955173214648 5.050443276801 9.93466423829235 -0.0778578530320693 -0.557099739261317 -0.434555232396289 -0.0413530163016271 0.271575647699206 -0.59706974378936 0.322526565455387 0.351930280725028 -0.429750093923304 0.131290707088835 1 2979.93805864344
"1" 3.03626848244568 2.56110413363821 2.39323461464394 3.89702425894966 5.05672740833849 10.0401201146138 -0.00926188231650212 -0.515310621441002 -0.357590641479023 -0.0993356658189194 0.165367362402112 -0.597464214499514 0.360008762051553 0.35344917212746 -0.462353638521126 0.180911989126076 1 2838.30990835813
"1" 2.8390651292571 2.60069807248597 2.42006371227015 3.95228922608668 4.94049155235906 9.920596903339 -0.121621213388546 -0.498662306211687 -0.313981707691333 0.0638327427647568 0.401344556831119 -0.708170107814369 0.410240705479714 0.275491319253888 -0.345838354323853 -0.0788063042472596 1 2742.25875842364
"1" 2.98609968339441 2.61315856797236 2.4857396726731 4.04307675140422 4.95164284482456 9.99881700067461 -0.046692878554686 -0.537647276645841 -0.280191916078199 -0.147894686800146 0.224575686694482 -0.587102340875606 0.349822542518946 0.345419433424243 -0.451112919079185 0.154527256034357 1 2860.96190419891
"1" 2.98793434286867 2.6135935137726 2.63548122034435 3.92019356716614 4.98392733346213 9.99158271605481 -0.022033054940928 -0.52118461891597 -0.40840628612466 -0.00330989065855178 0.173267151020406 -0.572828527011202 0.360831588937558 0.333402226671571 -0.461411112155257 0.211092467872647 1 2875.54671922819
"1" 3.0424788548959 2.58766692405929 2.45373662659134 4.0959147169738 5.04135337699301 9.99483288250819 -0.140340334781606 -0.595623973977876 -0.468077467172584 -0.129573081499184 0.419387997432471 -0.631458113901687 0.290606509884912 0.383498150167133 -0.399110589990942 -0.0806989155642204 1 2926.37500041992
"1" 3.0423323215951 2.57371668224319 2.48742830980596 4.09540925357835 4.98727275098976 9.95801554840926 -0.062171502568616 -0.550580910805848 -0.325616463013959 -0.0901875907405814 0.236405768176861 -0.592464165403511 0.307354258995386 0.349222321171689 -0.419420550519085 0.198999330513008 1 3014.8527737798
"1" 3.04940233483372 2.55486586064412 2.51114485012164 4.0394295711188 4.8374441615925 10.0309552796048 -0.0353740312172282 -0.531566811552543 -0.239705785423381 -0.223480716553181 0.208299451424705 -0.586755950005316 0.356504182571406 0.343938822955626 -0.459197827352825 0.160635362698226 1 2909.63427609892
"1" 3.06185989038107 2.54809425045397 2.47236071919711 4.05208962907715 5.00965828524323 10.0167838546806 -0.00556058099740109 -0.516482460318573 -0.320194989249895 -0.195774959605831 0.163531332814718 -0.610863668275992 0.348449202458336 0.366268573928736 -0.450585590153006 0.179562731708472 1 2968.30382140292
"1" 2.99694606362497 2.62003203881526 2.5575179853005 4.06710245962345 4.97747081611555 9.93356506296339 -0.0589595912745343 -0.546969652586907 -0.330651751902451 0.00125191842642557 0.232297705266269 -0.590720732361927 0.3148856936532 0.34960757130727 -0.427160611702529 0.191183144017951 1 3013.2736562385
"1" 3.06932999942706 2.52867375001792 2.49094742947347 3.84364237079497 4.99273501967481 10.0613617670377 -0.0174677852109515 -0.517793870135444 -0.329905064059671 -0.0983481145655732 0.174118543283796 -0.570002632716991 0.384546736723384 0.329954522176953 -0.481110067520145 0.178723975486114 1 2854.87660894026
"1" 3.08745279241731 2.52495275691579 2.45674575724189 4.02314931543766 5.08166473589466 9.97193103290759 -0.0241699692868722 -0.52805788981831 -0.390296556279596 -0.0487839167297706 0.190373532613959 -0.612177678400729 0.331899401873433 0.367190635395717 -0.440026580594298 0.173611954168409 1 3025.02303579348
"1" 3.10689848306627 2.51503237234458 2.50720487431051 4.04759318396193 5.04854714499198 10.0229441651681 -0.0312744334461826 -0.532327731370521 -0.34949734657383 -0.1840541288785 0.188955217969498 -0.591294792809919 0.334838001246418 0.346926586600695 -0.440424703181842 0.208271294305745 1 3056.24104477168
"1" 3.10429552195791 2.50516839277732 2.59698144898789 4.1447802936854 5.08599457971034 9.95777284662654 -0.049101997302245 -0.545776862454197 -0.462060093836574 -0.128919945454928 0.228448884218024 -0.606571487540628 0.30797721999964 0.360120024412053 -0.417776495507258 0.18505067282185 1 2920.05895189114
"1" 2.99542969339578 2.61134158161332 2.53221354952595 3.92001362268577 5.03969839843056 10.0175980627137 -0.0188815848786565 -0.518175767786444 -0.398779528054229 -0.0728853011393841 0.16950163280375 -0.573131643882782 0.373491591210082 0.331926579616772 -0.472248178892856 0.195933349844899 1 2944.52850164777
"1" 3.01103883372404 2.60115288930199 2.60144109858178 3.96271541957051 5.00437194569198 9.98770800649499 -0.0343593743297542 -0.529663839586696 -0.393370668529724 -0.0306782227179258 0.191328540439602 -0.585680418707427 0.341656120770432 0.34668185265882 -0.44767566991564 0.198953716228583 1 2985.65430757135
"1" 3.11576400062764 2.48122138464872 2.53941286317343 4.06544504385184 4.99589374728901 9.95728787454654 -0.047036769712463 -0.543501183321385 -0.365649427253289 -0.0858723285745089 0.252348919550821 -0.606926895682946 0.353376865128607 0.365015471238876 -0.454904252762864 0.0809874396547887 1 2874.26010480635
"1" 3.05549138719005 2.52912446883732 2.5488647573054 4.00224740100276 4.92973570043541 10.014070305704 -0.0625412993399153 -0.547274296478426 -0.287786167331208 -0.152725246215461 0.263115448533518 -0.583975178579596 0.349981407481061 0.342617403666717 -0.451826122644139 0.117136566102135 1 2787.69208756422
"1" 2.98534219827488 2.61355859620828 2.52119725566349 4.04921705274181 5.0670358967601 9.93237389020402 -0.023154959534682 -0.525054076397482 -0.397732546160896 0.000279999066990597 0.18607000138333 -0.59482363112454 0.343201201798649 0.353363484214779 -0.447170701720371 0.189435842491584 1 2856.0942679745
"1" 3.03694150142413 2.58059238062417 2.48360690902708 4.03499351841356 4.94718488580735 9.9502302560667 -0.0425437352841945 -0.540469082430308 -0.292003207937793 -0.0259291596943407 0.227548547000765 -0.622880280123563 0.314784243939083 0.379156948492809 -0.427090391147456 0.139348823824544 1 3009.75352406998
"1" 2.97458377550344 2.62655254384006 2.49633147562341 4.05183694873248 4.97278814997388 10.0064703303859 -0.0499840679564007 -0.5394399247363 -0.315450037693744 -0.148944750100174 0.234337846452169 -0.595457554408913 0.346842806686421 0.354877690537319 -0.44809926233311 0.132987616455099 1 2856.91445122159
"1" 2.95850001518681 2.63736469003561 2.47163964022925 3.95253381884023 5.01574973169027 10.0383074041325 -0.0118314928779689 -0.516798967581634 -0.315933964193103 -0.149179459748012 0.1743395972678 -0.600023013311032 0.357159383294657 0.357575488151739 -0.457475637191162 0.172456752830213 1 2808.06690755063
"1" 2.96851849336192 2.62756496841984 2.54567644802118 4.06179697629219 5.09173762846578 9.97020583920534 -0.0259347368364941 -0.529666918656067 -0.4194244037444 -0.0914848706725217 0.206938956799695 -0.620852253134648 0.32039512861392 0.375369129423925 -0.430793160344972 0.158913759929494 1 2825.4145790517
"1" 3.00038475305254 2.59848185478519 2.48874477377899 4.03541226174333 5.06580964713307 9.97707226032079 -0.026614308441056 -0.527395848871372 -0.401967223496635 -0.0715607507178203 0.190229440306285 -0.599573827793037 0.335990180647013 0.355519923065561 -0.441744197418384 0.190100549058255 1 2842.53773376562
"1" 3.013720077125 2.58526314262542 2.59261317848991 4.04884594030539 4.98579593712861 9.94810655063986 0.00700829208084977 -0.511723639876127 -0.31619007865623 -0.178359967403473 0.268040305928134 -0.644935385390272 0.350955629251918 0.432371920677672 -0.47846165872959 -0.0623061772148316 1 2865.64585281048
"1" 2.98636675884332 2.62807031632061 2.54734722801505 3.96903118561752 4.97152413074906 9.98458939043554 -0.0172556615545173 -0.51790555037512 -0.337887868717912 -0.0265020595984772 0.159314966787547 -0.57997619067991 0.35409484466313 0.33876141245467 -0.455178189461087 0.224737718424189 1 3050.92233140989
"1" 3.00515690801488 2.57683880360652 2.65928377510914 4.13969408900913 4.94578147301796 9.93654069776884 -0.066211215819358 -0.527499149207507 -0.242250040249759 0.0265684393430038 0.312740825337033 -0.55356175715192 0.397448074947506 0.310793802462185 -0.475596955670894 0.049599680520195 1 2836.74533195172
"1" 3.00228408022164 2.5907500909789 2.5521014936635 4.07408955820464 4.98094082823439 9.99581230544024 -0.0330423108626945 -0.532265697450328 -0.348357989034947 -0.164732545864585 0.206391860717172 -0.605030981446245 0.327181769509223 0.363067998891225 -0.435303812597099 0.175010607369925 1 2773.24646494906
"1" 2.95519093329704 2.65265406493401 2.56853414234867 3.92731725670404 4.91579927498484 9.98073515728925 -0.0586471478952076 -0.54298721220833 -0.261731608878132 -0.00265617599033096 0.232365851687616 -0.579478262584813 0.33157620446082 0.340105894810802 -0.443764600501909 0.181038599564895 1 2952.38734556995
"1" 2.97386189018117 2.66177517845773 2.54397965236809 4.09944270996872 5.01754815922534 10.0005109292051 -0.0257050524285193 -0.528744125904127 -0.320232059860145 -0.0656160896548338 0.284118266083651 -0.568635927629277 0.397571668801855 0.362575051824364 -0.521473093462634 -0.0217186497921141 1 2945.06779732393
"1" 3.03610004861074 2.5602458403821 2.47491702176881 4.01552388463859 5.04247054444792 9.9804715558231 -0.0220326492834525 -0.524648373318173 -0.361436000058457 -0.0680282824992105 0.179445248066553 -0.592459520635101 0.337076473027371 0.349352659296971 -0.44347048408298 0.210039505318932 1 2824.21409868184
"1" 2.88171848552151 2.41131264451968 2.33834838567705 3.78706501174788 5.28857620494479 10.1284384295383 -0.378322270699221 -0.697439640577975 -0.185542056585371 -0.29578444182383 0.903073864573767 0.0129881567049971 -0.018418883572796 -0.189221493699471 -0.243676712209729 -1.14521168620376 1 2809.5133561594
"1" 3.05325551989524 2.55323299658586 2.51903254553422 4.05912267001331 4.98425179725745 10.0035836690743 -0.0246964615299558 -0.527309286700758 -0.333263608173063 -0.163051217143539 0.183883151071762 -0.601354520045427 0.327791439411064 0.359134863207956 -0.435364711266196 0.203955715908406 1 2937.88337024274
"1" 3.04780303649172 2.5374333485288 2.51029849660614 3.97258701505286 5.06040332204169 10.0041506430663 -0.0191062184014369 -0.524121316239202 -0.395511530552339 -0.0752294188221765 0.188515891728819 -0.602267729094469 0.336363421524797 0.361018335422419 -0.445000798442533 0.181640655827959 1 2703.80141659834
"1" 2.86933049569143 2.72055735580987 2.54327231342161 4.03805274369118 4.96281546732116 10.0255160276611 -0.0710907384546958 -0.552171764927745 -0.322656449581369 -0.206910129648875 0.260806925153349 -0.594667223006234 0.3091862949164 0.350705985439725 -0.423614180166701 0.164484557537517 1 2775.55356454855
"1" 2.83486412464896 2.57736843426059 2.66760374207705 3.31073284371996 5.17934772858116 9.24686728612013 -0.388016497789149 -0.296730011249133 -0.169665377698119 -0.4367430083916 1.00268965444809 -0.355624823462206 -0.120726061162369 0.335812295820759 -0.219528075719461 0.121424903723458 1 2875.3584752416
"1" 2.93144703922358 2.66579630606877 2.61543006562861 4.00064274312498 5.04535154909909 9.97568930107441 -0.115717539217059 -0.582880775288083 -0.39443979849005 -0.103541077700185 0.389093196710912 -0.647912472161424 0.261217704872165 0.414725208482011 -0.392055088447457 -0.0587096793611776 1 2842.40860949891
"1" 3.03853725748627 2.55563109416165 2.44766977251073 3.97565273116481 5.00624855040641 9.98074316267127 -0.0227105187951753 -0.527864791526527 -0.315295101166021 -0.030204876612709 0.194777195829803 -0.611056597055758 0.330785630160586 0.367671313433006 -0.438837309185547 0.171510217341169 1 2836.234241282
"1" 2.95993515597025 2.6205377917367 2.51261966803381 3.99949258420462 4.92906499892906 9.95820974646288 -0.0407831978348314 -0.534928336664812 -0.289855733479023 -0.0237681069542449 0.217699772549914 -0.571731544584859 0.355498249522034 0.331516055998274 -0.457667943592576 0.177279139811357 1 2745.94347062409
"1" 3.06369464991619 2.82008619814206 2.50470562657796 4.03664254827812 4.86453299911095 9.93194604464567 -0.294070641098849 -0.542846447798368 -0.406287088624713 -0.173649381289815 0.627830780620701 -0.440047833310682 0.426192808741268 0.15960684632702 -0.47244842350154 -0.193503384447086 1 2990.38616393942
"1" 3.0017350654771 2.61742388724129 2.52852520302808 4.05350801466247 4.93887153192914 10.0366929114694 -0.0437825855578913 -0.535475007061213 -0.269331648549832 -0.193242792378311 0.219772204550821 -0.612774811344702 0.328931986374631 0.371634360369759 -0.43525777168228 0.144442869988995 1 2984.2154574048
"1" 2.95881903220333 2.6559243612969 2.50404352486519 4.06339830463602 5.00777278400108 9.97998954419276 -0.0421003858047986 -0.532265658189781 -0.354307089742244 -0.110451340194814 0.219082403793105 -0.583372681236371 0.380838829309275 0.338293883069059 -0.47324221507227 0.123316577205082 1 2967.3629663114
"1" 2.80142117236831 2.40327303726168 2.57564705625041 3.89979605271326 5.09785681935733 10.1545356183616 -0.158064033796641 -0.585712193879788 -0.41055547954295 -0.0711114520782981 0.721324296237888 -0.567237608321416 -0.0984878269489805 0.308636424892181 -0.152245816628777 -0.406436486509778 1 2758.93652624868
"1" 2.96409508468694 2.64625182500253 2.55263166544974 3.99181696638431 5.01915888200629 10.0313160546112 -0.0285330040579028 -0.524071641121209 -0.39570612318443 -0.158491009422992 0.184521601987034 -0.578746736769176 0.361568065449185 0.337977133730886 -0.462873865220382 0.189329686781755 1 2937.07718666158
"1" 3.0782985877135 2.51686548907274 2.54330226038653 4.05739946259893 5.05110476555608 9.98457565372629 -0.0374183979310443 -0.535588612835993 -0.399518936769977 -0.121817004424393 0.214053674560805 -0.602025821432423 0.327855773239571 0.35947317122246 -0.436503053014369 0.171487407025528 1 2811.00706753438
"1" 2.98249673583528 2.61603220147305 2.56162461750614 3.9556631208183 4.99384876722659 10.0206280275083 -0.0258606568720863 -0.520507258471766 -0.380511689636394 -0.0990566062690418 0.179791133927085 -0.561874119646813 0.381544272586874 0.321538314061049 -0.47819187102003 0.192200132269692 1 2830.35034200439
"1" 2.99194636074624 2.60568892968197 2.45699777138817 3.95740690328601 5.0339698295505 10.0077669702377 -0.0214520020546471 -0.521383601803038 -0.353553475773599 -0.0646866931385454 0.172463898365007 -0.577938733864869 0.35503415084838 0.334173471612239 -0.457499044086956 0.215324976381842 1 2831.52980991258
"1" 2.96590846495419 2.63889596879747 2.41744097259345 3.98940781041929 5.06398376821971 9.9795545632515 -0.0267676815384486 -0.52863441450132 -0.361881476288513 -0.0593495698824994 0.199570855665507 -0.619086096028988 0.328629334175554 0.373056243660966 -0.438246885622607 0.157099635591795 1 2935.16019121958
"1" 2.97426616552534 2.61768034551296 2.51235126785773 4.05572746387425 4.99706362908885 10.0206605872191 -0.0757468409350934 -0.556082618318956 -0.380895878001285 -0.198751946218426 0.272585335012235 -0.570959380216374 0.334336764984591 0.3298322584465 -0.443208712920139 0.15321815979433 1 2803.8884244081
"1" 2.99122723216785 2.59319494253996 2.61227153773053 4.11621700343045 4.94946070613013 9.93765927978466 -0.082666990141034 -0.559155200286855 -0.287903226173601 -0.0383524308633583 0.269348029174727 -0.53636458925506 0.340908743218077 0.301482604010882 -0.448672112810815 0.203972033420277 1 2790.13545800273
"1" 3.03686507060831 2.56989341925217 2.52357833222878 3.98498365669869 4.97769059286089 10.0519811995456 -0.0151849605549656 -0.518185019161449 -0.320516337208207 -0.186956672332911 0.166918271468868 -0.575486405597459 0.370295525233024 0.33442739937757 -0.467851693735216 0.200595833717653 1 2914.78510202245
"1" 2.98804063544036 2.60768695891321 2.55444509122549 4.09777601905176 4.9564783976317 9.93576335059915 -0.0653799745941179 -0.553131825780793 -0.332239248339618 -0.0683638630091386 0.255876215161767 -0.603656126933198 0.292294196228919 0.363845944330784 -0.410961998531334 0.174765321526542 1 2845.288136716
"1" 3.00773393760082 2.60190926589386 2.52721104788086 4.1182439525863 4.98295711367993 9.92170646345875 -0.0448991890132856 -0.540132784068171 -0.335178558825834 -0.0921919141427951 0.222414852383996 -0.615290004096782 0.302470426457341 0.375820245477068 -0.417635046217066 0.173612028378318 1 2941.55206693883
"1" 2.92446878366418 2.67815301593652 2.50787118957705 4.07728214494352 4.99547822123182 9.99487262198065 -0.0478060743417401 -0.538009884239803 -0.350283940426777 -0.155070187882438 0.221107070140053 -0.567186146790876 0.359288706685835 0.326197728597152 -0.457692011599814 0.178956872662463 1 2863.0971408203
"1" 3.06771316536183 2.53260329325982 2.5062684858478 3.95898160580948 5.05047088073954 10.0015828235987 -0.0208959907550531 -0.525800466394262 -0.402875282602968 -0.0846412441972566 0.188245681716278 -0.608917436153829 0.33242689340434 0.365711822729071 -0.439278311026286 0.179969001444309 1 2866.55515588445
"1" 2.97573340357216 2.62261110771499 2.51211295047446 4.05758306273338 4.98951172970113 10.0089607396018 -0.0191428743066142 -0.520424459071628 -0.335617590088822 -0.183081232734776 0.170884504609012 -0.585445200408888 0.350361066678257 0.3434899596068 -0.451968839088104 0.210843315269626 1 2805.99912317176
"1" 2.96570701383324 2.63855704720592 2.42658756802526 3.88981837405885 4.97188601877049 10.0327346538194 -0.0143720859373467 -0.514556328670873 -0.248304555612601 -0.111369976571019 0.168191023603889 -0.576485977637313 0.381842351043866 0.335299214363735 -0.479517739171593 0.178328402643706 1 2933.90432018721
"1" 2.90965789443384 2.68189360883413 2.55655556971614 4.0056342864983 5.13206453341931 9.85211108787583 -0.10712625532836 -0.514967440919768 -0.305142314423034 0.045992636958741 0.405232059764647 -0.672560080967274 0.338285898676687 0.392087095987477 -0.431051821469679 -0.203656970380847 1 2859.15507493534
"1" 2.98484978532896 2.61668199376858 2.54289398507922 3.95020528276642 5.04392004408234 10.011524910493 -0.0323959830670724 -0.530048642134293 -0.366161892116031 -0.127797272104733 0.206460394160803 -0.610828655796868 0.329815840586874 0.368152829669529 -0.441997945707255 0.157566451220649 1 2864.12366289609
"1" 2.99859815570582 2.62054367330878 2.49264912469782 4.02824471185436 5.0576265667511 10.0378828742854 -0.0496868842947299 -0.538554840160229 -0.387457227268888 -0.203998615923734 0.222204465041317 -0.571237364145793 0.364367468971482 0.327351479427125 -0.463207055974827 0.16410660418844 1 2960.07873853826
"1" 2.86812225237003 2.7477751960144 2.5638406050366 3.97351555398663 5.05637599377405 10.038948919882 -0.0287454235970856 -0.523522039755069 -0.413911329781438 -0.150757201550507 0.184478288186646 -0.576545955029226 0.363987156528816 0.337904490165603 -0.463790330246661 0.188301030177991 1 2942.40063440498
"1" 2.97280369653909 2.63572435839924 2.59369141751804 4.23298191240159 4.97647130365889 9.94706422752856 -0.0966281463957634 -0.572266582079969 -0.354191515046411 -0.191753729900712 0.3132541890015 -0.622039644874577 0.295204525882558 0.375699121235954 -0.409794433934311 0.0761535718905556 1 2883.15812540712
"1" 2.95957841915634 2.64055869712398 2.43396465610744 3.92049571483238 5.03098063744722 10.0147311004843 -0.0160279876809717 -0.518282998417197 -0.327996336395586 -0.0649519626411296 0.164498172216418 -0.58618075296514 0.349384598151967 0.342584265021015 -0.454417854543628 0.21624044523667 1 2884.42101288899
"1" 2.95116964510735 2.65313319386508 2.58914223795823 3.94336565945951 5.01099231209897 10.0824815654243 -0.0166614701866878 -0.515808366416905 -0.396770157627723 -0.249674507400429 0.170694846229802 -0.57795932965866 0.377873957943407 0.337855015365864 -0.475590709459119 0.179032080142926 1 2849.4146797781
"1" 3.0764491673198 2.5393409399019 2.54461624717754 4.01665406233236 4.96384403710631 9.98724414099135 -0.0588277060446373 -0.5459350538777 -0.34451124004493 -0.108714513421163 0.23365524611861 -0.579223478829848 0.337899308345542 0.338245166450142 -0.445208077034667 0.17454434688975 1 3007.74123886342
"1" 3.00702252321586 2.58390979756488 2.51125054462172 4.20210429556069 5.10846379622861 9.9620871125343 -0.0471079218581498 -0.543975982483199 -0.44994104468506 -0.219512915386576 0.23024384092813 -0.608788449236152 0.304393658654219 0.364974491351886 -0.415385026929343 0.181674803757052 1 2756.6252838328
"1" 2.98750784044811 2.61943357192132 2.56049666388797 3.95303509576323 4.98151772286114 10.0315046026206 -0.0162550856940969 -0.516452891037885 -0.35893742262525 -0.139470471696279 0.169488791846285 -0.577049231579898 0.379845275903917 0.336868839213469 -0.475823297126656 0.179849712336508 1 2938.75159889082
"1" 3.0037157190174 2.59007699086041 2.45666005579507 3.98461963220422 5.02447783689292 10.0014460944045 -0.0245721965083419 -0.52689559501944 -0.345800444156866 -0.107699510391954 0.192931714358573 -0.60252210001648 0.333155953416849 0.359720061535509 -0.442469616544283 0.183047515375393 1 2811.0689803675
"1" 3.0239188013625 2.57233820590644 2.473692860842 4.06367664999112 5.00440305184159 9.88008328469646 -0.0352658845039944 -0.534747049974536 -0.318920696002871 0.132382077927347 0.211804505049631 -0.60429401539722 0.32433785278546 0.36033188865492 -0.431881518627883 0.17792950465709 1 2880.67015449785
"1" 3.0206701184929 2.57806448312361 2.47792954149876 3.91775803207564 4.9646165656924 10.0123340375167 -0.0241310517144455 -0.524592205060895 -0.300701811335915 -0.0505212465563588 0.187372138760879 -0.593294260816694 0.344955038397057 0.352785667095724 -0.452191546497729 0.184475266643562 1 2872.05044868433
"1" 3.00758759391469 2.61125995612272 2.54404803050901 4.08479417090278 5.03143034035157 9.91294367715711 -0.0863071477006613 -0.558702800376714 -0.382550606946097 0.0128751756430614 0.31257603583398 -0.5843190537307 0.383823511160931 0.33980221218781 -0.469851962817967 0.0109178938023191 1 2923.73123754448
"1" 3.0827358463339 2.51827422999571 2.5885970008814 4.08575837315554 5.04925586430559 9.9922644176926 -0.0392045590552022 -0.539741453989681 -0.388761528888527 -0.159689577788392 0.233591446004549 -0.62045581786475 0.324142993426993 0.376704207990155 -0.433292863692808 0.123653483168477 1 2855.98965250229
"1" 3.04116065117281 2.56334998261688 2.51403408521235 3.98442960552311 5.08103283361272 10.0241693364339 -0.0178979008942826 -0.520303514859952 -0.463740537418145 -0.133767100732304 0.184429221259767 -0.601908351983938 0.363828283570411 0.35780213638972 -0.463940926860513 0.149449718238376 1 2888.54783118244
"1" 3.00655669223096 2.61643633475063 2.49498246678649 4.109963996911 4.79772635398328 10.1125344114751 0.0678609319785564 -0.55425583920503 -0.807251356853651 0.272889164772915 0.5044379053465 -0.317463839915027 0.210864577859587 0.688237220044805 -0.717094846379051 -0.527237872819428 1 2869.04726848308
"1" 3.10053792196327 2.50197419907225 2.46307997286358 3.96570115725013 5.04181700332746 10.0096990833672 -0.0229469743792267 -0.524862619982503 -0.367006798488492 -0.0752720028086873 0.176120609706907 -0.583203674542395 0.345257475428766 0.340687827644034 -0.451196436383717 0.215387059345599 1 2923.7194767966
"1" 2.94073336973533 2.65662448665746 2.51140927416043 4.06206549732054 4.94587671972761 9.97047810360132 -0.0785122263414633 -0.557465932982693 -0.288653052754449 -0.0897765842988122 0.280368128521515 -0.597986591747881 0.309765315286092 0.355726834252934 -0.424369076278845 0.133354393355123 1 2851.92558307184
"1" 2.99702115615738 2.60509958812656 2.40202303481559 4.04700529508612 5.12007459981773 9.99287678596569 -0.038357899719931 -0.533725825397502 -0.407309061398671 -0.126316713554807 0.215563006756479 -0.60792034915649 0.335868166029869 0.361488355588228 -0.440737394434144 0.152193183057426 1 2867.52943160937
"1" 2.96460336486426 2.64144236671202 2.52164218025458 4.04309738654772 4.99363980772697 9.97905028906609 -0.0277889000279086 -0.533051157940053 -0.321909629739846 -0.11956142068078 0.202472545791132 -0.617113347071537 0.305477982878079 0.377207145945208 -0.421312182654724 0.1859421252443 1 2894.14963330228
"1" 3.01794394460542 2.59052788113017 2.52282115313061 4.01269832297623 4.97800655595145 10.0217361046031 -0.0270209320549018 -0.524979411646401 -0.331934535126013 -0.17971273017563 0.184674144216595 -0.58780684597769 0.351230069445621 0.348807365055481 -0.454662176398144 0.187698472565557 1 2951.48029027421
"1" 3.13727101077407 2.46411873117244 2.49097015755133 4.0259729293185 5.01168351661721 9.92497213574476 -0.0549148044092502 -0.555496398498372 -0.278285509699841 0.0649316960198986 0.287556037819595 -0.657492377644867 0.27827149944216 0.416824153847987 -0.407178676431441 0.0456287112441427 1 2917.60409518263
"1" 2.97169034079332 2.62294590781212 2.44600079118646 4.01341997344767 5.09408487146801 9.97356185871213 -0.0336832322413261 -0.534836214665106 -0.363655864617715 -0.0597307963503086 0.216020815108639 -0.623162170047592 0.312313471566685 0.378836905752528 -0.425826160584618 0.155173453726354 1 2815.244676933
"1" 3.0675162351278 2.49356598239105 2.56548578342665 3.91151639412491 5.2128059616134 9.81774867714724 -0.0651470122319635 -0.593218944725543 -0.229263750603396 0.358051707727882 0.464633595682106 -0.713199615810984 0.297487128746147 0.47360464523353 -0.42677156697942 -0.88465423933218 1 2870.55479115788
"1" 2.9340274980282 2.66343290175377 2.53768764583693 3.91089181904177 5.08496712522339 9.99151690769186 -0.0441370318026442 -0.534167435790793 -0.438623310773655 -0.0202179789758668 0.234203077625298 -0.61313204020604 0.337312045380564 0.372672690008533 -0.447174576950126 0.110060318871851 1 2827.24415650022
"1" 3.03692850493753 2.5636001254976 2.48171495334916 4.01578871140689 5.01733162860453 9.99805926901525 -0.0238774180621618 -0.524908727641302 -0.336242114014544 -0.115589035072681 0.176737043122719 -0.583719373393096 0.341088337183763 0.340219903994971 -0.447765943075326 0.221223199178199 1 2878.0690696317
"1" 3.01808077181067 2.59692726367602 2.63577669040091 4.1564652024869 5.09539763250492 9.90800535111661 -0.109164299904339 -0.513885010089619 -0.369432920205341 -0.0437447325524527 0.358379796104082 -0.626742254425672 0.480355129592734 0.272917842181721 -0.472518077368578 -0.130404656487181 1 2887.72232220272
"1" 3.04064923150606 2.56982990662363 2.5182721117169 4.07727620342483 5.01745117599396 9.95380391946967 -0.0333427968478663 -0.532307158166886 -0.343483104110397 -0.0585438057735093 0.196151305547689 -0.597142604083724 0.328311122541573 0.356176967079144 -0.435606229003422 0.197329642281896 1 2983.62903813479
"1" 2.98341645475859 2.60037346910451 2.51904436278078 4.02590005187795 4.92950130542087 9.98292671092734 -0.042896046752828 -0.539015407144709 -0.176415296450448 -0.108061568233321 0.233962741621488 -0.605913298090385 0.320624211883717 0.363318970772506 -0.430353621514826 0.154869205007625 1 2793.86830401742
"1" 3.05474469050058 2.53760634749812 2.56003920651152 3.97530022197414 5.00663670622511 10.0310671133205 -0.0346200746647818 -0.532162295801999 -0.363520609136497 -0.140406178226687 0.217759917617786 -0.582865050408012 0.370152608614373 0.33979536144532 -0.468495348359781 0.13766257599714 1 2819.98532290848
"1" 3.04071207912373 2.54589225498455 2.48508366332691 4.02293280792115 5.08937982954326 9.98713147876116 -0.00164364243208208 -0.515822180294907 -0.422050846231282 -0.103682757330056 0.161385171527346 -0.616330884734551 0.325983444762976 0.372273569120123 -0.435082446919211 0.203478455816399 1 2669.16066539665
"1" 3.06883407093857 2.54367210854105 2.53784737717454 4.09317443718008 5.00937053033391 9.9897285246923 -0.0361379713262359 -0.537832633840715 -0.344020906530955 -0.14696591415981 0.209447399911318 -0.614895763154684 0.308368969638146 0.37180069864698 -0.421444355231359 0.183094832187738 1 2966.37604893733
"1" 3.01052154383908 2.61751149173508 2.51933383152084 4.01022031941404 4.96566001625192 9.97288908393493 -0.0383076614342722 -0.532984383314766 -0.274596157152174 -0.0317266575753904 0.197999101581857 -0.597796199317925 0.329128288667968 0.355376662186504 -0.439711401462062 0.191760908942758 1 3095.94032066096
"1" 3.0144297401924 2.5995268992436 2.52970526420805 3.930319336898 5.00574461001216 10.0127155420887 -0.012248979617611 -0.514952124979894 -0.355560874098844 -0.077372409210291 0.157070898622502 -0.578386301487995 0.372369443128112 0.337785172651373 -0.4700962002654 0.201202454395246 1 3108.06751320884
"1" 3.08054666361231 2.5246328888004 2.45461357217536 3.99352521017031 5.04680010786397 10.0210283347632 -0.0430702492688143 -0.536698818487598 -0.380222731960978 -0.136491160593823 0.213911294476127 -0.585694790120389 0.344857811307319 0.341082955209617 -0.451071015390298 0.175675626465435 1 2922.07191806349
"1" 2.64544047164989 2.33620983882892 2.52264693345113 3.9812841527929 5.05045534242421 9.67961677619925 -0.175855007175277 -0.50389207387701 -0.188335504383833 -0.235157259680215 0.738108217479774 -0.501210734460649 0.402066539228032 0.146517317421668 -0.498981736945699 -0.603807363091561 1 2710.47194572746
"1" 3.11201747753108 2.51401121459158 2.57986211450682 4.08711530253572 5.06295377930727 9.91472947125747 -0.0548730367754173 -0.548185940640354 -0.439281405888332 -0.012446528481813 0.248885351847548 -0.615379981265325 0.32941463569616 0.370448011280664 -0.435267001176191 0.110706190617754 1 3009.14967936401
