"1" -1.65985256219865 -1.34570583562452 0.889520574133369 1.51843362646785 3.24539915041638 4.17179369458571 -3.83606872796697 -4.30443110927592 6.21734031517705 0 1178.36435493031
"1" -1.73483738372912 -1.27857205027095 0.899160285957562 1.506881901515 2.8683440819059 4.1751531669088 -0.852967409372108 -4.0639572135801 -6.38285197124043 0 1242.41749418308
"1" -1.57200582128017 -1.16409993819636 0.926847635975738 1.55879692984347 2.76578008624904 3.67163867484381 -14.1035693436531 -14.6500508343837 -1.71436733281888 0 1279.92391710397
"1" -12.5747617616538 -1.4245068018288 1.54716487785887 1.31548881412308 3.47712303125823 3.69608559731529 7.8740776031206 -11.8403301916371 -8.48732927182934 1 1054.29086715293
"1" -1.86246978378688 -1.35248796856164 0.917806857137816 1.16245932857248 2.92861184636732 3.51031159677489 -0.920939878410125 -4.81511888937105 -6.35358599988375 0 1172.86144224396
"1" -1.65531204311823 -1.21901233080536 1.03738710819752 1.23532090574949 2.78968153450384 3.5219428790264 -1.43606797447221 -3.75042122804982 -6.78945909743055 0 1277.47160521859
"1" -1.66269633231773 -1.67766947646538 0.828298478944417 1.45060836584888 2.64029446929973 4.049098836999 -11.5765850725562 -2.32469774304546 0.187397614864417 0 1065.99192679413
"1" -12.279932031713 -1.57213331066123 1.12731580225936 1.56756520179637 3.45687150084942 4.06479311272819 7.63353792432001 -5.65807197595933 -6.1308774215119 0 963.604985019203
"1" -1.52053978929064 -1.17479029778781 0.758613033654373 1.50666898482426 2.76329590761678 4.24994207166184 -2.44800370227409 -5.86393287746442 1.75419492736893 0 1283.72230860398
"1" -1.76687316670843 -1.38913394750325 0.744261228921514 1.70687383375888 3.07933942712871 5.04538652864476 -15.4396788491404 -24.5940282243754 -5.12896682114309 0 1108.42651502666
"1" -1.66838374669101 -1.1307131235117 1.07044359721286 1.79910629471213 3.03517723072816 4.40488615330337 -1.26057165459844 -3.33114108154068 -6.74660889137711 0 1307.44887329185
"1" -1.73483555053332 -1.18846328297161 1.05794174560458 1.64988141660633 3.15693613555754 4.15470714468992 -0.555806385161819 -4.02764767922521 -6.63873358757028 0 1305.58261437322
"1" -1.59927788681622 -1.42746011209491 0.911306591653648 1.58278351709734 2.47532648463115 4.10367614042294 -11.9866167098026 -14.6234578724439 -5.15518578758497 0 1162.93540082491
"1" -12.1734509482811 -1.40082976254544 1.18885645447404 1.58654580101155 2.9799311815246 3.94622346536681 7.45593210772829 -17.1610601872313 -7.23995243056323 1 1042.04140659047
"1" -1.85467071250195 -1.60318411840843 1.31466910497685 1.46814913983864 3.71531401987743 3.92932400813179 -1.39401432788458 -7.12449527101218 -5.08816911986222 0 1064.40917532609
"1" -12.2517708588662 -1.54043990555478 1.10924118627078 1.39605230254991 3.28010398330127 3.64842206995979 7.62424974680833 -5.58819326107689 -4.68675919790881 0 980.639964388027
"1" -1.54132730827874 -1.37072250924067 0.951943553656499 1.49935929424772 2.96314900693182 4.2893999229181 -15.3692393946178 -15.7789199185919 3.20802258292897 0 1205.26639905225
"1" -12.2071146720552 -1.4336134872883 1.52227646613095 1.50609962194269 3.5273702476252 3.99622741846352 7.62622270762694 -5.58152160526421 -4.48434707592549 0 1029.34396823199
"1" -1.60363576147537 -1.34476454982407 0.964542978147645 1.51958073461432 3.12452089683395 4.02260491132236 -4.63202079442172 -1.92695256419102 1.04196734753729 0 1214.61554701982
"1" -1.6698878686116 -1.53481465665017 1.10429245448737 1.62504822627769 3.20344901720039 4.1569518565086 -1.9275789240785 -2.89805171528589 -6.33357354212319 0 1143.90751687988
"1" -1.64024122619548 -1.43533322241186 1.14381743801923 1.64085727271024 3.87754708865379 4.25742642552861 -1.85184054104108 -4.44103178887123 -7.22770338599392 1 1176.49630411865
"1" -1.68330562102973 -1.29269127898186 0.88659933820483 1.25296688779846 2.84332144303623 3.65483662850913 -3.85431214436375 -2.05921717721608 -2.72632911716743 0 1218.49586320547
"1" -11.9707629609347 -1.4965344928447 0.943763811559879 1.50440188016874 3.48541719947356 3.74433524571462 7.44134288211426 -5.52025379848351 -3.82605270107529 0 1019.46172057743
"1" -1.80271731836017 -1.35448660368939 0.975439690206974 1.48617568922765 3.03104295244004 4.21543690945746 -13.7600226934199 -29.8944615929353 -4.84502055972435 0 1133.77544718065
"1" -1.59777512323191 -1.20920071983607 0.948337121407624 1.24561222585798 2.80082560071278 3.6295623320973 -3.70368172991306 -3.70494405318949 -6.06057259412771 0 1264.03351000311
"1" -1.68373615160832 -1.23224742910046 0.592828230239251 1.2940278434443 2.6341413296931 3.90644725982541 -1.40873859335121 -5.32470798530103 -5.87427321784647 0 1226.13729643129
"1" -1.43012975175859 -1.27527377876733 0.690748743056755 1.41714407428636 2.7152430334147 3.76121692977468 -15.3119320481212 -15.3323519133236 1.98320158476724 0 1265.14446815235
"1" -1.80734216908802 -1.49588837663846 0.961333055787127 1.82848011535591 2.93016202718391 4.52599141736956 -1.20638659778969 -4.15785065448014 -7.22636092631855 1 1115.97798163435
"1" -1.50594865549812 -1.16138585270048 1.15344213761711 1.47110749094452 3.08703742895144 4.24000160511509 -3.4085580169325 -3.35939387315594 8.18261714320551 1 1307.2212463934
"1" -11.9927306106411 -1.27608531114984 1.27870415481624 1.53729491217259 3.283815844246 3.93347249053325 7.6121855278633 -5.38659494611067 -6.51989405417192 1 1161.1950432924
"1" -12.4449303217041 -1.61881207217947 1.23360738287373 1.76325806850585 3.08335534683694 4.58866276538177 7.84248207422592 -12.3053064592952 -7.91073642569341 1 1011.1595536136
"1" -1.61356834985787 -1.34388974804801 0.914688012834366 1.60689671669385 2.72891605111175 4.41769771656603 -2.27411183886088 -5.23302116506623 2.23134753533511 0 1197.68641537883
"1" -12.6412669754202 -1.4391928542223 1.38507460488779 1.40479219371853 3.15430518815152 3.53275445290689 7.87070333114808 -5.5831740201465 -5.31344530091142 0 993.145527049715
"1" -1.53962316544745 -1.1602589049848 0.623797353013311 1.37845238467386 2.56293174052678 4.13133252622443 -14.5578346090875 -16.6459366554988 1.28989902336012 0 1264.90193365884
"1" -12.4992512467886 -1.63158117588601 1.54976846028465 1.72183306999044 3.77792731635002 4.05656407174486 7.839774304197 -5.74571745545056 -6.02286666492015 0 944.6745527273
"1" -1.92942482713725 -1.45794219218116 0.9941966113119 1.65463014122776 3.13658639490178 3.99746666506356 -0.821927657934183 -5.64600831641874 -6.012218673273 0 1115.4180020027
"1" -1.71047005349819 -1.22823862708623 0.875002002670553 1.24227378666885 3.32953448089346 3.49344003195056 -2.1726825622841 -2.05706653888871 0.0894929854044892 0 1241.6713602325
"1" -1.6777820352169 -1.40808547026232 1.04373386782021 1.67891168503487 3.09276116491621 4.52928681883531 -19.0746713277183 -21.9993232565799 7.85979932782981 1 1147.31413420453
"1" -12.6193197843407 -1.49852436438436 1.25017148042475 1.20315948239969 3.35127922105889 3.58660869898284 7.86857844544968 -5.67342093366938 -5.86167654385248 0 976.198856209756
"1" -1.71199994832637 -1.21993107573747 0.999105182960981 1.40680559183214 3.09588569075039 4.09466049595168 -14.7908562894307 -23.565090186831 -2.73576604271887 0 1215.40393010811
"1" -1.73002964676831 -1.23238967489747 1.31471958286921 1.52267831187215 4.13689754865264 3.97673206226039 -16.3235148943427 -2.75184852289532 -5.30664123901472 0 1214.89300395582
"1" -12.6698997552848 -1.64063806687536 1.13680316670326 1.72053762269943 3.24725566263669 4.61829989418222 7.88244374339116 -6.17065596931445 -8.60875068899178 1 885.656645078527
"1" -1.64261545058061 -1.42726294424489 0.619851109080668 1.21631774027168 2.66929905719648 3.28407747335087 -13.6293484964355 -2.20371097612308 -1.95407652904361 0 1151.42400928987
"1" -1.73087639123617 -1.51262541622117 0.906360072843276 1.57275577682007 2.748334341017 4.19060370655053 -10.803320213296 -3.16833978829063 0.150650093320515 0 1097.23039449385
"1" -1.62870604897853 -1.48706861162567 0.657217389741155 1.35097926590498 2.43992372854474 3.87734233694432 -4.2312855137807 -2.76403563153906 -2.29700307190993 0 1129.45517945878
"1" -1.42175624048158 -1.08900039505522 0.355993642407868 1.54636795467665 2.12614075874226 3.92989347822525 -14.1683463555635 -14.2713819036622 -0.287404722145701 0 1289.50777005611
"1" -1.64174927078084 -1.34511412759182 1.09477018146323 1.61034326100901 3.19488440527221 4.61727206129392 -19.4551805118404 -22.882989701727 7.53385604385625 1 1182.63315740254
"1" -12.7875662563415 -1.65215668097911 1.33388922546454 1.61520323452878 3.38956406769118 4.29972666573686 8.08846046559984 -9.05093899138178 -10.729297200611 1 877.164950503049
"1" -12.2851288411789 -1.45935547929564 1.31154687982405 1.55245774127384 3.70293175507886 4.29262369041503 7.62847026494044 -5.58904956438581 -5.21918876970579 0 993.761706706975
"1" -12.1964029480421 -1.35046604130674 1.21584949339588 1.49154503420149 3.33000299616886 4.12021839488416 7.62457874248599 -5.49161764239557 -5.74970465660726 0 1067.31951509031
"1" -1.70397124899402 -1.36889884413321 1.2644747338641 1.40470618050124 3.21751453437141 3.70690402078786 -0.80807883427462 -3.92384432994485 -6.26467707256778 0 1237.59468899404
"1" -12.518752698764 -1.33881568000165 1.19012005702841 1.64975345015525 3.24058067693424 4.16025575864369 7.90708844130742 -8.17244064831291 -8.16117384918676 1 1090.01778536689
"1" -1.6487856282751 -1.24992467340114 1.12146799323911 1.38105905854004 3.03215083677922 3.94607384211116 -14.453108742997 -16.6206672594511 -1.83396124822082 0 1227.14204959633
"1" -1.60594773157372 -1.45985987796182 0.822877502395505 1.45794103744223 2.76314517235976 3.7498721060788 -11.3120607159772 -12.2464464988641 -3.58122622548519 0 1150.0334445979
"1" -1.64629729095027 -1.51678824861749 1.29927935696533 1.58784536054088 3.41244416334007 4.13318261326015 -2.46417510417883 -5.05494077466348 6.27069147555116 0 1135.69065720551
"1" -12.2227027542752 -1.47876116605633 1.21869707891261 1.44949132806285 2.96661629441331 3.73162922477423 7.85703972010367 -11.575665148782 -9.53594731094434 1 1079.8723011891
"1" -1.49441283831595 -1.54500542395766 0.869555759863769 1.44518453647821 2.71073126521678 3.54342144770773 -4.30706568583836 -1.29755424811863 -6.13189300113455 0 1204.83340119784
"1" -1.60877081782689 -1.27059309640726 0.990200171564854 1.63191184957433 2.89248332004805 4.13615461373121 -6.2897169757193 -7.04221923976576 -1.92966192702181 0 1223.92636928001
"1" -1.51078234200699 -1.18385531474929 1.00650825194499 1.6039534998677 3.32704107828587 4.36107479135257 -4.00154832466426 -2.68144854934661 -6.21391076877871 0 1300.39989189798
"1" -1.62123207351052 -1.24498806291601 1.28141392082422 1.56077408725437 3.00613507188264 3.94085414142534 -1.263343202776 -3.15804364692077 -1.87912358925931 0 1291.36122378913
"1" -1.69167851903961 -1.33026831817333 0.769695161263565 1.24191796552843 2.69168775484385 4.01252220924859 -14.7195580164198 -17.5298997928719 0.976452898979197 0 1165.72087188109
"1" -1.40436602844807 -1.18989770689138 1.11008536423578 1.66755224444623 2.90676396890054 4.46679166055354 -2.76698676707008 -7.8003142475231 -1.48732308434118 0 1327.83324125703
"1" -12.3604470373515 -1.53805011561966 1.06727345358073 1.50721985558808 3.16487222445363 4.16946442064366 7.6397165466004 -5.81432623500321 -7.55259059704501 1 952.191804149408
"1" -1.56131279415339 -1.44019332039041 1.14674603095005 1.46540156327725 3.42084087363268 3.65700933982199 -2.50531288601955 -4.66047816761228 -3.08918315109934 0 1198.56899779084
"1" -1.82108744730533 -1.32713435369856 0.669972569355857 1.54355297002341 2.74370381462416 3.95877177831364 -1.23265297520647 -7.05786677747763 2.30254463055213 0 1156.48950246563
"1" -1.64248200714853 -1.23621422504501 0.538673341532906 1.67266715589709 2.33919853498523 4.16248155592956 -1.04625476472279 -6.75209680039344 -4.45640489182474 0 1232.75576516995
"1" -1.84186719489354 -1.51079590234365 1.25020660047616 1.54046067640237 3.74514659208397 3.57602219154083 -3.24239077902511 -3.67021273187202 6.59858616964903 1 1076.8952493075
"1" -11.7638261758737 -1.47638619565353 1.48995014132552 1.76478610236918 3.6551833514902 4.81305113447999 7.53712124468302 -15.6228427482606 -8.62363301245216 1 1034.49266017995
"1" -3.83589675607853 -1.40137104148515 1.54313023827506 1.33829178385902 3.54336704601441 3.95250355031387 2.28035684195613 -17.1793495515246 -12.5391692130088 1 1142.62227986262
"1" -1.425523254611 -1.11934765329477 0.938194284010059 1.50581451746678 2.87363066298122 3.9548981780207 -12.979255680713 -12.5035122004813 4.27079057441538 0 1342.07968043723
"1" -1.63666866068943 -1.42403226105359 1.0302974842095 1.58504821969521 3.14753109439184 4.29678353448924 -7.46964820437167 -6.23568563737145 0.719983319159914 0 1157.60476577628
"1" -12.6226649732324 -1.48446322601633 1.03796682115021 1.85423987538972 3.39971719816732 4.36798582056575 7.87109677432347 -5.66512092463225 -6.23282019255369 1 967.961539492186
"1" -12.45352048744 -1.78047270827357 1.43686356969738 1.42152248255309 3.84285294783896 3.86385595749754 7.82750116862751 -7.87811082496152 -9.21580531862532 1 849.98101044999
"1" -1.70368489696435 -1.46647238072381 0.743595790719408 1.43845608022402 2.71982619172384 4.03124664100592 -3.28430825782553 -2.86437602467565 6.76276746348891 1 1116.72925034146
"1" -1.73420085757163 -1.36939919423317 0.973974883843563 1.36557694607183 3.03188357807775 3.5980697838652 -4.45888991787208 -2.50326268436049 6.12677482789128 0 1162.52118053303
"1" -1.58998271534141 -1.29114164617611 0.888432465829461 1.69877734161 2.76562655883072 4.05156853365687 -3.927889609852 -3.29738884153796 -6.17021604963995 0 1226.31832183037
"1" -1.69798946915344 -1.33938798627909 0.786674135982175 1.40236410504732 2.72701271201572 3.77674966039858 -4.36297264336163 -3.56147604196718 6.26915428911548 0 1167.81711783822
"1" -10.0685185985979 -1.17193921815096 0.841609211512178 1.07909166141127 3.50134581445018 3.38700333078865 5.50968000177683 -19.5720560390947 -11.8307839916583 1 948.923177127252
"1" -1.68466088494882 -1.45131429643318 1.05492500499209 1.44792081553301 3.01390542543622 4.06833865107471 -14.5803321487036 -16.1674477142254 -1.94194746962218 0 1136.19259040694
"1" -1.35329276369812 -1.25138834587604 0.608984738125749 1.49179364833102 2.31267731211879 3.82555442766776 -12.5491047913452 -14.2907019081322 -3.24309694566332 0 1284.71265759046
"1" -11.3202952406336 -0.962752731454092 0.867495386615612 1.31969578487331 2.9979069243411 3.51959405410008 6.82244441773883 -12.087825321753 -11.0215848550419 1 1157.01191069674
"1" -1.94086976237678 -1.41764076010373 0.754857587323261 1.46294688687056 2.41793827069167 3.84322675186538 -0.664369113003973 -5.3196035520208 -5.88669686995758 0 1126.38691483297
"1" -1.87604404947276 -1.53284109976916 1.47400284130369 1.64009603184038 3.795937571062 4.3785457727815 -12.2315087778556 -17.2645395808646 -7.82545584581483 1 1046.70138518903
"1" -1.53689054695643 -1.31746411406176 1.15864936585673 1.56611177891564 2.8333008558474 4.22041013899861 -4.21740266735004 -3.18451455878553 -6.06057675936715 0 1242.83711162214
"1" -1.5435444565625 -1.32778415936909 1.14084976713001 1.46161432126245 3.1581873417939 4.04056241642335 -2.98326245784806 -2.49901702372734 6.12713995628281 1 1237.72662347018
"1" -12.5422166497076 -1.48205303846845 1.27391264798326 1.49684062108119 3.37990199974405 3.764350397498 7.8977412705894 -11.2370648715159 -8.31709587156499 1 1043.82093809206
"1" -1.65845466568819 -1.39992890272926 1.14622183134919 1.59346302872971 3.28796605903275 3.89472129607095 -11.5398942905502 -10.878790722632 -0.571977675296498 0 1165.90629548851
"1" -1.71153622756158 -1.96541197158915 0.836686101533168 1.48599313769321 2.6105775333477 3.79692584547603 -5.48201938300196 -0.371589999602256 -6.00356589228646 1 1046.08027310593
"1" -12.4649314460501 -1.4682182308661 1.18864558904279 1.60422513701783 3.52116676894475 3.99389327651712 7.83813729124927 -5.66729751021825 -4.70888509883174 0 1013.08129340305
"1" -9.78934308526031 -1.21739569501584 1.13140836521899 1.86301886279412 3.5028650361156 4.4376984472811 6.7124944474655 -17.1418454872597 -14.8357555776427 1 944.254061329228
"1" -8.98817197054809 -1.09461920686491 1.07108438163915 1.29804526464878 3.447766051968 3.91891026264916 7.61974890220779 -2.0621927448464 -10.3184496369698 1 1133.87940474886
"1" -12.4173627271599 -1.46799347894442 1.55919064720087 1.65864621633757 3.7221430699037 4.28221976988444 7.92726086409146 -13.3597850494208 -9.26505481499189 1 1022.51768852361
"1" -1.5938025498266 -1.18318645373462 0.842168682961211 1.5584388477788 2.73136836362777 4.18833983913109 -14.1150535571746 -13.5198085896444 0.466572297814542 0 1255.39267375353
"1" -1.6591739531845 -1.21862838775849 1.18801565339502 1.39976068340932 3.37184279053839 4.11699922584205 -9.3257329489352 -1.88334511536628 -3.60411847894113 0 1254.8818705986
"1" -1.69266142119114 -1.24140763065319 1.20771315761086 1.55739269198316 3.57052469382562 3.84978109185856 -3.54605608418983 -2.6555245125095 -6.19269936765539 0 1234.71289758997
"1" -12.0469604356659 -1.44053613419285 1.06817004261513 1.43836287670194 3.30905662161851 3.87359820343144 7.61695225447612 -5.50823453119266 -4.52877123413975 0 1084.33918818354
"1" -1.62590852646549 -1.28056554695548 1.34199833100945 1.74101597812216 3.50421623741915 4.68616841798294 -2.22572096711373 -5.99507587505237 1.96435542969898 0 1222.77420950626
"1" -1.68398711240249 -1.45936102539458 0.751554653102135 1.50394566800277 2.86271643073057 4.11846545843865 -2.03698406025781 -3.72934266488971 7.26581302692858 1 1131.11797264285
"1" -1.70050815165011 -1.33694189274817 1.41869530523967 1.6403314767656 3.34172677406046 4.11467410379623 -0.923053880809626 -4.20859638098114 6.72120193199719 1 1219.28096843925
"1" -1.70372262110672 -1.49278709943339 1.06054566183308 1.62722741187667 3.42593672715336 4.01091034867676 -14.5013910517328 -17.454799514565 -4.96875766929004 0 1114.19810833659
