"1" -1.71490728896638 -1.00357323547676 1.22965145397098 2.0751364979963 2.81449362322704 4.02259205537158 -0.492432227735002 -1.18746633211003 -0.622000065821476 -0.496857207900209 0.396993270433384 0.173366077956016 1.00687767216609 0.134616346377129 -0.309848333122483 0.190753226468395 1 233.50601133246
"1" -9.01236878508582 -1.95204858533481 0.696425605029266 1.21747079080818 3.81340817115408 5.33839276745174 5.94334816147503 -3.66918080034554 -1.29562639622694 -2.47099204425513 -2.41787146814961 1.58625051056328 -0.138422993144097 -1.20647440340347 0.287707438891403 0.193373398235147 1 124.373933577775
"1" -0.522239251249331 -1.14250650370296 0.106890963867848 0.102888787228246 2.88856196097984 2.83824725663348 -0.996949046167739 -2.03024921307215 3.37196708257602 0.11872776427822 -0.166405894337766 -1.44133597132125 0.0881027814034084 0.410389207211407 0.877838829944695 -0.106166130397969 1 72.4327088516529
"1" -0.134745803097237 -1.1883690693176 0.181082552942284 2.11932578217625 2.5443343909462 4.26416017419738 -0.183332772169144 -1.42826683218534 3.16816386554122 -0.501808993815376 -0.138910183974818 -1.3903858548761 0.100709608274693 0.306547023736727 -0.135848484373038 0.0244421655799311 1 100.604459187362
"1" -2.64569297929999 -2.10679564879087 0.660674835611436 0.456218682075087 3.03218149271595 2.98766030710738 0.807744347067514 -1.2716171827932 -2.71547022454862 0.0862075085513592 -0.524130868023233 1.36440559529353 -0.0882365756533214 -0.0297462893827515 0.635427162448904 0.339063246991309 1 151.282960795464
"1" -1.60131366646507 -0.401389184703758 1.51353709900051 -0.112651681522783 2.74942542286858 3.17352007353999 -0.549504601380681 -0.325611234555293 -0.472742146505955 3.15572531004992 -0.0484422474395375 0.110000274529617 0.22570767700961 0.175217280114748 -1.21103730903593 0.400766858912279 1 112.863123660972
"1" -0.2663269605971 -1.86224408118059 0.221969301117032 1.29719039228088 2.70210313589844 3.77152975400161 -2.01496415329074 -1.23357895359779 3.09928876199 -0.843303118656597 0.941160827081864 -0.535097886255803 -0.24642680120434 0.223984289189343 0.0192713772371346 0.342003000274302 1 89.0516809717697
"1" -1.24189756521375 -0.39634151943375 0.413642834613427 -0.0466685320271798 2.51607926432394 3.95403733104356 -1.39081029110193 -2.85737342237355 -0.177629119332053 3.04033110922873 -0.307124728117106 0.762893882836578 0.303298061231881 0.189938796176119 0.0204514490259071 0.156254952552257 1 138.755017807303
"1" -2.04099315776893 -1.78750968845978 1.23131568441885 1.17054043968949 3.62126516769576 3.61346473297722 -1.17532023378866 -2.09613880332234 -1.46367262049319 -1.36966715920541 -0.769669426746557 0.58531363083403 0.126630447263515 0.099583155611128 0.559760152204018 0.123632883866278 1 162.040790982972
"1" -2.09094851013606 -1.44707042677266 1.20919904051819 1.59371920370104 2.47451848402356 3.81526322999701 -0.205312992407049 -0.619778720808139 -0.145571673530018 -0.013055841056774 0.149928859848909 -0.332051082953214 0.434150433237909 0.386130201905391 -0.339590882281765 0.42797856184942 1 200.735871828269
"1" 1.52935536914148 -0.569790435028867 0.296235250390453 0.65917363662007 2.21040377386874 3.80553111122695 -1.72934502361679 -1.97511277588264 2.52335231376284 -1.21127769651554 -0.142564720790225 -1.32972115664311 0.147462058400466 0.276997412217146 0.249462560584378 0.172320555960218 1 156.162983978438
"1" -7.2656974480076 -1.70456392535486 1.73001053586036 2.36442980096545 4.48975456053962 4.85723071910877 3.90435606723451 -2.90206335416561 -1.67465334530869 -0.0067192278860776 0.719365250114321 0.676472756777971 2.11742423857388 0.281092038519264 0.984928638457227 0.479588802377582 1 133.767578213808
"1" 0.133043391437835 -0.0193224510004599 -0.157014490911419 -0.147271017106087 3.68430661927017 4.02452544295808 -2.59419598444478 -2.74769897610345 3.06076984047967 3.35076834599568 0.291849389922621 0.0222962510276046 0.139474845203413 0.35846260868303 0.338767192561552 -0.747902419929327 1 20.5248976867319
"1" -9.07370963894383 -1.60427611184495 0.982254310651854 1.34479920771431 5.08522657674005 3.13913164206483 5.79783454041463 -3.06422507996417 -2.37462530181682 -2.03375103509419 -1.52834320853252 0.359147274464322 -0.141253197649534 0.0185607180301678 0.428222885431334 0.128677097724733 1 155.401182697541
"1" -0.41527416770289 -1.56508987918535 -0.107752647088366 1.3483413704254 3.59220696321326 3.93387868438537 -2.63197437168345 -2.2142475239438 3.40556217692315 -1.29275008020391 -0.547838073651179 0.600711646387755 0.117551198060776 0.256492774323444 0.214343129895383 0.271437762911023 1 144.374846916832
"1" -1.52025630326312 -0.44653863627249 0.58923896465811 0.435373569213043 3.01731350536437 1.57954830302097 -0.477524983504917 -0.293989186339269 -0.64847093461137 3.53743043169568 -0.109793188522203 -0.0228576133112636 -0.188334709407358 0.262211095206929 -1.45257664327696 -0.13859774041156 1 89.2754060234056
"1" -1.44619229541909 0.217778861804606 1.20023861944013 0.10456990899623 3.5774105049094 2.84777494551033 -0.294470283544193 -0.871782951848872 -1.05950029981907 2.90246306068911 -0.188929671017147 -0.0738262488990615 0.108403768235568 0.243751133794065 -0.888529935930211 0.0807173476545932 1 175.259425205476
"1" -2.87699661824269 -1.52634615169495 0.44896289346645 1.83947209116581 2.98906027969028 5.05797276381063 0.625894925862793 -2.35308779295022 0.0870817562150977 -1.44971446092445 -0.809804227750425 0.736432635080958 0.235233102505761 0.130543992858598 -0.286040212533281 0.261179280874402 1 163.4598481743
"1" -1.88644925648154 -1.77214477736932 1.49365401189987 1.05243431272437 3.98220597635807 4.23881370064121 -1.82718285968031 -2.23738992937272 -1.75302870429207 -1.73812701213755 -0.885953364731374 0.368508918309568 0.128182172553505 0.237921692918728 0.44175289207379 0.101830438206936 1 165.591915821044
"1" -0.0783168837431625 -2.01348749883297 0.193925279266473 2.08506417329514 2.53503539022491 3.58518031703141 -1.1942764566107 -1.0845748518885 3.04085596888955 -0.0678198869979717 -0.3936617423597 -1.67914314921804 0.151042039388608 0.308782380440542 0.0908616806030247 0.177893515902307 1 76.358269727185
"1" -1.4910353814646 -0.118865274640059 1.1317975547918 0.03630518182304 4.16977426006317 3.25557048411315 -0.773137787934864 -1.37942041219565 -1.44284525314747 2.91703638835216 -0.0868507844348952 -0.0355963511603245 0.0913152658559822 0.256752293866302 -0.775593201567834 0.227367997256534 1 137.002200293216
"1" -0.699160378492964 -1.12721935741165 -0.280820504945813 0.648229329920123 4.90525664173839 4.37211917058861 -2.06686428128125 -0.903909117171728 3.04185109118234 0.376296472763878 0.792640934179116 1.1104237304984 0.828508855315252 1.55541272350946 2.28974966590532 1.91363820725783 1 146.369290894108
"1" -0.35363257417034 -1.31765573908592 -0.0545881202089849 1.72938801233369 3.73039076951651 4.46221834599531 -2.95699316277421 -1.82889027393272 3.0517048652622 -5.10039876501038 -0.494380551922499 -0.305683728513211 0.54314058763282 0.319090665831208 -0.866382136523435 0.215874042486006 1 148.724950884623
"1" -0.302134530476652 -1.66839788663114 -0.0519577633697153 0.625050858177798 3.60644667123039 2.91272500281326 -3.5761468595463 -1.35609344020942 3.01401249732276 -0.577275373343976 -0.2811580061016 -0.482301063562366 0.187796377855471 0.134932613576437 0.632167900164409 0.181009806875075 1 120.010415433053
"1" -0.27110187540039 -1.63680694453933 0.186056579298024 1.92044016035615 3.14258480342189 3.74604026099726 -3.54246850514689 -1.97581305629722 3.07249695890002 -0.825509291435891 -0.435573986707296 1.17647455086065 0.15330893184375 0.126907506623325 0.0590230021253943 0.0899117109991224 1 120.342814184395
"1" -0.739723718823878 -0.805713481705514 0.180200647662217 1.13952998503615 2.87037871188659 3.49953563814726 -0.744972933145514 -1.12621987247554 -0.289866080791683 0.0655045024923382 0.509140895270841 -0.413550117656523 -0.306121005546777 0.562879858130439 -0.0721437049661295 -0.287436695230778 1 252.974649845949
"1" -4.75005508941778 -0.030801138275617 0.526075588259091 0.187446091781138 3.9895452372029 3.09079986642449 3.19790876269825 -2.94111418723038 -1.70253600038582 2.85199058079973 -0.891372798131845 0.85165483006269 -0.0403570470626816 -0.504628155612517 0.888477282401155 -0.0924482391480067 1 136.332425575783
"1" -0.328152906156834 -1.46449770740339 0.186716834044312 1.05185334002777 3.19364733868315 2.5887967146204 -4.18344594778372 -3.10057100143657 3.11197919237923 -1.64278665219126 -0.314793587552799 2.39616962897747 0.123610551825227 -0.365377377222983 1.33749225343913 0.0249824558089058 1 136.313801212271
"1" -2.24722072496902 -0.983195276702473 0.677169188987541 1.46318113693227 3.04593133681995 4.33451391063571 -0.00419493821162331 -2.06854707928269 -1.03533597862627 -1.91305605079998 -0.829763088563171 0.682809927635251 -0.00416062416499508 0.116805336738126 0.390200671216646 0.0258155717303932 1 217.380714896496
"1" 0.170654264131184 -1.26755501456191 0.16503993469045 1.89550966811095 2.39472697184868 5.8888141806969 -0.156818161078805 -1.08518733783467 2.95593628390288 -1.88649779217362 -0.222567297900267 -1.16686957876394 0.313211252697845 0.309214383250053 -0.263620534177253 0.194306578618961 1 121.262355027907
"1" -0.377185534686078 -1.14603589584569 -0.0908369345026606 1.59357570135248 3.39583293071161 4.17422852389832 -0.875812944850972 -1.60450694119904 2.60111529949681 -0.910283637477888 -0.0211820673268442 -1.11446486726652 0.256238275858865 0.370057405869378 -0.130414707666887 0.227593305395124 1 143.588592659426
"1" -0.994234115151925 -0.928899389339586 0.340126747302316 1.14617275434045 2.17278300904859 3.02263985641884 -2.18216829808348 -1.27767283993403 3.88989222616676 -1.90476049133829 -0.500952274709377 -0.731322755795815 0.284260499023972 -0.284010009932687 -1.07148287773062 0.192201988312152 1 108.734683960071
"1" -0.517627321374436 -1.35290205615075 0.313488208493555 1.7130385848178 2.8752596860394 3.96165338849916 -3.45673277990836 -3.228698462422 3.29221250146818 -1.3843523391703 -0.449746164976609 1.75304335340795 0.128288915209805 -0.183102260838984 -0.0945497569025407 -0.0390012513703084 1 136.011663941007
"1" -2.48949526501069 -0.912772165458947 0.359397663596626 1.40471069899298 4.10021847709082 4.08048416762274 0.331991215666014 -2.73612205000436 -1.59368114776908 -1.7685387647216 -0.83015218394793 0.655155000626679 -0.00168517006669051 0.160590737865072 -0.0510957650213077 0.274545617723667 1 215.251991820125
"1" -0.290779587233582 -1.23818143510001 0.103743997810031 1.60077225624488 3.55333234639631 4.13160527737647 -3.14639117721803 -4.23569913625871 2.98795567779174 -2.08996907504646 -0.243271105862538 2.38203363978643 0.191570873062339 -0.305970689960802 0.182399220832934 0.328380442308931 1 158.668048118148
"1" -0.336111609908607 -1.01136953578292 0.0698232500204351 1.0971844923085 3.32465205266118 2.975589861772 -1.72109127487795 -2.48369220112704 3.1913193419709 -0.868265838827607 -0.232810691117523 -0.689953950657099 -0.455502946192069 0.230426952822905 1.35770316845401 0.0018551160520677 1 160.009014177881
"1" -0.0240632537353526 -0.582906729701355 0.0990611933530343 0.75958173953788 2.99922257086492 3.00379204834739 -1.91702831840946 -1.98318265246074 2.94096222750893 -0.814150168586606 0.241437819147048 -1.15187787547819 0.0665308516363586 0.379087421713159 0.554467378229761 0.187610788046293 1 152.546174234084
"1" -0.372627666419885 -1.62600426135353 -0.0130885798016641 1.24437993429094 3.4878466958383 4.38588712805947 -3.25287924208001 -2.08868368171459 3.09025974252961 -1.70603812133759 -0.356240614927788 1.59441801845626 0.33198419077033 -0.220432691960059 0.0966856426845433 0.0238621882005935 1 130.643663404885
"1" -7.78074152189173 -2.06393617218155 1.93886434082926 0.0544007363847549 3.87470832493975 3.47978094315423 4.72982931976936 -1.54251577177862 -1.36701540139173 1.66151392825992 -0.839308116612221 0.556022843253979 -0.00616391804508838 0.0679089432241744 0.81036053957914 0.258879396593494 1 87.1489149234517
"1" -2.79122661961251 -1.80850283291736 1.52777407885426 2.29379617984239 3.11305639524423 4.66657409384941 -0.31779057587533 -1.03229902311482 -0.802793319534935 -0.897505302071747 0.540494084699781 0.189837659423781 1.00225815307059 0.170627901290411 -0.181117278258673 0.191208753416168 1 136.020105818197
"1" -0.345849773043591 -0.987295023472439 0.295219888793122 1.12815456416886 2.88743193529903 3.91446630672569 -2.16872507736998 -2.27196344065826 3.37633071001729 -1.40849092203111 0.0471013257555913 -0.562496982396319 0.192736875623716 0.347603085847609 0.150470933429725 0.0931027450605402 1 145.050429795544
"1" -4.84758402759317 -1.20727424156906 1.67800800145615 0.913983767349827 4.09570763637683 3.6078513168059 2.905852544745 -2.33773922528922 -1.50741331010987 -1.33513642412404 -1.07248910703755 0.370174287043508 -0.0580400625682592 0.0599933262471888 0.677498627008367 0.129635207208644 1 170.354265594291
"1" -0.0712422455757273 -1.14448816182033 0.200773190730327 2.14713046180239 2.71794779903076 4.41629473047243 -1.56572023644512 -1.71194700530374 2.98102450817933 -0.782426416826022 -0.120061289566277 -1.1272110750359 0.217113721358608 0.387330535236447 0.0549138807204004 0.347381275020472 1 117.224636861028
"1" -0.344057397960976 -1.32490080697988 -0.193946139164979 1.78601094533689 4.27685530136432 4.7442067155586 -3.08522012278196 -2.21645253959437 2.89353446117052 -1.50189250157687 0.200426122205088 1.40636236055576 0.330114120153658 -0.117354761485274 -0.27508252846793 0.303105609065655 1 170.904268099647
"1" -0.497928445476328 -2.88893091177378 0.0737327092677215 2.87559274693156 3.55973426805053 4.78098279052107 -1.98721487799743 1.41603059628124 3.02891964794164 -0.104530682737571 -0.607666398388394 -0.332173509161193 0.470636990385955 0.158035872634274 -1.58006502286627 0.190542509488038 1 109.836305796791
"1" -1.58330207807711 -1.36617332015299 1.13363566770966 1.11155231784659 3.85501283754346 3.19393640820085 -2.74161335357423 -3.12015170649845 -2.20193459678206 -1.85862494428384 -0.512949414412745 0.60471273150011 0.00937551980712048 0.167165706963517 0.948161469595996 0.0354259552562487 1 201.290376883541
"1" -2.33413202927639 -0.48686529931638 0.696088380463482 0.288158212007245 3.40308931230141 3.38069315108905 -0.535064360471324 -1.10874840477283 -0.931070179459793 2.93574974839724 -0.21256103701174 0.217516849316732 0.258400781494045 0.207518465247556 -1.02578657508681 0.191461444927646 1 83.5600109459629
"1" -2.22648159452281 -0.418731817304267 2.38082531715084 0.0784159436373708 5.80194843781478 3.5335740299949 -0.452297246919565 -1.97478582737645 -2.42373108840005 2.97771816700571 -0.484009622495301 0.442573629644979 0.131157711112506 0.245610225471987 -0.0342115738151019 0.224599788153762 1 94.0155628469802
"1" -9.68242742038152 -1.654966825066 2.17736919844013 1.41147826279976 3.85319471535089 3.59542148522108 6.23314152002173 -1.2010445737605 -1.19442043550002 -2.49754819027743 -1.1676053092329 0.771980390520971 -0.0377940045329024 -0.122584165831671 0.425303512935343 0.281748656834901 1 142.399521725923
"1" -0.997961627422594 -0.4921141927996 -0.068942835996494 0.155754735333206 3.30328403693788 3.92239379863596 -2.3731601514741 -2.3792056063898 1.37938524709635 1.58455622344807 -0.417693737413909 0.683024595908469 -0.0495005227275032 0.145214990435949 0.971659415172498 -0.120922438319486 1 157.93729226296
"1" -2.2137312527718 -0.545133793774474 0.903514258118209 0.143893784439921 4.54881361171367 3.79798183926713 -0.339620804117253 -2.59964230977097 -1.86402435319054 3.09969691405754 -0.473344596966089 0.491220112105032 0.0129453895848245 0.204644532430251 1.03301171380699 0.13262992805348 1 116.624944786894
"1" -1.2893187333873 -1.39296854734406 -0.222592664970122 2.2524276087067 4.48298704116924 5.17248691848098 -2.63950997358242 -2.70335209123654 1.24834431885457 -1.26291854298695 -0.338694889803364 1.25433804435548 0.210359475853369 0.158734709359518 -0.203912390308167 0.378805144221036 1 175.105861465161
"1" -1.3700303324263 -1.20342491980075 0.802651991675054 1.57958485211954 3.18132073389329 4.16859215940834 -0.217985410018417 -0.74408446350063 -0.549469271499396 -0.439464025094419 0.314069399532797 -0.454122046898018 0.288655854598352 0.342117197033067 -0.313067819544324 0.365226952634773 1 236.829977964726
"1" -2.05569383263375 -1.37443336925249 1.05058133724252 1.25019312597532 2.89529334739027 4.13468710173009 -0.0651552513651003 -0.525280499486655 -0.333284346526629 -0.16143593722496 0.155482568606995 -0.484551362536267 0.401415214335714 0.311044401608935 -0.528131235080129 0.228945117124808 1 209.333239195891
"1" -0.21172349325874 -1.16427311383237 0.200019754883557 1.07332165523093 2.56248581731717 3.71846162158142 -0.344456438668127 -1.38383689600826 3.09719816406682 -0.610036718057703 -0.0570644381505446 -1.30470539727819 0.215967363734123 0.387741240754139 -0.0333662367480047 0.147312699710778 1 101.965816104506
"1" -0.59309908976722 -1.92390829071653 -0.688319316003469 2.3935216716464 3.09298311301822 7.85222777008216 -1.47452041547538 -0.244627081976713 1.15695119090625 -2.34299712719225 -0.0528984738107263 -0.784185710052382 -0.029913957871054 0.904530189539281 0.416175452138419 0.665254295884057 1 155.845159056462
"1" -1.41057631285557 -0.676139417220856 0.252709144525029 0.257035242516059 3.65185303095816 1.70347467110847 -0.790603042994482 1.23323289549005 -1.02716263270981 3.66561330239476 -0.243991619369772 0.100145613003224 0.412020187111241 0.267877632835683 -1.84633550872125 -0.505749462973815 1 29.9924682205424
"1" -2.15957332413973 -0.95908060611728 1.02869009087135 0.280121114326318 3.57577787336261 2.60561789757419 0.424672687222815 -2.84238133075613 -1.38495031536349 3.61932383818938 -0.621668301322844 0.468053640419473 0.386891576301931 0.142427998540286 -0.913907518088638 0.0314439713105176 1 102.273119699065
"1" -1.85989708644904 -1.39468474634349 1.21964730853404 2.10196022035516 3.77742890480609 4.81209914172411 -0.936040482803543 -1.57290406194201 -1.15578573697356 -1.10262351174392 0.620671864439504 0.3148708326568 -0.0356358557329422 -0.502685858326031 0.0641091653340197 0.531113758810437 1 191.69902777664
"1" -1.20375188874436 -1.10758392229226 -0.139259837365465 1.15472274711114 3.72467300167776 3.33824827830965 -1.6887221833452 -1.89979442113935 1.73886072674291 -2.67184610702787 -0.550866011735127 -0.239969753499723 0.212799042668774 0.34690419470894 0.946815597461101 0.273630811338872 1 190.670746129544
"1" 0.397740816786538 -0.765748837754459 0.134880020913087 1.06680101663017 2.69451059315447 4.016801610041 -0.455818096421643 -0.903141777521217 2.86984049210813 -0.482835086053104 0.0210764665912328 -1.29650367714739 0.0943598900802574 0.463067852044872 0.0424679078048031 0.173856885181384 1 180.509179930896
"1" -6.5285957728032 -1.43339758423352 0.752647121274111 1.37577904900244 3.46383452283036 3.68227915775403 4.09609888028103 -3.01728557058308 -0.880349845295671 -1.9446337502032 -1.89520503219119 0.851603069114423 -0.0218775121218877 -0.572906309191078 0.306084325729524 0.268187143609677 1 160.737021979263
"1" -0.0962165425600392 -1.27014526405274 0.319724788702262 0.84246843842852 2.00251627481427 3.54672237983901 -0.903839809302644 -0.902790330384453 3.24996582838338 -1.07576832226685 -0.603675330403476 -1.2173607617826 0.139430052086047 0.281833255930033 0.254806460653511 0.123857869219245 1 91.1538520283175
"1" -0.446365563646084 -2.2112519169909 0.0662357503430887 2.08848928274544 2.96083683679865 5.93372235409452 -0.343517964093202 -0.88802123538898 3.18070419628684 -1.88721946041853 -0.395398350440417 -1.21835552566726 0.314085470063749 0.124755927336608 -0.128582407005024 0.231026162419496 1 67.6035652815772
"1" -1.5691812016415 -1.93507708244523 1.70086383739474 1.9247984973307 3.87046312120162 4.51097025447734 -1.20249566966011 -0.432147399057799 -1.17710276496552 -0.850708529324953 0.369487432356253 0.256959108699327 0.589521529540892 -0.531632642291353 -0.431032811639686 0.103062277481038 1 187.971279336408
"1" -1.77473855938566 -0.3695089526562 1.45491007099237 -0.0205427521527166 4.74623160403778 3.86409702447411 -1.61329326261368 -3.12297772649705 -1.78296961375272 2.99744322040307 -0.60270470800623 0.0664252407845129 -0.763851356873379 0.277910404232427 2.69487340268487 0.274257715726225 1 137.556593821574
"1" -0.121131080564238 -0.768880139793321 -0.0450152586859128 0.441561768766353 3.85731702605922 3.65080522815502 -2.15020886530362 -1.98608946321649 2.97112022455557 0.162905220347666 0.617951192791117 0.0128265467559414 -0.149501516041754 0.135655892218329 0.948499433797781 0.0395046358400715 1 185.449345897301
"1" -0.635502757940894 -1.40478680135022 0.0993736108518948 0.377341212264113 3.27478585609867 2.7590285750999 -2.04191046462217 -2.47352507597138 3.29076230503832 -0.729936270857912 -0.58257233943546 -0.509862606132814 0.154330907099446 0.286896865577911 0.948435690185469 0.164463444083485 1 105.169933615585
"1" -1.56544234638821 -0.543469770940648 0.453581569804592 0.394529721767375 3.23818258937707 0.380478343165166 -1.36006862389817 -3.09809028807104 -0.607679717671917 4.24713842574091 -0.447939743362423 1.0413822836339 -0.0244450907789452 0.147294447146311 -0.0114687566881779 -0.132640316323232 1 -73.9839199539515
"1" -0.0718398012242501 -0.919859765343881 0.120783678815303 2.21297841773181 3.19198379079668 4.19877655315698 -1.71990932020005 -2.10123141735438 3.03341235068011 -0.654609076461194 0.0957641480098303 -1.00931214847031 0.160378174473604 0.38915591260642 0.0304543049990498 0.237128664051049 1 149.592232180881
"1" -1.49414756327829 -0.376397586525719 -0.15242170332022 0.0565011605213301 2.78621954194237 3.35762528049622 -1.31103806878688 -1.57359612645811 -0.193338065054583 3.07679113801621 -0.480783222386894 -0.313915671809789 0.360318221032889 0.257923981192792 -0.762959085511432 0.136036889813214 1 82.0094492301837
"1" -9.52137118874561 -1.25608298452921 -0.0780819037799401 0.98531249183638 3.34333868595627 3.96401493506441 6.58764452212317 -2.59762342220737 0.0550774574970953 -2.6644132922395 -1.87546963455359 1.73283886070721 -0.186636489311806 -1.25358041268479 0.349284801759472 0.163459184851267 1 173.440665597118
"1" -1.39420110054816 -1.02759386179517 1.21990510700349 1.52268610058086 3.10519363681264 3.91533025053643 -4.95211278382286 -6.36117524611157 -2.38704630339348 -3.61345694725086 -0.0694760897014168 1.93214398240108 0.268338128935992 -0.354540723104475 -0.141346964175494 0.369398982289305 1 231.134840933048
"1" -9.64390728886807 -1.42795204765706 0.630352353779234 1.17055582179476 5.09680796578473 2.99544671309622 6.29014410558214 -2.37045870503066 -1.71026516385298 -1.30689745650396 -0.957047621497343 1.15743753560853 -0.0266346099372064 -0.240426796285228 0.495612923489573 0.471294920490911 1 146.14459814541
"1" -1.11460882058348 -1.03054382294245 0.0784503646218426 0.506999305216512 3.50976854859314 2.64016913433199 -0.834690819368337 -2.07240910836223 3.74769863338683 -1.93082153081463 -1.00337381718155 -0.660336844642371 -0.0655708804289726 0.156587960307916 0.650914350614681 0.0813915716692207 1 119.957837044526
"1" -1.37478756136447 -1.31663020773001 0.659242876281649 1.09114984194703 3.85217720502522 3.44366561031904 -3.60160856252319 -3.5315265355743 -0.0130225986245101 -2.19911167846881 0.015358043852773 1.75484209472664 -0.369610558127053 -0.277883860671619 1.37613113534946 -0.593838358431729 1 207.208659529324
"1" -1.75846326657215 -1.48418433280906 0.59703251332407 2.51865177412188 2.81298579034809 5.87299833343817 -1.08807675672202 -0.388442951512876 -0.666156071464576 -0.266715190057559 -0.318506633952577 0.586999499381852 0.626014823648405 0.0979883500704551 -1.88706595288492 0.1587813585052 1 201.731387162376
"1" -2.4544105004972 -1.64890056923218 0.661269672198805 1.32070866367034 4.57515113988247 4.22528449216518 -0.218455296756533 -2.30186761561524 -1.77180580726815 -1.74044472139609 -0.704547754457566 0.668562756882686 0.138171330668272 0.266244585170932 0.245206829592537 0.175861578435435 1 158.461215798608
"1" -0.184219293925073 -1.00641526926534 0.173094175477639 0.734670619090555 2.58845247719035 3.26412214790332 -0.331674432847798 -1.84876605260608 3.1829296270132 -0.576300961310409 -0.186812396967587 -1.65610184714783 0.106304088973606 0.436208736571139 0.426866967986045 0.0317698705173937 1 99.1016472766014
"1" -1.35531972985612 -0.0767214683333066 0.371334277072487 -0.0590718143421205 4.19705294513867 4.11758213299866 -0.99987725854738 -2.10456403654672 -1.22397865286304 2.89137888675595 0.66165294380345 0.179077393266691 0.0535476772233711 -0.385798105019493 -0.678668757485729 0.321627746787734 1 153.094481198347
"1" -8.89154574670649 -1.70740119214393 1.3522028288298 1.77645642736202 4.8635109422048 4.06238151951728 5.57567641820116 -2.96971944873689 -2.17960029293157 -1.55948914081069 -1.581435563958 -0.268966449165927 -0.0286067271037109 -0.105258383208608 0.123951843663386 0.183150333485969 1 138.534709838866
"1" -1.57934288980294 -0.453701685949022 -0.0899691306672375 -0.0686220070439234 2.60441092834989 3.98405566303216 -0.89545504245747 -1.89315756973424 0.891624988440604 3.02959115781627 -0.20170550149481 -0.179726321377519 0.370951200606108 0.265144116385435 -0.496301369641205 0.0735516892487855 1 86.1058359694089
"1" -2.00240062613449 -0.566498863371994 0.491712130268047 0.370037656533785 2.66020466450506 1.98597439782308 -0.310471947711444 -2.15489106282112 -0.625536593657922 3.54824133574549 -0.495395129342315 0.706799069960659 0.132410094557958 0.138395840469428 -0.870004630404752 -0.167975291429872 1 72.6451721532471
"1" -0.492997174954868 -1.13072073691894 0.107252929498455 1.17290525267932 3.67289758190473 3.42780474838176 -1.73830745783628 -3.01258006754983 3.11244640389272 -1.45319677950468 1.11473306464631 0.959445319538023 0.169060589103381 0.997878892496041 0.698159709188296 0.758255628189609 1 133.964854328038
"1" -1.8430913050818 -0.00629637141778257 0.837528262320608 0.216625839403591 2.70233155315504 2.69329264902217 -0.116661493455107 -1.0836661906383 -0.436104715794983 2.97910019772914 -0.206525914353164 0.0204151683338896 -0.213686042175629 0.172974518298392 -1.49971217943132 -0.108820525819497 1 144.223379799262
"1" -4.34374458173589 -0.952084448348491 -0.306852939159537 1.06820011857136 3.10446190749831 2.95791884631933 2.54694273470311 -1.71382420692613 -0.586888896740746 -2.18221722480881 -0.92042071431896 0.623465069844404 -0.39994814819652 -0.262372921160645 0.979134218573274 0.459251256850161 1 193.870919357603
"1" -1.77022114371816 -0.338775698021777 2.01790910668217 -0.186432178274523 4.44277532503337 4.20590990001768 -1.92860635809584 -3.42452618296836 -1.75340612392937 2.8479960514995 -0.664483584856454 0.403442531413094 -0.804765443964044 0.149601493389407 2.56887146178323 0.164808737244505 1 147.355578309837
"1" -2.58287998564877 -1.39502219782552 0.805763971744198 0.748291090688822 2.97571733458217 3.37438133755541 0.261724239459134 -2.38195564001808 -0.936805549834587 -0.501966926486877 -0.687446542411749 0.788730964052043 -0.221207127204985 0.130607202440729 0.941412618443567 0.113265391316039 1 174.3530746515
"1" -0.751419255178029 -1.52156095168443 0.324608127047713 1.23540771699425 2.36917340852446 2.93203628361249 -1.79253127106711 -2.06358171957302 3.49320820249178 -0.72677414370591 -0.524517227928641 -0.232601251200586 -0.0358310627433307 0.174619673323133 0.918945797478645 -0.0477865029591873 1 96.6325899482335
"1" -1.71922548816643 -2.56403061390869 1.0281461519472 0.567295769871267 3.67853344940526 4.74755915372877 -1.59922507564967 0.599051640850884 -1.41703173818466 -0.86294917603443 -0.747819372091635 0.348381971560698 0.234928658388231 0.210523768774538 0.577963125761497 0.201927965882116 1 171.193550453086
"1" -2.46436598762322 -0.991825072941581 0.0850933617353953 0.961009061490468 3.45058858548288 3.61975029427241 0.174449440505808 -2.82168365766889 -0.367046825600056 -1.55236387018259 -0.869350216478008 0.590192532950228 -0.155381062157931 0.142640609452179 0.807396768345107 0.218197913390744 1 202.881873829107
"1" -2.72868421481521 -1.33565735279682 0.582255789270243 0.7291307338454 4.27617905285667 3.62207065932301 0.939983583828728 -1.82734516777055 -1.04656629110948 -0.712635959402754 -0.646195803895347 0.875880453899575 -0.0173214915398684 0.151056350099928 0.503260464142958 0.163988648786786 1 193.981718817663
"1" -1.94456069948152 -1.31132148717099 0.913213425509449 1.58784993739751 3.1795176235783 4.13811986611747 -1.04690526733747 -2.64386024053758 -1.12451051548346 -1.46814175885489 -0.620076005770733 0.892707098481565 0.31667980970119 0.139754715076984 0.0858402292926764 0.149624669873211 1 194.061317656646
"1" -4.14922638798105 -2.13393837663245 1.49109489729343 1.52224956497075 4.91112449262406 5.47172843711474 2.06218839322118 -1.46448463304716 -1.79701829930225 -1.71814973312666 -1.13108750631614 0.356753996529727 0.203265855383157 0.270751574186868 -0.119810380976979 0.292547670619228 1 125.637771906108
"1" -1.41598407704419 -0.494649831917203 0.61440865446927 -0.196662416247497 3.26089032860852 4.32576016311335 -1.76914028753715 -2.67525822381561 -0.776686547146087 2.97024460060559 0.0525609557685709 0.703849678474185 0.023394809108309 0.0569132963660211 0.946365188904487 0.0451806374023728 1 148.901064626174
"1" -1.80049030791701 -9.86654140030074 1.03333474814387 1.60141253571423 4.5326414502505 4.77977100575089 -2.41127020501385 5.99347260541638 -1.98977629903135 -1.20556201239402 -1.33156984663937 0.189048346136189 0.184453385792566 0.130948986504487 0.307630316637164 0.334494162802121 1 121.854256404316
"1" -1.65735347364454 0.688322035323058 -0.0761745100163553 0.220648569216054 2.46998160510016 2.56359551619298 -0.925955535162266 -2.13569246060434 -0.475102958673865 2.67867381279348 -0.466828232704966 0.571410903064151 0.286274399218763 0.0906379753914911 -0.782331215119607 0.155678205916884 1 128.26640387887
"1" -0.539635683648223 0.30350341972271 0.477420593186899 0.157646968769624 3.11086468661206 2.91745952695063 -1.69150037526578 -1.93481685929175 -0.766040943758034 2.98729656858836 0.456444476945522 0.0367721590960661 -0.0537672363933552 0.157055453672337 0.083425783977204 0.0449816031825477 1 210.672090378917
"1" -0.551129508854833 -1.04121675778756 -0.286020899248892 1.13703384710858 4.53883040741129 2.97703550352214 -1.99463375059359 -2.78670624870969 3.0319254416261 -1.29061130489453 -0.437781856699993 -1.2848048757535 -0.0254915822326912 0.296936768030129 0.539717141097692 0.207684604648396 1 111.379130253983
"1" -4.2890491654652 -1.54214346405448 1.82858988104584 1.65163879151682 6.01519879530034 4.00449317178677 1.79730657583071 -2.27936163447395 -2.65959904556413 -1.06270726305517 -0.911160950309751 0.586842147196491 0.116707611210141 0.174982685419748 0.227956461835576 0.165931517227306 1 142.812421645184
