"1" 10.7230390132406 10.3478139408346 2.16655360357176 3.76551953600332 4.36664527772708 9.57714380082385 -2.23413745519964 -0.783241643708722 -1.02731504143708 -0.211572066290621 1.13865296396412 8.27415515104101 1 3010.18233628446
"1" 2.2946455898258 1.11611769068225 3.41671144422379 3.33685527795842 6.08081138111713 8.66926671093006 3.67412758012361 4.41268916232655 -0.0057976989940639 -0.936848903054357 3.50506602688013 -3.92295958149822 1 1956.01572811186
"1" 2.14883185998679 2.44188886432771 1.06998374755075 -0.0939971622261919 1.55091702488659 2.19462697174499 4.81231400754256 4.82667456484412 -2.10867183112379 -4.71112943567319 8.52352256585085 4.72091010026982 1 -2695.33251910383
"1" 3.45242347561066 3.11559845086465 3.095893111713 4.53264412155549 7.19040821563587 10.399798250621 -0.240101254265355 -0.0104883409670716 1.34858336796436 0.369404405182397 1.32383011725504 -4.60083820316899 1 2870.95287527125
"1" 5.89862376565814 6.04269820822398 3.50522372766295 4.26045788122339 8.2681710147348 9.99912289838806 -0.813557392424852 -0.688601432430952 1.94990071201099 1.21202697545141 1.48208271830843 -4.52772486283228 1 2927.23280535609
"1" 2.25150525880892 1.66555383954361 3.11784823340018 4.28905889010226 7.34286042131111 10.1861948142817 4.28841518859684 3.11999039688528 1.48362810477411 0.140508132318214 3.83050423037303 -2.58434979821807 1 1934.28394361763
"1" 2.68359384660485 0.700712654202166 0.294398187402202 2.41117059660139 1.38655235552478 7.03430110075346 4.74466616375558 4.48516688812763 -2.39086354980687 -2.30886639141968 3.82110137239486 3.01276935560551 1 -23.8771608653951
"1" 3.01283464655096 3.13656970089587 4.74127044819434 5.40079833844127 10.0347288593716 11.4230069815618 -0.272996348684074 0.236762419590873 1.78599808147444 1.2950598667391 3.89580425001752 -9.67458534704343 1 2643.98614058152
"1" 1.70026108341177 1.90140067675329 4.081689486723 4.44669596195772 8.84625444522928 9.62704158339026 0.11337742703585 0.457385498512915 2.02552558053887 1.29821433310411 3.48488095913884 -3.3380772697402 1 2627.28340966819
"1" 2.82972287724119 0.230550490407484 -0.0900561167538084 1.31275538848866 1.09111822989604 7.30912106149856 5.07041323063399 4.90698323046949 -2.67292813687658 -0.998006031217419 2.11726301544546 -1.52914893856073 1 -1393.17109795673
"1" 2.39400317036869 2.39991429807446 3.35783489132501 4.40855975341653 7.64860870946901 10.0731357489677 -0.238442096683069 0.963847437077899 1.61843009219117 0.555038040909291 2.08405262805028 -3.03761232773056 1 2796.19564945259
"1" 10.6697699202295 10.3204667381363 3.3857307094932 5.46629329760567 7.42792098720367 12.7484385021907 -1.667779631186 -0.282022398146283 1.24061058976945 1.13018557573114 -0.390233353310503 -10.6723969882263 1 2927.02433211309
"1" 13.8907800951324 13.2719895528135 1.91144413949059 3.29160981592924 3.90251495184537 8.65432569749978 -1.27653381275266 -1.29029546000927 -2.81166603076096 -0.636131598814087 4.7875403360664 7.43907288918899 1 3039.39402088004
"1" 4.06540455600286 4.53588003883731 4.15049318424696 4.52857048120661 9.59388633656298 10.3651152545624 -0.451805784771072 -0.602569628816309 2.32051419693614 1.05064990315097 1.47373805600834 -5.63084067318992 1 2821.01876168432
"1" 2.39330229102034 2.28352074068952 3.18208849160506 4.50182285636337 7.40640963141604 10.5587726731531 -0.429133578719025 -0.454102613516481 1.71322713552973 1.02629848127388 2.18898122275827 -3.35388167058779 1 2693.94856094839
"1" 2.37518757717333 2.99863078215056 4.54669839198872 4.15296800537728 10.4829117947168 9.57565992981518 0.651905133094142 1.17726871963449 2.50832503732561 1.63778181568759 4.78230965162242 -9.75413751052362 1 2602.75025614964
"1" 9.81113805998759 9.88346997434775 3.49240857660793 4.61597484668592 8.10585403691771 10.8309382653217 -1.42238991410626 -1.24273229817632 1.68927186657076 0.437233400012953 3.82220958685515 -1.87612387603514 1 2926.43562860356
"1" 1.65987444364856 1.44116883117138 3.04903431928941 4.40853272317062 7.22409984340382 10.4431653172458 -0.600621137942791 -0.0888962109137828 1.7692634116908 1.03275121109969 2.856357792368 -4.82054649591425 1 2708.01022485851
"1" 5.43964866792971 4.92652818973313 3.5890846676768 5.11953043664127 8.17961898654631 11.700247519802 1.74689724175557 0.762754203801066 1.49820485215944 1.3489232147105 3.80210049912901 -5.6185306400236 1 2777.5689699576
"1" 2.9349675871805 -0.135408760324228 0.238432818378189 3.74928700179538 1.39700640983432 10.7934783757118 4.84973968109053 4.68630336444363 -2.96448583488715 -0.103360822753584 4.85633810287583 2.9460043914795 1 -244.63372210506
"1" 2.20333795478123 2.42157331185662 3.70628092781459 4.43223316604055 8.42072870147977 9.99983061521883 -0.0872267200594619 -0.444465224754376 2.01616564646985 1.24327631565007 2.8086505676516 -4.79505228953267 1 2654.8519446666
"1" 9.75583390940875 9.95121714151543 3.45815986063391 4.73943252656814 7.90766721791666 10.7318327371452 -1.27639067755756 -1.50534713735345 1.8825138432457 0.770445264562827 2.45012551335682 -7.35187299657152 1 2993.57276728065
"1" 2.83286996134021 0.408940443540312 -0.0047985729611303 1.0298971704168 1.11592662838612 6.54188508879789 5.00206179280053 4.84073113614061 -4.0786086448678 -2.00884880232642 4.27073969962392 1.04293312623069 1 -932.944422892779
"1" 3.02350789975797 -0.908820606441657 -0.197181593299642 1.04960449715116 1.08821625742526 3.79652146076533 5.22611250837423 5.61742357542626 -3.59789307427283 -3.75834789067773 1.39534138736152 -2.22298742219776 1 -4322.64832253336
"1" 2.94870532178867 -1.0933383859947 -0.179163159452669 2.30402640977984 1.11226883023864 8.20964838887956 5.17517575036891 4.97410171820247 -4.26836783563948 -0.318991165344585 2.54569716098399 3.94386003626644 1 -2689.30428074882
"1" 1.56471986589366 2.79692092160876 1.49232389909414 -0.104784130905628 1.63521329959193 1.74321518054832 4.95992604588437 4.95548884884721 -3.42358910174545 -4.46106719862809 3.53734198127804 -2.90464547081222 1 -3905.29456973117
"1" 2.89503048175279 -0.265869886277162 -0.00990848818344958 3.25665912457496 1.17011591932574 10.1937286567976 5.02588573385599 4.91781953945875 -1.65032081979061 -0.583262708338956 1.84651851150048 4.59251796817583 1 -1312.18738103435
"1" 2.52110470355956 2.11242369842141 0.402526936472437 -0.166982645412828 1.25001248147601 1.98238240405899 4.95684168547229 4.91956174009186 -3.61070954657312 -4.36023799441843 6.2620902800373 5.56652432078251 1 -4060.66275677953
"1" 2.81359682447071 0.0527168594074763 0.349736898625812 2.34391659712373 1.42809811318816 9.90144151171855 4.79562196033151 4.67331400298924 -2.70174422046916 -0.446203417351869 1.20722747094068 -1.48548072351453 1 -415.416895939674
"1" 2.10553295167592 2.42261195380082 2.94533172901305 0.418973938056388 3.57228274118156 4.21084131144519 4.47917250847967 4.51935778399989 -0.968179070729291 -3.26544231585839 3.19102894547498 -7.70753246422957 1 617.754228925689
"1" 2.59009190259553 1.36191967406988 0.45710860479581 0.387074130641734 1.33664146512086 4.4001585939407 4.7139174768045 4.54050021534749 -3.88987352326975 -2.76490299091177 4.59493934522887 1.98938028705424 1 -655.396987916331
"1" 7.24971739164602 7.92778483442638 3.77044582190745 4.19160028045247 8.93441675926066 10.0527354398672 -1.16146364796609 0.444247274491535 2.26226935890454 1.11041482615798 2.51932212343367 -5.03365052668115 1 2825.09364930697
"1" 3.81933221521458 3.83733318681227 3.36378195754493 4.26106063101245 7.80845551100792 9.72845631557888 -0.238468196240819 -0.324337260713593 1.51642754889913 0.342752226298968 2.09766783647337 -4.17064287276701 1 2886.81305208991
"1" 2.20766175926459 1.82501641003673 2.84972736050185 3.34065018359578 5.1486687584972 8.93686059051013 3.89424551312634 4.15283092568249 -0.370863959719672 -0.597070065253708 4.33884908755204 2.27155035288413 1 1685.76334619614
"1" 2.3594278130441 2.26845098014717 0.862055863808502 -0.301230343903592 1.56739801231094 2.37545174093046 4.85845213039307 4.82066834530078 -3.74698636059325 -5.07246084126953 7.45427094657238 7.46486750704701 1 -2427.76381069135
"1" 6.20759852768099 6.25619953745257 3.50522527355862 4.49344436284956 8.196572130248 10.5914435486771 -0.492374461692274 -0.904523889534479 1.66439416006648 0.592706766631179 1.71303540927862 -7.4030908860739 1 2926.74144007884
"1" 2.6066877479762 1.86405771805536 0.581722660834945 -0.332339142120997 1.48187351960162 2.40585341247673 4.83190880564588 4.86887053088206 -4.61760874320316 -2.57989563799194 3.23162295826912 1.43168697616435 1 -3024.11259308452
"1" 2.46458888037711 2.56187514753115 3.02941263061486 4.07925361159295 7.05671208396206 9.495251710922 -0.0777836317792239 -0.51779235497078 1.69925458914467 0.623335939488551 1.84201799372219 -4.82829408001046 1 2798.79116684476
"1" 2.81747002975154 1.47327542058045 0.0583127367199715 -0.0736222837667412 1.15315853016986 1.97331411119186 5.05790925298151 5.06497569994845 -5.76007612451354 -5.43750862874939 2.5851099638228 -5.23204668000754 1 -5773.3267116182
"1" 5.53132882362189 5.61556493935067 3.33475950760306 4.40781939973792 7.88320604768847 10.2868785533846 -0.978354537987393 -0.880994316307094 1.97096385511099 1.08354887767627 1.13080054886933 -6.03104894903009 1 2961.61635393132
"1" 16.0983846777273 15.7012960031889 2.1938863856454 3.58435767514464 4.38071725319608 9.22021607326027 -2.60122729823397 -0.947233686220865 -0.991854657210216 -0.330879104657598 2.84079405439512 -0.653460424050412 0 3010.05676432963
"1" 3.0219771413225 2.93977712425666 3.20254685749324 4.05013385902538 7.50197494496266 9.4533353188218 -0.452420066081709 -0.667936069201824 1.54827824254081 0.730212053617646 2.09564071207867 -4.42779417828835 1 2825.14992149639
"1" 1.26470386329277 1.40854051834466 3.36181213339795 4.7505277321129 7.92186206051708 11.1818930932975 0.922555630557587 0.583631834412169 2.04475905572026 0.855841050407183 3.83846612761133 -5.7058279411607 1 2640.39073949302
"1" 12.7582811452883 12.3196117451822 2.76351523735887 3.65415899563533 5.19900454060056 9.33714753701938 0.233142883767812 0.464130845568898 -0.416253120299572 -0.489491011678527 6.94859541803749 0.135525817301905 1 2936.53991459952
"1" 2.72559519919756 1.5602697226039 0.622365151468258 -0.168808033408821 1.48238155794048 3.54144558556776 4.75484745005592 4.79733003093259 -2.34988766632414 -4.05094447765106 3.82124382816635 -0.955873098535966 1 -1593.50760848466
"1" 2.36527306314725 1.52482110869268 1.89386883742418 3.24311886191793 3.35475867870883 8.8334706697242 4.1869767223375 3.95094241969604 -2.57485226540868 -0.803182496541178 3.11305556821252 3.63242305220913 1 1354.818440986
"1" 0.683179005699984 0.791106173708162 3.6518782633532 3.93797994652617 8.58748085177838 9.20063162802561 2.80485807646658 1.30287755649661 2.50049642614945 1.7171355171629 2.67133800130528 -4.73598531483584 1 2479.82000819152
"1" 15.3442356638785 15.0779860752835 2.12608746834542 3.38669593555938 4.17777853103125 8.67883444167514 -1.67946027834314 -1.67986064795653 -1.25786503167475 -0.649851365416347 5.64661368683397 8.19408703022411 1 3063.72842835141
"1" 15.1071553130626 14.8775038405607 2.1456747634274 3.73940244449238 4.19693179533777 9.13307973892851 -1.36906116798068 -2.58409660211978 -0.954395431703109 -0.431766731220424 1.24997926430719 0.893285295571984 0 2996.86742780094
"1" 9.61487407267294 9.36510587156011 2.40823654832966 3.59740155986176 4.72229900741695 9.01134580601556 -1.61918046603081 -0.722851581895736 -0.66361852841579 -0.657545092030454 2.96171472694235 7.97683018871729 1 2961.94698461851
"1" 2.02766966033125 2.59235646666627 0.992270874314474 -0.158346461947613 1.45022430009123 1.87006734355644 4.92720344918373 4.92798083089127 -1.75435823021247 -2.33931538815923 3.49002049334883 -1.32382482179787 1 -3849.86728846786
"1" 1.93129198067718 2.01901297611166 3.05858090052698 4.25095661017439 7.43185001583045 10.3157261903671 0.156746554709373 -0.253236314045353 1.7712675644857 0.566022827651311 2.32586298490479 -3.23972276987569 1 2720.61363132153
"1" 1.98167762026674 2.60597579193081 0.686187233745629 -0.146694483800939 1.22589530969081 1.6408590944579 4.98524969686578 4.99046643587648 -2.56571781511572 -3.4709707309621 4.57707131383575 2.04991422504246 1 -6066.58890914826
"1" 1.57995883640867 2.79175317127227 2.43838581511841 -0.0329830044100021 2.93270765731555 2.22787830781531 4.80149331784608 4.79437821613664 -0.902254666756223 -4.46332071750317 7.15964272049362 -0.69590032868376 1 -799.54283143907
"1" 3.01374717316143 -0.876958627316082 -0.0987857461565078 0.497123275674419 1.16062603503818 3.51053513847219 5.1379847629965 5.20903368790543 -2.38777648414782 -3.08756675501508 5.25749980288676 -5.02611500143644 1 -3664.59729737918
"1" 0.877546827494583 2.88423834285149 1.90791231788283 -0.0637600365082566 1.81622404526952 1.56867706145211 5.03857206146089 4.962130051384 -1.27427978366049 -4.42712905502761 5.38897532845978 -3.45282088037385 1 -3818.56621425727
"1" 2.28414921052818 1.99756079844198 2.00749794941468 0.741158143520988 2.59386484761808 4.35595309078763 4.33541539304823 4.44102310836084 -1.24930914836279 -0.507386939820001 3.52654230772822 -1.69395518216892 1 327.542574590458
"1" 16.2194327415158 15.9986081936339 2.50700128492733 3.82137192130455 4.783933946145 9.40456631107126 -3.14061362829378 -2.7986391523127 -0.689844282745181 -0.0105229700115719 0.225090637638181 0.440984408157303 0 3088.04520526725
"1" 2.51480195446186 1.9167770120914 0.585303265211379 0.0900481624363147 1.34030707991964 3.04069156581332 4.78111092164107 4.69934676657169 -2.89235337045165 -5.20243183033862 3.6325715736088 2.23259910416393 1 -1646.60103276981
"1" 1.72172635916841 1.88652723300382 3.50726903969512 4.22682385058933 7.95539402694196 9.74363579442693 -0.479279787837773 0.291717151274838 1.75962318928934 0.911990939129408 3.6590539167885 -8.57813992645381 1 2738.58914067674
"1" 2.11558822355748 2.2702318294457 2.86122859877432 4.32066208433958 6.79997917021305 10.1246349730378 0.233351536733934 0.162136606416279 1.86259895832807 0.401290339603136 2.77744213794074 -5.43616362486748 1 2793.97391383164
"1" 2.3713883310215 2.44186804429894 3.10530000943027 4.45407453471649 7.22865682815377 10.5806537523278 -0.0794539687899427 -0.252856576399526 1.65539578446124 0.393180987208361 1.95725796870037 -3.57129027194906 1 2769.99427372791
"1" 1.96373668075692 2.07280139311349 2.32897118942984 0.161318861497692 3.66166164962003 4.73612455362943 4.33564185448438 4.34100801313905 -2.6108660360529 -1.88663071861822 10.1928354035993 -5.84823285535868 1 698.852423248751
"1" 3.91450157920554 3.87130776882297 3.43231050757099 4.26370990277304 7.63312808214214 9.82981990199478 -0.609165694105716 -0.234972844514955 1.40830282377384 0.632617830152329 2.06333469926648 -5.33969882134242 1 2855.56048496881
"1" 6.97658441272428 6.72793764922465 2.11858053928862 2.72490316601569 4.14426606381714 6.5624980243584 7.32409072990795 7.32383425358789 -1.62143802487125 -3.41589585227885 7.30261026508448 -11.3492098425624 1 2796.74378653561
"1" 21.2761595504654 20.7844863716877 2.01382571480609 4.00092008814389 3.91848461996793 9.78965854723285 -3.88145370320571 -1.20524476971309 -1.33470870326923 -0.124426529357849 0.724146656513183 0.938463060981187 0 3067.20723065747
"1" 2.7354501296099 0.917808904592624 0.385604731969647 2.54026014462783 1.29542452146194 8.37545353796295 4.71249248480221 4.58347744930655 -1.87612601202236 -0.418007865955078 4.16938315845881 1.34912358524885 1 35.3770571179302
"1" 2.05961626810109 2.26823241640938 3.51560855491173 4.20077353739428 7.91008896439135 9.3144791553923 0.447002403662616 0.0681475928450504 1.79164812519196 0.820531878399424 1.95047530612327 -5.74516505049322 1 2761.25760417893
"1" 2.17505421191811 2.16929985456882 3.44758561014181 4.23540942619952 7.92049932585933 9.75846385998792 4.19232687414057 3.4313198261851 2.22092525801543 1.02119065785451 3.45970010354601 -7.89455509298019 1 1923.45043870461
"1" 1.91010034230581 2.5006701399033 2.09449576448141 -0.0654728013662646 2.57427521596959 2.5469227948971 4.6612049185045 4.71886807969416 -0.667213349313237 -3.77292443426616 7.72027775417207 -3.95761091532922 1 -714.620189073426
"1" 0.597821656807276 1.08785953554969 3.44189719808246 3.64062524071358 8.80845297711617 9.38943884866415 1.4949348690681 1.60613512216452 2.05642339002266 0.833043768625736 3.15412747628307 -5.24634742703593 1 2716.2560818829
"1" 13.6526994573444 13.2132968497025 3.09098146454366 5.38850712555988 7.43223039312185 12.6254764465142 -3.60169366645667 0.48727155672366 0.959807629752508 1.24455562561204 2.20703512022402 -6.54238122183707 1 2927.91171267522
"1" 2.98127631222519 0.0645156121949473 0.147758272614793 -0.365018306597518 1.36449283161756 4.39592086734177 4.94727847409166 4.88948001358603 -2.84910306090881 -1.00577530716982 4.89031159816542 0.193965050617505 1 -1950.16318089144
"1" 14.946049862104 14.7430274110685 2.80208989307766 3.13441201069124 5.48597694990173 7.82334891108198 0.0712398567601352 0.0368551432125589 -0.0478936966269392 -1.35923028034588 2.09888515037089 -0.920263078116151 0 2957.5083260598
"1" 2.74926696584472 1.21350945286701 1.93342166196874 2.67461419071857 3.37158060121467 9.17162552070075 4.33538932845256 4.44493556288017 -0.867885152499863 -0.345272759797649 3.59195000641556 -1.93369144319446 1 1332.76343334947
"1" 2.59791521706789 1.24650703919707 0.400321422217522 1.64355951165781 1.2929177968192 6.0134124742523 4.67619715530394 4.51115660742589 -1.34982555927912 -0.201935040646253 3.72440971719749 -0.322593373035404 1 -184.110764149122
"1" 9.71790328563026 9.33054591396542 2.32946855264354 3.41024864220021 4.58883946347971 8.74147875929967 -1.8483299526284 -1.27454802656756 -0.731884331023681 -0.581982157777297 3.92029231931038 7.95553577043812 1 2980.5409371108
"1" 14.6658365684628 14.2098088190217 2.14953120246055 3.75838958896821 4.11950545180921 9.41805529566982 -2.89004574682426 -1.07897228409719 -1.71824957101922 -0.264294655588344 2.10902563741639 7.6256222046068 1 3075.52707549844
"1" 2.83403659970712 1.35368785746024 0.205335581200406 -0.299822282818756 1.29743509272753 2.21664871548959 4.97791947413479 4.95040663552867 -2.44929192961302 -2.19382801518117 4.14925675299414 -5.06043417840387 1 -3898.76220994451
"1" 1.51125985436301 1.77998428834617 3.66697751456812 4.75092546413076 8.4541853777005 10.9540419991655 3.57176077827942 3.29615078950879 2.52984598756584 1.36338455195072 5.12572350794447 -4.56344313765706 1 1924.27286334417
"1" 14.6894262449875 14.3758660187919 2.2816333049141 3.65182603731345 4.51904026808414 8.98227258796319 -0.705801294896735 0.0696924725892498 -1.80071115312616 -0.422046201064892 2.02421441543257 -1.11433784138197 0 2947.91713795571
"1" 4.59174568273003 4.77387200984238 3.1782114619841 3.50089889882888 7.96556828118829 8.77236833115439 -0.617192384519998 -0.38826295757342 1.8229985219205 1.29986710915347 0.816017570071637 -6.00215327101145 1 2843.59861158796
"1" 3.22180688944729 3.22947921439686 3.26366202663457 4.50681780506288 7.6276209915517 10.4976446096657 -0.191665234478791 -0.204985362741649 1.70847816123677 0.682791103772522 2.47236581680097 -4.54739700121101 1 2787.44352341035
"1" 2.52733396877288 2.84069801758842 3.71388865210236 3.93692755274428 8.59536380699088 9.04788726216261 -0.359138849212248 -0.315807669125522 1.86457428172926 1.10033819552877 1.98089872834538 -6.59556431809237 1 2711.47186804824
"1" 2.42979984288751 1.48740636927927 1.49648405600316 4.22531135240343 3.04621484359606 10.6376552288531 4.03414439228682 3.72341664685144 -2.76315316911192 0.285287325168714 4.76269511680931 7.21811350595105 1 1828.12720904807
"1" 2.51801853456208 1.7936666343039 0.624494280313779 0.669075565864578 1.26799118896184 4.47505119303342 4.63288392465517 4.55013667771266 -3.70846430266241 -5.20331093469131 3.43200917706091 -2.26403369684487 1 -123.971149959041
