"1" -1.02428967679262 0.0914311790897866 -0.068701932393091 -0.176023915164155 3.42517564239292 3.8823755755728 -1.54417448109434 -2.36493989270104 1.77196730313965 2.97837189645584 0.195979805185571 0.0153330727518212 -0.0300055314618769 0.291671330015937 1.33122203310806 -0.178783538152141 1 1734.57763295836
"1" -2.04056103924972 0.053925457236925 0.596459039196064 -0.130298359202404 2.99008454802832 3.69594013858893 -0.567067794805808 -2.73761398061981 -0.685593968744036 2.96640763774843 -0.344939426836275 1.08073888609196 -0.162882305574956 0.115661945756417 1.7815442250999 0.121141105732126 1 1657.98782056556
"1" -0.192469381647059 -1.19844546265048 -0.0960464498794345 0.680955155792644 3.37641015479357 3.44772175269686 -1.36886233523415 -1.65828599528213 3.32695027624567 -0.252548374072255 0.201445823851798 -0.652851242190008 -0.198018975968544 0.308058024181246 0.956609562648215 0.0469570694023674 1 1501.72127252138
"1" 0.315383671055772 -1.34605851254338 0.237078041329744 0.717707553823001 0.284823926194066 3.46448729766417 -1.17937293555865 -1.59606505538606 5.11245721967792 -0.497211349958035 -0.0931902298108899 -1.24083472645357 0.108646449131162 0.354454005172896 0.682654633591699 -0.22710038429028 1 -6659.88688164503
"1" -1.24691481192802 0.458651047904113 0.635857225203249 0.201125678332588 3.31106317023511 0.250386547885722 -0.924210812907623 -2.69784979746007 -0.503157897915624 5.2535166568203 0.0444422349328112 0.66797834289343 0.323880394054847 0.151661659996106 -0.076868715635843 -0.362742960536699 1 -6532.50890817885
"1" -0.884411446328475 -0.341636155877739 0.543923553842939 0.396422058870342 3.25609788091528 0.561438689070354 -1.01760849451604 -2.56812041536213 0.0153268504534551 4.82984022190417 0.0263283241743896 0.609960457160837 0.470055097213032 0.154038788637275 0.082525858831048 -0.540319126714625 1 -2972.4642822489
"1" -0.494296864687961 -1.16730779321374 0.102135985393784 0.62788441585622 2.68476755620764 3.39230812592203 -2.22435718743203 -2.13006370302584 3.70175232603191 -0.389203299507517 0.0363526918012427 0.375714333133317 -0.15457499100801 0.299974702914565 1.74461434868413 -0.0429996571769044 1 1345.65679380085
"1" -0.690589057272839 -1.12035806691178 0.00592837005053907 0.593819323642067 3.23043908236413 4.00920213503951 -2.16103099534862 -1.94364839800312 3.70078979179073 0.160942066376147 -0.0983779899698435 0.0826715997211986 -0.203727862899569 0.114467593342936 1.68474241779488 -0.246456485703145 1 1479.2484131236
"1" -0.449573721893913 -1.14692807096133 -0.131258577963201 0.930572337138269 3.52028615031521 3.77939909267378 -2.04685046704403 -1.50133202617834 3.43083122098301 0.024040759866125 0.149681360049215 -0.177567010115016 -0.199874914169036 0.309308617762718 1.69397329145685 0.265116133317627 1 1531.96351445784
"1" 0.271449207896559 -1.38316017198429 0.257884600056515 1.08376452033294 0.298448058021872 3.64212188290874 -1.98923500844906 -2.15215418385156 5.05170491464654 -1.10553094520828 0.051092556391424 -1.35286471003901 0.126493935473374 0.13288320326077 0.928451456354178 -0.0416171807116531 1 -6034.57418787871
"1" -0.191925222534653 -1.15987313505345 -0.0186862191778504 0.766380520958096 3.12724480513744 3.53089255218969 -2.0231074005433 -2.04423974471461 3.28174637227787 -0.860074743003978 0.203869781371774 -0.749491390405669 -0.00962256440562677 0.409610203809876 1.2020763293135 0.162588997405665 1 1456.6560341618
"1" -0.207690076847454 -1.15681841457021 -0.135197783456178 0.898826543688591 3.49712125456588 3.6128138220092 -1.92949274579479 -1.91075996784684 3.36173334330581 -0.617048116527447 0.330346648301734 -0.18002474012161 -0.232160520697351 0.264663574059516 1.1355137030144 0.0984511708980584 1 1714.28642862558
"1" -1.78299276006438 -0.939205037232539 0.959737977728634 0.0627785291443114 3.6024731987855 4.11269093895364 -1.32011349269121 -1.76835316203737 -1.32190874647558 1.35855494242393 0.0286375756522681 0.714522815833376 0.12816508917918 0.0624335042907795 1.78669556294268 -0.12464735860473 1 2247.09837048076
"1" -0.170729702230756 -1.37251971555416 0.52331726359332 1.30985325276934 0.520655859440403 3.60605728960312 -1.19307188447975 -1.74261003157029 4.5321037333439 -0.902751401016704 0.0210375327480657 -1.46232394596839 0.1454717196431 -0.0419668946756011 0.719116150592444 -0.0780873583726614 1 -2571.13703405819
"1" -1.14846783558447 -0.277700695929073 -0.0220749961190798 -0.185338533593185 3.85425050141106 4.14382567927118 -1.70183204610247 -2.24544276799319 1.81497347438798 3.07354605452301 0.137177168285953 0.557524796397534 -0.263294724618166 0.27845890299312 1.12364341706097 -0.352235202373719 1 1487.42806482191
"1" -0.511493815975988 -1.03657436663233 -0.0659587100773779 0.232418387965411 3.35880778102032 3.59973758767413 -1.77757529731985 -1.68899264755811 3.54793797384852 0.494059065450502 -0.214584364355626 -0.243333762686768 0.00931744213831007 -0.00466650244340934 1.98757110885824 -0.214172481603125 1 1280.80024275248
"1" -0.248711469318184 -2.07294630272397 0.206428726011474 1.25042511534889 0.265434673961243 3.81935425918133 -2.24212041129319 -3.2444220702547 5.46696358281305 -2.20000184804154 0.425108213002957 -2.43703967523915 0.128642206927557 -0.569704819587238 0.777053004343585 -0.273815213985186 1 -6443.27917840901
"1" -0.378442080985978 -0.836585493491031 -0.0189112844170243 0.0330705618513275 3.63039050281302 3.71819685632603 -1.71918257517906 -1.90774872393686 2.93172200876052 1.45806155324512 0.184842755340552 -0.263233564076225 -0.00976756830074856 0.338095160373754 1.21912829942616 -0.13386164552918 1 1607.46752535069
"1" 0.807560275939231 -0.898643620362153 0.264466349810284 1.17527631425155 0.281160077456491 3.23906831879554 -2.83394080094903 -2.99087468411095 4.88338894705384 -1.0471461179178 -0.277626050727584 -0.937249385292668 0.0946183592422278 0.264703646608368 0.852861735544247 0.136847391029585 1 -5964.18746393194
"1" -0.111523520866604 -1.23446618300098 -0.025195246891074 1.42669193491011 2.82285143795512 3.72962571163651 -1.61841501964577 -1.703536261008 3.39054983323864 -0.818312531599569 0.134697836715134 -0.636829861631882 0.360072477541319 0.502526633806398 0.452861346064717 0.613784263508003 1 1503.19281062437
"1" -0.0831369798104206 -0.827720825221145 -0.0396013966202167 0.108292832665658 3.27660712773705 3.72714134454468 -1.46594884882282 -1.61636946893977 3.26682984369172 1.13059927852908 0.348593250868147 -0.342882356768136 -0.00149014079744785 0.325798826226631 0.864864541440809 -0.223717157734593 1 1604.57751084631
"1" 0.302238633090038 -0.823272475391598 0.240059525578042 1.20799546158202 0.299559254688301 3.55937637228224 -0.49761194166913 -1.23191856678748 5.1510790430218 -0.50080552727845 -0.0711847182749024 -0.769767135910798 0.131857318710652 -0.037601775405936 0.540690322606629 0.131271694825331 1 -5916.98292058206
"1" -0.566331512566949 -0.658482171867388 0.164996283025559 0.468026085546874 3.79783440725132 3.71663549669607 -2.12070908851972 -2.21935747201495 2.41805791905941 1.45053224076152 0.0903817830577745 0.0943732174035203 -0.0440511773086884 0.349988156379005 1.59646894696128 -0.0438741217348745 1 1845.52109361155
"1" -0.173805648406546 -1.1439891880022 0.0381241926653421 0.319452174233376 2.77629288315342 3.05523884859117 -1.93266170640028 -1.88333283314548 3.47890027261906 -0.109549629948059 0.0774344575752607 -0.42080514662661 0.022065477715571 0.476936772034014 1.42017766681798 0.0588080516562553 1 1238.27227302117
"1" 0.0425310214565559 -1.11182332812073 0.399375359948849 0.345468554252848 0.466050083009517 3.79062941643866 -1.25071747023288 -1.84024918849101 4.64891197168836 -0.595871132621083 0.132179063793682 -0.69458900627031 0.0848498544958855 0.345353763169094 1.10980759416112 -0.125775591549637 1 -3503.44147155495
"1" -0.0914691810054903 -0.986058459356341 -0.109597946912252 0.512281150693534 3.46364057115673 3.30890558842001 -1.97695549901941 -1.68156969975517 3.20795601145549 0.0808013001517118 0.359716172784915 -0.284695014497914 -0.0181774820673241 0.302970531085795 1.25841305132866 0.0307939513649802 1 1641.61047711122
"1" -1.05153669270104 -1.22431953596361 -0.0953349614298051 0.181830139788797 3.76704039664717 3.29135485944661 -1.78553787487324 -2.55233923735221 3.74799999433282 -0.286640170234097 -0.17054592861628 0.686355615637417 -0.241661554509117 0.125896943156008 2.92031603211692 0.0178799865712754 1 1431.29030447957
"1" -0.290112886516224 -0.997837848982969 -0.124682668083044 0.159135487207539 3.29321450029895 3.71464948505955 -1.9129863615701 -2.01289352307914 2.86994057316473 0.983675488713477 0.127463151794211 0.207644692319457 -0.170095500720199 0.214318136872834 1.62833811499029 -0.0914939796292493 1 1716.49127808554
"1" -2.59303368683809 -1.53868628252779 0.515565089049632 1.30728976043032 3.71770288378075 3.82328449589005 0.304933605405591 -2.02813263019439 -0.791176470077859 -1.02115399083956 -0.570071502919392 0.701992170226912 0.0774218051242303 0.212361800675364 0.729279034410354 0.196692121231071 1 2053.44304649299
"1" -1.09127910931285 -0.12455552941596 0.327652481445843 0.306032582679495 3.28131103760402 1.24737670536642 -0.953547081950828 -2.17696525730392 0.0422086997221101 3.82972231743868 0.33452610125759 0.57967209414463 0.29931239598353 0.257942941407536 -0.5629430775988 -0.561862140439956 1 514.268043406541
"1" -1.70613941715875 -1.07786258266316 0.670607992620268 0.239486299105621 3.10392652217844 3.75030102009774 -1.24973563852472 -1.826309584981 -0.367543536187106 0.878158575675941 0.112036658323425 0.836312396352737 -0.427974274635854 0.310222143281979 1.2825275275973 -0.15094647713346 1 2314.71700540453
"1" -2.28174452682264 -0.0635862362247738 0.642295042351323 0.171780398887942 3.50357999764304 2.45182645798457 0.100314626558826 -2.60043395275872 -0.667988885098697 3.38248946541561 -0.372965631131107 0.947338078424959 -0.168177518370267 0.172105697607342 1.61218423398777 0.140193649057355 1 1320.4433245057
"1" -1.5850941478306 0.278014049236879 0.430552204001436 0.305727375511025 3.25349927226518 0.337073448644059 -1.41692222904103 -2.62961937322431 -0.172118841693736 4.8813621243488 0.00996412126421543 0.960681032738323 0.106358329484533 0.0309823082783335 1.18580791749277 -0.275425624268888 1 -4928.89545012583
"1" -1.42201356963643 0.325708300850032 0.492545696397447 0.247164543855275 3.00822644782637 0.278779291926314 -0.601750910901525 -2.52898182129845 -0.48220063659669 5.12355277136721 -0.0531537009113734 0.529767682399249 0.442674364389948 0.188737548448698 -0.0871010131764996 -0.0996157886045847 1 -6080.56584443155
"1" -0.24739550848168 -0.920806768557785 0.136141697872087 0.640077765847226 2.45920925012563 3.23412486493193 -1.95641542465644 -1.99943596686084 3.66003412971049 -0.585662114906776 0.146982175080744 -0.644691022246106 -0.0306191038081414 0.288162475306764 1.23654436217739 -0.0449397277906537 1 1338.81267677012
"1" -1.54050620710237 -0.0962666139784426 0.185200120539654 0.0125866071107018 3.44844227537529 3.14588256963982 -1.27703326693021 -2.41150045547931 0.435456678556573 3.25045560001553 0.0658078263085258 0.807564857724343 -0.00168528798907979 0.152538528495192 1.61732453660327 -0.180573373351626 1 1609.03813325602
"1" -1.26686329452377 -0.0285581825021574 0.371052891725937 0.571944964639909 3.33514243568225 1.01699790515313 -0.956851053891161 -3.13214288508482 -0.139556398733835 3.88201989826814 0.129524762583031 0.788068216114079 0.168810239183783 0.0595037967152292 0.826745998198844 -0.49319351243913 1 -154.137559889758
"1" 0.40788399637958 -1.2871258952783 0.200684938988773 1.49604297151028 0.263929166860108 3.90916764275229 -1.16276998879783 -1.43500707468402 5.28756153760583 -0.696513145209556 0.108371961757151 -1.0774410479548 0.209096702550392 0.247002851529304 0.224082183539946 0.320663077050193 1 -6483.04941495929
"1" -0.774599440406587 -1.25593331899181 -0.106654112630856 1.04027778124727 3.35577209394064 3.72553170096583 -1.4939704001663 -2.45141855091201 3.75272961109192 -1.1201235145192 -0.142367658153808 -0.526502924461372 0.294556400325076 -0.101322762839108 1.26494938309803 -0.0148033116822641 1 1329.89969650781
"1" -0.883181147754242 -0.0431788104189266 0.0613768821627295 -0.0585310318262495 3.32935484331935 3.58213643304696 -1.66828149212328 -2.07841121006459 1.77798922576299 3.20093422400035 0.217352183797961 0.26998945203036 0.0225604742238166 0.25285158716122 1.21234410811215 -0.332587524801743 1 1586.83359001562
"1" -0.679897059237241 -0.813906101970589 -0.135290344319961 0.220668735204272 3.78518202933382 3.7881359453337 -2.03129817285189 -2.06721064656267 3.38004153046406 0.500019304527893 0.116227746661532 0.118042684199156 -0.184197107458104 0.301617254779691 1.52155553724142 -0.0441480931623849 1 1631.92698915926
"1" 0.181384898735052 -1.36484490306333 0.243624850547234 1.06677318323069 0.293020273847592 3.5667563239389 -0.778107312713523 -1.53655169357686 5.13656778737932 -0.563513327892274 0.0587306294903604 -1.12156786688751 0.366557588407024 0.221934953087064 0.632216675173431 -0.113243865486187 1 -6363.1947221481
"1" -0.382420092742966 -0.995265702586672 -0.0893448911975562 0.233774579734561 3.49857271809954 3.78932481654071 -1.88373598158761 -1.88055337291285 3.42553687913667 0.763883023355129 0.07649817305427 0.0234998779621364 -0.096634038065874 0.298104798670363 1.32294541530516 -0.201493560264765 1 1417.44309270752
"1" -0.47509958779435 -1.33794676381166 0.415109573988327 0.915986316373352 1.49985662739008 3.52871157058909 -1.75311754703341 -1.76809364418781 4.11910120168257 -0.389005421459925 0.141344158563368 -0.877389186706084 0.492737629481648 0.52526372276877 1.15185756935575 -0.0581641677651706 1 323.332355813181
"1" -0.96504212763231 -1.18329377176425 -0.0897941055677676 1.41853524485392 3.22097883102142 4.11092466576005 -1.94654399007909 -2.07382377317777 3.90870566038318 -0.506864783465843 -0.343292448312325 -0.62270049922324 -0.239362750157706 0.438602747308186 2.01395960885449 0.626087251098725 1 1279.93514405674
"1" -1.27145707018528 -0.283706503987021 0.51600718267895 0.14914360983381 3.5145757819029 2.48876270341834 -1.35978129971666 -2.72775110069098 0.339146964210052 3.64348504502839 0.146155447687007 1.06513630020043 0.0489426450585214 0.100430460166073 1.36596608240385 -0.271647778250906 1 1387.1604336382
"1" -1.21240260669833 -0.462990335275055 0.232668573348818 0.328033099313313 3.47929328869603 0.353737279758523 -0.271002050980716 -2.52663987015194 -0.766941291895568 5.31544869909026 -0.0828778289389817 0.498524540838309 0.751045557265452 0.371892854303874 0.111415687478012 0.404958414548383 1 -5419.53644205385
"1" -0.381967757419075 -0.963827401051172 0.222151442071685 0.802941596688562 2.41647290110581 3.40415772337628 -1.96164835484147 -2.1021684540266 3.79177495593578 -0.606920451410214 0.208544770288519 -0.371347705423802 -0.0857693844262938 0.198744307430289 1.40999916592441 -0.0463814213244936 1 1386.83083460398
"1" -0.640879191692669 -0.967018966746777 0.0371298636152673 0.837385281890981 2.62522799951421 3.48199502439451 -2.64280022586221 -1.93878982699587 3.80800713912675 -0.784989523621722 0.261266894851494 -0.14129200492254 -0.0438560593698776 0.20911657776635 1.68010302356263 0.0483469836690985 1 1389.67562142716
"1" -0.294087821747936 -0.94457732094755 -0.302658188609734 0.462753497427156 3.45308619723398 3.69491715416247 -1.8353327416514 -1.96776208051116 3.08692353915107 1.15886127779118 0.133091697137485 -0.282576278219634 0.0348223562152011 0.377983712170215 1.26920621201917 -0.116694776140009 1 1546.50753297724
"1" -0.266904447958667 -1.52320178779565 0.468114946784155 1.22299807309312 0.596095218982677 4.0801835068489 -2.11068307137699 -1.56557554739629 4.53492198278503 -0.764968579028842 0.183043093454239 -1.31493755315057 0.0789752642040472 0.308359466440772 0.987933664005769 0.15872669107075 1 -2756.60764065626
"1" 0.203133954196233 -1.799842519033 0.256981174809303 1.10709213436802 0.293460014622585 3.32306054553915 -1.4678815060339 -2.06125463759772 5.04298422017854 -0.499015887646278 -0.0266177910614382 -0.863093185335875 -0.0239962132801957 0.219522138594048 1.24865180427601 0.0649226250113288 1 -5815.70409467412
"1" -0.16256789609223 -0.849026382873881 -0.0253658880197443 0.173949747193293 3.15078470175124 3.36977601614748 -1.27839579801842 -1.81764967390176 3.03737782120654 0.772878772679902 0.278348188957591 -0.854393086600068 0.0428373460194946 0.387094089715322 0.714658869064765 -0.00221134821495611 1 1623.06765590562
"1" 0.155415068373658 -1.38303683214315 0.276767595059955 0.850657092856123 0.344710767943699 3.63795632253192 -1.68725596712515 -1.74112589631991 4.97478179815583 -0.580151925930158 -0.018135413020276 -0.984939277646394 0.0564136660103397 0.147204044172227 1.30662600770384 -0.253848274801177 1 -5490.51587954423
"1" -0.71338482450904 -0.467057919778989 0.0168481745485292 -0.250384200663328 3.4085785792546 4.35299602653558 -1.46455004862996 -1.63274605212946 2.20641769462796 2.51590221610162 0.218509634973315 -0.0535598144776582 -0.0726026270978556 0.314532997673518 1.15138181460235 -0.209857847328117 1 1828.63544551935
"1" -0.658502820299434 -1.08497153810282 -0.192612694032956 0.479432477203398 3.7775054445508 3.37119092374873 -2.32226600685166 -2.25177387028419 3.32267142125158 -0.116698934864929 0.0443373098959434 0.0970936299751128 -0.21754807798825 0.264853846166463 1.83299615344647 0.0533858966069847 1 1655.60072432557
"1" -0.567062278187637 -1.37007763494901 0.508892744228078 1.25000264320904 0.569810589012584 3.63268774416072 -0.669976021722916 -1.63593987264768 4.7897215086893 -0.81565302386223 -0.0711829294285723 -2.19933756004899 0.156611906160429 0.291120776435247 0.653215735674302 0.00996745175504267 1 -2892.43496127505
"1" -0.708852612698025 -1.36521872018416 0.249856636579258 0.57119804760246 2.12167476832881 3.36627096372667 -1.6713925700476 -2.18814208399495 3.97762561131003 -0.418734995971322 -0.170846306956054 0.994443983197991 -0.183152461157031 0.136269580940263 1.92407361313498 -0.0547847049057456 1 1247.29787712608
"1" 0.321802810768546 -0.927598043419664 0.286078323668763 0.927801813892631 0.31803650136408 3.492872946569 -0.711418663730448 -1.39386978017812 4.94790144136766 -0.558814182958299 0.100301229073392 -1.19156917889872 0.135767360984466 0.46281919718496 0.517079061999585 -0.000504226272113592 1 -5455.10106438024
"1" -1.14242719550136 0.359048107773997 0.207049488045073 0.240055300496439 2.86490066398252 0.306494207068614 -0.32117431071654 -1.81169981372538 0.220559718984888 5.11577816635512 -0.0715118934465918 0.357248845522204 0.678467142471931 0.304537200011576 -1.12431826479909 -0.266514136764449 1 -6447.21461843012
"1" -0.0623459732955959 -1.48305384773566 0.532886953496764 0.754637161983802 0.634859794241304 3.49191967296227 -1.85997846934288 -1.95375622152141 4.14614762086798 -0.601974379946803 0.0153551266053206 -0.675264100728359 0.0360567203261282 0.148755649334477 1.2294982438954 -0.327465190412643 1 -1691.24691337804
"1" -0.839037458741416 0.025701416874816 -0.00355178927248094 -0.2335541375894 3.6978195359787 4.20420264449707 -1.73454452511253 -2.20823309952769 2.18252085647457 2.99315836645371 0.150990685677608 0.429944599004882 -0.0235619266970089 0.251855002741439 1.4156916806589 -0.228641113335309 1 1488.62019469959
"1" 0.333214720489567 -1.8504641064686 0.215039805643835 0.885515812913357 0.259025504566845 3.72993637600472 -0.900733808533057 -1.79238530259844 5.11438817178632 -0.760319486169515 0.236462468611108 -1.05641765862949 -0.132819979960979 0.253113090839074 0.885803570566404 0.253422714516105 1 -6415.94267368752
"1" -1.74751764921658 0.352927947112285 0.379490389314924 0.282794707331907 3.28224486005563 0.310288413704826 -0.462820561346239 -2.67919294531046 -0.582758579945275 4.93969935682276 0.0620138728878526 0.432338883654789 0.752146214240232 0.488910633508884 0.463922960195599 0.0695325267340908 1 -5607.35670178715
"1" -0.784060493740572 -1.08759887899573 0.0191452121768152 0.353080276118099 2.99717454935155 3.67207124210053 -2.10570519278668 -1.97139822730305 3.85267670544124 0.659146192366817 -0.0114935683130974 -0.121121029714164 -0.117835986574467 0.277899211385895 1.52667498725389 -0.124616844083818 1 1208.88106506586
"1" -0.352391697631286 -0.912792052650079 0.402589356946974 0.702987202426671 1.60823639683794 3.36903538939261 -2.31851814063238 -2.29816103722589 3.95019173205629 -0.866977175856632 0.0849561349438577 -0.491267682275183 0.0048408859370241 0.2305871666789 1.24608704452758 -0.227708113953734 1 659.380748471362
"1" -0.313411616783365 -1.14311620383425 -0.0881911723645715 0.562631421603355 3.24255109129127 3.0822815497339 -1.73956389067602 -1.84246439871013 3.43399793594247 -0.21894739019571 0.139103280360578 -0.336369081865026 -0.0555304565773782 0.299335453813849 1.67783340793257 0.0665479480447412 1 1482.70292807335
"1" 0.211363099689129 -1.76787038798936 0.210129692538718 1.35468452801373 0.255658171951536 3.17190697440867 -1.28258179628724 -2.08315436430863 5.1983330717861 -0.400570686094384 -0.0699113834557403 -1.78777161736102 -0.0119816702047673 0.0363559576706759 1.41789263301861 0.060904176898265 1 -6347.14966060419
"1" -0.259519515285434 -0.970267129301937 -0.0620351773724128 0.339142083769155 3.13203694671465 3.68669422066767 -1.12197620992485 -1.76081986708992 3.46640149822869 0.252603653791199 0.105998067242122 -0.947174690903624 -0.00547011329850283 0.341179509858465 1.01475179408821 -0.0205103264326035 1 1390.42104361727
"1" 0.296578218146426 -1.19165610770117 0.243914715521745 1.2427338434831 0.278002754863961 3.43567780575224 -1.71326419718276 -2.0347088505431 5.13073680060034 -1.03067630801364 0.16315317601359 -1.25507309491469 0.128024441719436 0.328939254824707 0.772305083312995 0.293349998025644 1 -6065.60993394902
"1" -1.99432453723355 0.732224980427478 0.763983377830133 0.209536650441726 3.59783010693915 0.239148143562897 0.20923309487531 -3.0898733104487 -0.705138706027731 5.07471148620256 -0.337169726447861 0.881290454105935 -0.43017001298674 0.188666542492713 1.18831700475614 -0.231181817912103 1 -6128.36093794437
"1" -1.76025158633177 -0.0606278051262506 0.346889487884614 0.0824039958618447 3.00645253169191 2.90788826101263 -0.635686278915802 -2.45671683142673 -0.335013964031217 3.2966453318692 -0.103525348426059 0.891299283811644 0.0651082448980784 0.155839941020672 1.5687415613255 0.0165092062686204 1 1543.26628113704
"1" -0.683249820052184 -0.660563722527773 0.293687391035055 0.278369800758786 3.46228001546099 0.350880171443367 -0.456050284409186 -2.47689176014591 -0.548279260233307 5.73522360552645 -0.241503893843164 0.450331251950377 0.710210275587955 0.271082240545216 -1.4818147139643 0.039229242718749 1 -6415.22034166279
"1" -0.488532036777595 -1.679285524073 0.588803803116999 1.25806459491927 0.637917433497036 3.48442518272188 -2.80547762970602 -2.33429992708591 4.36689017072871 -0.653215663218156 -0.162406826637721 1.30407700582744 -0.223697769932923 0.254147081985684 1.96288994755964 0.0938466269426194 1 -1670.27838197362
"1" -0.559517986629182 -1.2725942859743 0.0991304181629865 1.3516607162811 2.16254141974674 3.61411642325164 -1.35387276864908 -2.17823366986983 4.0249405532436 -0.897893865903387 -0.231987576059229 -1.09681944470763 0.0754555550429384 0.368464021962708 1.13151119956874 0.408793134701681 1 879.258139501035
"1" -1.22186525456802 -1.41582987243755 -0.0269565141745794 0.13980500999999 3.77123962165057 3.33871162388769 -1.93402515859036 -2.50568335103295 2.96905179772428 0.280653196955045 -0.179607830566476 0.778754872250866 -0.332032154415935 0.19950642476782 2.45947648141821 0.0333302772723904 1 1814.85604063727
"1" -0.0674748845419553 -0.846277512245526 0.449941210889434 1.64440943910758 0.510633015557306 3.16933214194164 -2.2659378901683 -1.74247813660349 4.69232336337775 -0.905951571355965 0.264536775905675 -0.81688452970544 0.357240793639885 0.426613796482689 0.988767332083583 -0.0955252723723819 1 -3203.07721966066
"1" -0.264767460617782 -1.04463520385631 -0.0361619273309254 0.728775477366024 3.0021089230184 3.47337949272736 -1.49214250149795 -1.5927302397571 3.4872422043592 -0.0726959993284488 0.315236450586741 -0.893901720105229 0.0172307534705102 0.275278822273027 0.945973788803559 0.0741483927012361 1 1503.28080319482
"1" -2.25463396452813 -1.30924724007201 0.684482395389935 0.734928702567215 3.55559712662386 4.17704520280095 -0.0941701745851798 -1.91454231867577 -0.400393108813197 0.322673100545203 -0.491623920385504 1.02742485055736 -0.60201290302568 0.159302015985985 1.86352532835906 0.11601112797117 1 2249.93221054433
"1" -0.591889180995684 -0.971137675450383 0.200236121742562 1.01825353433669 2.02115392742965 3.5589178663168 -1.13846040109661 -1.67057301152603 4.03033854465257 -0.556458826854355 0.213854823160337 -1.41661884545972 0.0519109415394972 0.203854608294001 0.91411840840522 0.0876500847459773 1 963.883408184076
"1" 0.0822815933478035 -1.43138012140622 0.191137145215354 1.13635754524517 0.285144525976022 3.7509047743093 -0.984051705604885 -1.55221583855605 5.382607166625 -0.710624710259922 -0.00428166036445734 -0.56438254008751 0.159866209558728 0.116200081707369 0.457634755595656 -0.00100635721726104 1 -6698.66616463207
"1" -0.949839603835579 -0.887688235525704 0.376885758209979 1.00862444701835 1.03883116515309 3.45107052754815 -2.89235256664007 -2.55809645550184 4.85285018787147 -0.768251959065293 -0.0940592651813023 0.64505092501069 -0.123232831184229 0.125197116388317 2.06108853663074 -0.0979661219487318 1 -674.922172416089
"1" -1.12797276777616 -1.20074275837682 -0.183824845962798 0.359347152466599 3.43975756933063 3.28937925376731 -1.84503154700079 -1.71071291285905 1.78519714810356 0.267199115610672 0.256299657833072 0.00662698576830876 -0.226309728495564 0.196496774266804 1.40422195219192 0.135686390338112 1 2081.80739872935
"1" 0.0182544541486202 -1.19257135512275 0.302130684424763 0.840899979920776 0.359994828255425 3.26652634029558 -1.79407227903591 -2.08090099615907 4.99732238870412 -0.694467861403279 0.20239291856271 -1.19682523787823 0.107785303338921 0.0401357146205394 1.18944604700185 -0.201915143741566 1 -4933.09957884534
"1" -1.03732730906143 -0.352364872028351 0.0394839962022622 -0.0933243761938902 3.42703492540049 4.03439082521774 -1.39915373876353 -1.96672500614271 1.96941568107961 2.1040674825546 0.241371547385705 -0.0770448024536539 -0.325863126057391 0.260876800948034 1.08893947404414 -0.0217030257973529 1 1914.26557359724
"1" -0.306994460589732 -1.07413464478227 0.174319682951449 0.286984908784412 3.52660699813419 3.135888887881 -1.67566403513199 -2.07790475555263 3.26828191418791 0.195351408563434 0.0149122020898226 -0.129690930756628 -0.127581766015457 0.277569257334805 1.96270562052406 0.0534710520069104 1 1661.47511533942
"1" -0.673762126553061 -0.740493755488974 -0.300637571377396 0.187413823176332 3.90237109520858 4.09862496524759 -1.84577228449616 -1.86186239778139 3.02392774771018 -0.0408367309271139 0.18791705878893 -0.533564905551777 -0.108823451591197 0.322363570078287 1.27642846318448 0.0783763343414302 1 1814.73100349956
"1" 0.315504049756381 -0.932339511132248 0.152524261073591 0.453857103888355 0.205540694761268 3.05530898478816 -2.20071443306475 -2.35488570118517 5.60241202933783 -0.698670573163799 -0.109924239756971 -1.07407994066091 -0.0715486976636015 -0.0106618215962517 1.90771571824273 -0.110579364465987 1 -7696.98638379869
"1" -0.122560493468711 -1.18207505955265 0.262748049708595 1.05188120515483 0.285788820331684 3.88768553875944 -3.01133741496751 -1.90150886578056 5.30431972439779 -0.677832507519337 0.0746038009406842 0.308627428991251 -0.078613441754102 0.370411922305763 1.39051556233466 0.312129075364623 1 -5840.17543787432
