"1" -1.25900457725039 -0.134515762337798 0.312691144506206 0.141817242873124 2.62405284229102 3.45879394831233 -1.34877232769223 -2.42013668951514 -0.264904756526163 2.52130768145402 -0.00692822955993326 0.355847542726571 0.674462606920061 0.247561065904898 0.254909310833118 0.635425247355507 1 2080.69071030516
"1" -0.628604861088366 -0.934610223854656 0.11949569135919 0.796780406719812 3.40343319007347 3.26584520260664 -1.87221750336941 -1.884694489613 2.94747633578547 -1.07572988544155 0.559863728324474 -0.855875636192166 0.619384041683002 0.0241140276319206 0.452181822779043 -0.122449776554917 1 1943.59320459991
"1" -1.5052941300761 -0.262752898119359 -0.025014810027522 0.0804471612922963 2.84908001065187 4.0357751404183 -0.70664729500334 -2.6178140060669 0.0539687390293918 2.53451868932473 0.253847857440247 0.467872107150672 0.0923984493914737 -0.00344174701113021 1.28923738580178 -0.339014857029546 1 2032.0998557967
"1" -1.58721244350778 -0.385571179165364 0.721832899236107 0.130839187640779 3.17369920926277 3.67274990412173 -1.01431078275093 -1.9968828153499 -0.643198793955687 2.63750739723252 -0.0160173808517683 0.44222073684623 0.20508943969529 0.218302539303124 0.558291529786738 0.0190050946453665 1 1974.99984813861
"1" -0.804655488367317 -1.4354083449222 0.113523380521804 0.925601212405356 3.40850609731996 3.52432926982461 -1.46625034861391 -2.00999200060233 2.97929120688646 -0.335547482768922 0.167333220246296 -0.483075374701886 0.143654027896686 0.184147223302533 1.44947383955019 0.448474454620923 1 1536.19798918522
"1" -0.453964888391257 -1.24436797025307 -0.0137234201991119 1.04325189561972 3.58289517111872 3.65643602644295 -1.71417925201667 -1.54090520698628 2.43243837218471 -0.557316716906792 0.131387391920491 -0.995578357297815 0.183766821000074 0.562147220356229 0.590858114514856 -0.00378702240009604 1 1878.03269842381
"1" -0.854372850245418 -1.17181703860621 0.213655210875949 0.958047394079928 3.37002556043147 3.66511185675323 -1.91077443749623 -1.8425952515704 3.07289187822584 -0.323584986284325 0.0261544593613735 -0.454003354102492 0.344729133502294 0.140216882090125 1.56593639595039 -0.00547851572525649 1 1778.88593944758
"1" -1.04637127583267 -1.42535591246329 -0.00995115380890917 1.16804828486685 4.56045093258507 3.57932379323645 -1.1384379563281 -2.0812183372804 3.02193213524308 -1.0648521285942 -0.600765539179488 -0.00867313972659376 -0.172277448309186 -0.221980473647969 0.878208723842546 0.333382520185886 1 1747.78992967422
"1" -0.54425818995546 -1.42635179595046 0.320474140230481 1.21656994061601 0.302615443157953 3.4068794907863 -0.19408744954053 -1.61918727286752 3.71887855906444 -0.336875312488268 -0.160989759434054 -1.1241179821213 0.263195881406009 0.645229126896234 1.07223959707898 0.247461487998929 1 608.015261867044
"1" -0.642691624199558 -0.165790413399844 -0.0799340800705164 0.239617284437365 3.46142610392968 3.28947008027284 -1.65475034667054 -2.25488478878605 2.0635302902331 2.30637526346548 0.411359034968955 -0.636304726300566 0.66471584495816 0.486766125824609 1.72450780144226 0.137370985332631 1 1917.7689940269
"1" -0.508257366164763 -0.925529968579376 0.167816411805829 1.01255011526425 3.27024238152044 3.45182391712338 -1.78455046957199 -1.90369505684027 2.8506798082528 -0.654439151491444 0.208561824496988 -0.817442870519531 0.00299508173710525 0.532511365336262 0.785303449504955 0.356271249907856 1 2000.05802711409
"1" -1.6677351452267 -0.51687720202687 0.584762098386344 0.127682185822543 3.04582568046069 3.85311076039518 -0.594690511873632 -2.3541529550978 -0.727808616485939 2.67385560226024 -0.283530468484552 0.722056602719105 0.323377396260781 -0.100727624168809 1.07108689328761 0.14157056547039 1 1985.22672437129
"1" -0.408097305477938 -0.879021564097905 0.175438615926609 0.586964626032823 3.09588614573426 3.44236895630782 -2.05487467196425 -1.69698604843732 2.8219825654029 -0.771055870345721 0.322210164864435 -0.780615228730808 0.265471332295609 0.441237115241739 0.86587264517555 0.0846489247493299 1 1876.18790371731
"1" -0.871152120445795 -1.02500273733072 0.227171757500054 0.466514342475649 3.05801852776891 3.63303150970319 -1.36959304685776 -1.81122253679299 3.19151753620216 0.176552083378034 -0.231166083899185 -1.02244004531347 -0.100202490984084 0.153140961522309 1.10536699033569 -0.0929983373290676 1 1690.57070320216
"1" -2.06077496020733 -1.35980664606666 0.582541408769956 0.638664150199591 3.18305987014497 3.55398866403913 -0.532065107229155 -1.65539619566577 -0.764617036259672 0.25715618347508 -0.351300640618433 0.450292902944202 0.313069599780807 0.213896388023117 0.775416426774019 -0.000214466028715741 1 2192.18794902032
"1" -2.09613341089497 -1.50492044502441 0.747704138529357 1.14466787280404 3.30454545412957 3.86910348135887 -0.422420500399542 -1.92416341981977 -0.36149581872211 -0.681043786128233 -0.665660346878884 0.538057135973596 -0.112545200318739 0.364832474936571 0.564817157439194 0.0560059545859696 1 2188.26339977996
"1" -0.422625596106508 -1.41923856933375 0.19494996081057 1.32209670938091 2.99031047384136 3.80183687831409 -0.997678036914902 -1.5574965083299 2.72063340475498 -0.725207333755036 -0.088136660370977 -0.403189424142806 0.532741387539379 0.552698251021322 0.265557479438815 0.70441162275386 1 1823.6704302788
"1" -0.65436878085726 -0.895378926912063 0.198424140764576 0.833479180110936 2.70906678616681 3.15521166144565 -1.65900145925871 -2.45089943629819 3.11733919892481 -0.84858981762813 -0.0199735520531521 -1.44841798730389 0.271116105601533 0.174622536052546 0.986808981889652 -0.191373899100642 1 1941.59370851612
"1" -0.81860106317867 -1.11924074812533 0.0100744246305067 0.831111329733276 3.79745024394009 3.7673636288541 -1.71792819701376 -1.75849290086856 3.00552290860294 -0.0527716268273838 0.0661070200042416 -0.00810066751116996 -0.174771072023799 -0.058340335453002 1.11855254592682 0.333178829086357 1 1906.36802920647
"1" -2.77916687234092 -1.50051142450821 0.511126598972707 1.17176742350269 3.56224705434617 3.48020229371075 0.746520757497052 -1.94225139597519 -0.715066772689568 -1.04214182780253 -0.819767852916251 0.772490988155974 0.0190270039088318 0.049606816718381 0.514662698131162 0.164110405468153 1 2134.54708687533
"1" 0.246828871268442 -0.926800263108815 0.235890464083794 0.85782705232941 3.04101137711274 3.99433016711053 -1.80791899386428 -1.5592226389208 2.43580680624022 -0.285581088047824 -0.131398211821196 -0.107980483342214 -0.315449538965563 0.360320252069828 1.07842703410196 -0.251019433444263 1 1887.84647625306
"1" -0.376552001557388 -1.40049833674842 0.360914723880929 1.23064203274858 2.02978192401511 3.94854745794929 1.1368646476258 -0.793696904338017 2.89156404197485 -0.269452188677265 -0.101712975672793 -1.30392140716401 0.341549205185093 -0.191551472030755 -0.444644305027824 -0.604549808042425 1 1477.46713895839
"1" -0.490686308900833 -1.21229955799859 0.208971689001155 0.689464273657391 3.18441207802546 3.50360778557182 -1.40471729005463 -1.67158432316174 2.85050011474828 -0.147933622320693 0.343223080037594 -0.823377673347265 0.389171299095135 0.215396970130674 0.665496981385495 -0.391995479347551 1 1774.03983089798
"1" -0.685951150693587 -0.712553330523258 0.201271491858636 0.323423308963625 3.21224200364606 3.36157756789521 -2.09965963692948 -2.36346171189574 3.09607676827006 0.464605620902695 0.388695822028173 0.301038507653511 0.380897651776531 -0.167931615181229 2.1119454482652 -0.204580536896825 1 1956.0841651736
"1" -1.47564165143102 -1.33585781225182 0.05665104880071 1.014319616564 3.46974264414871 3.68433163026505 -0.934152747565351 -1.9720628134307 1.58811437864998 -0.470946179746235 0.0635079673018814 0.130236089814474 0.314064361132165 0.0995815331855412 0.761889429754023 1.11811838650358 1 2165.1451477449
"1" -1.62542160069415 -0.442322422671572 0.447345144211299 0.00599259099441281 3.67634886370475 4.19470143188193 -1.28886927006604 -2.1045628822642 0.097000300769906 2.58640113651378 -0.00183148248136813 0.837366135081333 0.235344585944122 -0.308293837722733 1.27437358113062 -0.374424621465548 1 2039.41119933881
"1" -0.472120402861122 -1.24040139675927 0.215518190465296 0.672469456190448 2.859697225578 3.28113828372242 -1.3196152183955 -1.63161194020954 2.77887629929918 -0.636674008693194 0.126547757506989 -0.687763885734258 -0.178219549025203 0.51814213777374 0.753134571506161 0.0541070813338236 1 1811.00475011817
"1" -1.16318301530232 -1.22923702068125 0.033994550674428 1.21348032516077 4.28008064622809 3.64249004456643 -1.67852461622853 -2.04942378579526 3.15998932726679 -0.815935726114526 -0.120961054020874 -0.0891218267994676 0.258541839500787 0.73472394357394 0.836144124478681 0.674657335532717 1 1759.00872232633
"1" -1.54738314001807 -0.715344340794832 0.437918095991749 0.212731932573504 3.20108045190401 3.46282403175073 -1.19051018146113 -2.11486166313241 -0.846898721484636 2.89655616763973 0.18552560762737 0.352120720254497 0.0672547701836323 0.100200899148461 -0.0440787365373242 -0.194239278183767 1 1977.20855776393
"1" -0.646943978644527 -0.871122757399527 0.0575167952125573 0.791799300468963 3.58294796041238 3.45724948880689 -1.98443110506704 -2.0096861297355 2.95435474614213 -0.952732292795811 -0.00100892632669445 -0.636103777825182 0.479470350442945 0.0266025004095498 0.681695841624821 -0.0918637890200908 1 1928.24820584535
"1" -1.76211127616863 -0.441422586728016 0.656581599298284 0.161831893351552 3.49010325655594 3.06246839296386 -0.501591005739372 -2.12913366787012 -0.680798264860704 2.7491938796438 -0.268512401939595 0.610906782259327 0.343347762296024 0.142367228439814 -1.24011770860503 -0.328926955387849 1 1813.3726139859
"1" -1.2717957450158 -0.021586990976507 0.0285084701890419 0.189141455879933 2.65505093234673 3.20611706720382 -1.0709644603794 -2.09350620509644 0.442692469314137 2.53885709136572 0.263804177461111 0.505852454732606 0.32016244421875 0.246175393503196 1.65253097458833 0.0112409229684918 1 2091.64254337394
"1" -0.794223561054835 -1.14396514978865 0.142642219793002 0.447669839414327 3.5829500325183 3.8902230671771 -1.91991356957857 -1.73932895547803 2.99771509326373 0.15354290136777 0.651147384513786 -0.102149089526799 0.447226928003345 0.282474527352546 1.02950420037473 -0.362807278319951 1 1759.12036836719
"1" -0.127529422953636 -0.45463733931817 -0.147867176592156 -0.137430268967985 4.20246119349302 4.14199705683037 -1.53713599267027 -2.48769429029504 1.16950926114028 2.96541994392022 -0.308920097857929 0.75144496907621 -0.196482812855888 0.0687852082387183 1.52543756699633 -0.176917177500506 1 1993.23753949091
"1" -0.987965221715714 -1.34321276526879 -0.00872955137960072 1.00915133044889 4.08254376307022 3.73554318942402 -2.10006185583709 -1.59923847063893 2.98910925263654 -0.487630413543914 0.220963910443296 0.544261591132147 0.173210828314576 0.123896827006175 1.0558002695773 0.0193256555555022 1 1930.77286198434
"1" -0.549321691740461 -1.00837216851163 0.107002364038469 0.693957910193152 3.76787963390055 3.49062942526654 -2.02531418374101 -2.23915922508837 2.82242033956496 -0.281433925908193 -0.135292951167571 -0.0997779776870748 -0.246200027368153 0.125049291598519 1.64610839019146 0.0958881903957621 1 1899.35361237257
"1" -0.563221524550942 -1.42146129449313 0.0401560940033602 0.833571201451954 3.85016580787678 3.6533910045341 -1.76804324084289 -1.63739627479771 2.74766653761038 -0.319018382640601 0.324410644893798 -0.378165104537885 0.949270497350445 -0.0834646570862733 0.961008699134124 0.125136711217979 1 1755.20504246526
"1" -2.09660108314246 -1.44360077161933 0.742236740378787 1.15549361392623 3.96600100045328 3.71740009261301 -0.128165451686747 -1.71686915832286 -0.522851156283189 -0.485451335478568 -0.407873856563204 0.766523879811095 0.201069194159253 0.252815496311186 0.832264937948383 0.289921967173056 1 2316.80841208802
"1" -0.667636080572179 -1.15040517645731 0.0733136835949234 0.72826011573757 3.42260203790086 3.39933600987937 -2.32437577847588 -1.7218430499151 2.95312486649192 -0.559315673033226 0.515993543636416 -0.65031429259158 0.412675720014341 -0.0718121048443676 1.32670580611031 -0.111653706865566 1 1882.07669802072
"1" -0.726284615975974 -1.36992222923519 0.0437525866878452 1.34903775342145 3.79320894760661 3.86572369112566 -1.38372547483663 -1.51689244209937 2.52634499428539 -0.614575334101581 -0.107809653172275 0.192808958824273 0.68412387674434 0.746999717580569 0.0460584773608676 1.01183447133394 1 2010.14304059029
"1" -0.631654475113669 -1.31770006882023 0.123075767016174 0.877956777340868 3.62699552925556 3.64984575947736 -1.70825971014661 -1.54084845542697 2.85864586830118 -0.436010347275125 0.195784658113072 -0.214853082055782 -0.392129959412233 0.447448260404755 0.713311600230844 -0.115780177205223 1 1837.23642972792
"1" -1.29400495806596 -0.874753633862216 0.0155646297832749 0.687009361117191 3.34888543973842 3.45800508525383 -1.12770989207997 -1.78082483218801 1.33578189342981 0.16320079053693 0.148955370173116 -0.116845952373038 0.719045951970073 0.238984944455627 1.00750165450598 0.524538896681237 1 2226.24286200443
"1" -0.744917137007208 -0.855294447812731 0.379203165336809 0.252605188148793 2.31667012768542 3.14183868738605 -0.945315444862921 -1.84448218085435 3.2389370649784 0.165837054114104 0.161411429235531 -1.27181283507106 0.448049817238418 0.0871423249344025 1.16332488411938 -0.440800694336802 1 1594.29109273185
"1" -0.622678367445934 -0.939881775983274 0.130857595058123 0.588998039005855 3.3990940246118 3.11130696599422 -2.3590268060834 -2.46663324682952 2.93853425562606 -0.985290244506743 -0.0914786731034863 0.112418168357481 -0.176461285560552 -0.23049973430633 1.47268832406653 0.00145606186614874 1 1966.45051928171
"1" -0.822409353208688 -1.01596866474677 0.196122606970661 1.03513697608636 3.45710340334564 3.61845150905055 -2.13116196069175 -2.18441426567167 3.06543264833537 -1.4937930583355 -0.321326282040228 -0.689851995617515 -0.0614032626200922 -0.0730400539637506 0.344208719838355 -0.0421101476685889 1 1896.65520180545
"1" -0.626278238126299 -1.33446080287362 0.263701881908315 1.19791861770211 3.50658450309719 3.79800186218532 -2.21312129671553 -1.87499071002147 2.89538684601781 -0.851140791431481 -0.368801979447323 0.287276490756425 0.4240099228681 -0.0552001669355145 0.782219626130755 0.0867118769288905 1 1944.29106120461
"1" -0.407222531223846 -0.507786446079656 0.0773291662172696 0.104680437545903 3.11658072339737 3.74097604642623 -2.01255141088633 -2.77142964529031 2.23915386213392 2.8200910682269 0.144938251210177 0.577555820305665 -0.0482286609599296 0.266621056065894 0.734927870794584 -0.608774613196643 1 1511.13522934992
"1" -0.653638805570329 -1.86984014155481 0.0515291536651314 0.797611456569992 3.93754767656837 4.00957094647562 -1.77713829545974 -1.82520029182108 2.73046731419353 -0.386553365372411 0.196736292837081 0.0918092051719265 -0.438291486598136 0.296479259211413 1.1186255461319 0.106352704000528 1 1830.0386430596
"1" -0.611929673079661 -1.49865014414777 0.0414896949206196 0.609322168463973 3.76203199853689 3.22729576238433 -2.23735128357236 -2.18424995128442 2.80978145102948 -1.116251628061 -0.151817217903724 0.0577521746695059 -0.0137819574635371 -0.00434587708283905 1.48563048222332 0.123412380750283 1 1854.32752036113
"1" -1.93666522422714 -0.53199797069433 0.495776722377552 0.179763179411612 3.31054289601994 3.84142845770845 -0.731953735232263 -2.06231650791543 -0.13096166854683 2.65283755395549 -0.363902992932245 0.58124454641697 0.202329338600516 0.183991742437864 0.864988980891481 0.0990538890571534 1 1794.83246694821
"1" -0.625639756182744 -0.956703566646319 0.17909119474929 0.690454401537022 3.40074381257298 3.06545192430273 -1.95342883078832 -2.04370565097136 2.89652154365982 -0.451415821075132 0.249401744550119 -0.979729625547894 0.343316734438751 0.316066971650867 1.35581909950933 0.291177187524554 1 1958.74144951874
"1" -0.70669865164961 -1.2852151675638 0.117312855837394 1.20675799600926 3.44251376936953 3.99572871650193 -1.89283840914329 -1.70581129841835 2.94653368915154 -0.739340525453699 0.402049842168804 -0.751887804181249 0.116574047007173 0.261024575255596 0.712225629013475 0.0792707463978661 1 1725.43360962999
"1" -2.08884416279968 -1.28018562477881 0.558420824373647 1.0312309673495 2.76404931921838 4.12432217834557 -0.32380408902934 -1.12765273478567 -0.440020195798939 -0.285554524190919 -0.284625170576781 0.334855365131174 0.487381461208945 0.435031181959823 0.885075609040612 0.466673170699803 1 2331.23531348726
"1" -1.77537601190814 -0.597336234306764 0.430468095893316 0.104084578631989 3.33076079113429 3.85119985817026 -0.651302479968424 -2.22148960704415 0.0878371086699498 2.7274403296178 -0.215164276799417 0.48153262279651 0.129625306059063 0.180949883704919 -0.456560518656511 -0.133539282017505 1 1736.49384537932
"1" -0.858767043404755 -1.11186333996988 0.18037331285789 0.993472988954406 2.84795481466101 3.80880276313692 -0.517277491596643 -1.83910617009144 3.19486234855925 -0.917962971367635 0.035656151272467 -1.28271351109785 0.388273133936088 -0.219521180967449 0.501036089200662 -0.064222636002229 1 1751.8816830722
"1" -0.657410415938459 -1.40049551639272 0.142914662442936 1.15778212761398 3.76277090624894 3.50441053603774 -2.26829576450847 -2.42436324569401 2.82204743517454 -1.19612772403386 -0.251093997859176 0.407250223997805 0.582729684518727 -0.272317482704529 0.612468531423622 0.00544253915401147 1 1881.64978789933
"1" -0.428515690477958 -1.14915108857022 0.131540253516489 1.07769537291935 3.3073893187862 3.55458009447682 -2.01730487533501 -1.69550438067406 2.63472890918544 -0.959392158200681 0.13784981558009 -0.278753394970824 0.502732200310204 0.843742456046343 0.518345460638605 0.80569639418818 1 2026.27660607205
"1" -0.823823480675978 -1.22103523731017 0.188288819985551 0.717047763395317 3.18628178469896 3.23357336314768 -1.87624234446713 -2.32231691856274 3.06556927897105 -0.682982758242801 -0.0713939678834791 -0.398146033337001 0.0281458076166202 -0.295435441552253 1.52290045438987 0.0158811651448349 1 1761.58716493378
"1" -0.435280377323236 -1.46090975255897 0.144758083342953 1.17958786228379 3.52359324446757 3.61575572551291 -2.37418022947543 -1.98236157538485 2.70441947092832 -1.04015121949912 0.406294958602752 0.475153747313485 0.354486309785938 0.268480954624658 1.02186855525692 0.104262035412536 1 1980.6490404443
"1" -0.722745194165714 -0.734936021183268 0.166676323697394 -0.0570451722927824 3.59908041618105 4.3285650364045 -1.93992922829012 -2.06967066981545 2.67756036913961 2.06166077812097 -0.182220940795642 0.162465846157618 0.0901714684661146 0.549467921937939 1.77337553959529 0.395636182130939 1 1847.63420432744
"1" -0.692125132115297 -1.20715680173406 0.120501082416021 0.999946468763837 3.56365258652149 3.47494565347093 -2.0297458560153 -1.86595320785582 2.90514572487365 -0.781770409294795 0.456084511613947 -0.142398604298264 -0.175892758733454 0.600898262544551 0.993691907082494 0.433372569177594 1 1876.95110815709
"1" -0.72135617156235 -1.26495551938101 0.115582308549939 1.10729799104614 3.29437065078327 3.55620214559486 -1.74735577777983 -1.43745457822686 2.17330834942347 -0.624093737092785 0.284028599582258 0.00391748099524788 -0.0903684221290355 0.367741807955541 0.91882275270869 -0.299503534195011 1 2187.26832724695
"1" 0.467613434160133 0.212319192244624 -0.266276148924286 -0.235504884082819 4.82458063789052 4.66873362375031 -2.02398330995389 -2.21798560876862 2.45320354839644 2.75819080268564 0.539261199540463 -0.644822136654411 0.365827881893052 -0.0449765809356615 0.0143282717088992 -0.694591711885728 1 968.583136359506
"1" -0.511596414050739 -1.01367757301075 0.213380374382815 0.700939535899428 3.27724485890499 3.6136297509242 -1.50328030081728 -1.70986361210281 2.94552688838725 -0.210010655074002 0.461248125168008 -0.99015114376154 -0.0252134736439862 -0.275520484721776 0.802158085123026 -0.120039135984421 1 1842.82193428997
"1" -1.73742956853719 -0.950547076822019 0.795946791034261 0.280098064830452 3.24605512484802 2.97182206952889 0.13659714835229 -2.69693945280095 -0.77573537606885 3.19038456633454 -0.391627467621038 0.544645278875126 -0.0263317005187521 0.0512338681376051 -0.711597217433958 0.062812887883528 1 1819.09699048942
"1" -0.834783141356912 -0.602117032663162 -0.128140273590432 0.119498169421873 3.40390887055691 3.31936201555427 -1.11756730485204 -1.78318784652286 0.834863940612454 2.96975415498944 0.0409184676454419 0.151514831822306 0.629591100180976 0.53282560239416 -0.881343949570078 -0.69220803399258 1 1574.40479428675
"1" -1.51112264924999 -0.596228178461401 0.515353586961108 0.360440281768371 3.32671345109857 2.71612880279044 -0.85317533477897 -1.97051650554302 -0.601475694556666 2.92741336037182 0.115697518003925 0.34929951565627 0.5148370601902 0.051462298002209 -0.656821298872028 -0.362991593112041 1 1775.15642941257
"1" -0.464465862719886 -1.32275211912282 0.16622136390312 0.883972890905503 3.00770129606379 3.50403285116922 -1.25045938126963 -1.41657004860364 2.80601401089367 -0.339673343362564 0.151143433588113 -0.890308892780086 0.230071505779203 0.493362734096764 0.785207007578156 0.157017383324741 1 1697.01290109485
"1" -0.734954268963989 -1.37944726056426 0.153537834279186 1.14706327373474 3.26490280367875 3.4517112376734 -0.890441100370349 -1.94827309892901 2.96701594448073 -0.805096583172123 -0.112429326727132 -0.528542306859361 0.459856283287728 0.0508211177515685 0.752623934424944 0.296082766980878 1 1677.65349111557
"1" -1.43960348977492 -0.49770863939756 0.211254959949999 0.0976263263680913 3.59612844565408 3.8372315723582 -0.992361311000897 -2.30449189233196 1.22016246626648 2.61477105616584 -0.164797591058759 0.24092021694232 -0.135000106359151 0.287002554699961 0.622422105502244 -0.358660074055026 1 1855.62128977139
"1" -1.18416023651904 -1.27729282018064 0.110871635308962 0.742292709118827 3.60508593458188 3.62872094995847 -2.54891898450537 -2.68539628451588 3.29885718471481 -0.922505871622974 0.105708759905598 -0.200903009704901 -0.456028641968271 0.0547968073452544 1.13310980958368 -0.0872085507229897 1 1855.95932815047
"1" -0.326175439460094 -0.685052090934841 0.143273778965721 0.203475557183804 3.46838348604027 3.32321458272566 -1.44313751437131 -2.44383960941309 2.02715989092995 2.96018633928374 0.0168568760458508 -0.316726436883342 0.51193527277234 0.135021071878044 0.597573130440344 -0.929922377782106 1 1190.95291237111
"1" -0.866713478375742 -1.33172241873735 0.0839924080563207 1.21168883370013 3.20899813157659 3.74849579156877 -1.71704826177875 -1.78427678374645 1.67558935359966 -0.810988495189338 0.326302884375582 -0.100310363351054 0.0525606535121109 0.682481210075609 0.467850003932202 -0.402450034302018 1 2178.25544038954
"1" -1.05086950423746 -1.18560805537769 0.0631625134160027 1.26305879050482 2.7874883067369 3.85367750346621 -1.19485301722461 -1.46503769567648 1.18321035434992 -0.585400765765891 0.367199787054228 -0.408321393908421 0.428671148990878 0.492857620170533 0.433219695016369 0.703053432590055 1 2307.33285563239
"1" -0.923858282794546 -1.34468970929886 0.13387991458056 0.776619680544316 4.02349861885342 3.52109480309598 -2.38705091456206 -2.01926499257404 2.98690958822967 -0.333210489517076 0.649168932283763 0.654545817893832 -0.0644760619441591 0.333217036573907 0.890471833607694 -0.379558341551155 1 1907.01758892168
"1" -0.366621252325097 -1.04723503774692 0.131101471184677 0.601097253525022 3.02021529028494 3.20617120728956 -1.06763680995575 -1.36198528134287 2.77429101052094 -0.166793364144452 0.00687713798452984 -1.09055418149884 -0.203412209581554 0.554336691406143 0.582619903092133 0.164528634764784 1 1771.08345010542
"1" -0.935647634435378 -1.16327407723812 0.186457944818671 1.02193205916757 3.30660826780986 3.77024975773714 -1.94910933589311 -1.77498022849807 3.14301167804539 -0.644965477130887 -0.0243552519372278 -1.4568365895604 0.0720546529655117 0.2444104843103 1.40441729327636 -0.0124760945187991 1 1874.15635158622
"1" -0.560752918621001 -1.14732455981047 0.261885789655468 0.972216281092508 2.91769687169815 3.66320641766843 -1.45626962171896 -1.32670977580423 2.91897052219933 -0.881654046438873 0.134355239780587 -0.844134000134391 -0.141648749832439 0.47733502411934 0.126264768454855 -0.307620378591902 1 1884.84620592543
"1" -1.92098712300822 -0.543537031350839 0.883119676765671 0.181713687282762 4.00500253169399 3.93600369827402 -0.65296657034737 -1.89023259001066 -1.28764552392541 2.65692226084149 -0.177631114796352 0.00267337022723393 -0.0184339828093166 0.270396153568548 0.721308277626474 0.220479986655622 1 1940.13970178066
"1" -0.937951771635086 -1.33336732105817 -0.047531004716571 1.04057526014501 3.270463323098 3.5404335690531 -1.32719836251048 -1.32952531492266 1.42292064104078 -0.402561821635966 0.303274306659064 -0.231748796068531 0.587803478971952 0.480817290410148 0.750704226715942 0.878174126228773 1 2267.16579647989
"1" -0.72268469300414 -0.92746503179845 0.020586759708375 1.2102819222522 3.67221111304307 3.61724951767311 -1.66477206228835 -1.88863682676373 2.98959725898731 -0.664105056783258 -0.0678395625795665 -0.878067054529238 0.332569436541524 0.362275517199559 0.894824080587737 0.261346335332492 1 1741.56234117592
"1" -0.780972829562648 -1.22956672822778 0.0183761351614885 0.658774006383217 3.33293487530056 3.65037630770128 -1.37960847520001 -1.65462664356471 2.29437101236874 -0.484973115043214 0.157123264142611 -0.41157553974521 -0.218182997084837 0.459903886623407 0.973225098867613 0.0361235714803026 1 2001.88766721972
"1" -0.88128421546306 -1.31997252974758 0.139345624846057 1.07684189244952 3.03941675109777 3.65288355925819 -1.26885908162083 -1.97768095170495 3.14345522872321 -0.715760978328886 -0.223480237286778 -0.853658819719494 0.234948506173065 -0.167033975372354 0.908716397255048 -0.0698268378995214 1 1636.81777335184
"1" -0.61605618717622 -1.11337783863706 0.146519377998527 0.365272738353315 3.12170724780117 3.50727114194417 -1.25991547963399 -1.50193328736038 2.43961642582062 0.51280989050093 0.21169784290776 -0.322024325487303 0.167367299099375 0.423289801644642 0.971027728863812 -0.254996368938876 1 1880.23846533985
"1" -0.370952029812893 -1.24372397629914 0.109103609847529 1.21465783307618 3.32432179168887 3.75526696639127 -1.50142210037212 -1.66951705119062 2.65021286468554 -0.667023043363989 -0.0649517042366119 -0.632812986798634 0.33886591142491 0.498108863112934 0.327576812299078 0.675528682664398 1 1950.11911549616
"1" -2.00249963197107 -0.458530913180275 0.571649006577288 0.462152723434726 3.42635181320142 2.22628610128439 -0.253253240379509 -1.46560121525594 -0.702166618330378 2.86479676611531 -0.252434541278815 0.391528764390223 0.325816765829962 0.475867112383461 -0.954667307361181 0.232705996907198 1 1606.70021958999
"1" -0.726142926604222 -1.29734311362144 0.67536771522 1.05726142198926 1.81348585552642 4.10925668387067 -0.775464720354296 -1.30329540858941 3.29163665065219 -0.697786587073556 -0.148740035644313 -1.13475487371189 0.0469335319002634 -0.20002130049534 0.302875652937936 -0.153021118292767 1 1636.72226126739
"1" -0.61597727292762 -1.01204487313918 0.187773374364844 0.551729925510316 3.40008282408927 3.3058435609263 -1.78884277515113 -2.10999580352154 2.95590133658281 -0.61763312223183 0.195539206956836 -0.00062941643131413 0.397374450410406 0.322772391581387 1.45830360308648 -0.0563724054566283 1 1961.71726110359
"1" -1.62620311072818 -0.329740695656827 0.167230762276662 0.3372919987067 3.1801394296977 2.62545143795418 -0.297551862748977 -1.27068382701246 -0.454405278750582 2.7867312721719 -0.140367188171322 0.426026371040763 0.287683824116727 0.198593728931271 -1.50222670121617 -0.480230513316273 1 1851.70331953868
"1" -0.841666796836099 -1.17124549026111 0.124868026916446 0.962520921849131 3.04159145287 3.50277375884696 -1.03821903682037 -2.03318585920676 3.11138857129546 -0.832071687631042 0.0645034441904223 -1.22035892776155 -0.206340204101813 0.19480389887517 0.529438029450226 -0.0229153634605602 1 1606.00079157563
"1" -0.995974425893083 -1.3353122606027 0.215716375961435 1.12786089573622 2.80955736569625 3.64634885624862 -0.899800242529416 -1.48797843366725 3.24861262992729 -0.891517198442183 -0.19658336872929 -1.64228029108266 0.133724789585305 -0.141776503786065 0.347937346040692 -0.105520610253452 1 1564.51253898762
"1" -1.11385872138566 -1.33689885556329 0.050939830755022 1.12526336847203 2.87232514441506 3.79498879266866 -1.77707077838004 -1.6162910856621 1.37219265292757 -0.527447566715854 0.710372490384444 -0.0532092904920893 -0.128835547554095 0.160796610566507 0.706833698942892 -0.253414334635158 1 2122.57114044507
"1" -2.37833447947984 -1.40623940315335 0.72427445869827 0.995752094539918 3.28002481424959 3.90013702612562 -0.123800587567776 -1.34153350308237 -0.719683967464428 -0.448209646026379 -0.486506716459252 0.282267193908613 0.386911443950031 0.213826497527172 0.768303360627705 0.284390269505702 1 2183.94765947172
"1" -1.44614034926315 -1.68137045671458 0.0648348064266477 0.937311456493779 3.41372714350117 3.89397056136744 -1.24593162040315 -2.12816641113296 1.18627548446894 -0.574590648973716 -0.0720221258468458 0.242712052159861 -0.94375375585651 1.14101667908852 0.864602923929056 0.274218469610951 1 2003.91706372132
"1" -0.878449482004779 -0.884905740420694 0.186084886193198 1.22373898929488 3.1033715974383 3.71924224129691 -1.3371721523539 -1.36168581830524 3.17699022309218 -0.625636704203288 -0.174887145049341 -1.02016736681523 0.43919517290876 -0.207642346183223 0.169685337732129 -0.0205452609655032 1 1858.29791474741
"1" -1.51389281050945 -0.67656540814853 0.195095213716976 0.134633329701311 3.29902481235974 3.75373632777812 -1.51976296138118 -2.11855958657594 1.01035563745928 2.82224995761242 0.0972843027025629 0.451732486821274 -0.269117981729576 0.0998345072883806 0.568189951887549 0.0935551510076622 1 1854.76492307483
"1" -0.912547557348533 -0.909440714916635 0.435777676594785 1.16217026883256 2.1760304638628 4.08809970053603 -0.396395659424664 -1.516038401845 3.36844109730953 -1.05378178161635 0.286663278218453 -1.69905166685965 -0.0681902963345579 -0.274279541743641 0.138277258971177 -0.293875622418916 1 1641.60478287807
