"1" -0.18469941300029 -1.0040289753679 0.23650369210641 1.07043854442125 0.251044581892107 3.82409066746687 4.58947695128549 -0.960087247223211 0.28292646477608 1 -1697.69925110073
"1" -2.11220182551752 -1.63234030316154 1.05789890434822 1.08172015353324 3.08545278909858 3.06072678453056 -0.661831078243583 -1.07284866312834 -7.69771901199522 1 1872.90312273694
"1" -0.562754929339267 -1.36803121750144 0.281701442729464 0.898940939074779 2.59840839052794 2.93834251225159 3.36750118639912 -1.49606747953731 -0.103745912727933 1 1385.88929042461
"1" -2.34011614837412 -1.55541741526715 1.10706491066183 1.16775984463393 2.7368116885644 2.97893013708632 -2.55904536950463 -4.84636417535707 -2.45222286838053 0 1861.80261120173
"1" -1.54553901580239 0.0390610366487797 1.28712208242273 0.0935647910008473 3.08121163485869 2.91597483459826 -0.895795382970442 2.83133181275603 0.0432650723146462 1 1608.04811321602
"1" -0.374618834795027 -1.84316445697818 0.285576731465905 1.63057545895112 2.69141818087521 3.91669754322509 3.11030800282187 -0.51334716159788 0.121527745921054 1 1350.31198908679
"1" -0.165956763221826 -0.738135842780504 0.319943716813615 1.86845981596216 0.336218707876612 3.73711169777857 4.28782508707116 -0.263594066546042 0.0139461356572647 1 -1235.91019562156
"1" -0.349671969481079 -0.515786897308266 0.316787442283463 1.1878214824936 0.298100766372968 2.94091773063766 4.5206581725798 -1.21253900308886 0.22435414391157 1 -1240.43356784869
"1" -0.625912566351511 -1.21942048990155 0.295122999449987 1.11391428159922 0.280632306186912 3.7511712494448 4.62768125316607 -1.24079615055195 -0.00262163426378793 1 -1217.25070725714
"1" -0.510049474684231 -0.890822214616638 0.314558519446055 0.321905383642965 0.302542558312671 1.71820196980984 4.5465862654968 -2.29113781786493 -0.147740072997116 1 -931.448612461016
"1" -0.194436771730286 -0.995760756037644 0.300206231208459 1.59241152487999 0.403819154211313 3.27382214515788 4.27593535408349 -1.42205053254806 -0.446606749137592 1 -1025.01242581331
"1" -2.11612867965897 -1.53107265331807 1.11143938665761 1.29669749571609 2.71798676662435 3.0399501774397 -1.58293191628514 -2.27165358649936 6.61000007163838 0 1982.99523206529
"1" -1.25568909027912 -1.17160216073125 0.322278121557605 1.75999983403399 0.315468035117114 3.78813452438909 5.01098203782702 -0.451001280075653 -0.153238544696877 1 -1375.76261278689
"1" -0.489693613536644 -0.956360839513122 0.315149721455392 0.635930575362329 0.352553165151563 2.69193517638007 4.44313741833119 -0.428461635142408 -0.786072135236839 1 -992.815308004763
"1" -0.784374918157708 -0.789248208700486 0.321120492638939 0.290545599981829 0.386829398079143 2.68789061191485 4.64572277463704 -0.0258721211341898 -0.603696744754131 1 -895.085560537133
"1" -0.898485425680581 -1.26588992644876 0.207698737467942 1.37087079774705 2.76666723173564 3.51443000696766 3.55029517173309 -0.72197525332839 0.228812438625003 1 1329.49957606791
"1" -0.579876735580361 -1.50473878318709 0.379159467169429 1.14417189912389 0.378269695141109 3.83417384145815 4.2818539535528 -0.501925968192041 0.00941998644873858 1 -1010.78898450742
"1" -2.015728751656 -1.61567455596322 1.1986559122901 1.05490334800464 2.55865498512654 2.95250635997181 -2.90815532357986 -2.31067111084896 6.91596844184365 1 1965.20229543457
"1" -0.848379297124305 -1.34646897111952 0.362276007603141 1.3692444805396 2.4821205523092 3.50690535129708 3.50266782154513 -0.574679637427562 0.122506013265263 1 1265.5977005339
"1" -1.99432631290783 -1.54238859872167 1.10052388741164 1.03261785705889 2.8782864237208 3.05401650424476 -1.87440356476221 -1.50480361104763 6.98573974740175 1 2016.39121481416
"1" -1.07947705216798 -1.04599433077449 0.352752322710691 0.525574623360163 2.32945961852234 2.8807327347991 3.89762273631508 -0.735222187009771 -0.44864738305851 1 1349.16752047399
"1" -0.0609372761022321 -1.37718625618945 0.338643106648978 1.13420009398763 0.351584696982818 4.49137282226263 4.02921157654411 -0.0715749985117961 -0.616444163676938 1 -1042.29982556954
"1" -1.0089880397137 -0.841699490522967 0.227127233111117 0.113142924069967 0.232937727232567 2.33665588903858 5.20698357038435 -1.27734363450459 -0.12622900877148 1 -1686.87212465755
"1" -1.96187348144791 -1.55985586347633 1.07625515746529 1.33059063833547 3.1503381675318 3.46294114289398 -1.66585348924554 -2.19447411827325 7.3377995791268 1 2036.93510703693
"1" -2.01965837567484 -1.42814353663723 1.07255928456404 0.94122480109993 2.74104892242292 3.01630937589531 -1.51825829731574 -4.80327303806448 2.10310612246238 0 2087.00236181725
"1" -2.12441070021637 -1.32527490211715 1.01933964974345 1.09606492537316 2.87086763164218 2.9209824583653 -1.55319366311711 -3.97983197090006 4.77576054227516 0 2132.99554438098
"1" 0.287124521722194 -2.1267145344718 0.310707601861791 1.32320169291852 0.245068243468699 3.87820714856118 3.8720765479105 -0.252463032473591 0.066318347747673 1 -891.769738980285
"1" -1.83876341930668 -1.47816951289714 0.753366649458376 1.53360635689404 3.34779060135985 3.88020132200165 3.36738294675466 -1.69274260856451 -12.2347621261738 1 1883.83187549337
"1" -0.636722603637774 -1.32027972168023 0.310493427526537 1.2325271855992 0.298346133018311 3.59535550313023 4.57388138585034 -1.00163453218696 0.00778359293963805 1 -1452.43776546645
"1" -0.471334628302769 -1.76187546580148 0.0716998392538565 1.58283580644663 3.0108063587672 3.77825334294709 3.20319574246029 -0.620792923780834 0.136241343944227 1 1480.62923730531
"1" -2.09861291507306 -1.56191608435134 1.06561761078344 1.29440109351401 2.63734395405287 3.19305264881911 -1.98136115315206 -4.04182879940222 -5.63036148526545 0 1966.09680561081
"1" -0.847078010790301 -1.61052914365123 0.504022254689318 1.81612574528903 2.33638430257475 4.22173059896156 3.5218833284744 -0.965960392156082 0.286699294021767 1 1184.7256335042
"1" -1.97666296771987 -1.51931325046645 1.2550475067138 1.32076009729667 2.91056368683024 3.40634682976553 -0.541516829524868 -1.86255585887043 -7.01167568561837 1 2056.80186545377
"1" -0.963463845788195 -0.721130984282476 0.359839711660745 1.1405594733729 0.399859815126149 3.28625452101048 4.71723953234382 -1.57629453254652 -0.563652075476522 1 -734.693951510802
"1" -2.07313632191554 0.418326340210139 0.3548104902968 0.88630678243546 0.690395003004054 2.33463859881152 5.85917791656549 -2.13865700446892 -1.01786197412692 1 137.323225323224
"1" -0.583594685995888 -1.28759091999438 0.329458067483916 1.0700586716364 2.49604958959981 2.97816884161715 3.44152319143074 -0.890463579972876 0.0739369599854295 1 1418.56887014991
"1" -0.931286379602698 -1.49241181986196 0.335648217198706 1.48766636453662 0.334213775062848 3.69395687404649 4.66201083562349 -1.03957910176339 -0.119869405315881 1 -1516.53021916721
"1" -0.0555713076339435 -1.13396311080302 0.253906559209043 1.69027010665016 0.239566248623136 3.33243071005268 4.46471775246012 -0.29301974612088 0.196794835852648 1 -1497.17742326266
"1" -2.11458407948303 -1.47171398343321 1.09195061231912 1.01146492949076 2.91649479229287 3.02313344414573 -11.8865231491659 -11.3503277189045 -7.4121238313085 1 2020.68890105556
"1" -0.416542201380851 -1.47912414445622 0.336478195102397 1.44420302656176 0.353596054306237 3.40135436017534 4.30398843068207 -0.692787178296487 0.0330095768343595 1 -1190.05051872765
"1" -2.03572817286418 -1.66839484755668 1.08301850253629 1.01620584935037 2.51326364818992 2.84002013040838 -5.52586411408167 -7.96422385656133 -5.1604966040289 0 1913.62213634122
"1" 0.464453887423137 -1.2896812634589 0.196487237935044 1.65998477596006 0.211758488825688 3.5915544354234 4.36959523997887 -0.528961417708253 -0.333291393372117 1 -1776.09024416831
"1" -0.718884243324991 -1.51954266301376 0.225515593723871 1.01625316484729 2.69531943229066 3.19571293219647 3.40556239269681 -1.178366110481 -0.0743158743506317 1 1365.46015291163
"1" -0.567687377821248 -1.33123944530818 0.339822651593284 1.36344970488754 0.333801518593545 2.64744858418148 4.4083344041595 -1.55640352513342 -0.0240690406924914 1 -1228.69389354181
"1" -0.673535179387926 -1.30362583837876 0.352601979089604 1.15433067055623 2.34161428591378 3.4201934904356 3.45824451745559 -0.983009948533858 0.0262831081989075 1 1355.77820690525
"1" -0.455015931221583 -1.28608271903561 0.210946346932915 1.15612313374462 2.74731461567412 3.28817908229984 3.25365986618864 -0.555995849851329 0.148026942745298 1 1466.96992576133
"1" -2.21166691468886 -1.58788191738895 1.13797214577303 1.04939091945979 2.94641071108653 3.09090287428892 -2.85936043390584 -5.23148007324266 -3.10377133333411 0 1887.63973353227
"1" -0.615195381560731 -1.70760242104519 0.248241506411744 1.42786495718497 2.5742554296348 3.54129910630114 3.35003048242693 -0.689737712317007 0.0919455757601359 1 1298.5604670855
"1" -0.518121635629637 -1.33440250156785 0.224911706090126 1.30850940169302 2.85315567851306 3.4802302682233 3.26484438236498 -0.882291618067871 0.0217160143211808 1 1532.81204592004
"1" -0.148190958040926 -1.11290774318754 0.24120570734352 1.20613692523512 0.218872050093508 3.46773101431111 4.53443406896622 -0.523066470746655 -0.537132686206136 1 -1298.43305593726
"1" -2.53823681145187 -1.62161420025315 1.14395694536489 1.08130879945651 2.72813188593674 2.84854351605903 -6.26481372440095 -2.98189829570896 0.767060002511052 0 1726.84597925197
"1" -0.20616024178255 -1.15766149823627 0.27041422341969 0.962310726140744 0.267053707397527 2.76576569336529 4.41310692759253 -0.951554356048329 -0.036908214929616 1 -1444.95586075011
"1" -0.534113668073491 -1.74121352604227 0.343754289675089 1.34906753469869 0.333633299861228 3.2261786581217 4.31727121129056 -0.760161651221581 -0.263064105422328 1 -945.339490111812
"1" -1.67953644186346 -0.885355964809364 0.535416111148186 1.62585610059943 1.58792980460217 3.34993139636062 4.62647808560985 -0.729096468610392 -0.306124010990401 1 942.249883932003
"1" -0.604864196672191 -1.31982974479098 0.358750687114414 1.11046066080357 0.303089970946988 3.02392008426553 4.29708418298362 -1.09316750049841 -0.302974689874391 1 -879.844350541578
"1" -2.03992072683097 -1.50645495245521 1.06283525289459 1.21175147358537 3.04476289982586 3.3444535057659 -0.99226290740438 -1.82749821415013 -6.92733276413235 1 2025.39474796709
"1" -0.232661162907779 -0.877168692526636 0.276147256773886 1.97522190774233 0.254904627217375 3.74877043062 4.4337324354743 -0.126595938692151 -0.0435047156821709 1 -1040.31729238434
"1" -0.944861463319819 -1.23342790552023 0.32098956985619 1.01896945681883 0.380474107020524 4.09194586365426 4.65275611323996 -0.420064550306474 -1.13870478850133 1 -853.99164399564
"1" -0.702834849871482 -1.16288166780861 0.45503890729988 1.25957961088041 0.40098321674507 2.46711745806394 4.25989735862062 -2.80071648629004 -0.407318914661593 1 -574.304320402185
"1" -1.121026295737 -0.573375399749095 0.420167037871822 1.96817588796875 0.46136271730992 2.29020641438714 4.72400563328395 -1.47320005892373 -0.39849040674929 1 -700.342855441384
"1" -0.66475821906755 -1.44915235530938 0.30581835857298 1.40753528056815 2.43513929441602 3.65032862060118 3.39981213201905 -0.700619321327364 -0.0477850350452751 1 1261.51732095555
"1" -0.364345653932285 -1.34639257330182 0.301096393149802 0.827858236620464 0.314896453442787 3.05369512012161 4.41502798561892 -1.18598672019517 1.12167294579148 1 -1389.85829263744
"1" -0.313438677144183 -1.26561236471713 0.259444195989504 1.10943457874741 0.266991673151839 3.29097138445825 4.49464636920101 -0.485114143041764 -0.277734724884819 1 -1354.71963870894
"1" -0.175923502222563 -0.267537111189352 0.236678694343541 1.34288172571705 0.257204868549293 3.28619907321999 4.73673283764689 -1.06322447841294 -0.0219871761758281 1 -1699.39516043708
"1" -0.576047494689008 -1.26362197786917 0.292467838284274 1.52905279717464 2.78163139863901 3.50687985538173 3.25489994703004 -0.823947222520941 0.0833544681149866 1 1438.22379965626
"1" -0.814805244590181 -0.956989183087119 0.231368087029983 1.16403397596956 0.2369304402316 2.26414345606941 5.02163828679182 -3.43603229195399 -0.220347123319723 1 -1506.10235350874
"1" -0.689037661941363 -1.1950650680021 0.373441891622889 0.753383383974338 2.43402630428825 2.31509667266698 3.50915713162642 -2.57152600642427 0.944751196512118 1 1587.85858315171
"1" -2.03676315673672 -1.58695574295416 1.08611545308492 1.15996046069716 2.80891392857407 3.0420909084334 -1.26395833239539 -1.97660420517682 6.97957422960706 1 1969.12082393156
"1" -0.642552364594755 -1.49846909955699 0.121348361663634 1.40867098807714 3.11447512242598 3.37944995930522 3.28208610440421 -1.1247674259776 0.227364577624882 1 1352.10470443965
"1" -0.0745504055415507 -1.39108827271233 0.210912767984588 1.46208640313263 0.216965040919731 3.97106389577308 4.55285586352813 -0.361596470453962 -0.232681104554787 1 -1854.43041306781
"1" -2.20155996763292 -1.42122422871949 1.36766194324779 1.06648841815696 3.15376139562976 2.99632276290501 -1.47662463761891 -1.1549510262174 -6.94607483947937 0 2015.12900419652
"1" -0.0647851651218863 -1.45283919329663 0.290695439312491 0.898596354527526 0.295557957980199 2.6578986900528 4.23718341670033 -1.61156483657402 -0.126663778233208 1 -1425.78533996052
"1" -0.485457789688504 -1.4642740406871 0.248659100775175 1.42234487107374 0.243299211336667 3.5102660788183 4.62953612542749 -0.572513488364005 -0.164654027324198 1 -1734.21558815281
"1" -0.875437748658384 -1.31771818358622 0.881500511099812 1.47852340645933 1.27309473845739 3.72736729074632 3.8158107596991 -0.842998297705966 -0.237409633832925 1 1085.6070229502
"1" -1.32587425209698 -2.80103208007674 0.425074454138819 0.515886732489555 0.3706359110628 4.34365083395708 4.61553827438627 -1.26575228119552 -0.40047643842017 1 -666.47931702558
"1" -0.698216026593119 -1.14536055780602 0.352049087290366 1.29351527904515 2.29596647160919 3.13791701225478 3.5967598227748 -0.887222408796334 -0.0186435492289104 1 1428.65959354233
"1" -0.0282858995214476 -1.4629180893276 0.259244979948453 1.33596794792109 0.284285590212968 2.62346722208258 4.25162136836888 -0.605564431799571 -0.414297134063192 1 -1303.85820354949
"1" -0.485644776781905 -1.55135967055768 0.150102783081384 1.35491272683271 0.152129860544285 4.05807702524489 5.14489004436458 -2.07968595772233 -0.0414379467289751 1 -2092.04313131059
"1" -0.644746762755865 -1.41751389836454 0.118225730618397 1.35393039632865 3.02301512509667 3.62277316229254 3.27550886749734 -0.940733417471605 0.0926344366097703 1 1283.88416367085
"1" -1.91147690174121 -1.61798641885002 1.06369733180666 1.27287875513232 2.9449690986355 3.46374339672987 -1.78714499028623 -1.55471542382974 -6.47107275973316 1 2019.77298109256
