"1" 3.00487484944551 2.60951680641258 2.56807333987015 4.00674366725417 4.9939473071096 9.99884904304149 -0.0595152125319655 -0.545810631440318 -0.374579566408245 -0.108800668060788 0.229694705631021 -0.57049950581605 0.33731100404119 0.330057491947951 -0.444106408301911 0.195380925698102 1 5933.73450318501
"1" 3.00419236613093 2.58992807045306 2.58531188519814 3.99019178786465 4.92494538007401 10.0220632094513 -0.0548600514176014 -0.542842248516337 -0.319751608016698 -0.152592057449536 0.238462131760119 -0.576770259324021 0.349194074655345 0.336613722395509 -0.453844200388903 0.155435620373097 1 5651.55480563415
"1" 3.07339723598782 2.51756796227783 2.5382165233345 3.99954029244089 4.9994516845469 10.0018029733685 -0.0293660594347271 -0.531781883870672 -0.407998392277023 -0.103569817387557 0.205818550875383 -0.599800534199742 0.338747353602449 0.35801289829069 -0.445135264092389 0.166512621877876 1 5593.45894510321
"1" 2.97902967390262 2.62181376393795 2.53451202130061 4.03227140022354 5.01122163622763 9.96493645018246 -0.0474497871585818 -0.54039558599944 -0.373536491956647 -0.0572804910840535 0.228525791215319 -0.600754605434486 0.329761083776027 0.358786649964118 -0.436971846062342 0.155816303719334 1 5739.79079898266
"1" 3.04702981055651 2.55048340478002 2.56718293141083 4.00616361126832 5.01141089665515 9.92558668486633 -0.0552160632255175 -0.548972475723901 -0.385851988956661 0.0605634619731807 0.248151380176694 -0.60379433241743 0.310180476340338 0.362492322219528 -0.425435672459386 0.155910874046147 1 5752.49120073207
"1" 3.04470034157336 2.55903634243656 2.50627378272293 4.0204603628913 4.99603636895983 9.98356939082941 -0.0620977295707012 -0.552238579109532 -0.308353305447417 -0.100181425837559 0.260047042254211 -0.599759883694556 0.321627266389936 0.357360980604015 -0.430770658718949 0.136342896348316 1 5802.62859034897
"1" 2.98465567118878 2.62897224255874 2.50384741846072 3.95109283796405 4.99401694169095 10.0078830085992 -0.0330103989467251 -0.528258828909542 -0.336500719736959 -0.0875103324080533 0.190781515756219 -0.581166498702086 0.355184452874223 0.339737355866376 -0.4573577301153 0.189656199057957 1 6058.26767387663
"1" 2.96144887863855 2.59079110966907 2.54553656223227 4.07590729846489 4.93167096842256 9.89914992629781 -0.100193191018435 -0.578018718668696 -0.249660198378436 0.000214406111690183 0.366484823957206 -0.613113102628375 0.285870351334662 0.373686582874775 -0.406469658674675 0.0301758055956207 1 5546.06819978601
"1" 3.01320702123386 2.58825114563365 2.47366375373336 3.95373432777232 5.0138406831814 10.0122697706832 -0.0340285639902878 -0.53111691597641 -0.345796752583124 -0.0948816124368966 0.201154640743588 -0.590440207782019 0.34354173061727 0.347792046472736 -0.449121865000619 0.181220407529752 1 5784.60362138247
"1" 3.01972771716493 2.5881889571001 2.48767045954515 4.10667729109762 4.98623386454974 9.95082824312356 -0.0593049601813038 -0.551417218191281 -0.3101407879269 -0.0935817309260755 0.244458367008281 -0.60332414587424 0.29842124661682 0.360570746689717 -0.413559391100178 0.182809044006808 1 5865.54510765708
"1" 3.03009796883468 2.57442214028546 2.55488077621153 4.00750698091727 5.00730867309421 10.0164588890799 -0.050485699047065 -0.542062437152724 -0.38829828528365 -0.154135712322662 0.229409725447876 -0.589137138536238 0.3352288079052 0.347804363569639 -0.442932706825738 0.165650776247432 1 5779.56081450243
"1" 2.9632946988085 2.64461179174232 2.52576707062421 4.06901983022282 5.02433821637752 9.99702504952172 -0.0620137898412888 -0.548285939063574 -0.373260238979752 -0.209338532513738 0.257056615408633 -0.599228254184049 0.331156557198644 0.357646848510664 -0.440817869063323 0.122605601272797 1 5788.77298204388
"1" 2.99492507798358 2.61539238811319 2.50533908853668 3.99089493607224 5.01773712345674 10.0229389279612 -0.0410296036160677 -0.533419187321307 -0.372856255571816 -0.151021678728717 0.208759240082243 -0.58337645084313 0.355301029792039 0.340843265123203 -0.457179839386469 0.168584080213943 1 5915.65513599053
"1" 2.9490183524568 2.6466214218095 2.51730803156842 3.99142156872813 4.95316656946279 9.97737372839848 -0.0397041308258038 -0.534415107686519 -0.306580957570866 -0.0439150021517433 0.211892808533266 -0.584238976106273 0.345335732684841 0.343817716351891 -0.449018402285865 0.177569198352284 1 5685.05404614943
"1" 2.97787186593888 2.61797392657592 2.52627591164133 4.06006957954478 4.99551343980124 9.9303961299802 -0.0872296592870633 -0.565319465767413 -0.358725391384601 -0.00797990976617187 0.299535708050902 -0.595478121678746 0.30522418494619 0.35278363847438 -0.418472135719192 0.125988280616584 1 5721.65452776453
"1" 2.97339167703543 2.63013778601847 2.5627782258105 4.12294275111279 5.07269189702181 9.93012199453028 -0.0577609935432694 -0.549931615913935 -0.440860682286279 -0.0894564280026336 0.250477685015286 -0.616992028072478 0.29446618802115 0.375791426598868 -0.410854107435877 0.154527734559604 1 5744.65827029652
"1" 3.034761473078 2.57515577352517 2.51874279940856 3.95566028855318 5.00911011925033 10.0218353216972 -0.0271717975055432 -0.527087515465185 -0.370863540545978 -0.116432972875826 0.190140710240467 -0.589783669466884 0.353912539822498 0.348073646091544 -0.456240048325992 0.177579857286608 1 5947.68624385289
"1" 3.02748900923754 2.57500230753852 2.51510835095979 3.9899303680537 5.02228421293956 10.0305817430181 -0.0319525022315142 -0.52963157893044 -0.379115335925916 -0.165323923608594 0.200331313401247 -0.590532579821435 0.349187201222323 0.348318774471439 -0.453774756141473 0.172649088708854 1 5750.82456553578
"1" 3.03342619250913 2.5643266508219 2.52265395049517 4.03179179814605 5.06573980634043 10.0150233178718 -0.0355901191782217 -0.537919111308704 -0.396677281666042 -0.179586271639733 0.220599734227348 -0.62434485175813 0.304502822631961 0.380166932284431 -0.418863967959997 0.160530227464633 1 5674.99349518272
"1" 3.06295216500876 2.53710556605637 2.45814637194217 4.01514588849796 4.96302097083955 9.99507376780547 -0.0439011286508326 -0.539877602147609 -0.299379255160109 -0.105436686138053 0.219926440360402 -0.58885524037095 0.335227249267568 0.346429358684489 -0.441763476505857 0.178059394096541 1 5785.87507560123
"1" 3.06299126307479 2.53565196567621 2.54273442426368 4.04168725274338 4.99603802456591 9.95263604964694 -0.0435030796370858 -0.542633060390213 -0.357576360040167 -0.0277327334797786 0.223163593827502 -0.604042300235011 0.307634508342789 0.362477995873051 -0.42125556870945 0.188060760085691 1 5753.75168963979
"1" 3.05868738659018 2.69719815380453 2.57819726224393 3.97975960387911 5.08420053124462 9.58240467911503 -0.244921736861041 -0.530428645949545 -0.337955752775451 -0.0256852505748679 0.643864898458668 -0.553106086854049 0.490187359575048 0.272058923542164 -0.497256506514646 -0.890622698173329 1 5866.69408009272
"1" 2.89914334310166 2.69698710477615 2.50533224597276 4.04653651372066 4.99998525765058 9.96702674676281 -0.0454770711586259 -0.539502132193512 -0.352496931136892 -0.0874039743228764 0.226553044195341 -0.609741340530826 0.311565963580989 0.367226529361153 -0.424505575961527 0.168697250034832 1 5656.34922910725
"1" 2.95355770028728 2.66867094639266 2.48081690166347 4.02841241961483 5.01606227525943 9.99378048863012 -0.0477077471052772 -0.53891184400775 -0.349533301138877 -0.118895733007375 0.216321873062524 -0.592225636086846 0.337021674480127 0.350278260451675 -0.443158730646661 0.172497012541734 1 6106.99143897005
"1" 3.0492071059505 2.55935228004294 2.51086268953864 3.93854628757194 5.02310956567949 10.0471144507251 -0.0254744018634656 -0.524131115849595 -0.378938669366583 -0.159376728169199 0.181069002598269 -0.578464193439005 0.361913347411758 0.336913061123418 -0.463091951235174 0.193454565254786 1 5928.10334663684
"1" 3.02690905248044 2.57836983933214 2.48454535090178 3.98745237601733 5.0665808537753 9.99431586190935 -0.0263109294550851 -0.527286080649196 -0.416125495205263 -0.0868500652104656 0.185589471739657 -0.595098864120331 0.336277377215898 0.350400576631275 -0.443483232129388 0.20158140600646 1 5854.16500717622
"1" 3.00954666632378 2.59155356690667 2.52263993189481 4.06414021717157 5.00969421144116 9.98472818441486 -0.0505040930825513 -0.543560510512287 -0.354842720215361 -0.136681991770581 0.223559762719833 -0.588112749136762 0.317443547970214 0.346373517786807 -0.428700872498303 0.201960771393792 1 5731.79504199367
"1" 2.97782883232777 2.61998903666225 2.5916943538038 4.06387148858847 4.98478322467683 9.95509447038234 -0.0772595257621697 -0.559911876396925 -0.383860425978019 -0.0769264124267021 0.273043411594482 -0.585734050894164 0.304975740014804 0.344840246490062 -0.420670578893642 0.171517880109825 1 5707.20646416135
"1" 2.97739077979794 2.66121704366697 2.61539511542458 4.10028993681492 5.11872078244823 9.75318099394541 -0.191511259929678 -0.525258464102707 -0.27293376470768 -0.264927741705614 0.539043695274838 -0.58142907324396 0.34087432731073 0.372134096248316 -0.507756659286133 -0.413644931454115 1 5741.541191268
"1" 3.02139044363084 2.56873471809741 2.51416493036717 4.00907823197378 5.00596337546071 9.990626271654 -0.0487642340889 -0.543293520318361 -0.357593312683581 -0.0987974544641463 0.235650382974397 -0.596982699071261 0.325484959849261 0.354720138946865 -0.43447764060258 0.161433332517054 1 5610.05661393585
"1" 3.0317665532055 2.58066223110134 2.5143204779511 4.0732660360244 4.99683373682619 9.98681299001523 -0.0469150787810418 -0.541981516692808 -0.336635316005518 -0.140351700574294 0.218586916910598 -0.590231842886712 0.32772540027758 0.348859269595102 -0.434811948327728 0.188439711184776 1 5912.42826535303
"1" 2.97962149259614 2.62921071634937 2.5162461459032 4.00771157767231 4.98350944300004 9.97777113522959 -0.0568563647944224 -0.54545886618135 -0.323598892905371 -0.0656842647917276 0.235027147139338 -0.588245240531236 0.325599186766533 0.346582342815282 -0.435624685605924 0.176580618787709 1 5856.77013069169
"1" 2.99209660832804 2.61095951449854 2.47140448301282 4.03284785957433 4.99775036355151 9.97946556030235 -0.0431253851649176 -0.537637847631937 -0.320484823761219 -0.0987968666298114 0.216760944391633 -0.592037334345706 0.33539397508674 0.348834614713724 -0.441144028068963 0.176675785271892 1 5798.66180242545
"1" 3.09995821367881 2.4986723868015 2.44604979311477 3.98616428014806 4.90810167773348 10.035003144522 -0.0593826465107668 -0.549304837222285 -0.22887530446105 -0.174526748845469 0.249155791686978 -0.581091820313609 0.344652001836832 0.339850329694061 -0.448959901524902 0.145341415449615 1 5771.11667178795
"1" 3.07099309500403 2.52574890693969 2.50475429639916 3.95040200109939 4.99301075065893 10.0150219375476 -0.0256445021971329 -0.525664797520682 -0.352102009603743 -0.0887815799491046 0.186153268178032 -0.580636442300958 0.355221640353568 0.338925773412411 -0.457647020754812 0.195178020517571 1 5688.03165726429
"1" 2.95512753756644 2.65296626874097 2.50594493268102 4.02483625702754 4.96766583837342 10.0103208916979 -0.060951070822479 -0.546181478850782 -0.308739266714893 -0.158410019533544 0.236915745992422 -0.579998952250956 0.332393621047399 0.337819336329962 -0.440430252801682 0.179920375703613 1 5848.48554651571
"1" 3.03510106335338 2.55957771664679 2.5128549800024 3.9920627436654 4.98865724866292 10.0052584784288 -0.0358489831590239 -0.532099300389253 -0.342210503178271 -0.105907183524999 0.202528260604814 -0.573428882048463 0.354046324484231 0.332988464456036 -0.455662920080332 0.192870234001447 1 5642.29911685919
"1" 3.02230290376907 2.5840729402586 2.51530456411833 4.04876305556359 5.05015817801236 9.99138766464341 -0.0348165987126255 -0.534341984363108 -0.402616491941976 -0.131107183227618 0.204544831423608 -0.608574177271204 0.318572290619573 0.364910868200731 -0.429724256220856 0.184398308713459 1 5824.4026051773
"1" 3.04508096748737 2.55675606346305 2.52064953701481 3.97446815330142 5.04934136310665 9.97137396665084 -0.0642564315817389 -0.554114264341194 -0.387971643854952 0.000873596242868493 0.260108233380669 -0.59683865977595 0.311952127589835 0.353501319467631 -0.425644714704274 0.156198787310891 1 5783.14687144742
"1" 2.9834682671241 2.61959712315033 2.60674288666049 4.01362458534764 5.01642703527012 10.0493436359537 -0.0667444469320167 -0.549820007294058 -0.432542096007648 -0.233696919838538 0.255428290660404 -0.578315641657924 0.337377547942848 0.339509105174714 -0.444231605634647 0.152125772850532 1 5699.6408083676
"1" 3.00696877187599 2.59320706904545 2.50896450676456 3.99385108972217 4.96940863738589 10.0128354208482 -0.0409156113035979 -0.536727242271805 -0.318716578367822 -0.126202515960722 0.215165974216526 -0.591742235831561 0.336748556819158 0.350962062352798 -0.44398374148447 0.173065775897169 1 5737.96564678213
"1" 2.98423186135392 2.62232102101012 2.50872764860788 3.93607316539633 5.00774423948944 10.0272132211404 -0.0248951712610896 -0.523455266796945 -0.351627084209123 -0.113995181011539 0.18066019883259 -0.582589515339382 0.358327057079855 0.3406576194344 -0.460283338765976 0.192554985354368 1 5896.56865811857
"1" 3.02873618930695 2.57416315610334 2.46694095167096 4.00704091645535 4.99709297105148 10.0246527967912 -0.0392569347474407 -0.53482364249015 -0.346201248803252 -0.168491597622964 0.204410247124573 -0.582948576817097 0.339054022982282 0.33892045681363 -0.444885469720748 0.199929403493828 1 5790.46050346959
"1" 3.00118228221884 2.60348655234276 2.57243282119311 4.05071044488736 5.01804976215008 9.99514675255074 -0.048289915087347 -0.543081190651133 -0.385294012266529 -0.156821897753336 0.22829504860707 -0.60689000412739 0.308019956945652 0.364629146580365 -0.421766324229956 0.177338210028612 1 5762.49665378146
"1" 3.06772031573684 2.53640946578692 2.50784993033157 4.02823026079271 5.03442958045449 9.98739055721779 -0.0414535430735185 -0.539948364816913 -0.383871134227707 -0.101478033120756 0.217809589740603 -0.602979936237219 0.320109408785791 0.35944411514287 -0.430101763406173 0.178978161730892 1 5801.23475933867
"1" 3.01997800711374 2.59618290010544 2.52884940741661 4.00404729413469 5.0323385929006 9.96991082584665 -0.0425715346212514 -0.538513328837814 -0.390817195223117 -0.0282253640473165 0.216139385112666 -0.601025503046375 0.327130264019403 0.358459313516546 -0.43637613199412 0.171910255514211 1 5964.73142502818
"1" 2.987165128768 2.61625035962638 2.50028723911785 4.01462039181526 5.05432358015295 9.99234959344404 -0.0398669037544631 -0.536928099039631 -0.386055224136985 -0.094188362118578 0.213136463950906 -0.607146362839373 0.316625465257394 0.363652952334424 -0.427938315573443 0.181128115819089 1 5773.92160263757
"1" 3.11084799205439 2.47987659542971 2.60440696630357 4.02818469276307 4.98908529236289 10.0215658992089 -0.0626125641922 -0.550609055922599 -0.363937126361231 -0.182855535724157 0.265049348366022 -0.57732693086688 0.36449596741193 0.337130407252275 -0.462928019270399 0.102867891630042 1 5636.89030877781
"1" 2.9948887848113 2.61365166852631 2.49774014338718 4.08152074498184 4.95775687264573 9.97828575835129 -0.0481927868003935 -0.544784736333268 -0.294586247888373 -0.133998681882933 0.232223374880824 -0.617630472652002 0.299024501770889 0.375086660924564 -0.414288212981031 0.167624242452031 1 5868.97098456253
"1" 3.02259936497065 2.58877350740771 2.45435792932803 4.11111145984948 5.02058001163266 9.9733868565414 -0.0896913028166178 -0.570570529391182 -0.322537129413639 -0.161020366358137 0.311844546446955 -0.62073816495567 0.280671581354788 0.376283854718517 -0.400961734836501 0.100174206975454 1 5844.96119002128
"1" 3.04185279595824 2.5578240187542 2.58366766036191 3.99265953697168 5.05655892990938 9.9816653564283 -0.0440705405832968 -0.539366035863233 -0.439471047224779 -0.0592143319369966 0.219793247547481 -0.591860876185752 0.327568287178851 0.349925103465278 -0.437129716102781 0.183114355887057 1 5718.73030588912
"1" 3.0638253747383 2.55348973004357 2.6443476855348 4.10393836771156 5.06962713322298 9.98381865439542 0.0284715080184781 -0.393630269133602 -0.362691676139396 -0.135451133095795 0.406741314001041 -0.643315310702069 0.200518531902049 0.504640892679086 -0.454778443434781 -0.228349070069064 1 5769.04106953633
"1" 2.75406021914025 2.36726345833784 2.49277712283594 3.81524631579288 4.94425204682005 10.0540619420365 -0.115817098459055 -0.449773312707321 -0.391200139410308 -0.342491237792726 0.556505931333793 -0.776284588429387 0.123402314770203 0.330381170346886 -0.0300839855443726 -0.0456844632937349 1 5416.1733929853
"1" 2.96625030057094 2.63460149417558 2.55183047426378 4.0536774768448 5.03568834642916 10.0264281980122 -0.0524898933906477 -0.543175936718842 -0.39981291454532 -0.225158055573223 0.236557210427131 -0.593275731510249 0.327380914233874 0.352816475976675 -0.437063175149437 0.161697615673436 1 5676.80751105118
"1" 2.95166399184538 2.65086134722974 2.45947844438058 4.0197902144118 5.01839242340344 9.99103932245105 -0.0390006947413389 -0.536384902154374 -0.346440201241676 -0.112345142994295 0.216909632528418 -0.612014517631321 0.31982178321373 0.367788353265165 -0.430420387624332 0.164114972295042 1 5769.41832550233
"1" 3.02113278996575 2.57612142286755 2.53508687723592 4.05391629567211 5.05295614890858 9.96091800753191 -0.0520061227525383 -0.54481851537528 -0.414159589103943 -0.0686966563169742 0.241193087849058 -0.608937208973639 0.316299967780979 0.365967573793073 -0.427825602983067 0.147810233016445 1 5685.57053205602
"1" 2.96288747284546 2.6449268242575 2.58506624647855 4.04329912637203 5.01044257994916 9.99095918603238 -0.0414178425697439 -0.534929912267233 -0.408254322000281 -0.135232120723908 0.208685891006024 -0.586943228122248 0.339987421374478 0.346591184200011 -0.445068620933484 0.184054643130498 1 5808.69823529989
"1" 3.04337688380173 2.56381210122228 2.55538318479449 3.94658035067518 5.01938396441643 10.0430652532087 -0.0269282794161194 -0.525944132447908 -0.399537994744694 -0.146085548793586 0.184931514157039 -0.580438701120949 0.355204383385013 0.339672679492756 -0.457394174153278 0.196079020358258 1 5843.58526429401
"1" 2.97728993265559 2.63088985614245 2.520362719576 4.04367779146625 4.98402456252002 10.0184967412411 -0.0453696530037298 -0.538186709121288 -0.334073732259084 -0.192264049078388 0.217482245671844 -0.594262402971018 0.333008617218417 0.351704251461917 -0.439184175536921 0.175065635666762 1 5840.80378156409
"1" 2.99854523536113 2.60792275597206 2.53097576798266 4.02392868837933 4.99810735712328 9.96058505540244 -0.0463216633011231 -0.541487722071504 -0.357960976858317 -0.0680551217863111 0.225154282966905 -0.606031763080472 0.308777211756705 0.365472129690759 -0.425126242236329 0.177230254299884 1 5835.28276320192
"1" 2.99727245290152 2.60534066204306 2.49952495190965 3.99515619860919 4.96159626084048 10.025468272146 -0.0361890899471413 -0.53179853798712 -0.29771294978197 -0.164623614028957 0.200826230922883 -0.580701879238248 0.349231195226193 0.339294665631351 -0.452466725287141 0.189686724334402 1 5789.33109789233
"1" 3.00617257609068 2.58064744266539 2.61082602195365 4.0691198529191 5.02448543918655 9.97910229398 -0.0617289610463911 -0.549705457973992 -0.421383586324025 -0.13087218987444 0.252874063747673 -0.578543506531301 0.332228648472586 0.341392329461886 -0.43892375468982 0.162112961040586 1 5531.54975322341
"1" 3.09311158421145 2.51124393850242 2.51567900515523 4.07705167848457 5.08117180488981 9.96386240635798 -0.0329197687666397 -0.535022640771554 -0.431146976556473 -0.100096605812932 0.204210224795293 -0.608285494781954 0.316244040434259 0.364821951347177 -0.425306968787423 0.190616537445042 1 5798.07873561577
"1" 3.02454123353187 2.59034239178212 2.49993663260839 4.02884568264708 4.98106816736626 9.99752420204427 -0.0484797512080948 -0.540829474508671 -0.31085937452786 -0.143617680400236 0.222087962631999 -0.589296007211201 0.336859525422517 0.348401185888575 -0.443548936295196 0.170613483994979 1 5970.22990454923
"1" 3.01830583368894 2.58749879786851 2.45016234762194 4.06929691970992 5.07243770472763 9.98658999311476 -0.0361788068069625 -0.535764735008385 -0.385857736543531 -0.139952715801618 0.204596801343327 -0.606566810152207 0.315325547004941 0.361736661772935 -0.426092863325702 0.194866760881784 1 5822.38463041652
"1" 3.03568327856456 2.56006804378337 2.53237224001643 4.03515475501003 4.91256271698623 9.9955754754908 -0.0752706233521824 -0.558429581874174 -0.281812243348444 -0.137154729767574 0.272439849236445 -0.582176795834257 0.318841084993539 0.342480477811811 -0.430162951430346 0.156552175916415 1 5716.75239678392
"1" 3.0030734127883 2.60007246417212 2.54971127764873 4.05084147970833 4.98494990968052 10.0065557239673 -0.0478002481884853 -0.539417230242354 -0.359874674687493 -0.169026531054916 0.220410752107409 -0.581078682408536 0.340653176472597 0.339540064484511 -0.446231181482615 0.182089736737141 1 5750.86645577376
"1" 2.9621837835067 2.64210043517771 2.47380074264559 3.94186519265227 4.99853253321637 10.0380781642244 -0.0165163418330214 -0.517171968220792 -0.329071977652234 -0.123949650601772 0.166488279558513 -0.579947584737718 0.366450620405654 0.338102693605192 -0.466197124381598 0.198916785814582 1 5843.53162491594
"1" 3.05760641820479 2.54700924018036 2.48822057616359 3.96488690733533 5.00371884282643 10.0023924558525 -0.0466802581409778 -0.541671554421349 -0.328304455829838 -0.0692370548312644 0.235352121565045 -0.605860710307122 0.331343243230804 0.363325487290767 -0.442031092918713 0.134068569110305 1 5834.28415303191
"1" 3.05727038176862 2.53913103785023 2.50786801975806 3.98697151647481 4.98533822914308 9.98403443176747 -0.0210777612819178 -0.526430624991215 -0.335935271540178 -0.0624287220660813 0.187595747307008 -0.599342635972145 0.33704128667506 0.357399806583583 -0.443137576606294 0.189160015284201 1 5717.32320885
"1" 3.04786586002715 2.55638923133988 2.50124555693638 4.06476040282936 4.97682426151952 10.00280000543 -0.0510552168206236 -0.549930480795521 -0.316111659221299 -0.145158583421088 0.253118250897473 -0.621962160376268 0.299814407162708 0.378739665391404 -0.414764240548846 0.135913290856321 1 5785.78820792578
"1" 3.05445328973036 2.55096511721855 2.45364961315647 4.03414653876722 5.02394223848734 9.94759701950569 -0.0373933715430672 -0.537883047213469 -0.344087135351522 -0.0354451447784926 0.219678015639079 -0.615856690087961 0.318228258785627 0.371873901058383 -0.428633920913686 0.156750398832159 1 5863.51429529733
"1" 2.91817354299521 2.68087736915511 2.5450872857036 3.97595274079414 5.0526955150949 10.0354142733001 -0.0386083166327445 -0.531677745037741 -0.413982056477453 -0.170239775918499 0.206389445569989 -0.587325860808824 0.344468624718859 0.345654954655488 -0.44974822490086 0.179135271263564 1 5614.35105233156
"1" 3.02641561040808 2.57742851937608 2.47767539968525 3.99491566771591 4.97655059494191 10.0033517283674 -0.0608519088464271 -0.549205053565933 -0.311540723978549 -0.110853158225696 0.247240417327124 -0.581872975497653 0.33518600411274 0.340395602986262 -0.442770736053524 0.160293756656152 1 5817.45193555167
"1" 2.99335671663598 2.61561272487877 2.5166537999149 4.05185427983583 4.99690779508784 9.94539100412336 -0.0639852101234142 -0.551736139957746 -0.357364435792127 -0.062146582432767 0.249188029713612 -0.592740126870948 0.312821069071847 0.352155355103557 -0.423723869422533 0.173754850652186 1 5850.25621552918
"1" 2.9991428468237 2.64012023399788 2.51199006921404 4.06994764476508 5.08740606832125 9.99375336211662 -0.105932639971026 -0.570955519201389 -0.374011035640528 -0.158032181264442 0.358269979073253 -0.59653903894802 0.347498428976809 0.355140550558654 -0.451967211787581 -0.0245393141537129 1 5899.7989117648
"1" 2.97318540815504 2.6350833226442 2.56634981713553 4.05732277879558 5.01740307103429 9.96030295965946 -0.0536725461843153 -0.546380536747898 -0.382915489086702 -0.0852590072450057 0.233360881626446 -0.603991319956811 0.305579406156219 0.361953483695645 -0.419844488309494 0.180939781634087 1 5839.63227694402
"1" 2.97445696608578 2.62484644365884 2.57797563386374 4.02652231205979 5.06199249816416 9.9948430127677 -0.0503565416496021 -0.54103858550937 -0.44751706436179 -0.138800532533204 0.23280448862459 -0.600175117549844 0.325623408830851 0.357990107584969 -0.43493512598233 0.158015431892697 1 5664.24618267644
"1" 3.00402500602382 2.5758856920253 2.50565064640908 3.92265812757579 4.97425148403482 10.0089953908176 -0.0434410441859387 -0.539500102464809 -0.337183401437551 -0.0481728319729565 0.242155141741467 -0.615118892197793 0.325626128824476 0.372458490260112 -0.435213495939683 0.12013267320864 1 5513.2588675642
"1" 3.07453868882703 2.55346612060162 2.49663874943434 4.08963763584222 5.02933002008508 9.96353240787887 -0.0491665701614172 -0.545618342500307 -0.348650332178018 -0.0918459439892789 0.226370484349505 -0.608860512124325 0.309750226422111 0.365625265654494 -0.421153029480756 0.175546190614921 1 6108.9640270036
"1" 3.07206187353675 2.52151611349601 2.56632042797037 4.05433001293533 5.08119265730467 9.99150443686027 -0.0406003355978962 -0.514971923174281 -0.3587868097089 -0.134714546501698 0.298343918864506 -0.628628108230906 0.348573283573143 0.372663402643197 -0.429821053892485 0.0224107692933064 1 5720.94125005505
"1" 3.02671871203746 2.57517572619199 2.53229010376605 4.00433676940401 4.99764314730821 9.98392862131066 -0.0385060539435349 -0.534845617308566 -0.365096469679018 -0.067176523631963 0.205142297133053 -0.585518240009352 0.336223638604089 0.344762925959415 -0.442636349970774 0.19596406357534 1 5785.23985598956
"1" 3.02634187881575 2.57903556912451 2.51568706737209 4.00470262874283 5.09287873346401 10.0054723225133 -0.0383771789977479 -0.536056215531609 -0.439889763040123 -0.123020238779386 0.214071747626591 -0.605939909534362 0.327192982038264 0.362645537821514 -0.43653669372894 0.165676562695877 1 5786.27642835787
"1" 3.09154266270661 2.50648534360339 2.560497671058 3.92901528507438 5.01934566617589 10.0043012889196 -0.0271759022515068 -0.527349201352868 -0.391070881476521 -0.0380059676429373 0.190275734975361 -0.576978592355034 0.358732059735675 0.336844870713364 -0.460119392186358 0.190833791050734 1 5715.05749855364
"1" 3.00999669465471 2.59914202293149 2.45362635427635 3.96602565551599 4.97598035505772 9.99619566748355 -0.0313963702010353 -0.529986214627529 -0.283774600801286 -0.0649754558793962 0.197126880309671 -0.597585646419651 0.341116839234135 0.355323108001671 -0.446825131632891 0.176342337274811 1 5957.50000546175
"1" 2.99676593039174 2.59292734740296 2.5514809981037 3.9956409652947 5.0184687113555 10.0215304450274 -0.0283977579669988 -0.52762331095722 -0.397601039952433 -0.167907996400696 0.199209784233012 -0.590332146416115 0.348560449631023 0.349871425538003 -0.452364881602056 0.17419043795065 1 5500.63357292249
"1" 3.01517348450714 2.58294250580224 2.50255128221106 3.95764217580907 5.04320373711375 10.0261426889686 -0.0212466463586588 -0.523684478127997 -0.378410673494199 -0.121507222657627 0.180871672779024 -0.589712798148141 0.348386146235267 0.348567881248327 -0.452683247944374 0.194248937901581 1 5651.98686018294
"1" 3.05290793547223 2.55045889245311 2.56047438951288 4.05746183271399 5.0595540806718 9.96559975475409 -0.0439378447224941 -0.541931872799696 -0.424970296293521 -0.0749072571645257 0.231032530689907 -0.617083863704111 0.309819936147344 0.373641625845937 -0.422365522961471 0.15444224005407 1 5765.83507578692
"1" 2.98983335184529 2.62572209709422 2.53117545774769 4.07389629954596 4.9813474408321 9.96661559170808 -0.0670934648643964 -0.548524092029112 -0.344475924272731 -0.0967671918390093 0.242371513222682 -0.570476384774354 0.345455948801928 0.328294934246508 -0.445444414617908 0.175050664629602 1 5952.204974185
"1" 2.99289622812615 2.60655187245214 2.58901108767238 3.98645398322913 4.96832243850145 9.985582206856 -0.0455565445436328 -0.539675039976068 -0.363944689192238 -0.0823462997301687 0.225599969244528 -0.591896159163796 0.335124860105087 0.35241366178899 -0.44156704530502 0.16404646910356 1 5727.98277111246
"1" 2.98318594885147 2.61618802222886 2.54601891391207 3.98238780620795 5.05544490843619 9.99083622536734 -0.0389966858906348 -0.535230512893868 -0.430441513068996 -0.0714822669280061 0.213345436981985 -0.595317251433228 0.333086565069865 0.354299019498304 -0.44222474868941 0.173539795188805 1 5696.40304623936
"1" 3.02227098162025 2.57247492524344 2.47366841271444 3.99152477376743 5.05688164037621 10.0019387602607 -0.0336985920827189 -0.532397383185081 -0.402261731409595 -0.103104280514032 0.20370940076454 -0.591864675332281 0.337163640746527 0.34811848841431 -0.443518070675192 0.187387289988533 1 5631.58748769255
"1" 3.01305612957893 2.57791575694215 2.44906565638848 3.97493075931967 4.9214868442364 10.0042560877851 -0.0404709504289608 -0.535371097473345 -0.238427778738456 -0.0859952165029704 0.213995482563112 -0.58257101079395 0.344804073200884 0.340658026836329 -0.448940754153327 0.180342917709828 1 5632.20102499467
"1" 3.02230612059329 2.57146946271733 2.53471541380822 3.96402767665468 5.00801257483941 10.0322543747619 -0.0253374095208523 -0.525070157677932 -0.375574151037491 -0.145675846271779 0.186568827824858 -0.577562852062812 0.359824224104566 0.335980811031395 -0.460574989228478 0.193461846176637 1 5559.84081985532
"1" 3.04079069882205 2.63043037671726 2.53073569017047 3.99624254787051 4.91438168113788 9.98859136846294 -0.13075752927131 -0.601803020476473 -0.414710076673424 -0.129570881096992 0.451233615381538 -0.554629893528819 0.297262718402173 0.371752545726841 -0.459191798497928 -0.0892062296708777 1 5913.6386022303
"1" 2.84859435992747 2.44713395156349 2.45808998809612 4.08204490897602 4.9139595576148 9.75493923128412 -0.0444264764423758 -0.336750187504724 -0.312180848713742 -0.114205907973384 0.507152077910095 -0.574564442422763 0.269294769594254 0.429889201505352 -0.571627220928152 -0.406918453607144 1 5654.73653061748
"1" 2.96024332533893 2.64779344308946 2.58780759166834 4.08017337079578 5.01252782346328 9.98879202097538 -0.051111194823104 -0.541258563119283 -0.403458255985313 -0.170278477482318 0.226361811490274 -0.594148832204302 0.325257351561231 0.352190581119195 -0.433894237597582 0.176848074622143 1 5795.11108766322
"1" 3.02872212299024 2.57988050400388 2.47644079547159 3.98497037974744 4.99852678475105 9.99019959325945 -0.0342820424683425 -0.53251826143022 -0.336556076609865 -0.0815460551634457 0.206085297889744 -0.601663770773241 0.338968744974803 0.358542962342319 -0.445234368016905 0.163882565422709 1 5908.03960789903
"1" 3.03133780925765 2.58232337471955 2.59488666125636 3.96145543191241 5.11793376599476 10.0796889553726 -0.0869417077689628 -0.57303463104628 -0.400443449865329 -0.255359971677332 0.366866519185202 -0.65532569464379 0.201531665890109 0.434816575592983 -0.357607370967157 0.0287544909017428 1 5738.09764161047
"1" 3.07521292519496 2.53025592782239 2.56146937517889 3.97007933127453 5.04289944960497 9.98555164646318 -0.0528639105669654 -0.544508750278325 -0.407528207370701 -0.0420774272680858 0.234620389033742 -0.594397965504047 0.3251926691363 0.352586532824875 -0.43651546810846 0.16551758346878 1 5832.31276187925
