"1" 2.58191397571665 2.67920446033883 3.22776370547648 4.21285423140621 7.8441781536007 10.3306428192488 1.96877269298084 1.34383569072291 -3.99331365509174 1 5417.04813498889
"1" 2.49360167583698 2.0416873911848 2.19669430379764 3.02488064990733 4.41268562085088 7.64454633610788 -1.09392508021142 -1.72413086087424 7.60355185402833 1 5704.08336685389
"1" 3.60621502975146 3.2569995490998 2.10455104761384 3.04805464428888 4.25430081712755 7.57112419146426 -1.57049036410648 -2.08068850865971 -6.43216286111148 1 5834.58161020547
"1" 22.5460346257977 22.1670664096154 2.06751311652522 2.85467078904589 4.19675351983315 7.19914088259955 -1.97621312244764 -15.2916217134232 -7.60151663078644 1 5974.2351449915
"1" 1.27732301685831 1.27371559802229 3.60686961660914 4.52543878656558 8.52809591168713 10.7396368328845 1.93016932576739 1.17892949952429 -11.4559237198409 1 5378.26408385468
"1" 4.45978284754804 4.16784279684226 1.99906746073776 3.43558295872992 3.87708619353565 8.79874979377735 -3.29385319613941 -0.909158891456332 -4.2884997199482 0 5861.50923563927
"1" 3.6103555634648 3.48585419277572 3.11719561794198 4.39800489573379 7.17486181695835 10.0943233950729 1.66100001090507 0.569843410940931 -4.19872958296653 1 5712.98295316615
"1" 3.2697523446552 2.91599964492014 1.88574208705187 2.89370861636899 3.82148908234357 7.2759073547577 -9.23394258904378 -6.95292144476052 7.93098674695822 1 5808.44330992324
"1" 3.51453288834099 3.37079490949964 2.99517971162476 4.22805125862949 7.26931977453211 10.1829293258805 1.66959566058893 0.941622979312145 -4.62422029867718 1 5612.1855091393
"1" 4.88505577476477 4.42124101462386 2.46015450752706 3.90483377513891 4.90561735125658 9.79242238159892 -0.47894625965922 -0.17654816739128 -0.293118065023913 0 5892.39037501197
"1" 4.07066412575208 3.61681943416818 1.99054585335931 3.6356263663166 4.1299105033141 9.05365495831164 -2.68697771819032 -0.203561094286794 0.369621751123348 0 5883.78478009297
"1" 2.28213438743885 2.2243400816929 3.17358962635124 4.21561342387668 7.39007252120057 9.88590927224222 1.86966602595576 1.00660799232895 -4.13020467455869 1 5396.89516280019
"1" 3.84890217470792 4.02973148541556 3.56890056887976 4.67285754305974 8.34393388081748 10.8663275682652 1.9371627889622 0.909129829493706 -6.93805012371723 1 5518.35400648928
"1" 3.25235656364945 2.94177286492672 2.357549441806 3.6338887351128 4.60909838682159 9.14789185500822 -0.698423111495576 -0.339584523572128 -0.419454195156955 0 5828.60422933555
"1" 1.73025730825151 2.19893684140674 3.64467943279074 3.68707221166803 9.18611738772239 9.29231136225115 2.00277325600762 1.05356928741864 -5.3133258059504 1 5371.55595908196
"1" 13.5618963308702 13.0736343003902 2.18430672064239 3.12994253297054 4.37855284670346 8.14046308376389 -1.55487499254692 -1.04472104224618 8.35098121373462 1 5989.55822408139
"1" 2.0134375425542 1.50634600244321 2.41572197077069 2.97683825206874 4.62006083648186 7.29053186321938 -0.784647388411249 -2.80306706389434 7.01851118138849 1 5548.45368249352
"1" 2.59347316462261 2.14798817510879 2.06105866440803 3.30031234179111 4.067125254383 8.05208384474322 -1.70447963155179 -1.30612743410856 6.78690373283805 0 5718.19416096236
"1" 3.05445792509016 2.70457392951086 2.1666118098243 3.33480188477231 4.27898551451821 8.30836941010724 -1.13323440383173 -1.24164035259653 6.68452422382089 0 5793.75193611153
"1" 1.96089492722954 2.32086843375299 3.51819418699614 4.39315564262519 7.86772768473647 9.79606277546521 2.09922080035089 0.966689175619935 -3.70291667064358 1 5295.97459375965
"1" 1.77614251585576 1.53863298590283 2.32916118028185 3.47203890439653 4.55997663292035 8.65994076018198 -1.48150664589154 -0.990012013021996 -0.603772691674757 0 5440.71980606647
"1" 3.01985005971337 2.87266963903172 3.44948575995395 4.26513620429742 7.80696269404954 9.5518909193828 1.55056880342186 1.44149795586055 -2.93699930710204 1 5466.6788971697
"1" 2.74944109781149 2.32439817482212 2.38203316456058 3.20721831166168 4.75100556307629 7.9521007186011 -0.742248234400557 -1.3059252883832 0.275847054070684 0 5736.71073257372
"1" 15.0986137781327 14.6146545321717 2.06188383905763 4.06234504633251 4.1398480923955 10.4310758081602 -2.07193352495604 0.0497588248759364 0.264999022563106 0 5927.81162894428
"1" 7.71808379401455 8.08425943763813 3.83746171797934 4.49531185664687 9.06682096254607 10.6712646820472 2.00349805232311 1.10187272634273 -5.73477152957644 1 5507.03422228773
"1" 4.75547828815413 4.64309194873019 3.19257760235961 4.68827191049301 7.25951453368942 10.6285105883093 1.86275270552322 0.684302337691673 -9.83262359281746 1 5731.30667902647
"1" 2.80615281696837 3.11467888250159 3.27829586268835 4.60824164692975 7.63985993584248 10.7234488724361 1.95178075613631 0.823742691284612 -6.45448032566639 1 5474.07270119795
"1" 5.96229029352568 6.10319942160795 3.04893078308051 4.16937932401182 7.15743263083799 9.7744116294924 1.88628114381812 0.92510364179838 -6.50770152865066 1 5778.37277403308
"1" 2.45492213069623 2.61962517121167 3.3337841473319 4.04043171444516 7.80298111831056 9.4463173568266 1.9064625594388 1.15513575027942 -5.04284630470703 1 5359.48905884129
"1" 5.22671261639596 5.76261173430793 3.39842868901685 3.53799051504502 8.53457002894823 8.8543917420168 2.18114129484251 1.37242604320811 -6.27349281335052 1 5711.49764988812
"1" 6.02369555681284 6.03704822581526 3.445962539049 4.92027115558223 7.94536739622541 11.330427890739 1.77118414832396 0.885045840722859 -9.07840010599507 1 5531.5465888856
"1" 1.82486490745102 1.46480829737823 2.31958505003523 2.9269687231818 4.55525613779391 7.2779507402782 -1.10713678543632 -1.99114804800788 6.81511842021661 0 5506.59932346288
"1" 2.12140680985328 1.75591431007585 2.31239283823376 3.70997472985414 4.58787408481726 9.1447101260789 -0.848253247065229 -0.448285943887768 0.240216397600347 0 5602.59034728851
"1" 3.96659683187761 3.55414723204979 1.92004034533726 3.64169724258229 3.88361034466414 9.19591767586968 -2.95269902216113 -0.476340498503548 0.679404669582511 0 5870.02106657463
"1" 2.62555836766599 2.24473517555289 2.04933243583148 3.06632798024032 4.16767650494595 7.82547162235337 -1.66292557938429 -2.18525437158218 6.00280449502589 0 5713.91925743602
"1" 1.94088801411221 2.03221145068549 3.21694803902373 4.43470309829872 7.59878795143083 10.4599994460358 2.0592386801218 1.11921367811826 -4.70381640821571 1 5298.39996227281
"1" 12.2927635518001 12.0501130039216 2.10374337821982 3.14684410296753 4.23085674328208 7.91978636095026 -1.36171163023909 -1.2740927379125 7.25382596404428 1 5993.60348526929
"1" 2.66610948277522 2.07358328000136 2.10501935134985 3.91453208980634 4.34654365663217 9.55599782878303 -1.13717405824543 -0.311292596833385 7.30092124531885 1 5730.09149542901
"1" 3.46032131745573 3.11762624287279 2.0574923486567 3.87598664540896 4.07296002418973 9.88230508277248 -2.42108834073858 -0.259677028534039 6.67208407682476 0 5805.24605036118
"1" 2.80863784552056 2.43849387044907 2.61593627495462 4.06380354551114 5.10272706422602 10.111595077492 -0.378841320418397 -0.0984065992052797 -8.70673857277012 1 5707.27439447208
"1" 3.36137238298706 2.93746228419055 2.17175230280965 3.64975497672767 4.20117381681731 9.38637770024351 -1.53317839631468 -0.360336718109308 6.95558015961126 0 5814.94295950919
"1" 5.40625110456676 5.65011650120217 3.40526636352138 3.68395842509466 8.26467014743594 8.912716526045 1.71161865198888 0.890626719880118 -3.26267096895449 1 5878.72224364273
"1" 4.89272123121296 4.45554453912377 3.15138879395691 5.32472478789174 7.35006262710365 12.3794594523835 1.45308844205396 1.22634888231932 -7.50115091411609 1 5590.32684169078
"1" 2.24235948777765 2.30219801649123 3.33978395062596 4.06393866679728 7.69457817497403 9.40214662763561 1.99839797445157 1.1776892896408 -3.68246307864895 1 5425.57468696663
"1" 3.12735337746132 3.0379793435059 3.27079550814819 4.67069361871135 7.34222656510412 10.6696804204782 1.68307560774547 0.68264862100347 -4.484992447834 1 5626.26437491634
"1" 3.99724992751734 3.51587272837685 2.07132905874338 3.90390913509586 4.18851314446568 9.49389717359795 -1.43678485110315 -0.193341626064413 0.620651961553614 0 5886.51964928373
"1" 5.61868285977862 5.15340257957655 2.15608160109704 3.84465518698814 4.28717819160612 9.39227458053427 -1.22050960372352 -0.35143739424274 -0.0342063442034926 0 5910.53435798625
"1" 2.85081289880127 2.80240606421312 3.20405652627488 4.95810207971031 7.65942672093764 11.7233792104895 1.85708953676205 1.12632698244811 -3.11934847045153 1 5434.17502212451
"1" 8.64520904447731 8.69310543252751 3.63488082661783 4.45656879828791 8.29191385712065 10.1829702594772 2.04192432076487 1.13056117050015 -4.24026401629602 1 5784.03870087642
"1" 5.49883915562737 5.80676124916715 3.78843405241811 3.96249593745421 8.57005834750416 8.96367833409723 1.78208749419099 1.04933018601301 -3.20843093174676 1 5549.67284973912
"1" 3.01537916221269 2.6395339445949 2.0112915563148 3.53918664272754 3.89885212160521 8.76002157486264 -4.65735289612775 -0.621274299132111 0.260705414375935 0 5772.2931717602
"1" 3.45712797793478 3.03831847422659 2.20508649113872 3.40907967996017 4.42444988582633 8.52425367893698 -1.04550297892715 -1.14722615620126 7.01140311963417 0 5821.81629421046
"1" 3.02238213937479 2.63254643468563 1.92077667216561 4.06240250972993 4.04862559814887 10.0062950341079 -3.41657938254969 -0.192361579104842 6.38503388763092 0 5760.22624111503
"1" 4.00418213596272 4.47201063384924 3.74907898358988 4.0844127008775 8.84284530000891 9.67638247925254 1.98605712010637 1.30286659814707 -5.42925249954966 1 5538.40892182115
"1" 4.75736166466602 5.15351087200426 3.91848341204341 4.08829613210053 9.33212793934398 9.60335848495571 2.12762102792999 1.46684626819138 -7.14320108915375 1 5623.61488127788
"1" 1.8039027074304 2.03949523832906 3.50775533268707 4.22689082789649 8.53901975916062 10.1441876933418 2.0914702386518 1.27860923050995 -4.58350069933489 1 5224.64993866408
"1" 15.6099667942612 15.2421451527153 2.14959113061659 3.6125655000278 4.33020160577099 9.13892095268717 -1.05081526451914 -0.594758872210202 1.11332251046812 0 5944.41662821058
"1" 12.580086335539 12.1934653656703 2.51733475555268 3.54736086512294 5.04214135442486 8.95358639274279 -0.271018702143108 -0.563280703234206 -1.64955435088797 0 5941.60406194046
"1" 3.11466482253541 3.12821121913849 3.2897348342189 4.52472963149937 7.71547934700523 10.6455863733461 2.0548011937178 1.15209091220746 -3.88416525850445 1 5496.16538826708
"1" 2.24031619998818 1.93534864064482 2.32245398356116 3.580320475471 4.71008563585715 8.90739269725974 -1.07552980591168 -0.453525599826066 0.152957996542893 0 5626.29814891058
"1" 2.42391945376933 1.98127824557893 2.10415721734143 3.41142584797089 4.09621818467411 8.52024965265946 -2.01852609169332 -0.766810473449671 6.71970375615209 0 5672.54573805119
"1" 4.19359298094168 3.74516055871131 2.39108072740085 3.70238277043518 4.61346772628841 9.4423949824134 -0.77606439472836 -0.501515416752566 0.153199140723967 0 5857.70969604826
"1" 2.54353764435898 2.6749580545379 3.33345612272924 3.98438490348905 8.14885833389346 9.76747448890633 1.82921783734412 1.20911046702685 -9.90936388725196 1 5378.10120265811
"1" 1.42710498153895 1.62153040901003 3.39471696030676 4.07191143540676 8.29053126335136 9.94117009459588 2.0318939033747 1.29550533698013 -2.22348728112057 1 4996.22361234365
"1" 2.70680081267677 2.31292525122181 2.0776251874446 3.79396790118445 4.15011182193252 9.50255516103473 -2.39510552721616 -0.260095991994137 6.61047036165795 0 5720.26230215675
"1" 2.26770863296913 1.76619438188075 2.14572579026846 3.56675413914989 4.24328728041864 8.82622528291289 -1.82856767175514 -0.44511422728294 0.104579706811432 0 5627.11874632338
"1" 4.70685782411486 4.28568356789454 2.05328148684329 3.31396367539994 4.17401598407941 8.45202369364237 -1.697305845171 -1.25225493095097 0.186860615421865 0 5878.05722078857
"1" 1.46442163792799 1.62318884165347 3.365069807077 4.66282783558558 7.93220348391507 10.99855863985 2.1382800035078 0.77422831087459 -6.70824020260043 1 5373.3137876849
"1" 2.14926938043317 2.35188915399971 3.30217301461613 4.7362048505241 7.83975565795939 11.1349045976538 2.02167259017981 0.9571482007716 -6.29949854145384 1 5384.23509077297
"1" 1.33931008806061 0.779345468350608 3.0896513570708 4.82486452527321 7.37371055174154 11.4343293343284 1.6922529289093 1.62684018222442 -5.74704810667425 1 5379.49617543229
"1" 17.1337912793195 16.6648421227893 2.34266000688922 3.66675730391024 4.6867866054196 9.26744258430856 -1.10597856268995 -0.395973926967839 -0.39720212402285 0 6011.1548305202
"1" 3.53131781878523 3.76042521450326 3.22972022524584 4.20234554064606 7.78915530409871 9.98462445089551 1.91819419354095 1.01765959986716 -6.14906976908434 1 5628.38666852519
"1" 5.23849874661583 4.80633855647248 2.56028177279876 4.11373975917149 5.07104437158289 9.98827819423464 -0.296432632163459 -0.152272550932335 -0.599165260279484 0 5873.68517263206
"1" 4.24460351663635 3.89909345037118 2.23446238193926 3.61004759094554 4.32497508048256 8.93277692692361 -1.12255772479485 -0.704565680877548 -0.688226121516866 0 5862.46296656986
"1" 14.4328500691677 13.970549698488 3.29873724786543 5.22496925758631 7.57921933568099 12.7193849933834 1.6079438361872 1.1576752700114 -10.5261433898566 1 5982.41967497124
"1" 3.76352299035242 3.76086164094437 3.03660800287782 4.66528671614994 7.12922108655068 11.1325666362105 1.90835839552012 0.859572847459918 -4.88515609430996 1 5586.9492172728
"1" 4.61974582091429 4.15995593450105 2.004573839956 3.36693044131315 4.24213426458395 8.90116861644644 -2.03772577441455 -0.842984100848593 0.996460173261072 0 5871.79726496568
"1" 2.94093368074965 2.48202254297591 1.98195869216054 4.08607956424063 4.05012651230495 10.2368239973161 -2.55983491364825 -0.222460996792518 6.908581447949 0 5740.61153328885
"1" 2.73750338338166 2.25513951200757 2.22461209862771 3.76445067868383 4.39838157377658 9.26201279452658 -0.791631187477797 -0.371720703453759 -0.34817984291558 0 5760.54906845731
"1" 1.33924769798245 1.35108683930686 3.61064931325155 5.04047477871838 8.15622090736123 11.3344369815389 2.01629416392968 1.06540180734696 -6.30420207414377 1 5291.8048560082
"1" 1.73608318174921 1.83356648994656 3.29849944093521 4.28952728475484 7.82048320857251 10.1461944339036 1.93342699348163 1.23404289406884 -3.55314280440528 1 5261.01128230484
"1" 3.54709787908489 3.06252151202118 2.07261285389895 4.02188514318872 4.01509806945289 10.1729089645793 -1.79186968667484 -0.201466298844302 7.22119140995312 1 5823.58265099667
"1" 11.4888914379197 10.9663089423255 2.31427744041706 3.52753614548496 4.4337958505623 9.13623236981941 -1.1455719943079 -0.614750041535097 7.6185714314241 1 5940.33733905962
"1" 2.57576978091238 2.1952307757324 2.22184448931809 3.19972500191264 4.45118193398422 8.05721205331657 -1.17115182449234 -0.672251162213898 7.41168558810053 0 5747.3589089445
"1" 2.28394318086227 1.88156674388296 2.2406194059136 3.75599373008316 4.46879591827999 9.45241030253265 -1.5457443089913 -0.150230274470851 7.63011664369307 1 5631.69704015182
"1" 3.5345798822775 3.51374976888759 3.2485364992367 4.31460511490126 7.72270420651767 10.2345578477315 1.90240948319208 1.2367244363114 -3.64686915046918 1 5496.76589056824
"1" 2.17549483165511 1.88656625903128 2.17170980014891 3.57807220922306 4.34036496271373 9.03617961033891 -1.0778142014891 -0.389388248972646 7.35736949277308 1 5650.55221792171
"1" 2.868894454682 2.38072945900918 2.10313466257623 3.55571192581866 4.17651638616549 8.8416153379447 -1.66468087580289 -0.934710041596685 6.83386875988824 0 5736.6196397667
"1" 13.6523862490307 13.2062416506087 1.96374832950609 3.21659117103468 3.92664635969171 7.95649874157866 -4.196722934762 -1.08922938811129 6.49734530923638 0 5932.3159359924
"1" 2.3463900102219 1.99430774327927 2.10320454043284 3.23406977345987 4.15726541861498 8.03953669656299 -2.22924263035197 -1.79397340633398 -6.50440397877866 0 5625.70207397952
"1" 4.85193498937844 4.41240547663586 2.19495776369055 3.41389706177407 4.30639552204319 8.40713127117343 -1.18551224736837 -1.12558898772059 -0.163927756399216 0 5888.30754857398
"1" 2.29821843806209 2.2491196724492 3.24045620975451 4.11473525621165 7.39766761647381 9.62921093696627 1.82582778517479 0.822434203078081 -4.15024466968455 1 5541.5341779671
"1" 2.36339045508668 1.90953804606712 1.99375756421273 3.72574216813376 3.90785800971908 9.40805009953182 -2.34019745488422 -0.471203491471348 6.86069366096161 0 5657.17537265309
"1" 3.79246487961492 4.15759762695785 3.70229433597059 4.08725427140273 8.75166235800499 9.58306154454004 1.95519494548169 1.17774763575039 -5.15203456881024 1 5421.69322578189
"1" 10.5252601478267 10.0547670231987 1.9655529521089 3.25001556470736 3.84597049396084 8.331250762693 -2.006555372474 -1.19004563634374 7.77654972619589 1 5944.15626210741
