"1" 1.95491393769885 1.52583222139217 2.95515659869602 4.98113189364941 7.26139809283708 12.1225825723143 1.40967873639708 1.16169671133893 -4.09348979339376 1 2717.8942226286
"1" 2.16958362671032 1.78340256492408 2.88632661491099 3.80625464382991 5.57731019809309 9.55511367389934 -0.167359205209704 -0.160432638982867 0.224242565950581 0 2794.42572001222
"1" 3.13091945161943 2.7153506672457 2.2492321179795 3.901768353173 4.62194910792935 10.3190808724756 -0.757176264560089 -0.207371692000574 0.471921264542139 0 2897.34490947495
"1" 2.09042712332777 1.59462922336135 2.36424035794247 3.1763563145661 4.70682349837954 8.1384741068166 -1.01930293078694 -2.00935950265953 7.12373469030329 1 2765.41626640863
"1" 3.39086174279353 2.97598789778544 2.33939201703632 3.8575167313423 4.97957996549348 9.98837245697786 -0.627790944711324 -0.272490217862244 7.48077545968394 1 2908.32712173027
"1" 3.98158193665478 3.62385207705321 2.30253789928046 4.37151880827504 4.56637753827074 10.8424192350988 -0.582993295542397 -0.0668292039753831 0.800625293534975 0 2930.29805104729
"1" 3.79392611855809 4.01744945203379 3.64498724949419 4.7292581219898 8.42574268844264 10.8918573653082 1.64610506774755 0.657306029998137 -3.47372096619127 1 2870.17950956379
"1" 4.89032940027483 4.38262657712704 1.95797804991476 3.53653176342611 4.18755994467046 8.93564854167539 -1.53115738576064 -0.618688921587864 7.23837182262111 0 2957.51281804404
"1" 2.09806045294301 2.14130232197101 3.57461018485716 4.58976070175294 8.00332130337488 10.1739685357554 1.6160086905896 1.04717784355275 -3.41098984589698 1 2696.05154033038
"1" 3.45861030021372 3.4159438306038 3.26233750583499 4.50036366712457 7.51606238793205 10.2727665360526 1.43978489294875 0.743877876007871 -2.51195125683833 1 2869.61010525294
"1" 2.91795012596903 2.57646111183739 2.26734031938193 4.04019564090901 4.5235535911182 10.142383248896 -0.763922928414862 -0.0768085437345412 0.286165625936602 0 2889.58146247954
"1" 2.23206437913749 1.88943413915566 2.52186984077417 3.35968274424401 5.17570091235789 8.44378999527576 -0.226878064488329 -1.59928464019885 -0.22504754983192 0 2804.95208544068
"1" 3.30446406862214 2.96960185549381 2.43798187465576 3.19007658191903 4.71371199631928 7.88893892108936 -0.992953580332542 -0.889408105652051 0.488047224421709 0 2908.1926592151
"1" 3.40027227734969 3.34857270758054 3.31795055272245 4.85096126333999 7.86386072067632 11.4629399536494 1.43338423161117 0.765144341660813 -1.96249865265024 1 2855.33869515506
"1" 3.32334117757116 2.9313386050886 2.06244169053849 3.23719125158844 3.96528175704337 8.14197648204122 -1.62170360905379 -0.742130793671614 -0.203048000063012 0 2933.40558114198
"1" 3.94624633655848 3.49344451698765 2.50479074437895 3.73682893882859 5.1378067020919 9.6271161330477 -0.253966578174673 -0.270175239810063 0.143048878614329 0 2941.2158081608
"1" 3.14310530663593 3.02686146962786 3.17543868439994 4.57513580705096 7.40053432577745 10.7077665973035 1.62805042456748 0.895819420522631 -2.64468861114737 1 2867.97759060322
"1" 5.75264449021631 5.44122785313738 2.74150720734448 3.59826272748556 5.42241984546013 9.01289491974982 -0.140945449382242 -0.708283317492734 -0.379639202753148 0 2936.23658495054
"1" 2.63613514655758 2.1766073570724 1.99111316985635 3.59472415667331 3.90339099450006 8.94859529187311 -1.68212795583139 -0.0997990115101961 0.321419131383045 0 2899.28224901439
"1" 2.64312452102313 2.14345687000138 2.4477133921141 4.02332688716017 5.0045397108409 10.3983211891486 -0.560636764236231 -0.261926446606939 0.758252179445961 0 2838.36492454885
"1" 16.6049411692695 16.1188611606083 2.64799733262058 3.78147176219727 5.56075198934068 9.121776971628 -0.178167011411278 -0.482328074091867 -0.350199311881865 0 2993.90706700915
"1" 2.66768952766826 2.69457448921568 3.12175380954326 4.36666087549269 7.22026987744751 10.0394277232701 1.6411319179822 0.728436813471552 -4.21727353317361 1 2812.60655846111
"1" 15.1823915489472 14.7234172834803 2.59968127126722 4.30480400212827 5.0085393163679 10.3759056486807 -0.142486436686473 -0.0618567952816241 -0.0914699369585322 0 2967.37946870738
"1" 2.27874082437148 1.78304727746597 2.14275240771291 4.17010008395565 4.41402444280343 10.1190642613007 -0.833867328842714 -0.0515308552005722 1.1493820209769 0 2831.31740524982
"1" 1.62242985629259 1.17027959672754 2.20730900454385 3.5951601904528 4.70315682002834 9.18064745994709 -0.911787582347545 -0.452018918686383 0.529572279274506 0 2705.55008105513
"1" 2.41499435668772 1.94568921414378 2.46898846422541 3.9459708528116 4.85973298709867 10.2232530723849 -0.318223893451765 -0.0448019897452969 7.55686708786352 0 2849.19250766484
"1" 5.04843268516508 5.08449213587841 3.36772684940151 5.02092845089246 7.73809161903173 11.5230851216106 1.64447009771389 0.802623888600169 -9.65831717886189 1 2845.20841805412
"1" 2.41479845061762 2.10624921128947 2.77745675150926 3.69970640659547 5.57712543984519 9.04740372260125 -0.0591791132243694 -0.161815614655119 -0.251666736840588 0 2845.02642546683
"1" 2.04281927460101 1.85693323937604 2.54170991406879 3.9897833273559 4.96447595635489 10.1927538025836 -0.427843121165997 -0.144247803230525 0.825992214402245 0 2791.47609643962
"1" 2.64138733582668 2.71149255706752 3.44105438991222 5.00391572090004 7.77205345499656 11.1651589963775 1.56035686892768 0.584307739800497 -2.51475528895029 1 2769.68732981654
"1" 6.66030635665644 6.55058321521508 3.63450713160533 4.92436905267042 8.39694090101675 11.2735639733243 1.31070120536679 0.919393888171662 -1.22360085953317 1 2882.30879815576
"1" 2.9882488614806 2.62263444878399 2.42665195755158 4.07990928608707 4.7491172728149 10.190218267634 -0.835832533965875 0.171576918782092 -0.408546633249302 0 2887.54131353048
"1" 10.2140145296399 9.78079596818554 2.71213131920302 3.65279014538342 5.26928193717259 8.89642243509609 -0.0552998605697281 -0.540134357288839 -8.23133620128883 1 2959.88010951851
"1" 15.3686913687417 15.0774831984655 1.9437707470218 3.65343729494583 3.84853296496099 9.56189555746917 -9.76074427878915 -0.358843937812026 -3.23049271274823 0 2984.86115410823
"1" 5.85046244139496 5.41636966569942 2.66407117348615 3.793892699387 5.41548405524017 9.37412122062925 -0.021842731039653 -0.440911135516422 0.498447619732924 0 2962.5714745408
"1" 2.20063259097446 1.7919598080574 2.38022073838859 3.74127278617011 4.74221586715391 9.60238407398223 -1.36025708984523 -0.349678490258655 -0.150422985158529 0 2783.11618442012
"1" 17.1493137834969 16.787100306826 2.27704323027377 4.04977896015474 4.59905902523242 10.1213961755659 -1.38901157603437 -0.536593085889192 0.582833176833128 0 2946.63947194175
"1" 1.79936099348821 1.48209868066122 3.3493355509899 4.16093356870605 7.52480367330043 9.56297945076061 1.47740331136329 0.376533689173774 -2.97954426524108 1 2776.43347853982
"1" 2.0203636143394 1.67579441555541 2.40574007245692 4.14251442742391 4.98946999230069 10.4395294010851 -0.267083752371074 -0.0364822552900896 -7.25017978198749 0 2775.09916130144
"1" 2.40707802239256 2.01992896634667 2.30458687284006 3.55977339822703 4.8955426742799 9.19036737057142 -0.827753968857567 -0.45926497578668 0.683580687209129 0 2840.46554287674
"1" 4.58914847121348 4.21028748122504 1.93437383937528 3.69066183502995 3.96501393020948 9.25675345221562 -2.19600553192444 -0.276030856241873 7.38927699801769 0 2960.14163074218
"1" 3.60580246260912 3.1529456631363 2.18174228036787 4.40112350680492 4.41476452289467 10.8088691781395 -1.17245088682906 -0.00941131547729071 0.771333667108714 0 2904.63168304404
"1" 2.26969561895126 1.8739573403268 2.67125480278929 4.20068623252423 5.26550378783843 10.5946132677604 -0.2956106864513 -0.178536470014877 0.0768945208966761 0 2794.87340512518
"1" 3.40878215763343 3.06014297266569 2.40638665818667 3.92996610420239 4.79379966713667 9.77286315147653 -0.96345938945606 -0.168201045156936 0.477266668409108 0 2896.33164528359
"1" 15.5632024128216 15.2630360144195 2.28525047196529 4.03897653087103 4.4539447380036 9.97732656009464 -0.767021876582691 -0.119895492866195 0.0275175687191519 0 2977.32586359798
"1" 2.7993374709044 2.42757442222175 2.22140103760377 3.51958570179465 4.23362793810719 8.97132916746714 -1.61912822126449 -0.167842394523739 0.573863231438526 0 2889.69841516779
"1" 1.92235438118172 1.63734609703866 3.5661701436099 4.5526706856432 8.07086068292503 10.504379109201 1.36624142897021 0.685678770457947 -4.43530554336165 1 2735.33394936286
"1" 15.3489460259967 14.9225072249001 1.88876163857781 3.93695771157121 3.7548063670763 9.36018476603881 -5.49374486204416 -0.594734880747136 -8.60064694401535 1 3006.52147069519
"1" 5.85223190641722 5.5497010689071 2.60698791427257 3.95500031553825 5.06673839509965 10.1678723461557 -0.485318979325461 0.0883501293762157 -0.383872384571263 0 2947.46390223664
"1" 2.13326648028232 1.67185985430686 2.24468657853498 3.37369660708033 4.51793182487415 8.4536612361189 -0.645587150933149 -1.09732576169581 0.343370814773248 0 2807.88366458053
"1" 15.9953430196683 15.6625684104933 2.04007794321445 3.05968572400095 3.98834845174949 7.67440111461836 -3.91662768377484 -1.55546592328541 -7.14488361327275 1 2982.69600821556
"1" 3.04091177703052 2.6629562766458 2.09606190243018 3.07264122866415 4.14529200948862 7.69900419841147 -1.4958012879679 -1.84032451539712 -0.730050824979235 0 2897.3098236715
"1" 13.6874844616824 13.3994138328115 1.99725038066746 3.40051610471461 4.09700961853115 8.38026352451724 -1.6325978800365 -0.793898911268867 7.51422703051204 1 3097.06902482451
"1" 17.5752286529192 17.131651725372 2.60508079384523 4.37371882987763 5.5626341658389 10.6967769605977 -0.170780450188182 0.111296671469448 0.189757839686129 0 3034.90608211576
"1" 2.41564032302187 2.0322016176161 2.10159413923383 2.92420834060797 4.15560293588135 7.46575762257852 -1.92787331153813 -1.63592913868333 7.23926684026837 0 2847.0913343548
"1" 2.2302878601442 1.81908465653254 2.18395084251198 3.5590445344465 4.19286424190847 9.23526458251139 -2.32050466190569 -0.506641069739534 6.51115705660391 0 2796.65603675186
"1" 2.0673669042474 1.53751221110296 2.07106863144611 3.81464647954282 4.3070885078528 9.7407010563473 -1.17804026537166 -0.152200428988747 0.318346031860536 0 2796.81729605566
"1" 1.76279025495921 1.33162066518265 1.83811208809936 3.94980960865059 3.85017057354789 9.73588242623388 -2.41619081746452 -0.280798122897394 6.97123176401971 0 2741.74095611954
"1" 2.74075398455038 2.41202683882078 2.01229060877685 4.25776362968457 4.02611270706167 10.7769223565797 -1.45637230366813 -0.133383956174143 0.113106345998025 0 2866.787829633
"1" 3.59786062332415 3.24958528883011 2.16561468889209 4.06777794237127 4.37128066887855 10.2769633902145 -0.803222623671884 -0.110843635188269 0.0499422136877779 0 2928.9400197097
"1" 2.35478585083013 1.96638554325431 2.26492726825764 3.93461112677632 4.60393225878277 9.47807206323666 -0.730815676777516 -0.564563205943994 6.9699797053342 0 2825.32420119701
"1" 1.65126795376946 1.30886026540842 2.27216997896296 2.81133482558607 4.63263416280819 7.33460866791097 -0.982437247933591 -5.95070566611607 -5.75999384945197 0 2713.20610118785
"1" 10.9218792501027 10.4931113930841 2.49318973307313 3.20636889609219 4.89079899447995 8.09762416038766 -0.549115183823264 -1.27942346578762 9.29812768221678 1 2966.1061422658
"1" 3.98804189174382 3.58084873888737 1.8065619278811 3.13454207855283 3.6981650380995 7.87616394837115 -7.44092347883433 -0.733329684867508 -4.77134077111377 0 2968.00765480273
"1" 1.85644444304239 1.36706151940765 2.55389904790681 3.3062237948852 5.08262938341039 8.67500355586338 -0.575496599631492 -1.7266166517944 7.93538584676009 0 2717.21950936954
"1" 16.8264287787027 16.4503663085209 2.24279197519715 3.91786457810302 4.30105784934604 10.3421146871874 -1.09503566411071 -0.333838313920152 0.222686860672909 0 2998.66694717599
"1" 2.70094375805434 2.29799548671408 2.11676871627604 4.41716977351513 4.21998750338893 11.0510334150177 -1.24561058108583 0.0665278783790907 0.848296346006247 0 2867.38524194455
"1" 2.5306082769988 2.18818670992643 1.98314455162149 3.21816387520623 3.85425060094917 8.26185608973377 -2.57509490749301 -1.2728481166833 -6.58304986633511 0 2853.02706441475
"1" 7.74408291085523 7.4151435787102 3.07170320724452 4.77452726369963 7.01023252575009 10.8167119046191 1.2221557621544 0.842089536856893 -2.87058135532974 1 2978.63480008913
"1" 16.9843258538103 16.7374309202232 2.22285668655389 3.70849770736428 4.51495942052308 9.36033224344554 -1.06050045333276 -0.532056778187309 0.442877339157124 0 3013.41111968397
"1" 3.51532363209699 3.06611702399917 2.52518125461158 4.14417585846502 5.06725754915941 10.6105727460387 -0.435144221765182 -0.132619791829254 5.97359250956082 0 2902.48915516927
"1" 16.5099644190645 16.2068960630416 2.37704020972636 4.18865154689634 4.64203667823517 10.2019607843752 -1.17982773240461 -0.113485887733478 0.070795449543524 0 2958.41059473788
"1" 3.42527312880756 3.64413102314826 3.65177851349951 4.33708318986717 8.39219171155983 9.87604888397247 1.63046245205478 0.880391080489308 -2.5116767429593 1 2847.85087604872
"1" 3.39390137807804 3.10788372054342 2.806586908852 3.75779978125723 5.47829360754925 9.3455811127568 -0.137945601175156 -0.495464808043695 -0.514178913278395 0 2885.259090272
"1" 12.5619294745908 12.1996250727387 2.04868709606304 3.9824816934313 4.09114255824445 9.82530459315545 -2.20647866108971 -0.716506491266693 7.72714316982919 1 2995.84475802689
"1" 3.17501496459859 3.03693841823748 2.89959850995049 4.6982943281027 7.08313451477498 11.3572162969486 1.40156120729696 0.429334661563394 -3.49425369189857 1 2874.42553614319
"1" 2.65313935489414 2.53138680813318 3.54287252543166 4.08824289000036 8.11862373776055 9.33138675821816 1.60497230063722 0.752974785951217 -2.07448931111678 1 2829.38493872041
"1" 17.4229135164858 16.979854680273 2.00392503143204 3.90316704857145 3.96698981989248 9.62544031224882 -3.49595296490113 -0.178118166433994 6.86152319317352 0 3072.4508059602
"1" 16.113994183662 15.6849101044766 2.63040871271367 4.00672609238414 5.18980709651476 10.276530213458 -0.227728287445421 -0.122455223093219 0.633487510313806 0 2982.20432939319
"1" 2.62955706181369 2.15029009863471 2.17229264776911 3.75755969515498 4.23287647687364 9.24990591990838 -1.59304803180765 -0.543522795054906 0.667385325348788 0 2846.79167919228
"1" 2.98760422132971 2.63108884461963 2.52625452651958 3.13303404994111 4.84590366461161 8.03980562857177 -0.824157507720552 -1.29149067123562 -7.06753929606631 0 2872.09136632874
"1" 1.65810227991364 1.48613615644996 2.29125632638326 3.63520500004594 4.57076251956841 8.62462691454683 -1.0293475603189 -1.34389181821344 6.76147608631337 0 2706.96933418472
"1" 2.07746906680527 2.14254320745611 3.3523356496375 4.43889140248454 7.88144103634381 10.4247245208094 1.55100244642591 0.533631014374305 -1.88048027410509 1 2761.94077226747
"1" 2.49415561301994 2.10534594836557 2.04962668071815 4.08647453297001 4.11069888125412 10.021975538053 -2.75825490264312 -0.185826563235285 -4.73060332348602 0 2830.77927029226
"1" 8.18485107082895 8.28327986295605 3.84729693106004 4.75941617722514 8.65390144802893 10.716380594327 1.61623744378088 0.995852214692504 -3.23103770672237 1 2888.17307042721
"1" 2.48510753829052 2.08459927763766 1.85902269567298 3.37492141882977 3.64984455241659 8.20008645894832 -2.24909275612816 -1.41720960932997 7.41687478228079 1 2856.1754454909
"1" 1.8066578429362 1.69913917373117 3.4555535551485 4.59229664849284 8.12405789110372 10.7303789866313 1.45264178058127 0.620364591717761 -2.5180516800776 1 2780.79218055664
"1" 2.66867115791194 2.24996468649356 2.95236402515888 3.45385130923426 5.77023779850757 8.68086091616839 -0.195115382480296 -0.598921910319873 -6.65728123485863 0 2827.80361205079
"1" 4.62667330157022 4.06336395101583 2.13543644179002 2.7873397520232 4.35009212526121 7.13345263896184 -2.13497144945775 -3.14655867309492 -9.05437000579185 1 2933.75593586988
"1" 17.0945951100539 16.6321850761076 2.08676929000331 3.67162001258264 4.26854239730277 9.0604590256988 -0.926921994797617 -0.391939267259293 0.417436385261523 0 3054.7745208438
"1" 2.90612417573177 2.55057149398263 3.29954585154725 4.5932645965278 7.45674717687873 10.6154474072611 1.14718121999278 0.286188771809831 -1.62489400556383 1 2833.21587486455
"1" 2.73652475933299 2.24697380072082 1.88038658449573 4.02569472833528 3.82808941140092 9.64391553527965 -1.71327506695639 -0.0240597567777235 8.01688514092262 0 2900.25670104082
"1" 2.67895208522943 2.34613471983189 2.08199891164622 3.77747867805284 4.14874556043866 9.46726863026841 -1.72777652623631 -0.507721746905061 -0.270226116449448 0 2856.04753679543
"1" 2.3218216777569 1.92586997141235 2.24131686875007 3.81051723210418 4.42822601386846 9.48670443184151 -1.43751866811037 -0.136302805273559 0.441751304870922 0 2822.04293894643
"1" 2.1079410010298 1.69832181843723 2.5791536437444 3.94222864103438 5.16188959413728 9.9634170524975 -0.128903767065999 -0.0559764778670915 0.329434214522744 0 2816.19783980315
"1" 2.42338752611535 2.11323060565806 2.51928852044748 3.85717061288797 5.18112072261965 9.6060486221248 -0.443132259157658 -0.264161686701313 7.29176202785137 1 2838.70470696621
"1" 4.99615834145091 4.49500381014628 2.66994424522574 4.005184043394 5.54371047396467 10.0758531806099 -0.122469507303633 0.0301004164159049 0.209756440758192 0 2954.96393495015
"1" 3.93145821527633 3.38476437700653 2.10178251306546 2.7486759110991 4.26902601454242 7.11783598665791 -1.78639555131479 -5.68354563351781 2.43779587863762 0 2929.07956189019
"1" 1.69120665403394 1.3335845131133 2.44707062328006 4.12376580830506 5.01341329561051 10.0279365449661 -0.406687116726231 0.216638419454097 7.84402513004935 1 2745.68105884002
"1" 16.7206684557935 16.301279518754 2.49867964958635 3.85382319011037 4.98277298675574 9.46989839268121 -0.440479384162513 -0.641489788010601 -0.0897409198247904 0 2966.64756952448
