"1" 1.27981861930931 1.39240095853198 3.11251389179911 3.61609178522188 7.45079803535009 8.52808602218016 0.446528683418524 0.190339116877276 1.76031028681298 0.602505262524463 2.02130674617781 -5.81184935965342 1 5576.29946223638
"1" 2.78343628738674 0.828061544305062 0.323770829655044 2.35848275213113 1.25501418387918 8.38584162618523 4.75952964105385 4.64207863770843 -1.87022286586374 -0.616534177566263 4.14285653675983 1.01225902883746 1 -25.034645673557
"1" 3.51799698507559 3.58685052167222 3.20523608745252 4.12900777142422 7.52695275820125 9.66053790159982 -0.632670831950087 -0.641732974802547 1.60028030706394 0.553909135048917 1.66028352041371 -3.11582958424022 1 5733.76489574573
"1" 2.59767917408547 1.33218072426804 2.76552538093039 3.3109593236698 4.66691088253639 10.7156068074554 4.09649053951762 4.25499585317115 -0.0758426882742294 -0.422547978422184 2.92533137570841 -3.16015044092954 1 2982.57980870496
"1" 4.3586271597765 3.89806184078599 1.76362275658412 3.7826851215942 3.41327343657219 9.83313468477066 5.49675173416202 5.08933070363133 -4.27835225337353 -0.129242272190332 7.6005609323885 1.28420147978012 1 5435.8049970233
"1" 2.37865118630567 2.32501705009306 3.10090734887958 4.18610650145196 7.24904490052263 9.78644912604368 0.211475552427112 -0.0783751462906621 1.80397411697837 1.1716115305574 1.67001362684201 -2.97551233151697 1 5432.53713887906
"1" 2.09927572574644 2.3731883247585 3.72877363625838 3.90331155500032 8.3094896464407 8.68108702052625 0.386382059654226 -0.0680699566850469 1.99790497449724 1.16118887772877 1.34224299307034 -5.66328971889297 1 5322.00051744446
"1" 2.63098063820649 1.34339384512436 1.83311338071416 2.30531883158431 3.30102453829221 6.47322029295409 4.29315190755592 4.5169160770999 -2.89472046154523 -2.01477829552002 3.75714577180526 3.65983408444126 1 2704.64501713994
"1" 1.25526938120846 2.06739114850316 3.73313781099897 4.20615979355157 9.09780680846871 10.1595095732983 1.72571637960832 1.51242248360573 2.28150931616998 0.952841411913841 3.64869221081241 -6.73526319711824 1 5362.59818201357
"1" 2.72359453077079 0.917112395800782 0.533625695785705 2.38066621900504 1.61696036008326 7.84520992449551 4.6633903034297 4.46774614936437 -2.61054652294922 -1.85467469218849 3.12196378461692 0.816676599203545 1 626.567044113006
"1" 3.03737682704832 3.04191474125015 3.26697931763457 4.91107180264857 7.53830845820094 11.308396520462 -0.323670684440695 -0.322489314119771 1.83182294220266 0.742209342028053 1.7628889125648 -3.78388853592578 1 5506.58647557048
"1" 2.90011894870705 0.767713029267996 0.266832568102992 -0.415501468322344 1.38509986050324 4.13114341599912 4.89352679920504 4.94630081967323 -3.38671782882094 2.59161309426157 1.72566393072708 -3.43926190854221 1 -4505.62895569093
"1" 1.28195428064772 1.64196689526523 3.66788128646261 4.31591180317726 8.55443781989447 10.0614025941264 -0.120852898001235 0.0472709485433201 2.1388530716283 1.02776524336092 3.41993124886241 -7.30603372919455 1 5212.74570019096
"1" 1.219068686934 1.09525766608044 3.6375395322671 4.64522921434624 8.66204314864459 10.8868272224502 3.74756808070553 2.13665747372517 2.44769914648569 0.200078386865375 4.21415769585734 -6.03649406641891 1 4823.69134307097
"1" 2.78496381996953 1.21046241294608 -0.147418952092638 2.15047939486562 2.35206595220141 4.19088137023769 4.81883003721569 4.90598908229459 0.66435261365096 -3.33638679875047 3.17848850285723 -3.62676945560708 1 1173.52774115781
"1" 1.99708944934723 1.98127731022608 3.26562048613514 4.47455873471754 7.44540456546293 10.2881823906659 0.170228508698971 -0.00518577953453644 2.04798371667934 1.40436597886625 1.96672327404636 -3.27073255614757 1 5339.37702162805
"1" 5.17018370763704 4.82129545962652 2.43454709399855 2.57214300876607 4.857407439282 6.62729456498646 6.07962755874572 6.00650612444316 -0.629873706999952 -3.04799678108007 6.06157779203417 -6.1675930407682 1 5240.80232956831
"1" 3.75811920932525 3.79432547379182 2.96215643291006 4.32726902905728 7.1387442799343 10.5171925604436 -0.556320816000904 -0.664570471072617 1.90833607208822 0.938440678527655 1.64092951920336 -3.54638355196423 1 5644.28058303148
"1" 2.84417077771127 1.21761235191584 0.15491097824029 -0.138981544977141 1.21292412616482 2.40330453467323 4.97896814454674 5.02142181400727 -5.23951231531769 -4.03170993856684 6.71469118062738 1.75974002779678 1 -7354.53914403417
"1" 2.88031825598169 0.338872254500598 0.0536783017778817 1.24308159432966 1.14191531009576 7.00627019087043 4.96475283318667 4.86137154995089 -2.21108184611163 -0.812364832894175 5.02102771792079 0.513416441037243 1 -1348.12672388494
"1" 1.45057487782833 2.79231875339489 2.70722049296566 0.13981762258672 2.54981588970178 2.12245053583757 4.81216226525216 4.79429728736066 -1.47477796763181 -3.47854493701809 2.23917185982491 -3.63343989577616 1 -2283.31160795445
"1" 15.6816223766778 15.313951566384 2.18973315559163 3.85206102310386 4.43772276109761 9.73530322995454 -2.21542443575683 -0.792758711499129 -1.20721744348784 -0.272574174113884 1.75635160454745 0.916182201026415 0 5929.10518858741
"1" 2.65933637474038 1.26711033211261 1.55601600937842 2.15666652078363 2.4640525701039 6.44409628590437 4.34369028128751 4.56093859001804 -4.60505127993419 -2.17280233466094 5.38804446232189 2.19271765197031 1 2104.88116205286
"1" 3.87174023380435 4.09896624405463 3.4987597217132 5.1180279182318 8.23592380196947 12.0235773300879 2.90394247692778 -2.3058207011969 1.96895475556533 0.687168411925073 0.662318438462177 -3.91764063553184 1 5226.61069739104
"1" 2.89744068417745 -0.53275247452105 0.144196014531375 3.1465597400351 1.361471243452 9.2582723921581 4.89066698759223 4.81104034008628 -2.29783285291046 -0.561597391076544 1.47671259585869 0.288225042819567 1 -2880.73352699332
"1" 1.6361026821625 1.7984128048487 3.15593875866675 4.0522679573495 7.5518454320062 9.65852081816349 1.79207982172962 2.14449207833468 1.77686188011732 0.919450278153739 3.82069987812541 -6.14189019317757 1 5465.76296883306
"1" 11.9038991955693 11.7863694456753 2.26427809365354 3.91763868373737 4.59805285764751 9.54559240191622 -1.85774683240096 -0.878641558279116 -0.743181316619224 -0.530097243192955 1.85186321176687 8.95781036360258 1 5936.03691219711
"1" 2.72221374352846 0.320569388204797 -0.0303498659557211 1.223484169002 1.23657736249434 2.78478611257709 4.98575293022595 4.58654513298441 -4.10025986716508 -1.95208109790165 1.87912474931368 -3.58002460405975 1 -3693.74169273817
"1" 1.10910393419422 1.27555034180715 3.64033955108493 4.66652817327495 8.29807644551673 10.6091859534455 0.457365564045047 0.353603097620641 2.01662529252695 1.08636487218525 2.55282745786861 -5.27732501353011 1 5213.37420960805
"1" 1.76027559855458 1.93455035908859 3.53022972428977 4.42073420243527 7.96202012036449 9.94993416378032 0.358544328554128 0.16252841260291 1.98387130337832 1.11263577543172 2.1007443175981 -6.19883354663627 1 5275.98119962205
"1" 1.62447732988431 2.76028754094761 1.2535496980187 -0.108558300905617 1.56804170644797 1.68721482136017 4.96703409427044 4.95852460737164 -0.441076949492448 -0.0490517352769918 5.53434135720359 -3.39482344513311 1 -8584.47891747923
"1" 2.93001453756156 2.94606956541883 3.00004823740003 4.31699364693604 7.1273655597771 10.2598848259563 -0.287262234231303 -0.0321766011402482 1.93016538615879 0.985454906691974 2.1308203383865 -4.7850931803344 1 5509.88841363044
"1" 2.69291992248489 1.08137708479602 1.86103437790405 2.73283070488661 3.12249022323077 9.0526976036538 4.28868515621241 4.46019810573812 -1.63732301886136 -0.530536475608213 3.76796683296494 1.19718377064644 1 2300.90946167821
"1" 2.94258307894543 -0.429351027069385 -0.110689578481964 0.636188267915322 1.11138477427062 7.84888924382715 5.12295084814567 4.98804660330622 -4.32712249725386 0.516273770258078 4.48748764711175 -0.829782847613432 1 -3138.20835424039
"1" 11.1970475794483 10.8636238085496 2.10114611073465 3.75232730745887 4.26102246314681 9.49766987933136 -1.39977682073501 -0.555399791297114 -1.87432544681482 -0.208762745177922 2.53120244285634 7.63606230601356 1 5944.90972539361
"1" 5.13883368616147 5.41367476279254 3.14344683542848 4.57530861253946 7.5446596881488 10.9123385653669 -0.88642667905486 0.26946486172208 1.98389620853514 0.511791913858554 3.09370991679685 -4.59955399902792 1 5612.08895942676
"1" 1.14826266881648 2.8467712141887 2.79764527504181 0.140609646620494 2.54525434245308 1.94219015798668 4.83183963170632 4.81920053094787 -0.113363218502625 -0.653906701058685 6.58566869973975 -7.00445461916025 1 -3376.38292788556
"1" 3.78753782608185 3.50171263725275 1.83050974155861 3.8566024819477 3.58431104585638 9.72276024341197 4.5961521341926 4.50093920913031 -8.74940630688925 -0.208351795688913 11.1036640851561 8.77459771010715 1 5307.99490139732
"1" 2.65475144599827 1.3034817580556 0.650127982928107 0.134229036085593 1.52672143306707 6.11735835890354 4.64284840602347 4.53251824011911 -1.87330694936438 -0.0549332407233582 4.1569328925071 -0.505685556894042 1 -831.797582444568
"1" 4.74583476707611 5.34761252097152 3.95493250274781 3.85530429018013 9.67798711511429 9.41105914834896 -0.0282174502867685 0.109365114394967 2.12699461269251 1.27863750311914 3.28615850103052 -6.00927200258687 1 5498.63365304955
"1" 2.58054920181058 1.1552440505679 1.22845440097082 3.60053623611281 3.09898974058186 8.73603132494456 4.31958210250314 3.96665103585179 -0.965907721080634 -0.317157122053827 2.31048782517597 -1.6098077916852 1 2391.82224893859
"1" 1.63953501636603 1.69409043998775 3.22329621133068 4.85526176537295 7.91005953030964 11.9215213114531 0.710112929760967 0.715465743669868 1.99130949192967 1.09965442240311 3.46521421479052 -3.27325136869305 1 5370.55908785822
"1" 4.15627420254771 4.39663915614944 3.19675243831576 4.23723203201093 7.55625229010394 10.179209077151 0.736759184407116 1.13505937465969 1.72919290792907 0.782551902019369 1.57858526229824 -3.88164987114869 1 5601.64919950797
"1" 3.0220856155448 3.30899221456513 3.23955582859446 4.37279834977287 7.6631592709111 10.4221139683316 -0.144970237547374 -0.145643607001104 2.1635483714892 0.952685467319582 2.00034775841129 -5.22845447708417 1 5523.82181166673
"1" 2.46726717881493 2.07417106003066 0.674825431850497 -0.208642706860627 1.44876869836498 2.57282395489688 4.8306948076897 4.77231488995997 -2.79096152360025 -3.6100276354196 4.09293132324287 -5.21670268626745 1 -4476.58957220239
"1" 2.39679837279493 2.17648125315456 1.07110110309292 -0.343706766606429 1.88267139391039 2.72049510418789 4.73964172859865 4.77269820487441 -1.65011075494234 -4.44929677680242 5.41804862507165 6.38593889363373 1 -3409.90741890552
"1" 3.22930670184825 2.90011827923495 2.2346355304444 3.86217994530343 4.36853468006989 9.68466481721532 5.07473773892216 4.45669223386703 -1.21098496167741 -0.380503773925053 3.10409884619066 0.0858512861064463 1 4967.24063028185
"1" 4.30942543360675 4.27561906537641 3.19457886885081 5.02499905542224 7.61448025503194 12.0517753117097 0.705689458572793 0.926682313889964 1.83935233797376 0.952003402994844 3.52873848214167 -2.77491785061348 1 5572.66208544468
"1" 2.57789082875881 1.67512583725127 2.28477022285165 2.17205413908716 3.10718860557296 7.50809144713804 4.23667433385677 4.3551328557497 -2.88138748830998 -1.64645842323346 3.41935512767837 0.343485384810216 1 2509.33570480361
"1" 2.34815783119419 1.90256401210001 1.38416740523349 0.334590123568183 1.94146538657201 3.26666420208509 4.44702085526841 4.57779924472604 -3.07868833811884 -2.55614305766084 3.88460209880858 -1.65015036438785 1 -292.10331381319
"1" 2.53797052586195 2.92517175089214 3.359018254632 4.38646496507306 7.83538119644074 10.220224615586 0.0104336781889302 -0.470176947242764 2.1934457389956 0.983785071642852 0.626596924981154 -4.67593375540155 1 5372.42572852378
"1" 4.3032669238393 4.57944528049347 3.78570821581329 4.02114827355536 8.93466837913888 9.5109300340296 -0.276496244137095 -0.465266451419782 2.13500339332669 1.47546302024209 2.19013148707327 -4.73247879237207 1 5366.29239989189
"1" 2.7075994243608 0.668788966377945 0.126163715091578 1.69534166404872 1.18854277870891 5.83402277820508 4.86276215390737 4.63331953313403 -1.99869328272295 -2.80631534822236 2.70986433816493 -1.11303775524105 1 -1439.04149333258
"1" 16.3969658201511 16.0286113619043 2.11923527412345 3.52861991917205 4.25854920455572 9.09751547514047 -2.60664023251288 -1.43364647005063 -1.57298298806828 -0.25888061177851 0.761196375671787 0.107440903671475 0 6058.25961878935
"1" 1.84483004048888 2.67772563716598 1.37438797890681 -0.146507860498637 1.70836322351691 1.92270805619422 4.90053842431489 4.90869498053284 -1.31770876282732 -4.343090089606 3.78868887281532 -6.90418694056627 1 -6754.30148202658
"1" 2.35294505015353 2.93803622765627 3.64493781510879 4.38360105705872 8.94182898969601 10.7146336703683 0.802228646574883 0.487262229199359 2.43753826658277 1.01891307088934 2.18160979946379 -4.03229820600733 1 5343.94170461167
"1" 2.77937214173305 0.631025845738744 0.0470915383346744 1.78711143779742 1.16159232063879 7.15001058776557 4.94405221153181 4.77134675190975 -1.93288216312023 -1.96085637047282 2.99419588301031 1.09120600511402 1 -1128.33801691958
"1" 4.60936025632076 4.55955055920168 3.22984849177343 4.90418576928898 7.47684979964605 11.4680558379716 0.111470953914699 -0.0849855478783455 1.87525929011738 0.589570997273018 2.14848299532198 -5.72988818708152 1 5667.82244055918
"1" 3.23489015994615 3.41970453844029 3.24140425246127 4.4745482099502 7.85978862552899 10.7044820252031 -0.136571273837432 -0.353214125481499 1.83918397688578 0.898738988268064 1.8823107793982 -6.87885182253217 1 5519.86903563243
"1" 4.85264321145584 5.16924673912783 3.68442433396236 4.11486159765421 8.5892527011522 9.56210510707948 0.410970611898188 0.295779336184044 2.04174931153715 1.11377199845661 2.87833849167105 -5.38389073192341 1 5422.90190039489
"1" 7.06532910937468 6.75236075145374 2.05455273249752 4.0731572887634 4.20585244438619 10.0847663438947 -1.27811677949396 -0.450290769898398 -2.12139357115502 -0.00172792288122545 1.81759530815756 0.717376201464926 0 5906.18928028239
"1" 2.48532923556769 2.70760298227171 3.02569515294829 4.39571349216113 7.50558756638706 10.7257256279489 -0.112127580996803 -0.429981485237752 2.07554887420058 0.894362303500372 1.44635023847227 -2.70474055010985 1 5369.56620687214
"1" 2.67891328406157 1.10303576294612 0.173262694849754 0.209338737471669 1.18083028340504 3.91339966511684 4.87741982208812 4.71369973922958 -6.16618502083076 -0.604902776917218 3.80045466733789 -0.851147605791772 1 -3499.92421693892
"1" 2.85450435635467 0.407115563893648 0.0972808099740275 2.09705311468051 1.19158809619215 8.92652620185937 4.93345498595322 4.81938156708847 -2.78883718397387 -0.820037302744738 2.60391129604233 1.09535963843946 1 -978.765562385779
"1" 2.06060464266627 2.21586526193336 3.41237469193219 4.40540587958885 7.70498605800046 10.0027877374426 -0.0888432704719648 -0.282784349850945 1.78200952801034 0.663190491452814 1.75555990493424 -3.95792754441235 1 5404.43247732684
"1" 1.75083424388887 2.70824609338369 1.34852878189327 -0.129226552158768 1.60053319951903 1.81426790320587 4.92137236403296 4.93390102247089 -0.70268144939559 -5.02562483402938 6.10301500139161 -4.51586003795362 1 -7341.63816987896
"1" 0.322555289360654 0.46480346336429 3.54846020569999 4.63307402539887 8.51315826353384 11.0611193714506 0.813432786143344 0.626513328937144 2.07287175851562 0.730772730179754 2.58976797445633 -5.08515628509811 1 5293.77529355043
"1" 15.4438826916528 15.105639385059 2.57840578638196 3.9828156263301 5.15605571674109 9.96172898946591 -0.911615152302183 -0.262319410966021 -0.410250554774648 -0.228006114037789 3.9249863757002 -1.37253452067343 0 5879.70401674914
"1" 3.88512740678816 3.76432563509257 3.15864473677749 3.95640905563598 7.43284535115106 9.23513028321838 0.0800350388496394 0.392438011805099 1.38170207724083 0.0929274750895332 2.29200730934826 -3.83458195454639 1 5793.64489504707
"1" 3.243625680046 3.23086680935204 3.40807190287066 4.401416452759 8.21217213191701 10.6450865005283 -0.208260788140297 -0.567550387301436 1.83548380380467 1.24944574560642 1.83951609583788 -5.76803731019916 1 5443.68305093025
"1" 2.32960054707105 1.69175130953207 1.32421598621444 0.150336121190022 2.01976226073806 3.12235406374933 4.39207593703142 4.6078344123239 -1.94296676137162 -2.86640562255604 2.98077390700323 -1.40166533309462 1 -54.3515962569581
"1" 2.71005687698778 1.27096261787675 0.261579175889053 0.214907662388042 1.28929972523956 2.74820462444288 4.86949777522509 4.70994343379496 -4.08381397410089 -0.75581930087929 4.80126110631646 -3.65417349704063 1 -3453.85983139976
"1" 2.76027107124836 1.10146016491405 -0.0916163086381721 0.157354539984858 1.07498085778739 2.26220387977108 5.10381645839728 5.03224436114418 -5.57938241670244 -3.60698610962894 1.74516746610916 -1.14325100254079 1 -8367.13765481177
"1" 2.35996342146096 2.31568809359177 0.818497383923505 -0.282256788606575 1.54188488385918 2.15560884398149 4.87892397635353 4.87109684511441 -3.06175202113786 -4.28871016920034 6.58055590944698 8.45016757158149 1 -6364.07132301354
"1" 13.2025678510869 12.8039141700345 2.23652601047618 3.75148312445764 4.48115236219916 9.43982920050293 -2.06121800711742 -1.41983783332216 -1.2632202288461 -0.473688288409015 0.976363406409956 0.955949369885991 0 6019.22279297318
"1" 2.71000814521219 1.09056823588752 0.383597875835451 1.57974170407831 1.31061873508723 6.32115919837001 4.72252603650457 4.59941018530748 -4.32935076771005 -3.5575561313845 3.24698329715451 -4.701302529433 1 -323.860168202729
"1" 10.3743988994183 10.0890034885898 1.83394227863144 3.89429933939819 3.7850449148414 9.68648419641186 -3.60677818590948 -1.79483886998665 -4.21202588059129 -0.292356299540836 2.23930137028524 6.36482040417189 0 5920.57414027176
"1" 3.53398888600424 3.37962816558928 3.16686087681517 4.24994699348066 7.44061386801221 9.96240938826959 -0.577749652519303 -0.504707369527066 1.71826725179431 1.34632154778965 1.72403932366235 -2.82506869405567 1 5517.36001343538
"1" 6.09982121698192 5.78120165028387 2.31623634376437 3.8839042212135 4.58234676622151 9.81564359755234 -0.594540691988197 -0.376489945876974 -0.90615274863908 -0.251596430039154 1.78392039108723 -0.178006245942863 0 5890.13822652183
