"1" 2.54902630244989 2.84750807790333 3.28130011311998 3.26598726096401 6.43848192130062 8.8268229913277 4.85105640589906 3.44836257087038 0.0655940247053212 -1.43171444252719 3.95744648313848 14.7708068250951 1 444.390609744701
"1" 2.58870495545399 2.05280468266757 1.73866491682561 3.3578069344015 3.73876115727552 8.47352538917299 3.99378232833093 3.34087118908018 -3.15110536532421 -1.12845344998882 2.86981047544804 4.15558836756209 1 377.661334507167
"1" 2.79597943179296 0.643181868486731 0.684707773160898 4.22030531362123 1.731271861456 11.5600840347403 3.99148734957554 3.80190158482788 -2.83180257457258 -1.07996579381778 1.22443907168084 -0.486228030822587 1 177.588431278616
"1" 2.51766713820004 1.69017040121116 1.9771216391687 3.98088222154399 3.8193108606405 10.2047424457446 3.5944731796675 3.79833617256383 -2.02214133289992 -0.542820275927132 3.7644181040038 -0.95786563329016 1 335.368091199187
"1" 2.64906715462728 2.35157535120545 2.47438099098023 4.34228029049949 5.32371897171378 12.0877566591568 3.32393892473363 3.39089535898846 -0.508783659578636 0.360747418437302 11.6540914791076 11.3350144796918 1 423.698754201974
"1" 2.13512266254613 2.28590652975839 5.18002815337462 4.00073502061394 9.00050495912585 12.72691934428 3.63625156212551 3.56483498672265 1.190107373536 0.430109599485684 3.6548567828266 0.779607711736465 1 367.288543447989
"1" 5.08664864041838 4.72237733698759 2.11320779583659 3.7694529145168 4.46094282051002 9.35295066300267 -1.27962591202114 -0.0537765030631986 -1.65742749619569 -0.6216248918556 3.25873787131245 5.48777604374529 0 482.411891902068
"1" 1.40553647555527 1.39839048665356 3.53956242201124 3.96884485597468 7.65965268686703 8.82028999553153 -0.228103127122492 -0.23688290081202 1.39551247279672 0.766911735363855 1.83708761423613 -3.60216169352156 1 411.782888717607
"1" 1.83199960302864 2.03356982289939 3.5699702777723 4.93590008379242 8.60401437420065 12.2181820060898 1.19039739097087 -0.392054516854048 1.91523067811656 0.903623038953844 2.27784178424257 -5.98202107328698 1 419.156982126345
"1" 3.17457244443836 3.25651250352183 5.16398326979831 5.33702574786532 11.3763389096943 11.7663842027037 3.13239605795738 -2.63503452100508 1.36367933821261 0.987522954081126 1.99225147135073 -5.06774101712004 1 379.330562344647
"1" 2.34131984225029 2.28328033001568 0.537194219278765 0.116456080379024 1.16374038125481 2.08585889088083 4.13929159144277 4.19025805006477 -1.54204964932705 -4.51480495900247 4.5929502767619 -0.685950199583474 1 4.86310080165208
"1" 2.50066732293801 1.57676567914878 2.46321843032369 5.16105097053743 4.71013022114018 12.9680743540911 3.5522213766016 3.70150386640196 -10.0314607404906 0.437109394946435 2.67639572358978 1.41667224310278 1 335.301138300614
"1" 2.94528113625863 3.03519302128833 2.43405232568237 2.33967627504787 5.92313284283251 5.77570866234507 3.65417731397463 4.07631593068749 0.115335078079515 -3.75573090743107 6.51631534227267 4.03943869236382 1 426.272502547209
"1" 4.05507715452561 4.04394114483237 3.23829714952594 3.96847529586454 5.75029127503656 10.059555281973 -8.88534612418711 -0.235961714415096 0.531513971758269 0.243713962663207 0.223138823873833 -0.0928224734076049 0 486.570401088392
"1" 1.84642926988449 1.55723405981929 3.85458877674878 4.40114481397955 7.77742554164992 9.05196339715562 -0.212861843071331 0.276778951268205 1.35001469539978 0.668741684023092 1.38296993787719 -2.97739547712868 1 455.528857998758
"1" 3.08341580212337 3.09036086507783 3.94789722354176 3.97226262543665 8.83585725309723 8.84676474755588 3.0512178812102 -0.467231007611926 1.67676863779578 1.63184764099373 -1.07790938877916 -11.2754568405553 1 437.954578487642
"1" 16.2767475435321 16.2560117878306 2.99434676136121 4.70576035334618 5.44162932081227 11.8440694473118 -2.00212204484856 -2.21112935004832 0.0545563891818624 0.20165732277585 -1.4412805176805 -0.557790627178615 0 525.156424793204
"1" 1.96419053559189 1.98928268577528 3.38063737645326 5.0349369746707 7.28476370429808 10.7907770368999 -0.926569940330381 -0.0548079934424141 1.63403438798782 0.660844856214969 4.2244069082434 -2.51482337265689 1 454.48073236804
"1" 2.3523199240394 1.86922391723641 2.98413784152007 2.66144206227251 4.84537202225343 8.5784718313205 3.53059975476418 3.63074574622928 0.0400231783602133 -1.9471400277108 4.69576525185105 3.70263498551773 1 335.65995685482
"1" 19.7373898050355 19.7235734234716 2.07782056156557 3.83033176589037 4.38332038936429 9.1053220339017 -5.19059497780642 -6.25955727132759 -1.93983598802966 -0.812071520871822 9.31797646480004 12.6340705763149 1 524.435509624179
"1" 1.54866163156044 1.04658760495263 3.90315113764424 4.89037808182843 8.07700796778816 10.1926501719087 3.09844492229782 0.0517273219997877 1.63837206899935 1.36995155773729 4.43185676995571 -5.81043033472296 1 404.63116856434
"1" 2.31341556675933 1.56140171714958 1.75695332153577 5.39784920990106 4.38148447784619 12.914221658819 3.49309843126841 3.07571113809369 -0.952823605488862 0.183984318971498 2.86323362605065 3.8571469487529 1 351.058836465294
"1" 14.2100019442534 14.1496552452988 1.8388478901209 4.95802636234503 4.00946284265415 12.835208088767 -4.69913764878227 -0.651425412557722 -2.02963704530596 0.715835600366791 0.235960645406636 -7.54248509018899 1 504.744903213363
"1" 16.9892499706096 16.928224614061 3.4664135856604 5.0081842808291 6.39984655659443 12.9699144624066 -5.27147307929871 -0.70581419426145 0.438590601114852 0.494999405011431 0.466553167980127 -0.0314724267592445 0 509.02622741492
"1" 2.55079891682234 2.01152749690815 0.429384005618489 0.963978157645537 1.31916394206473 3.54076892130434 4.06846221553157 4.02803392868334 -8.24044107929783 -4.85342015342462 2.79125480336041 -0.385405661267679 1 214.971266611203
"1" 2.16056668382976 2.13328056659629 2.90014082744747 4.75189711673052 6.79520685223403 11.2855245559047 3.7008675262718 3.30260935653824 1.30101953378102 -0.00592377594713084 1.98474102054272 -5.07800729776939 1 375.103964497963
"1" 4.7228180270065 4.67000378561923 3.56720108538869 5.04219863081582 8.13643174909373 11.6008327054067 -1.91684461118107 -1.55004566266292 1.72004013148322 0.973555176953727 2.91596242329986 -5.38871326094003 1 491.241985861832
"1" 3.36236482041304 2.85676034600641 3.3630895782433 5.53543455988839 7.84404448023334 13.0042958125479 1.12729368049924 -2.27183995658823 1.27038649654022 1.24882379522299 3.12318433065829 -8.52989637883126 1 461.248509415872
"1" 3.00218672529621 1.04699043823611 2.34764144586166 3.25094176625944 5.55858760497177 7.57287292803529 4.21535303639152 1.9897068143848 0.197363984375669 -2.54617928232143 1.97048584273842 -3.98910629170013 1 364.297669400933
"1" 2.13255290000068 2.00785488064973 4.22426955810417 4.8943634421602 6.48219050722503 13.3586484461532 3.54940705773196 3.59072130222915 1.04414010553254 0.592177989756127 2.22933156824181 0.966638354570198 1 274.391028387961
"1" 2.24891866916352 1.82739125004125 2.32630750462936 6.09788320779752 4.22899191108191 14.9053790555334 3.56513073753533 3.40207852162509 -1.4130714274007 0.626310155838287 2.78422404260532 6.31020261057049 1 369.358740143732
"1" 0.726692330251901 0.604482850853556 4.00581509838794 5.98945114483991 8.85916444463634 13.1324529253808 0.315015111665235 1.51622366061845 1.61317337417155 1.26173342735037 3.98515305162031 -7.45136315260716 1 410.512496866267
"1" 4.23767975399089 3.50537794197909 1.71426309560317 3.65614976733299 3.40807337501312 9.11475837725972 -0.334918235500173 -7.8675574543056 -2.63461652774862 -0.349609130663156 -0.726252757778099 9.54926737265758 1 490.746954269365
"1" 11.3578387421599 10.7811935677719 2.61608156784191 4.42116178904133 5.14856793096845 10.8425171805941 -2.60626978740519 -2.75022778362704 -0.417755181762649 0.22171856349325 5.36973719950671 9.91697060409516 1 519.392452592623
"1" 1.21877418252004 1.00790550146341 4.2553301691436 4.9973600165105 8.70401494518947 10.2321005888397 3.10078208635013 1.28980996418529 1.97301938378022 0.829658497925568 4.67978444236796 -4.73836629956241 1 356.14866363298
"1" 5.81102846444088 5.54965686553539 3.50719870043724 6.05718918050735 7.89581881192113 14.4058983763698 -0.372676231244433 -0.862626813110495 1.29225010745905 1.02715627509172 -0.490571199817626 -4.53647633808548 1 509.761925471986
"1" 2.70286393551477 0.583576851009179 0.119254931686228 3.93554131438862 1.21209579967882 11.8433937803994 4.19458032965016 3.83644874523687 -3.31047986804685 0.366729908140913 2.9171302852175 -2.17787755874871 1 155.958954341668
"1" 0.328562595540613 0.444947704773724 3.72557817714881 4.69964245403415 8.44410104959002 10.667373301109 1.42828223348379 0.333328078386484 2.14983148223458 1.09189059915764 4.02089395931126 -4.22574970222499 1 382.888913206674
"1" 17.2532261294976 16.9057074434722 2.01015510625103 5.30343713467749 4.53302257736401 13.5203564677094 -5.15691287065066 -1.90045275238239 -1.98500655070498 0.576339362780583 3.88338935955345 0.583205472562835 0 513.371508705
"1" 2.62151757889234 0.559011109545978 0.531322634275561 5.035238225528 1.90337940832407 13.1272335272213 3.88983992349646 3.44955614277768 -2.41619810308126 -0.00529922108793109 4.71284523693832 -0.156732511570883 1 264.392841980404
"1" 2.31124350715597 1.97221698112714 2.63847741935372 4.50149468096309 6.33518392940392 10.7729806777407 3.79092730443579 3.07028130616679 0.865128630667456 -0.15700171817935 1.87942457362661 -2.98511292651266 1 362.709815806044
"1" 1.93402793620324 1.7092260630386 3.96281856127386 4.91241469581333 8.20151270308351 11.4204923004547 -1.07559976766127 -0.572944167697721 1.40529411339636 -0.0788228929584433 4.30913174183918 -5.10320800693334 1 449.008668999318
"1" 2.79506087368835 2.37377512344908 3.9746101173873 4.04378936424761 7.96594410690749 8.71425817804083 -0.0617700277539961 -1.01767055857512 1.35983268653177 -0.194192476197103 2.25133141726495 -2.8912295915987 1 464.627810097088
"1" 11.8345679587871 11.4009261978177 1.97986901363659 2.84345950566833 3.77762114714932 7.26101215054045 -2.00608397382833 -0.694902471929562 -8.26059995348655 -12.7455582929418 1.01812358589101 -8.77711296449133 1 501.5982802893
"1" 2.69212149056036 1.45087801396219 1.7050686091426 5.53372380766885 3.83674002740992 14.4736186475599 3.6393839845421 3.80547268068394 -3.78910981702589 0.27710343309294 5.21096375619652 4.12377086355192 1 333.448687676227
"1" 8.26330007140546 8.06357528521635 2.12992116720608 5.23376341849519 3.87139486238308 13.0606625131513 -2.4518551946297 -0.922997916418356 -0.951811473979911 0.838954158598984 -0.417539091392189 9.44829301954619 1 496.530832251935
"1" 13.4357851681624 13.2175951230977 2.09778935857754 3.39158449611508 3.96143445265235 8.07065294300236 -4.28490916813274 -4.30042223720485 -1.90810079199209 -0.301407053773406 7.73808034749577 8.34805405869521 1 508.459999644029
"1" 2.55609648599574 1.53396475676754 1.96388251892839 3.39651628096625 3.59756563530312 9.52539997227955 3.57951868278746 3.70342173228663 -1.16602483384837 -0.752688335392906 3.37297029907653 -3.10961969029589 1 290.165032301441
"1" 11.2796360451981 11.077475821317 2.40325340474423 4.00015914958147 4.74577967993778 9.81088940821473 -2.34762457217563 -1.35171338420237 -0.944734724622294 -0.0939874418587959 -0.451048368575621 -9.22914097467676 1 540.429508143789
"1" 1.88131007291723 1.8319710046654 4.44907363589408 5.01625621462941 8.69639964117532 9.82517787745225 -0.765508122712458 -0.515252181331004 1.58878910090536 1.31815436183739 3.01880035526508 -4.3176973232679 1 417.714476023256
"1" 2.80412334479215 1.44125174760691 0.965221319469509 3.94395616169692 3.35493922110418 10.9516807727488 3.75627133017511 3.58493811040183 -1.3936020333803 -0.473862065849447 2.37942374955373 -1.02873053717402 1 273.115595733373
"1" 2.69627703467324 1.6746744582629 0.353619647139284 0.186407572439879 1.1901326626805 2.37895522997435 4.17475467975543 4.25973194567603 -1.65933857924675 -2.14289114193243 2.45199206665216 3.50862708033201 1 27.8168862834686
"1" 2.52646285196071 2.72070996613864 3.50364788578207 4.4959346601451 7.90308367329131 10.0184528239503 -0.934491494946174 -0.671433951912005 1.64248886327066 0.81222408019897 2.50185477045383 -3.99632289967617 1 449.196654706697
"1" 2.06758618674189 2.25315021518772 3.45835229330576 4.52269169684336 8.5944445058513 11.3624516007651 -0.97754712829201 -0.817565488401299 1.68810538217892 0.846555772816126 3.11757577830732 -4.96727294075279 1 433.967417559374
"1" 2.38901240368583 2.68746160380848 3.33425866792806 5.1266302720863 7.70606829027728 11.966184791005 -1.45125456146943 -0.232396274073205 1.80869729408125 0.751877154406887 2.43312140018544 -6.29955152854276 1 450.497589711398
"1" 2.28523640058955 1.89921722350408 3.46004912054276 3.1765806422406 5.36518805165035 9.1342307255795 3.52302096625818 3.60614278197801 0.182868375923655 -0.199736106910678 2.80480162359369 -0.796565887050195 1 286.166884105287
"1" 3.45779746141682 3.27065465267716 3.03855091656385 4.44568486565858 7.56610282572249 11.3217004019775 -0.571513776195033 -1.01744769080496 1.35739940931358 0.935942504629065 1.66653721359221 -1.89402873081659 1 479.295227176979
"1" 2.05994571289059 2.18083596004522 4.50035796669596 3.70620430558508 6.74120554480674 10.5107481616308 3.57620824142855 3.6211092196691 0.730486183443772 0.160618112744786 2.27639163448626 2.55601525493058 1 301.973053419991
"1" 2.75179794599265 0.34662542250544 0.746758265178792 4.29635406327039 1.93389094370376 9.6127392210366 3.92687152695952 3.88170117949205 -1.87744705764656 -0.128701161114411 0.784106711542048 2.22331073033786 1 248.729339681146
"1" 2.76288869301682 0.177561143320862 0.134338350466179 4.29339022170569 1.20950951347697 9.80915732960664 4.198913485789 3.9178647476436 -3.44241066916847 -0.837128610218913 1.88053574524013 -0.166128784010017 1 153.81366714509
"1" 2.46561276355202 1.97205937938633 2.50776617584463 2.81413079126059 3.67985416316548 8.14232440227405 3.67741605563302 3.74764551060645 -1.64301618726473 -0.427023770973918 2.49805797549196 1.35339767886201 1 335.808116268735
"1" 2.92902044203891 -0.410985384545484 0.0533933322332597 4.2769202360519 1.30652662532923 9.39732117089727 4.31945122441327 4.30964483950494 -5.61371104169952 -1.59973868583493 0.818936452064627 -1.83226303290741 1 120.521308558376
"1" 2.68644907385858 3.09219594634666 3.99756858592225 5.24861809496635 9.16757563608603 12.0418976204871 -0.487607415250579 -0.965914363275101 1.80546758830559 0.592434034877057 2.03582217938683 -5.19810390946285 1 436.937293736704
"1" 1.95154330363143 1.87421948892547 3.43973498378838 3.98695578764569 7.11909102696218 9.47424276981505 1.5457430498627 1.73856017258044 1.47600885167709 -0.515381563830293 3.32513783391584 -2.46610285952986 1 436.785056363605
"1" 0.998464497121382 0.68034146167253 4.23041570710029 5.22441748019434 9.40826385867367 11.4528010236312 2.26331836764109 -0.0486052012849697 1.55413392320444 1.02965921585959 3.54613527106477 -2.99369660179956 1 392.469539258087
"1" 2.49765205892253 1.35680002424815 0.874469165646312 4.0419653996532 2.56493900486468 9.17892297571733 3.83896688575766 3.34775782219455 -3.14793243910713 -1.46036044404699 3.4377106033412 -5.0321711010225 1 308.456321760495
"1" 2.38324898566327 1.92377110149516 3.57402061690524 3.82741556678959 4.91189090368355 10.6621101217677 3.57225129786015 3.65113489159159 0.348560487360959 -0.0514995560306418 3.12107051901456 2.62584375052401 1 282.682230886073
"1" 2.76343029308858 -0.11495503918664 1.97784261033337 7.29180394004589 4.59708407331632 18.2527726397285 3.62524831297992 5.08235701339463 -0.72519822146172 1.6935868340988 3.13414141286542 6.29737834365755 1 337.936614021277
"1" 2.80672566316779 2.77830651516674 3.55406365496873 6.0280112970776 7.6124877885935 13.3581885330396 -0.975139367247778 -0.834862248677845 1.47759366794546 0.386262411497673 4.19147203196177 -1.35535111012847 1 458.381836499118
"1" 8.71922160263338 8.33307696308581 1.86627132026708 4.05986895391358 4.39960789019418 10.2106341931299 -1.44254026059747 -1.23560721989463 -1.14397570856385 0.332038532786918 0.734625762982905 9.85246317152497 1 504.619396085756
"1" 3.55809982857354 -0.90061341811955 3.6944068184036 6.80587267319879 7.30735522194096 15.0192880984597 3.97963559089967 -7.87492741425465 0.141754481511855 0.746691816021667 -3.89622452384178 0.150783508387864 1 420.888331064943
"1" 2.40802232333788 2.39339510095168 3.12770662289176 3.99768933035839 6.62627036463079 8.94939755236464 0.129051134660209 -0.496760756323997 1.43309491107022 -0.0836459810845099 1.07094221742688 -5.40310540248992 1 460.023137637336
"1" 2.4248802614189 2.00761346168327 3.04725473633955 3.0831099149073 4.37394004980034 9.51555022438594 3.73432966271962 3.66637996173967 -0.43081566743344 -1.22301102961224 3.62695183828261 -2.28711182107968 1 310.681150952967
"1" 3.72721020715189 3.67835439858845 3.23647345970228 4.76862239860526 6.45488197925706 11.4224642035529 4.15742196657977 4.18879541358172 0.513423782128584 0.505389370438945 11.4315839857007 -0.144515068322337 1 443.741946205418
"1" 8.93436689762003 8.79178861946072 3.21440688475988 4.4208934007279 7.97128866011991 11.1462819558194 -2.70026873409254 -0.84884483196917 1.44006523770046 1.16397331458553 2.07530156923128 -6.60047599099228 1 533.294104454617
"1" 2.30688724248017 2.03186708115338 2.81404526117592 1.97031282486407 4.04899900452579 6.70720814870529 3.7415250773039 3.6271643170396 -0.817376375033868 -1.42729194145961 6.44332055420114 0.135419806334393 1 334.83031703546
"1" 1.76191515323491 2.68384009805373 1.40227442628896 -0.0972941976291896 1.65280248567772 1.85312960493614 4.203038918255 4.21731592710253 -3.87199347090286 -2.9020141777382 2.64531602691255 -2.08140786309002 1 -47.4814887558623
"1" 10.1772141316365 9.66917397008857 2.62452554361771 3.64616823877673 4.97327847451496 10.0165085834289 -2.63036552068266 -1.14114842187017 -0.141256194854417 -0.447183781718587 0.536373880762327 8.77307269092679 1 540.244003841614
"1" 6.06350943836599 5.91133688994881 3.22256753112452 3.81577452260445 6.56307897682921 9.15570887804894 -0.701547251674511 -2.14511473954006 0.0664412169526016 -0.534383242859273 2.4080933095069 5.98958535924926 0 479.767601586517
"1" 11.5620482942697 11.2790987745065 2.38256766156523 4.89225425588612 4.51777938151592 11.5174873529369 -2.77730504022872 -2.77397599208472 -0.839646934841814 0.185870408464066 6.5374705795777 -8.60989801421498 1 512.142984770666
"1" 3.08357165862259 3.05613721220667 3.72389352209918 4.82168783344259 8.08972746977121 10.6815393989288 1.86372763136878 0.51918653167649 1.54420162455378 1.10699335700651 3.51506816708412 -4.45698229320067 1 429.243679688779
"1" 2.22017566489393 2.20728610984688 2.67867738725677 1.68525881512571 4.72598905407271 7.19733509596428 3.72315133837462 3.60108314057299 -0.34412562512768 -2.21298352686766 3.92189669260937 2.15463537109051 1 322.839825344845
"1" 2.54492257539237 1.85682940602505 1.86910980143704 4.2619525512455 4.76469960657146 10.2886724816396 3.59361381069046 3.30811173986708 -0.286253623966321 0.116772146963966 2.35858314332313 -3.26406457909431 1 336.810924454207
"1" 2.2196893648888 2.21275472374164 3.50197553944299 2.94920854791516 5.70253754852307 9.090514236614 3.66098318442825 3.58512210283212 0.407854384378824 -0.334185661702313 4.2077525794073 -1.75080338639024 1 321.554578646732
"1" 3.85404744537874 3.41443450774079 2.45224073199041 4.43077382983709 4.76463491825525 11.144589312356 -4.6375945432243 -2.02936428120035 -1.14663110596446 0.771097027489704 -0.138412085807057 8.37063064274133 1 483.766882876784
"1" 2.10246010661677 2.10926327952451 2.87593194691172 2.10284887554031 4.86018608669646 6.37441330346227 3.44576059729071 3.62339063306796 -1.42938808655681 -2.2558626402415 7.18726947223661 6.00215884835969 1 358.225971199837
"1" 2.42147045167147 1.68405300374076 3.93524269992987 5.03039937928937 6.62962531786723 12.2566358528796 3.32003839557518 3.44140330843666 -0.121384320311372 -1.06919381944541 2.73427071650273 -2.40828138625191 1 310.64008470952
"1" 12.5654387461138 12.1495470029867 1.99609937701719 2.67950319554466 4.24170749789906 7.1804246147843 -4.34534466795865 -1.52056938229707 -7.09913946117276 -15.1057885613823 3.39208067195726 -9.24348020262163 1 537.858246492188
"1" 17.0349151040408 16.7000172039742 2.12953743007067 5.67375893267624 3.90019925458899 14.5860431040492 -3.65596826181557 -1.90817627638684 -3.69447955896249 0.446521187363998 0.528545646458822 7.56859811157715 1 508.11321242457
"1" 2.4093522758317 1.77038889192585 2.36214553176295 4.5003361180165 3.81781748043949 12.59502292278 3.61242818472951 3.75291421704517 -1.95770624325854 0.325455251402311 3.91430232301427 -7.92647538011158 1 345.362684258608
"1" 2.66867893699763 1.22902707298235 0.384469254219041 2.01015315694941 1.22053116791717 5.12995907250158 4.06574872822726 3.8262563606507 -3.31493529053655 -5.35322666722202 4.68382296142137 1.73321826698188 1 222.23232132323
"1" 2.24379218363437 2.1925013366495 3.25867581710968 2.61191301302449 5.91294553211553 8.40118540857666 3.66199921805752 3.5808441367211 0.376156862091271 -0.000472639393819607 3.52755678350231 -5.03232359756411 1 325.022658581874
"1" 4.16848055421013 4.45829385592517 3.64398065472213 5.21271135081853 8.37329387899173 11.7845340755906 -1.75147864825195 -1.04632502156469 1.88628674324958 0.47839410651545 5.97224482680383 -2.57909076619229 1 465.620243752931
"1" 5.89628038262416 5.5325488849002 1.82531091057165 2.83484848237587 3.86038465973397 7.7551816666882 3.68464091036138 3.66593474343123 -22.4918831199256 -1.45576323983956 14.5630715990969 -5.59507433241331 1 485.447937741516
"1" 2.4311405172311 1.81124870709114 2.10821181175162 2.83076977475399 3.62562829219295 8.02408713770071 3.58009155703468 3.69710523059294 -10.30092496101 -1.31325154211947 6.05969982969645 1.31934513957747 1 327.825433105039
"1" 16.0787023429755 15.8227381850091 3.05986567405925 3.92419586249391 5.8998571905387 9.59023385606324 -4.47031656867422 -4.63515933773745 -0.704189154113841 -3.38412182137193 8.6499939279435 -7.54508346481535 1 505.046189420741
"1" 7.6738390064806 7.47411468521624 3.20084657140997 3.78339993909068 8.02662354540231 9.1712397585713 -2.90072011351801 -1.0855663684607 1.4285573080194 0.592416627006428 4.25067857776056 -5.44494304566335 1 497.414409396463
"1" 17.0349527424123 16.6824083913141 2.74166006044494 2.59264345734106 4.78329274352979 6.78386702052833 -1.32987777153727 -4.782867118577 -1.50222372036007 -1.55387491770394 0.962791000479777 -7.27936102261753 1 548.879396186192
