"1" 3.13698269690855 2.45713991405797 2.35387397368604 3.95610643528809 5.06600507442064 10.0112541461435 -0.00273983453462472 -0.515223579416631 -0.325643461786221 -0.0829406683973068 0.160502438566762 -0.608696154186408 0.345957802194245 0.362355704842368 -0.45096532322761 0.189803142665938 1 459.515161430441
"1" 2.91926255028551 2.70732807292019 2.53551516333509 4.01071203253224 4.92754549474046 9.93065340261431 -0.0407790258973011 -0.533578819600876 -0.255848372748069 0.0638434783522542 0.20582867339627 -0.606543633045058 0.329379749886514 0.363734968366108 -0.437506008658471 0.169946231853401 1 503.747348454048
"1" 3.1030697983742 2.51693116632859 2.8341068376817 3.83792909187946 5.03306545946808 10.0519165727293 -0.0370254242403451 -0.526865396025071 -0.548687560241115 -0.0567356328171043 0.187162754253747 -0.542968719941975 0.39406015632929 0.307260878239042 -0.487943974958726 0.193633794622001 1 497.222752535508
"1" 3.12134480564634 2.43462040030882 2.54471101141951 4.03754867795617 5.07929995416484 10.0436901284862 -0.0122813541936164 -0.523917573349696 -0.434005261635535 -0.234308706377581 0.191791348943685 -0.602205843190219 0.34066998860414 0.3584840829728 -0.445646694035699 0.176293664127645 1 385.577042742811
"1" 2.79413137847497 2.79596537043881 2.8300960490613 4.10123349258038 5.00719544484901 10.0342597447947 -0.080705097440404 -0.552434561470398 -0.516167009108594 -0.28191445010148 0.264423222827117 -0.56498787311513 0.328733261998982 0.32947551723004 -0.437674538276114 0.177750134548943 1 443.158646014619
"1" 2.84430976357991 2.75790119780853 2.77690217696747 3.8639619242472 4.89185537864036 10.0828666343494 -0.0279311386508006 -0.513930897100175 -0.379550898782406 -0.138403644575215 0.170562442840205 -0.530749936886613 0.41670564908259 0.296163577130597 -0.505493573319828 0.194467911740311 1 459.863880423727
"1" 3.16140651370066 2.50105575139168 2.67787780746168 3.9173542865762 5.06134410456457 9.94151061143791 -0.057525699551614 -0.549317539260192 -0.473347393902861 0.127285108064349 0.217524250286979 -0.615427437924894 0.280142772731184 0.370772525358851 -0.404810026411705 0.214174778902275 1 536.154759114153
"1" 3.0944785241262 2.53884315184756 2.48404124040706 4.19742651535954 5.05930807233236 9.96331014795271 -0.0412624683469182 -0.543483725918958 -0.367116574746236 -0.214230102892637 0.221609458873138 -0.639084805902794 0.289651486284326 0.391809463058578 -0.405143258145697 0.159164403602714 1 508.749874070854
"1" 2.80313006822063 2.79628271587541 2.53770161469106 3.92032865116971 5.02949294997119 10.0000376237144 -0.0290248672430424 -0.524496160807489 -0.383330399381709 -0.0274032798293491 0.188759616773677 -0.594873178574426 0.342165234821968 0.352155041040891 -0.449613926357142 0.186898029735482 1 463.739550073828
"1" 3.04528698460289 2.55532351032177 2.36990157773118 3.91871347988237 5.10320331673208 10.0231811498929 -0.00460946096304647 -0.513619134510542 -0.375718083199738 -0.0722748330482218 0.157395488093278 -0.603745108346868 0.352650025635542 0.357828976255579 -0.456056484458842 0.191086013222751 1 476.466722462337
"1" 2.91235959476492 2.69261368333902 2.37139520468348 3.91523685959206 5.15700507965619 10.048796331107 0.00816769868720551 -0.503543405908237 -0.42734166965265 -0.132938803628493 0.135251668476984 -0.608094411444223 0.36081342722326 0.362313429328162 -0.462294413557729 0.193052730374544 1 478.359796718323
"1" 2.98957516939658 2.61825428801766 2.30046644973746 4.07238897918916 5.20945620420876 9.92434147784802 -0.00463143031201607 -0.520595112615067 -0.435451224370671 -0.00133039593777323 0.173000064301516 -0.656133878062078 0.291110353865369 0.406125342161863 -0.408785165119221 0.177758918107589 1 488.483776402232
"1" 3.07751068106289 2.60188902850878 2.61958682065933 3.80791485297298 4.95832028954021 10.1459775403432 -0.0398953516437041 -0.504761556992686 -0.382625808322913 -0.167176711189406 0.256251708155023 -0.618916305963075 0.476698469819119 0.329999192451092 -0.514193079549469 -0.0726745454827552 1 493.496636058095
"1" 3.17628425821729 2.43360841595882 2.48782386026721 3.98597578818734 5.13086061874858 10.0153980933364 -0.0128888206734513 -0.521120851857351 -0.461555729353184 -0.118664288842915 0.168952374650115 -0.605098717883438 0.342673350915095 0.360327073201914 -0.448289474668251 0.191234914886807 1 495.895034709361
"1" 2.91240946529987 2.72550884705216 2.59221232198843 4.14175014938178 5.14480236330026 10.0071064993195 -0.0307347519120414 -0.530178819854203 -0.504848406619694 -0.252484574663975 0.19314486338231 -0.626948505497065 0.314441549542347 0.382474194342476 -0.425842133620802 0.170546893858036 1 506.90445881752
"1" 3.06872949563904 2.53112255133673 2.47944904630121 4.01903759494249 5.00393550356525 9.95357811304989 -0.0256861823959299 -0.530780814736933 -0.316287957711754 -0.0305867354655932 0.203168549447438 -0.616794497954662 0.327245243243306 0.371672220311591 -0.436406503482402 0.159273935949044 1 476.098213202617
"1" 3.03924605412451 2.58422844436122 2.62130999261093 4.12994363613587 5.12658344130059 9.87875788195941 -0.047586862673894 -0.54458324977772 -0.521768317422251 0.0362191113451722 0.225651986056691 -0.629895158301643 0.295476829480514 0.384434466729275 -0.412381756356816 0.15933332698698 1 494.472542190044
"1" 3.14561611115153 2.44137479372564 2.38063213234177 3.93656374092901 5.21060151730712 9.96733227961231 -0.0142555884757287 -0.524709962863813 -0.480187810755836 0.0384210796427416 0.194914384397568 -0.620378074646401 0.343320240353982 0.370361828819929 -0.448179515788169 0.142391288949421 1 452.429653537827
"1" 2.99748765344102 2.61842538164973 2.45782620718814 4.16755054772106 5.17529724528149 9.93679975604665 -0.0291178147479498 -0.533317582497498 -0.473589013133528 -0.130818646392605 0.198485773842796 -0.635756930529035 0.294381915951122 0.387630431116359 -0.409452746363723 0.183178446393358 1 490.154918527094
"1" 3.07121184682986 2.6096710120335 2.82344983842046 4.10202499138817 5.22108773624096 9.844435979203 -0.0990115948827998 -0.524528697177427 -0.173789851009151 -0.0368444097277037 0.319830425141243 -0.830712568452742 0.318012805388761 0.452052362606004 -0.293207574246011 -0.218241736511682 1 489.20121032986
"1" 2.97690030157576 2.62032345184908 2.59723021355546 3.80879967286399 5.04756408699084 10.0204412084291 -0.00750203259760884 -0.510807564091103 -0.438590558184413 0.0466599471592662 0.156594389947481 -0.57764725657418 0.380222164317538 0.33668951292813 -0.478202465661158 0.189974814979598 1 460.232756231344
"1" 3.07261016651201 2.53101375311798 2.43371471292999 3.88684655147779 5.08231858487548 10.0283907807173 -0.00329165907341332 -0.512384803784766 -0.388405166886977 -0.05686766120403 0.152126792861081 -0.594722276198839 0.360212859089768 0.349676092371448 -0.462439077715262 0.199113064703189 1 492.266595659567
"1" 2.92626483825194 2.67677965377864 2.53787927231823 4.06298656661889 4.87391842145842 9.97338053341538 -0.0525940535021929 -0.54287030199343 -0.20615418354119 -0.118360494178066 0.229240784295373 -0.599465596138223 0.319769307782313 0.356971829403591 -0.430704335256529 0.172256545743862 1 474.079497667854
"1" 3.10551483372241 2.49861639537889 2.50167284218789 3.95130509307291 5.02477158308505 10.0732267289909 -0.00605035342605678 -0.512810750482843 -0.368336895210047 -0.214845109412501 0.156522704566654 -0.586760631765748 0.371752484238464 0.343986043983579 -0.470009193051202 0.190193136696199 1 476.283293070635
"1" 3.00192628526274 2.5925183544781 2.5838017641199 3.85365050174088 5.0923743520972 10.075152004481 -0.00275731627250858 -0.507882642122058 -0.478865084135279 -0.129157852162251 0.150299360529316 -0.574772161779601 0.386733441744464 0.333610565016572 -0.482290823766662 0.192028289907013 1 430.003553064404
"1" 3.02043480813637 2.52917282901142 2.31179409591218 4.01534537052587 4.98073714283885 9.92002653223369 -0.0167078424363496 -0.529494913816318 -0.205613004952753 0.0609903350179906 0.209053024740117 -0.633502471354838 0.301527601049833 0.384771506294221 -0.417393582880593 0.164242604526821 1 413.683783761786
"1" 3.02216776047135 2.54604660129079 2.40893134575193 4.20112004043084 4.85749329175303 10.0625751636341 -0.0326170557653153 -0.536976363196556 -0.128172526154259 -0.422750325820917 0.226082672268663 -0.616306593163327 0.319335669754558 0.370547800522257 -0.427493634113864 0.150648351754071 1 434.463315269808
"1" 3.41424585950266 2.18276080641505 2.44900444887605 4.18263579735505 4.95258337607436 10.1245127446152 -0.00079190277560116 -0.529409491797324 -0.276608836655484 -0.503521201338444 0.18003003846608 -0.61701670875084 0.353065316632372 0.368300600219845 -0.449773970358273 0.152466492321913 1 474.080152793644
"1" 3.08752281966285 2.51961018015361 2.4543958548607 3.88376229737029 5.13218721083999 9.94775188363811 -0.0121172248673011 -0.520214047653709 -0.442603733736498 0.152230533785269 0.170973781313413 -0.610813966326365 0.337748914705194 0.365393418681191 -0.446231081665811 0.185938484675531 1 497.526822577003
"1" 3.13643446556983 2.46322183537601 2.8638613413709 3.93780853678023 5.00090653077495 9.83489972085649 -0.0570244343155651 -0.5522463857017 -0.507118131520537 0.384291977150493 0.242537752114959 -0.591557351445982 0.312203244119555 0.351918012055963 -0.425445214027751 0.18132876988625 1 473.804608877765
"1" 2.93353954494554 2.61527877709902 2.64208566670361 4.00942432419158 4.54127253520918 9.96262892993785 -0.0773890031081197 -0.557609460229289 0.0897425014145569 -0.0344724390849237 0.27427633508766 -0.56175047360814 0.322107476772995 0.324498486275015 -0.432345883419751 0.185848949706016 1 436.014787200411
"1" 2.97585510078606 2.65511118826684 2.67102738675123 4.03351805632668 4.96393469740658 10.0663796554738 -0.030868759529613 -0.524115210861779 -0.365971705666206 -0.281669916372845 0.175737271650843 -0.566983226256419 0.371214747944516 0.325325171140392 -0.470309050809959 0.204286693850138 1 523.549682215198
"1" 3.14360465159297 2.46705190387822 2.51543687310587 4.16506792478801 4.71230945818369 9.95473251132959 -0.047294747416773 -0.550837526463727 -0.162087594727694 -0.136360893036258 0.240705683297169 -0.623441889316119 0.298377959339266 0.378944065155155 -0.411897606538711 0.151827393782437 1 489.177068912622
"1" 3.10046370624964 2.48198172222348 2.44655543435723 4.2399534501317 5.03985502725635 9.86671474150515 -0.0386723907431963 -0.547259109236878 -0.321751358137603 -0.0250618249504598 0.23725761015896 -0.651421476795838 0.25582973745123 0.404149587404401 -0.379784315471695 0.168807353094214 1 455.033158027554
"1" 3.01253250964861 2.58505256617288 2.3455740474631 3.81963067804363 5.0301921596475 9.99157845317043 0.00375619945021489 -0.508035583887289 -0.27554536068257 0.103191726220885 0.14686151252566 -0.602811989543808 0.361586783734249 0.356783166178358 -0.464407961188587 0.188743156987354 1 484.600097825149
"1" 3.20009791359625 2.38815755762478 2.59840716048461 3.91503224959356 5.04703426609264 10.0783226597063 -0.00415412985318658 -0.515556447035487 -0.452150791569152 -0.179541850571091 0.164568178348482 -0.587826981306972 0.36802807433133 0.345539091559147 -0.466551822392558 0.186107796631547 1 439.095448062115
"1" 2.88372649009026 2.69418465272006 2.46113297673846 3.98973212780643 4.91181056045445 10.0844879513821 -0.0094451079873875 -0.512521571967029 -0.221911644028375 -0.272506491341338 0.167392706882375 -0.580255694985694 0.375583054979416 0.338023929727495 -0.472337905830265 0.184857551943686 1 413.155976322336
"1" 2.75728799944926 2.81739782043718 2.67982149865246 4.0546171757732 4.94428301420103 9.87606604511299 -0.0646955955915521 -0.541487728577977 -0.349439194631653 0.0125177884849813 0.25024913938674 -0.590357830414168 0.3126097536036 0.352248424960243 -0.426721020827113 0.172420277956781 1 444.032938899225
"1" 3.22935280977569 2.38220260563181 2.58661547763455 3.86708395338369 5.0672311565926 9.97896808942641 -0.0185049828679929 -0.522270440073661 -0.450359488020478 0.095313302565939 0.173857971998428 -0.581183729656093 0.365237265638656 0.339436048934089 -0.46693560974184 0.190078191216459 1 508.978337429782
"1" 3.01572126549595 2.58342789600511 2.40431141487945 3.86066029199117 5.03880828512652 10.0552732699917 0.00500109502635521 -0.504932980092128 -0.331524612871044 -0.0917793059735476 0.139581304171548 -0.588180465415193 0.37738057034691 0.344525776783541 -0.4751564767586 0.195930414473995 1 470.056263293704
"1" 3.03950555593773 2.56785374833166 2.42388711615776 3.87822205289775 5.02725899992617 10.0706962520721 0.00068144357190123 -0.507225458854712 -0.333502817703906 -0.145587121846654 0.14348772362159 -0.585192623290686 0.380429055498638 0.341643016485603 -0.477231825226794 0.192797304240226 1 505.676349914178
"1" 2.96614260309578 2.65118611616665 2.50547394225284 3.93260129511501 4.96607340022943 10.0116232219374 -0.0206313297779908 -0.519747630620208 -0.285147416439427 -0.0469242057501168 0.171906337097145 -0.573842672890214 0.375483529694838 0.333682715306663 -0.473291502630534 0.188823881586493 1 502.419081831613
"1" 3.10650392291142 2.43321363872997 2.63809830177007 3.96519731072004 5.16423884986863 9.92084288932683 -0.03486756402489 -0.581725762420464 -0.260884530634458 0.184870725961179 0.407196101937658 -0.607177386911824 0.406240183435436 0.392937116725582 -0.518224708687315 -0.299169671035277 1 465.001893496888
"1" 3.09067892765198 2.5089090908194 2.77926242890007 3.7699487573084 4.91978440441515 10.1004970923387 -0.0159490862116052 -0.511598777841963 -0.415736752936781 -0.107918943271409 0.161094446996083 -0.525555545876391 0.426500822624554 0.290807102345851 -0.512963822067342 0.197404118368291 1 459.397289060933
"1" 2.91114969547377 2.70440390601025 2.57176421030333 4.0280022586678 5.11771934436583 9.99310436003715 -0.0371300560043184 -0.531453115599276 -0.489352126891741 -0.112628484667595 0.199757807601814 -0.599536485595643 0.331269759507713 0.356414617274475 -0.438795668242641 0.186276412533507 1 488.131588507389
"1" 2.795547036104 2.80779086141515 2.40668498877247 4.12977135873312 5.2056221221241 9.86050301164387 -0.0393239889546511 -0.53887650003267 -0.471189770522298 0.0862071676145538 0.227669115842015 -0.663623482107044 0.254951865767032 0.414942660521028 -0.381255017665609 0.156680506550646 1 470.736629397665
"1" 3.01573931788594 2.50102330909306 2.61332560709683 4.37344125031144 4.8653194935672 9.80210077845643 -0.0522604060177109 -0.559963357741679 -0.182324141372216 -0.0313737492969618 0.298022534803584 -0.652156842295763 0.243792778228861 0.406992811093944 -0.369704047275918 0.112240476812891 1 427.204131577648
"1" 2.89065285071309 2.74520561920966 2.5659859837365 4.35565162239581 4.96493463696569 9.86202123317992 -0.0830019128591197 -0.567741179642864 -0.309713661424525 -0.180167160393322 0.282508892907033 -0.650963318457103 0.230440556659766 0.404803047481199 -0.360811308671099 0.154778068495948 1 496.946002155557
"1" 3.07967721585162 2.52110042859558 2.53740150817371 4.14621289024567 5.03454823419542 9.96112459704559 -0.0504366806996079 -0.546443186672692 -0.379660836625805 -0.15590861372332 0.230697236836899 -0.604933737789377 0.301336701963944 0.359664228318869 -0.413759288381519 0.193934435662328 1 470.137155736691
"1" 3.14269600403547 2.47729855377669 2.38497041441207 3.94026371228303 4.89800718022848 10.0074643571929 -0.0182017944854172 -0.523449734785964 -0.2076934855871 -0.057768698858697 0.174157970033131 -0.599381354469412 0.350322111992681 0.353833231403111 -0.45410674273117 0.185340667436831 1 534.664385694692
"1" 3.08412717785463 2.52861776502293 2.67222934472711 4.15793696773429 4.89268280210535 10.053541785111 -0.0244767004960368 -0.527625493362554 -0.303945413492049 -0.385168133380242 0.187548011068557 -0.58705853041104 0.36009525211842 0.345910977527081 -0.459417636979925 0.176278653658531 1 476.859691992899
"1" 2.88791506835482 1.34939759488227 2.75500049118683 5.07365289504627 5.14293450035358 11.4270023024856 3.51480697248728 1.16170121911645 1.05048692854739 -0.66942186670805 -0.452750804090472 -1.70581451849701 1.42478026728024 0.555996296991585 -0.911568215487747 -1.96766062161702 1 388.339104179113
"1" 2.66366906862969 2.90607320421221 2.16836315624444 4.11826304058758 5.13389089310064 9.98275955506944 0.00515558511847846 -0.509301334284788 -0.289693577407817 -0.17991342100934 0.160884157050794 -0.653825397248586 0.302094860445122 0.402456948814344 -0.416797342427423 0.179911973420079 1 391.465256247986
"1" 3.0421563051009 2.5584755220037 2.57046723821806 3.89958285066893 4.93900316864675 10.0592351003741 -0.0148997273103911 -0.516876514387756 -0.325437858698515 -0.139156631361972 0.168273818837745 -0.573195048909907 0.379226584140687 0.332039040431676 -0.476105950583398 0.188779299711374 1 471.592568080137
"1" 3.09544543503866 2.53563398605287 2.67291759934829 4.04830207349536 4.92652733478973 9.94599875952352 -0.062907305333296 -0.549693917145555 -0.353456296526258 -0.0172061104031969 0.234338354556124 -0.58187473880828 0.32587708235574 0.341669756758098 -0.434957634082815 0.187831226557558 1 508.946856755512
"1" 3.22842029505658 2.4177780893031 2.41222501088206 4.05005258315026 5.05683543927361 9.96220105739183 -0.0198451319795478 -0.536399447757078 -0.334255133270207 -0.0334763924498773 0.208667789921465 -0.676672626036016 0.27537510777118 0.425160168964466 -0.391514427080728 0.12932008816041 1 513.636118325187
"1" 2.93907357348811 2.69385021023975 2.52711549224507 3.92861750376189 5.02538318532993 9.99955655916794 -0.0318761255558973 -0.52687881651345 -0.382105226142002 -0.0350349088505945 0.181006885140345 -0.592850029486335 0.34504691306801 0.349956250189172 -0.450535567748866 0.19496563461444 1 548.404663390058
"1" 3.02826729934739 2.55275344281764 2.53157152340578 3.97188582274235 4.96572248688157 10.0745972704593 -0.0160495436062407 -0.51855027850739 -0.32519038499155 -0.243335944200935 0.179224553288804 -0.575503979636847 0.375727053871255 0.333903804054695 -0.473013732616905 0.180043775384593 1 428.597510357095
"1" 3.1708376977112 2.4067083832862 2.64161269661005 4.10710684928054 4.98797292975502 10.0870963195645 -0.0295502722799607 -0.535952833914671 -0.344614341481051 -0.396281958642981 0.213886114361283 -0.575503014672097 0.364068581806892 0.336115471501806 -0.461588545501278 0.162573380260327 1 445.078232061091
"1" 2.95750715106973 2.66260945133703 2.48966943963412 3.95279142624899 5.11685875861274 10.0424314974732 -0.0132091883954129 -0.516849379788007 -0.447578243824379 -0.161335119383258 0.162163385068112 -0.602823829041871 0.35123357874717 0.358581739782023 -0.454763087756488 0.188740273110157 1 517.857042823471
"1" 3.03216379684227 2.60475489740927 2.48914533115392 4.19016128841929 4.98297187592735 10.0374346220052 -0.0421060631351044 -0.539334099091907 -0.304341800232985 -0.369233900447022 0.210299645476898 -0.617811554169573 0.315810243291655 0.37243749355558 -0.425074008011604 0.169439325470701 1 517.088782974846
"1" 3.01608426561651 2.59797660942151 2.36894391488086 3.89218880986029 5.08897812306316 10.0381543667651 -0.00829468325953899 -0.5150869623845 -0.360883554707678 -0.0943329381983543 0.163949278819565 -0.614925215151898 0.348683180903047 0.36950102023688 -0.454882678935719 0.169491419858822 1 528.267869936701
"1" 3.1935236635219 2.41307878924241 2.51536383389307 4.11190665863694 5.18133651947755 9.96241752662912 -0.0232357147478851 -0.534875923077436 -0.514630510688047 -0.119478183480964 0.204441516562958 -0.640469071943092 0.294330358919261 0.393094460600398 -0.409804847596554 0.167276173904453 1 477.812753394435
"1" 3.05967035665849 2.58191887874399 2.62186340630224 4.16206911318782 4.8899858875885 9.98081693545183 -0.0648688233845063 -0.553136093295617 -0.27047589502634 -0.226008585822603 0.241440933968783 -0.607499032649884 0.307438362329209 0.364581438595549 -0.419253293891895 0.165335249712675 1 510.42459003871
"1" 3.0310747287529 2.61761748328928 2.76727628335265 3.97457320478369 4.89614658718127 10.0669612248944 -0.0502708220699559 -0.53393534294282 -0.360999690914936 -0.229484881144594 0.196821044753444 -0.540343207519952 0.387429368104474 0.305452578370654 -0.481419106539035 0.199216384410081 1 528.647565243842
"1" 3.03973159251178 2.54073381885191 2.45877876151066 4.06807652807059 4.95171973794406 10.0335251765359 -0.0202093005793054 -0.526530030963855 -0.257990756067942 -0.24641919605608 0.195116090187525 -0.603643474292096 0.33805409959833 0.359064237002105 -0.443063949033901 0.175550188905259 1 439.88874001252
"1" 2.95810411069888 2.6593606593477 2.58174529235702 4.07597159365136 5.11671422895633 9.97946417136792 -0.0360127593782393 -0.532710750453705 -0.486889153152752 -0.12976151761085 0.194961374208347 -0.60348290715687 0.317343934134761 0.360380977159899 -0.428250491828215 0.204971218097072 1 494.915437300453
"1" 3.20837575723689 2.40612884100169 2.48459703442753 3.88814613453244 5.12199629683659 10.0136643224965 -0.00408151847920223 -0.512865869144808 -0.461050980778484 -0.0787822183620331 0.151424819867172 -0.5874515887587 0.373557971674823 0.34451952043363 -0.472175702596556 0.190840956369153 1 527.140423996225
"1" 3.27255796389966 2.33910031880007 2.61375755316803 4.0093414973099 4.93279270976331 10.0414557824875 -0.0296058683267054 -0.532049536513661 -0.320541103321349 -0.195944056048692 0.197490049885588 -0.579295597808052 0.363610412443258 0.337903864210032 -0.462641371143956 0.174210111137184 1 489.037428957228
"1" 3.12004969433722 2.54459067420418 2.47113670446317 4.21917233346342 4.9640263038162 9.88952414254068 -0.0615352734029765 -0.553823399275572 -0.261795081640858 -0.143060291516628 0.237550372069234 -0.634656123682294 0.279001164689423 0.387269030797935 -0.395484341421623 0.16765191830403 1 538.257329285854
"1" 3.14879940390159 2.46393259228681 2.543765425461 4.12711789636044 5.09731980357001 9.9853854634587 -0.0334174666835992 -0.536023505772347 -0.443923553550975 -0.19136727013637 0.209781182040193 -0.614076650366636 0.329570628826029 0.367231902537658 -0.435459374191063 0.157477999147815 1 486.261664338272
"1" 2.91355589960888 2.69702852941524 2.602069448624 3.93589947822535 4.99417788927209 10.0216233044579 -0.0392141296723627 -0.530114277550923 -0.388197100936258 -0.0827011048520209 0.190433929164828 -0.56462924424101 0.351919153934547 0.323574607390322 -0.456702876859926 0.221881904127985 1 485.909203480222
"1" 2.93078123218933 2.66673833905945 2.47012959491236 3.86625283408723 5.0452576155844 10.0422204070912 0.0021330668535641 -0.505139916528358 -0.37464872653545 -0.0666739708637708 0.138715815505105 -0.58394541424125 0.373268974570684 0.341831566149186 -0.471783136312092 0.208604569546876 1 450.158340483222
"1" 2.96209599870973 2.62907104928738 2.46471560421855 3.79180099909845 4.97746532925729 10.0578240513701 0.000908254147634536 -0.504459948235875 -0.304313198811536 -0.0319717543947602 0.144018856796735 -0.569943576282166 0.393583832470485 0.328546022739957 -0.488098360471763 0.195662311666179 1 439.624633692547
"1" 2.94278726689085 2.67613704338603 2.6660807110843 3.90009011811331 4.83440459551662 9.98219660211798 -0.0558855847804676 -0.538617469295885 -0.262430125749956 0.0304403683198117 0.217611451626153 -0.556430657329256 0.361317819486576 0.319755981589403 -0.4633868650999 0.191091569480389 1 500.914036314765
"1" 3.04931079799131 2.55080988176528 2.47749684323404 3.83724558543232 5.08248505805926 10.0401471935607 0.00078916473430359 -0.507376739889223 -0.411461158374762 -0.0372872071532407 0.145119570843329 -0.585151635806402 0.377748527434824 0.34204061828234 -0.475884695703447 0.194339430205614 1 470.672724711854
"1" 3.16741087963137 2.63754123907883 2.56363101250808 4.01692473992702 4.73127428236164 10.1212607195824 -0.0757525373808896 -0.545927923491093 0.0072724416989093 -0.315978281738006 0.322454534889133 -0.704232504722772 0.346024423056942 0.435625045352579 -0.431054436267219 -0.16720903645349 1 530.433909618985
"1" 2.97896913508619 2.6275614074734 2.60616820702305 3.77957854366963 4.91993930914395 10.1071041241424 -0.00590728824235898 -0.504505720262929 -0.320981358931098 -0.133381529129615 0.142336706689343 -0.540597064457315 0.424119370309962 0.302910714292217 -0.510857483447129 0.197132573030143 1 491.757396421117
"1" 3.0846619559496 2.55466957966947 2.56538352527993 4.14616540814606 4.85340373639222 9.95833934344177 -0.0525388726490837 -0.548183117818173 -0.130137703216307 -0.145589618146783 0.227480280675633 -0.618208484481654 0.304596329691964 0.372559598063541 -0.417486870104339 0.167038960771395 1 518.286502698073
"1" 2.8989306404908 2.70563954264191 2.50107565780307 4.02306856249193 5.00234957635029 10.0560010332028 -0.0190227606251062 -0.518818850950783 -0.338453559332215 -0.244369729857685 0.17494739118781 -0.589883404459573 0.360281934056964 0.346956720568164 -0.460870088462719 0.184318817354166 1 469.166414054518
"1" 3.01247681827892 2.56756385126828 2.46875039086303 4.18677962484388 4.98172574925523 9.91216677436738 -0.0421064660257796 -0.546042918617942 -0.279214095118346 -0.0876347413200627 0.244768008671432 -0.641623581579389 0.274850245588981 0.39443931766208 -0.39544459141403 0.149758507747795 1 454.720656493268
"1" 2.95654065784557 2.6705862115545 2.71205394049595 3.95251658478261 5.04217315697222 9.97085154519773 -0.0285831398368957 -0.524428588606915 -0.483105195618681 -0.0108338797282956 0.180179148319998 -0.580990781235204 0.36142441135755 0.341363507486651 -0.463379331867262 0.188477557807703 1 508.177529014938
"1" 3.10971948528522 2.52148165623786 2.52606466200078 3.96143990927632 4.99476683380627 10.0514007475202 -0.021813274761264 -0.52338278232812 -0.334872840202802 -0.182793513141067 0.171572406115366 -0.591510311740761 0.356598594759168 0.347773993511811 -0.458961519678684 0.190398146208519 1 555.529239760323
"1" 2.90262750929315 2.68395771882101 2.56536812689492 3.88878631355088 5.01413984246053 10.0544075752508 -0.0146550214816622 -0.514652463640099 -0.386907830098301 -0.113359151165259 0.167318062451596 -0.573299328199934 0.37202755850662 0.332455566727826 -0.471850195559612 0.199094059202299 1 424.243804563319
"1" 3.07635605284793 2.51707793084841 2.55996669833099 3.9311185884083 5.14721464312075 10.0338826803847 -0.00926840263827246 -0.518252204858099 -0.509398100028701 -0.110120470636814 0.168132469375784 -0.600038814137127 0.347867730218069 0.356380362338691 -0.4532152671585 0.191337797296985 1 441.447391665462
"1" 2.9888187561834 2.60215231805937 2.4407100468008 3.92711518859554 5.07725594618333 10.0459842177374 -0.00503238385816346 -0.512688915919306 -0.387406842789475 -0.135956791826037 0.15604774480142 -0.593851059613405 0.354696773353473 0.349241765783814 -0.458380465212796 0.204431642411126 1 431.919216267512
"1" 2.8823922230234 2.72190314160571 2.31981012823989 3.87251700291107 4.98927429965607 10.0527692719741 0.00482427307900448 -0.503338925628794 -0.233510593693329 -0.0983360748418808 0.137120443278462 -0.595591348168457 0.37316185796432 0.350595790557376 -0.471976639191481 0.193275078323927 1 493.924156767971
"1" 3.03888561493464 2.55989719090437 2.53183823256611 3.8239808911942 4.95402113067696 10.0828486336452 -0.00559117196701115 -0.508683089873584 -0.311883005955231 -0.11973161701253 0.15011015468345 -0.563740735351405 0.395313429226698 0.32386683029467 -0.489301809766912 0.196303450609495 1 463.857633206339
"1" 2.9708221415244 2.65620543483155 2.32748439471211 3.98118589710671 4.98425538206503 10.018723772391 -0.00599226022401507 -0.51428743202653 -0.212361846396381 -0.120950891848329 0.15543360110844 -0.610494803972533 0.351310393409526 0.364844278204711 -0.45446000361582 0.183661019367851 1 544.751185317891
"1" 3.27128418704159 2.50899223045413 2.76078641418498 3.95295964408422 5.02198988247331 9.90358676561146 -0.0572910278371103 -0.54553580098497 -0.428629515245014 0.197141670650702 0.208658002830608 -0.613147557903026 0.357943498640219 0.370561364041754 -0.463750108608397 0.108021854754405 1 570.84444691822
"1" 3.14378511134251 2.51363506012399 2.41657310518138 4.04120554134738 5.15472241364482 9.88017884155754 0.0350232457139842 -0.50744035233431 -0.262230136225049 0.336422264035299 0.229925698701508 -0.855704560981484 0.146008703840929 0.562110559946124 -0.26443229702827 -0.093677206569968 1 495.825981865039
"1" 3.80021691606878 3.70140788500183 2.372567844984 4.09967990359208 5.48650278692359 10.0782099309103 -1.06246083899594 -0.794565388058463 0.174540927907205 0.140104632860508 1.15389307114694 -0.61326659821847 0.552377452639333 -0.194676105368339 -0.0835575841557879 -0.873661000330146 1 541.691529092894
"1" 3.04052914486339 2.58172269151681 2.51673300796566 4.25870425378404 5.12258869283806 9.87775212509073 -0.0241660932445534 -0.530849721765196 -0.445050300847962 -0.0357940192316169 0.198560984259196 -0.646615539625398 0.295329400268211 0.399577381940124 -0.412527269986514 0.158855865574166 1 492.763407541786
"1" 3.0825631962685 2.53396185027915 2.49807102238051 3.97786561364576 4.99762573862106 10.0252822428469 -0.0196529906271341 -0.522162909201619 -0.337294166232524 -0.135530813624674 0.173529874317252 -0.595826537066336 0.351072969666382 0.352612541737254 -0.454242560749322 0.189183589358948 1 522.891419323079
"1" 2.8463732170329 2.77312633790913 2.43478013445259 4.04570850903267 5.06745924698424 9.82368821917499 -0.074890799676049 -0.563903122259429 -0.342282802321846 0.25492866328542 0.277377906065567 -0.664363498485686 0.214712134375726 0.416863315213876 -0.354878809391491 0.153361569841906 1 493.585599053442
"1" 3.15191275866194 2.5910747557102 2.60298445553376 4.22790645768707 5.52406314058422 10.027140640765 -0.0955832511448004 -0.530235626442698 -0.703410608281697 -0.320384923433558 0.288945755661857 -0.703586139832192 0.323683492668652 0.369570242540837 -0.376352047931436 0.0334873013032003 1 511.201351972199
"1" 3.05337003376247 2.56140608544955 2.31585276456067 4.01133377572514 5.04770903723255 10.0133312372979 -0.0169825768578496 -0.521604154321379 -0.283509584049021 -0.132452856394467 0.182601853284589 -0.613251313047709 0.35187409751325 0.364307341743676 -0.453041526480194 0.155235895729813 1 502.281340312931
"1" 3.36245423836424 2.47200028822805 2.63256830970763 3.86575524888035 5.28660822093534 10.221079107224 -0.0832311672055902 -0.538524335273129 -0.578000409695426 -0.428813232159356 0.280729163679341 -0.718647903391487 0.361728454264584 0.436630462029092 -0.42971725190197 -0.131180332295468 1 553.154512249141
"1" 2.92622930914502 2.70006129434079 2.77001829789959 3.87167087570223 4.86084322103926 10.1604968334064 -0.0244696361745475 -0.513051759470836 -0.343811243025196 -0.329707696868316 0.159478187402364 -0.528312985752194 0.42897958974432 0.293156176212664 -0.513176269651125 0.192313573169955 1 511.209554099289
"1" 3.03479255219633 2.57748946405908 2.64505812626757 3.97720826178914 5.04080606626441 10.0834898433134 -0.0220909744531973 -0.520680667319815 -0.454827757985374 -0.26375746757203 0.175591161135554 -0.574067145788662 0.374828171688633 0.334015470486052 -0.472199685946259 0.186159456215773 1 482.110402305754
