"1" 13.1674596239329 12.7689801311559 2.09991480970647 3.49530985281963 4.26204714941783 8.75127462667391 -1.99928114130859 -0.635001137601849 11.5063710528447 1 2962.40225037627
"1" 1.94381682895038 2.03698187122607 3.91330299287916 5.35214978667872 8.92212671491188 12.2035889612929 2.59590137860608 1.23078334489541 -5.1917517005329 1 1871.34329158795
"1" 4.48336132273965 4.92177136844015 4.05889605304373 4.08279160868923 9.63220622046552 9.77161295927172 2.28878416069226 1.31938456183423 -7.12447939090591 1 2491.61157798358
"1" 1.50316092262164 1.80303279115274 3.80067800362768 4.61184893222517 8.43831269756679 10.2783246999715 2.1714304000609 1.0031928206288 -2.51956427133492 1 2488.43154557165
"1" 2.41016275774754 2.01234725192689 2.05540251166493 3.54979284902439 4.22713945318519 9.30049783827745 -2.07086863249874 -0.786224221198969 6.86875876027626 1 2819.85826705956
"1" 3.94072710203651 3.4782864164567 1.98518514002483 3.34781536041331 4.05968873231617 8.43187727842124 -2.0951113794449 -1.35764265056339 7.5717068314432 1 2924.32853532706
"1" 6.04447563848648 6.07857514591718 3.83895565951319 4.49058760430594 8.82326048176798 10.305194488101 2.2910880480716 1.78750707941569 -7.9903509190938 1 2009.95090108168
"1" 7.57162223283994 7.46942546731941 3.96696909322311 5.78848256857644 9.11213571350189 13.2726007955244 2.31289400809536 1.46671579811069 -7.79358229709491 1 2377.06125833643
"1" 5.32664403171402 5.08683277146093 2.12320438700058 3.75993822756701 4.21229411249744 9.2577529558944 -1.36306814664286 -0.35780808568558 6.79803773783246 0 2955.82686367797
"1" 5.20011797347229 4.51329083966029 3.52149018520299 5.35323937732809 8.36736751597961 12.7028834582621 1.98782352582052 2.06525859508872 -4.99557838064465 1 2306.33544645007
"1" 2.10946186208044 1.92536921603886 3.69211036952923 4.66972337274406 8.41206395966185 10.4871514111052 1.95773104414318 1.61335700033059 -2.96388565237508 1 2396.21920692308
"1" 1.9982991062128 1.64989572081121 2.0413777114468 3.38374961593098 4.03102480603781 8.71583383004911 -2.36719086856127 -0.59661053899337 6.67697672723253 0 2788.86139285751
"1" 14.9879615654965 14.6706413892157 2.29486044208739 3.67284711959227 4.36063161903148 9.19813149677458 -2.03776325148789 -0.731621495695991 7.65027095354783 1 2980.63677460959
"1" 2.69731405934295 2.29176070116051 2.71522144190749 3.42758181271537 5.25564890467962 8.86084448909855 -0.209896177486332 -0.964198951560532 -7.3656598450364 1 2847.41495093763
"1" 2.22747141549062 1.80909141484264 2.14501137677808 3.55146010690792 4.16380490402496 8.8746945923427 -2.11316930763389 -0.61307821673426 6.76453689952943 0 2806.0307533322
"1" 2.93317714038904 3.1406311210799 3.82391729279614 4.68064766591107 8.4199550123944 10.3062768445839 2.06493481105046 1.04682899865486 -4.70329641255504 1 2511.32142101253
"1" 2.07206151910016 1.62814334634799 2.21543549390057 3.69245019189485 4.44242818638682 9.04835349726878 -1.01669197903239 -0.297155517015286 7.13868903586485 1 2805.30032524717
"1" 2.26431698606285 2.52574697984121 3.3516548642273 4.32777722402087 7.84386549747777 10.0429653672715 2.50044893589986 1.62657804213724 -4.52481001107451 1 2228.68368632167
"1" 2.48881122675472 2.07453232565733 2.42298519940027 3.44165212531793 4.66349912557525 8.80142378699365 -0.784693520688507 -0.799583501938158 -7.39960272594104 1 2833.62514998543
"1" 2.91562113279102 3.2524745575566 3.38571482114509 4.0812987858968 8.0172038124798 9.75133144661251 2.48172117627434 1.26805313023735 -6.45791169975756 1 2477.1477495504
"1" 6.6082432013453 6.48624894868744 3.74866482063682 5.02008115847177 8.27296943195302 11.0497041557565 1.85916771898676 1.1110451504001 -6.24909810193086 1 2699.9499372327
"1" 2.843036606954 2.49927019783565 1.92832311529714 3.59717972527826 3.80924129909338 8.91510596904809 -2.05625203059725 -0.897107792373559 6.67085967812523 0 2883.14444062673
"1" 4.46843243169925 4.39851386243048 3.60613292775333 5.16448465115462 8.18371036505834 11.6652240883053 2.0239328537495 1.00122520663956 -5.63351800051986 1 2406.88820903407
"1" 4.42190509059029 4.66441836971332 3.92715385046665 4.01507640320292 9.12367563279521 9.32604221604273 2.45393427220537 1.69489688580768 -5.81357565648475 1 2157.04783782357
"1" 15.7494662218464 15.3567226618674 1.86813748566794 2.92525663354967 3.94201969936709 7.37301599485094 -2.78345901989558 -1.92371451375413 7.39666198808403 1 3132.89484741053
"1" 2.79185492604287 2.73728362690355 3.54835923520249 4.55886502407263 8.32848150863848 10.6692882138573 2.37030256899025 1.80539910987814 -7.11006399898123 1 1985.95633562405
"1" 2.68005927021323 2.49909460147691 3.29019458455377 5.46891256413541 7.5948784958038 12.6112977870661 2.15435847163276 1.35315953166514 -7.63486376408986 1 2495.64234872358
"1" 5.54073510466269 6.09639450124395 4.62768517078381 3.88984776340425 10.2944750069811 8.6215155009015 1.68135120109075 0.768629384680688 -10.8542282880932 1 2947.408307367
"1" 4.0644315276718 3.94043425885921 3.59721843738318 4.50937711435384 8.39035895798082 10.515380026983 2.31396587394777 1.81703506839989 -3.89597644314959 1 2038.6823523627
"1" 3.66467877025836 3.59344842367619 3.65139613568081 4.18085110548167 8.58028126655548 9.80480384606893 2.27462468034311 1.98929099986413 -3.58976739989283 1 1884.97656608663
"1" 2.71015586124783 2.35684983410714 3.00082854612039 4.89179571064528 7.32590519309118 11.8816386550202 2.57468814835314 1.5992990925726 -5.17561886578292 1 2319.20120046872
"1" 14.8453469676071 14.3527726042482 2.24354685821794 3.88441065102624 4.29954118897933 9.6925327371204 -1.60732510502185 -0.759832797343697 8.14559289906393 1 3046.74237741558
"1" 9.63542029089515 9.9742903938178 4.03614468931905 4.67144607558171 9.4712921149012 10.9495553931828 2.52813181985322 1.35704908426315 -7.41895084936005 1 2049.2958019509
"1" 0.539671526930982 0.851895239504463 4.30722219103726 4.52729708707066 9.84151086968081 10.5278226051351 2.49066877108527 1.1175616393554 -11.6825860646404 1 2599.11176895573
"1" 5.11110800431372 4.64686524756396 1.97090784081548 3.46413358730803 3.96901605408867 8.87773821185824 -2.11212780892797 -0.756765376020493 6.74558098852621 1 2955.602429518
"1" 1.7971645180108 1.25834212225936 2.08039378566772 4.00951920447433 4.04049516499105 9.83435624964854 -2.08949477987613 -0.522509530872214 7.04503927377859 0 2713.59032917602
"1" 2.62963893278487 2.28921725472554 2.51287747897503 3.55852266573365 4.74498806153121 8.84157232720178 -0.665871089212468 -0.73501316607481 -7.11059439342653 0 2844.47450898647
"1" 2.88042368292206 2.42906631595342 3.33309051996711 4.46466695658149 7.48909603714641 11.6061364337987 1.31043287331728 0.349962752943896 -10.0361928949063 1 2823.36882328559
"1" 1.91075268433815 1.84880420371997 4.10913836749278 4.75774302701014 9.44892969072216 10.9310277148454 2.22814097395855 1.9553120963327 -9.64323053555291 1 1890.64220013213
"1" 0.554470696405892 1.23290657914794 3.57702187389128 4.15119420015963 8.59939559737843 9.9776610964971 3.02342397848198 1.58312419590662 -7.64612609269458 1 2019.27703793877
"1" 5.98680513075255 5.94217217163625 3.48991639307015 5.37453005819122 8.05572911017243 12.4501584585939 2.21285644749179 1.22178639020273 -10.1152796347389 1 2463.92011846209
"1" 2.3671882972463 2.51275568055683 3.9697149438005 4.98429807489281 9.48206237648047 11.9053571074788 2.50876636811711 1.33153308168206 -2.15828957319737 1 1806.51235344856
"1" 3.46104658862973 3.76476209651064 3.8096031317001 4.66169893978773 8.81690679634824 10.8077126763669 2.62898017889235 1.37020017690657 -4.33481130252466 1 1759.26836229303
"1" 3.83833513593126 3.90686541146681 3.76369343305344 3.94054715467906 9.0402046182785 9.61472355072079 2.07295330930233 1.44350388523661 -9.31800351914912 1 2571.22380384017
"1" 1.59304137999924 1.45064705343619 3.60572258843628 4.97280718695641 8.61968219725442 11.7458322270822 2.24601999793551 1.39925980695193 -5.07217594067965 1 2404.4288943058
"1" 4.65582057401032 4.5922550267992 3.84905332779812 3.76734590964662 9.19481780023929 8.90872196287509 1.71104865820172 1.80423757801256 -4.69040235910604 1 2590.61767727036
"1" 1.77720629586214 1.47983998318956 2.09672269770482 3.68010047310839 4.0654143284173 9.11552040300692 -2.95155945872061 -0.883610474406957 -8.38986391513007 1 2717.48830542281
"1" 6.50413828096313 6.70954939234641 3.38286379100706 4.5379149186055 7.83955638603363 10.6487978900127 2.11295250107312 0.853499787595555 -4.2988055840633 1 2782.56716799798
"1" 1.93552460608006 1.52913007897791 2.46953806362249 3.66101132951091 4.70666035592767 9.19190962784018 -0.448086649878447 -0.236522385933281 -7.25457277878892 1 2777.91583610029
"1" 4.29310547172618 3.8363270676867 1.96241247144422 3.69697568787538 3.94549296310444 9.21722823325308 -1.97563841674518 -0.384500215478047 6.86135542555738 1 2952.01491756433
"1" 3.34677178999063 2.87664820074225 2.08530906246263 3.60946416186141 4.03477585054533 9.03150498393722 -1.56560925234653 -0.669895896293031 7.02399332932969 1 2910.38239995834
"1" 1.8358046694733 1.34210615329115 1.71616437973559 2.82859033866037 3.49600897927155 7.02643000431684 -11.4854972107957 -9.12209190977191 -8.05856799762319 1 2771.74548543771
"1" 5.69854396399117 5.86337359723765 3.61867641648545 4.31076527163721 8.28391640070946 9.8621753682567 2.49188886721259 1.60215936277622 -7.71627577330219 1 1957.49193248188
"1" 3.44446712505021 2.83155568290127 3.19060079831447 5.62532353648455 7.36326791379328 12.8873400242249 1.95094556427382 1.57016930370085 -5.17402486102996 1 2543.03277007613
"1" 3.54821658063491 3.19476503771218 2.63732101554092 3.47036655130151 5.04774792288482 8.85041599867795 -0.53663754126868 -0.632497553053141 -7.61986178581535 1 2899.19915042201
"1" 2.58002533436066 2.75637555103303 3.71292920086056 4.418686942835 8.30125305147886 9.87970746399434 2.58592065114497 1.58439788537428 -3.22148459671187 1 1675.64239144033
"1" 12.5293548233252 12.1606388128011 1.95410943667046 3.13149113416005 3.83613522926143 8.0513242570572 -1.75346562250666 -1.64456068769302 9.88548241585608 1 3051.28645421908
"1" 2.64742863590496 2.13671623708386 3.8486211894482 5.37897219510631 8.03427642299107 11.1281368080294 1.81459513529735 1.76525275817636 -5.29984293823453 1 2438.71849696837
"1" 5.0568488107943 5.24975591819868 3.53745048022679 4.78465171121452 8.07416641642963 10.9159225811457 2.72984336837838 1.30098991244785 -10.8873021096967 1 2223.4800024579
"1" 2.36392414898256 2.37157661468235 3.40359678759567 4.67575846125328 7.96009747807444 10.9412020134602 2.00114223535445 0.665731844455674 -3.84282490409973 1 2593.42883799463
"1" 4.56947239043726 4.39307256790607 3.09130329308683 5.38496364811647 7.60906974329481 13.1276492587556 2.24572300241722 1.2843763125265 -6.7923595767794 1 2541.84073984664
"1" 2.22199638460801 2.22548669379248 3.66603633089748 5.09393009042327 8.36156791695645 11.6304571427219 2.50522047154367 1.53179911768011 -5.95088337261795 1 2031.97690982775
"1" 3.2676354235234 3.5968305177241 3.43041318970365 4.27004178998911 7.89191158921248 9.79952666188549 2.48607437522539 1.33516674014235 -4.05941179728334 1 2455.81901200886
"1" 3.66804943338404 3.3455989215532 1.81203444308131 3.18375750413391 3.62460367134728 7.91820418122153 -4.65319826096027 -5.91108249934932 8.35590171784879 1 2915.49591448813
"1" 3.47596589699031 3.06456910829941 1.84120048124956 3.11782518482137 3.68289698197335 7.85277132610212 -6.60041475625726 -1.55301435145944 -7.20490616165912 1 2928.44137537494
"1" 1.62549978309144 1.78858835137811 3.52894685027622 4.52623577262637 7.99664996823823 10.2497879233924 2.60270432471223 1.72904707618511 -6.37974365875647 1 1931.66487806329
"1" 7.72236811653511 7.63163863093817 3.46666960918779 4.89531587254497 8.01367033063459 11.2791297504246 1.97450933792719 1.03150697114773 -6.09031482107247 1 2887.50730952467
"1" 3.80652336414683 3.47237402948176 1.9965581136001 3.53580109514192 3.88517559671656 8.81787129096347 -2.47403159246775 -1.20898303807743 6.89824496909181 1 2910.43683944498
"1" 5.77313562811456 5.97052604881881 3.71609996604942 4.29747434868345 8.69049508760503 10.0348850799909 2.45854344326284 1.65728718524272 -8.85381570939333 1 2081.52537356913
"1" 8.52324691140777 8.21727554195756 3.58376004508142 4.80212433309362 8.47106889341982 11.4499715552532 2.36453093655195 0.805251911561227 -10.2376929207844 1 2963.60970970834
"1" 3.89760010623141 3.84725847789134 3.49102371308304 3.89255352238034 8.32529219443135 9.2865389107836 2.2905817130326 1.96371652739985 -8.1331874375406 1 2012.30202788587
"1" 12.6472660913867 12.338115260868 1.84539284916886 3.20771532067377 3.64219498037885 8.10418869184074 -3.99937997890916 -2.60781342471938 -7.51609945815593 1 2992.47134402998
"1" 13.2622752177427 12.8806888400387 2.24320335893844 3.43102850109958 4.52442482645714 8.80978261455934 -1.46566255014886 -0.973063845441147 8.15841978942225 1 3024.47799659864
"1" 5.10108070613054 4.83296320544608 3.93595961484132 5.72446794244693 8.86067963012793 12.9159089029694 1.8935713190587 1.42598516549766 -8.72218393882902 1 2503.77331066172
"1" 1.49935667765572 1.19607794189294 2.29215405847257 3.81450634368674 4.31649565831404 9.30576521151953 -1.73973243180393 -0.416879728865903 6.9823973188685 0 2665.97419684958
"1" 2.76964625798157 2.81804247848152 3.26555042899124 4.05936605869816 7.45529133419153 9.33128514915273 2.26606705952929 1.35938395085183 -5.87125019119507 1 2540.99538275354
"1" 3.08724303770587 2.8325261422295 3.52082785039099 4.22283325992697 7.84376455116313 9.57283867069029 2.04113558245402 1.38589369802411 -4.24404020064167 1 2631.47847142739
"1" 3.36706318172013 3.42163513890238 3.6325451664096 4.33120959108375 8.67191753098603 10.2001568625233 2.41769754983534 1.2179143677761 -10.9337528483569 1 2598.87391997504
"1" 3.16916450153555 2.84408531109057 2.10771958804968 3.39108066886127 4.1178628513952 8.73110267669557 -1.7239842065836 -0.873785189695036 6.8331290495361 1 2898.44164092612
"1" 3.25862137809722 2.84594803803157 2.10759613709687 3.85988353094276 4.13529502023099 9.72180512750355 -1.75817370291309 -0.198033788082703 6.18014643732006 0 2905.50070278828
"1" 4.05804977413999 3.76292977045195 2.20390400972077 3.65981428348961 4.37706769246206 8.99084232177045 -1.41586779469722 -0.411723850468584 7.63087998777669 1 2934.11720441771
"1" 3.24013917386398 3.12942780446788 3.23847967836983 4.83853769352739 8.06330166541669 11.9680386242228 2.59575960386217 1.48443107168726 -8.19868463053868 1 2335.46497775065
"1" 0.992948154643033 1.53818182559218 3.79862557279763 4.87337758068815 9.24360365124867 11.8797425026393 2.78067240750211 1.16310591418965 -8.6282872316103 1 2062.79082076814
"1" 5.10842178688512 4.69978990616237 3.51882455725091 4.94762090570315 7.48848195618668 11.95455400406 1.44228018799349 1.15660573533821 -10.3539777379551 1 2898.8805748133
"1" 3.96380098676155 4.06745382004162 3.87104501321885 4.53622492189042 9.13989310208057 10.7026430367814 2.3813270811161 1.61747245472244 -9.46649954485431 1 1848.74192191515
"1" 2.66487352593742 2.22695997069784 2.15536170810451 3.65560759215653 4.21474103756144 9.01756754916335 -1.29987255053763 -0.658546965134578 6.92120138782816 1 2863.92964148254
"1" 4.35057850292378 3.95467984877049 2.00164256063538 3.77541035865981 4.10241447395983 9.28283033292592 -1.90309520799697 -1.01416122033921 7.69255090285494 1 2919.78927278204
"1" 2.47947110545352 1.87007231343637 2.10656652066285 2.91773580690807 4.10415528837421 7.56274471267904 -2.30165195540003 -4.03282461853475 5.48679617831443 0 2819.82157531683
"1" 3.10796490969646 3.00217917728113 3.54051199422995 4.09345072914276 8.34650119741613 9.64633866412385 1.7365330161132 1.10375454371709 -7.3221501893964 1 2679.14700418946
"1" 11.5394515186124 11.1587096891492 1.9199663798931 3.47579955328925 4.06367032694417 8.63682726649441 -1.87895045094318 -0.639372549701749 7.18189256725951 1 3065.15058453758
"1" 2.29602431587731 2.41738108450895 3.6236717815705 4.43906741602757 8.2272917319963 10.102830624337 2.26524199170502 1.53403722291335 -6.11379125418239 1 2355.9351970786
"1" 3.33100615367127 3.53453549400964 3.26847209064678 3.83458971815667 7.84292781507837 9.23714995331644 2.1374380490553 1.14244901443427 -7.59439923876272 1 2654.3881234182
