"1" -12.2395188451164 -1.44950573575819 1.0716268128841 1.4969337107794 3.49775372960513 4.14081442739298 7.88261096683052 -7.27112346837967 -9.5740304449941 1 1050.97166801078
"1" -1.66710820101762 -1.5564263439059 1.24301750293373 1.5954516184334 3.32853221985292 4.3754759842049 -3.4106967970849 -0.905351707057447 -6.93869633667602 1 1173.99848953484
"1" -11.6759718266839 -1.34835787581867 1.19879928475662 1.51452805858008 3.15418186667114 4.05739943411177 7.25719939207274 -5.80955222853274 -3.39539019955694 0 1097.02286283011
"1" -12.1030849650566 -1.38451540790902 1.13758040443141 1.55800440612162 3.38379449681783 3.96102542218036 7.39365148332189 -5.92529484844076 -4.70186078553881 0 1004.21602362663
"1" -12.2929271840127 -1.54681710989842 1.33650005578835 1.41313162684602 3.23795081868381 3.99175977836495 7.61140127945395 -6.11358841500496 -7.12984452293015 1 961.605990005496
"1" -11.8829804175838 -1.48494503016633 1.26895120339437 1.59257907458226 3.13450634084242 3.84901849484531 7.05675791158577 -10.9438541200379 -10.2717398233248 1 1054.77870940035
"1" -1.48371386346991 -1.02988905324797 0.894688835237908 1.62159554537234 2.86357705733599 4.19979000024031 -4.86873763204209 -4.45213737074783 -5.67187021162054 0 1357.22591038346
"1" -1.80746689398723 -1.4689184018859 0.965364063688814 1.48310349560932 3.02963750793778 3.9079749994421 -15.2513762019126 -20.2901372709201 -2.48683849994975 0 1091.68767040854
"1" -1.69360136052553 -1.24161134225775 1.04817268034399 1.44339680346444 2.95911302920437 3.85506632542742 -1.34659519671809 -9.42717317843231 1.2267476875141 0 1246.21386674452
"1" -12.1360370020225 -1.66808565999447 1.21783930528164 1.34980188029531 4.11047311756715 3.99501107736168 7.41866797063057 -6.27436087599656 -3.9407387256244 0 898.750508693744
"1" -11.9920302281567 -1.3016384147708 1.56014929284923 1.69062100030927 4.58638627374657 4.3488898953452 7.37246770055564 -13.6390691249774 -12.1749379077498 1 1005.75921972974
"1" -12.3862505351581 -1.44922651803727 1.55307136201493 1.51021208594652 4.29437611671575 4.06773981840474 7.61732106455623 -6.08297681610824 -6.5425877321028 0 968.62527284764
"1" -1.68114164310603 -1.27624903228807 0.594742150789931 1.48479865720116 2.62346114616787 4.20052054793995 -1.40534513469183 -4.87250876384914 1.57976361395698 0 1198.9384784531
"1" -1.66595860505973 -1.35700344884017 1.46373139873375 1.56839201143658 3.6906992124097 4.12805906362821 -1.83071976674508 -3.26994015856553 -6.85866698710407 0 1210.04428505515
"1" -1.80482178030855 -1.34616876088253 1.28240873182889 1.7540374777833 3.57518350453147 4.43004274750137 -0.614261783661742 -3.84724273870164 -7.27381861049048 1 1216.25329744199
"1" -12.0819515738372 -1.56276271447109 1.22162402835028 1.31089519206844 3.29247079720651 4.10648402595212 7.60344476174999 -6.06745232431603 -6.12047466168762 0 1026.53343279868
"1" -1.56455085907888 -1.1529270445943 0.681175125788501 1.38992712763837 2.58427234446665 3.93111529896097 -2.78952301364804 -3.55168560550423 6.85851998296594 0 1273.2813876924
"1" -1.98539973622804 -1.48324512493571 1.40534018127116 1.70329756989679 3.53962029195039 4.30688093427347 -0.984802975175171 -5.66645936697588 -5.83607662585597 0 1082.14310700659
"1" -1.48215451006056 -1.28406854450485 0.931306855167021 1.43826877439247 3.04944640377931 3.97727412073623 -7.33288178061985 -3.87563606176481 -1.71203989835589 0 1262.52672867245
"1" -1.75970591834235 -1.38286898420351 1.4732922011903 1.40068178195618 3.44763116206741 3.70306873507362 -1.39773483007243 -5.01640319881126 5.82503794802627 0 1172.18469718171
"1" -11.777982824037 -1.48676929154831 1.38248203358956 1.43976982909421 3.91583561917543 3.84186827761261 7.38355259257211 -12.1952249646889 -9.23333576143283 1 1031.06084450755
"1" -1.70547694556867 -1.53094412118126 1.08838799655454 1.58326966474323 3.11276593505419 4.36961082991068 -3.17733599321225 -8.19895091797432 -1.20883001082017 0 1103.51440054295
"1" -7.35461463031633 -2.45243009947716 1.22738555084551 1.34173317357467 3.54926668927597 3.96521991340901 4.34897542203436 1.14559572223087 -12.052835904078 1 1180.84513284655
"1" -1.71721261831099 -1.17578531173163 0.972202990444452 1.46415605594588 3.01510008715914 3.61924019178399 -2.55450451927155 -3.3352405183153 -6.70876429484687 0 1255.05773208306
"1" -3.08350176908931 -1.30081709616695 0.85249351961075 1.48827047876883 2.85365435936122 3.98562401667806 2.0218683525911 -1.71761967812925 -15.1634976992515 1 1219.26138860483
"1" -3.76723271453771 -1.62053582744172 1.23038020402634 1.57782067007561 3.58492946703209 3.87140943566486 2.40689738869425 -1.90830778859369 -15.3134419999134 1 1081.25076342764
"1" -11.9455214565816 -1.40663851129401 1.06841162222336 1.48637796737073 2.96133954629627 4.19086440298388 7.58598226504968 -5.93087529022749 -5.87227553834631 0 1115.12032488292
"1" -1.55832001876461 -1.35680082088975 0.812897135004552 1.68742841166236 2.78970774958484 4.34952174955503 -2.3049397924392 -2.08339840561696 -0.152904122747541 0 1223.88987824321
"1" -9.05332424105217 -1.23126031907809 0.753893740474057 1.51828494510732 2.79059248522845 4.47669317728081 6.23370689062307 -4.37896799432836 -9.42088936255399 1 1181.84444740412
"1" -12.1297225970601 -1.57276335721096 1.11561218846831 1.60879382323656 3.25054752065081 3.87552236835059 7.41986062351285 -6.06384192340106 -3.09897011750089 0 949.987614661155
"1" -12.6286286702988 -1.43624076232823 1.16167080255267 1.5600926481635 3.26023868646624 4.0842421195424 7.91144750980586 -7.64675190047995 -7.85943097635138 1 1029.10996218207
"1" -12.3728160350753 -1.35893230705448 1.1509695362005 1.66417561849811 3.56624622623361 4.09704371493896 7.81413485721985 -6.08284615602617 -5.98920038641284 0 1082.65189466591
"1" -1.90141204172461 -1.302966924908 0.897494834020257 1.35791060813408 2.89490264137429 3.79406343898449 -0.629689848643787 -6.3425326165937 -5.77292696106328 0 1193.78218854511
"1" -1.76688852450601 -1.26815944158875 0.860933087947979 1.52673990647478 2.8494582796717 3.84993716319099 -0.45004357944489 -3.46663790058362 -6.85258674087156 1 1275.002010422
"1" -1.71109638579914 -1.3646143783798 0.933778451392189 1.35465409169468 2.85303040994067 3.58494572607363 -1.5982424489228 -2.70118953716593 -6.63148044236933 0 1205.3118963662
"1" -1.57929072923273 -1.39856396521784 0.885838846957206 1.20870378352614 2.88734357037372 3.52117120517233 -1.97757776318621 -4.18996234631399 6.26651304586062 0 1198.47855926102
"1" -1.84078784570895 -1.47476796332929 1.07520550647983 1.38113498836947 3.73345663642006 3.62867906153396 -2.12123173270826 -4.10603117464412 6.75458225391836 0 1095.22134706172
"1" -1.67354032270334 -1.59012873075111 0.976300480726001 1.54154142850675 3.04683591855814 4.04589703301171 -15.839669637536 -17.4857611870851 3.64562716845396 0 1087.92254567635
"1" -1.56964408953291 -1.33270094309381 1.21847556156141 1.38498467605907 3.00078006254965 3.84965475445174 -1.38826679097875 -7.03660177771018 -4.81061516448325 0 1255.34312443461
"1" -11.4276229778591 -1.26877728651223 1.18576216631279 1.29728629857441 2.8745120528001 3.95163364313186 7.11657473268483 -5.6524888632837 -5.58275792950222 0 1161.72375556043
"1" -1.8218590988055 -1.32244642121758 1.13079525078842 1.42864326493469 3.45079621441738 3.90605796707698 -0.438462733760573 -4.02993375357443 -6.71248015873628 0 1241.59462742143
"1" -1.55079910936287 -1.42779563930473 0.637503235876974 1.30592218294374 2.7501029996141 3.68194190146264 -2.69633175855379 -3.94238662370744 -6.19081888268795 0 1179.44619760919
"1" -1.71539718316193 -1.34240990803424 0.811220984974025 1.55815140664958 3.04281937000926 3.96858607888219 -2.74215025876954 -3.45836370350518 6.75477742006288 1 1165.30097029556
"1" -1.71110626275108 -1.40485757318376 1.18205733729743 1.58365509917877 3.47846156654665 3.88666503536991 -3.04861780654227 -5.93075115636013 6.01984198437891 0 1152.39491733782
"1" -11.351426035445 -1.16046842035724 1.34268642185338 1.37939232480413 3.87624515655764 2.96334257676602 7.61025489971129 -12.4874034737509 -10.8668674008371 1 1004.82049277602
"1" -1.55224117867718 -1.48683570332872 1.14154255072229 1.42589953212901 3.0672936722938 3.77529884229271 -1.64493423773304 -4.39043173483048 5.74882542607702 0 1191.99495639354
"1" -1.80413941237665 -1.4083542281275 1.18196054816118 1.7649557442205 3.22919138902281 4.4674929154117 -4.41112191689583 -2.23632002694987 -2.80131582372776 0 1130.2091744997
"1" -8.63818701645404 -1.02129006430204 1.00819704933406 1.55965680478329 3.92164174567531 4.2403001876778 5.39518290147999 -3.82953301200538 -11.1094989316861 1 1070.78667302436
"1" -11.7966168115636 -1.5194228398157 1.16794908176672 1.66955826819879 3.23611839674 4.10571791842211 7.43475915879095 -5.9632472603491 -3.13603381911006 0 1069.3805568996
"1" -1.57617435545121 -1.39808204018894 0.999840094887564 1.38732167649191 2.93930642187129 3.85986916683075 -2.06051743453945 -4.20510793773123 6.82158778103698 0 1202.5974378473
"1" -1.8621937663445 -1.47791847955405 1.13529709488453 1.25047486259687 3.24801823325927 3.5196618147649 -4.71356481770667 -1.99414942206741 -3.33697829762815 0 1101.19569415841
"1" -11.6628134586187 -1.4303381282422 1.01307563685381 1.47954767996318 3.16153079353058 4.28298639820158 7.26262922434213 -5.87769938184646 -5.46272904631396 0 1069.93501620966
"1" -1.47588452899873 -0.981974954665647 1.12596720564583 1.49689776988379 3.20407167701576 3.87952177785373 -3.93398969413858 -5.03366133809639 2.47672605219319 0 1391.53452104995
"1" -11.9858191986899 -1.62911386732086 1.24962184757128 1.56915223841296 3.69959501992117 3.80028810647587 7.42699697225984 -6.05625176848356 -2.99970058846368 0 960.575403469141
"1" -1.56039862412393 -1.41374486291926 1.06477483576676 1.36692870155289 3.0092271809956 3.73768669749102 -6.53876757966804 -1.23612128586224 -5.54498891044906 0 1234.34573669836
"1" -1.58939525477449 -1.4138533952935 1.21188443212856 1.32856335200589 3.13629545288434 3.52176583391752 -8.22040320866584 -7.5311001680164 -2.85969908513593 0 1188.06918367259
"1" -1.56053403255514 -1.48063813928672 0.720116111907203 1.47054449491864 2.5293863891309 3.81141826039428 -14.0056464449242 -2.53243912353419 -0.91652248966546 0 1157.44958081767
"1" -1.51196855119259 -1.2324644280639 0.890601574158005 1.48106456121063 2.61999439912803 3.96518733891615 -3.90263559015925 -2.30142820074844 -5.88840641942174 0 1286.41681137971
"1" -12.05350118829 -1.57541558796632 0.988186078815791 1.64898465481328 3.33224944256314 4.13312154435159 7.41204355904562 -6.03356389695757 -4.83641507563637 0 950.46677081185
"1" -11.5407843177157 -1.39902848680844 1.36937513426141 1.53361502663014 3.5220538159973 3.90917033161517 7.20965709383182 -15.2485429014363 -9.57649688689087 1 1058.76870749382
"1" -1.72360774289463 -1.31361593653082 0.853026793597816 1.54153108106941 2.5054797471661 4.2708478084709 -2.03046875458247 -1.87991446749305 -6.4192948649201 1 1213.77110492243
"1" -1.64838308986399 -1.3842855398095 0.91660277377344 1.5926777456619 2.6983145736109 4.00006969957717 -1.40079559440341 -3.2977569722973 -6.6127318821376 0 1210.68885628269
"1" -1.64719474812978 -1.30383270489295 1.31771241535166 1.41913667640396 3.26555110368411 3.95069889636865 -5.77455780724143 -1.7681836726983 5.82212895853103 0 1228.38465298961
"1" -1.57161520269525 -1.32990666888171 0.791765674017545 1.27776796874509 2.90952322253912 3.71306778301484 -2.61404762855288 -2.43427337107467 -6.95395513444384 1 1236.42150872648
"1" -1.71493412321841 -1.38067960719057 0.984178818895661 1.38246977920502 3.63050287164458 3.53805579017516 -5.07782962915914 -1.84792805049521 6.29119176518994 0 1173.25726070048
"1" -12.1695854415969 -1.457541169667 1.16139996640825 1.51606418405691 3.48720452970426 4.41635297462064 7.60814791295916 -6.0301236309087 -4.92809167016166 0 1028.94043071742
"1" -1.51994583368835 -1.13062032036844 1.23123262600173 1.41324235428522 3.21056330441571 4.19523333923375 -2.32109794551248 -2.69021038049028 -6.66885780792184 0 1343.03319751803
"1" -1.75647068434621 -1.20308070288105 1.04240570695906 1.51987845233699 3.15220978492656 4.04310532316413 -1.39606627800673 -4.23596221162629 -7.51448258659463 1 1247.7080205559
"1" -1.88504039577468 -1.67444718461881 0.837426446992503 1.60059779605886 2.87195396043003 3.98406550592048 -3.96974658215047 -2.07998327824617 6.53348933985802 0 1002.90647381656
"1" -1.82779784754117 -1.48814293685145 1.36478812139907 1.44476191094277 3.73027350293381 4.05746517294926 -1.05298163071219 -3.39580251968173 -5.40231509768844 0 1138.11990344536
"1" -1.79056633169416 -1.28056578563331 0.918535222972896 1.6780616581094 2.81856540637869 4.65611226930498 -15.1808704750963 -21.7240577194319 3.72353251766706 0 1156.41375820901
"1" -1.7496088038441 -1.48322722925254 0.923502416736746 1.47542024549179 2.83626471702659 3.79439062241345 -14.1502248551867 -16.0999862125037 -5.4631624033418 0 1102.20193899876
"1" -1.61981147426531 -1.46047976601395 1.01292011197338 1.63991740396028 2.88388365870792 4.11232880059746 -4.49533682087953 -1.96510307159537 -7.13232934233431 0 1173.35928624185
"1" -1.63645256009207 -1.60836995575821 0.968559614143659 1.42510742871885 2.72258418387097 3.59830699090281 -2.53818635157874 -1.14768392822075 -7.46552577198937 1 1164.23490100849
"1" -1.71487889030027 -1.44630161475165 1.16288593475031 1.28370212911722 2.98229173642307 3.76876921691909 -1.10870694279926 -2.19997199631348 -0.833666294303239 0 1202.97953307111
"1" -12.2338760584453 -1.58734136003181 0.920348939597868 1.55579296995494 3.06690600090074 4.39088038689713 7.59953473124388 -6.04109404718716 -5.29143816422557 0 950.351394623565
"1" -1.70627191237346 -1.34178400303945 0.931917551580565 1.31195695530125 2.74982851783618 3.80015190074189 -3.46316460896099 -3.04495606362591 6.42052288304936 1 1174.16697123192
"1" -10.525690837592 -1.67767820426306 1.09305559373871 1.66476748435703 3.3755872936784 4.33308853778173 6.743006646003 -9.52081435791083 -11.9208089274833 1 985.086719496011
"1" -12.3293217452164 -1.47597154264949 1.15280630100589 1.43123335556359 3.50424882881035 3.86946234217601 7.61119597857205 -14.5197201822417 -8.9085518068239 1 1009.83803244054
"1" -10.9285063583081 -2.07507679586074 1.09437581578252 1.28805916640006 3.39871241853953 3.64065613387866 7.30837126265048 -14.8242774232371 -10.7293836137367 1 1051.19549526969
"1" -1.81781576585754 -1.53259922144482 1.16872925006533 1.95604751179683 3.21882244659549 4.90772364850696 -1.75394932280773 -3.76890214216951 -6.83481759672576 1 1084.18410369356
"1" -12.3166148030962 -1.66084013496649 1.3531257196099 1.39609384726279 3.3776444949851 3.85571287039374 7.64307590696882 -11.6328054310554 -8.5307077296546 1 959.384108851157
"1" -11.1649133128057 -1.70104404366199 1.42654017139937 1.43203278100923 3.51319785171 3.98990055081602 6.98593109787515 -9.49872371148174 -10.0869749249579 1 949.065982066068
"1" -12.382317720248 -1.28558312382757 1.12763745965383 1.52933373573511 3.35363735906712 4.02587425978933 7.83359805952291 -7.41395777342012 -8.90877811707704 1 1118.44209239929
"1" -12.2223825149586 -1.47017426651212 1.22748245450597 1.34196712569917 2.85779323445253 3.75251547930268 7.63403526225142 -6.77634501222771 -7.74257720541963 1 1024.4658809861
"1" -12.0109430711927 -1.65421674734048 1.42857187310938 1.48781992595303 3.68782095071229 4.06810796364035 7.43737710654906 -6.09823078786593 -5.65620883913841 0 956.625043585258
"1" -1.70336291182663 -1.39144578421639 0.753400601768407 1.47861054069757 2.56309025872105 4.06470704967218 -1.96377787461292 -5.46225588792082 -6.33830188151049 1 1155.81011232937
"1" -1.40375270015607 -1.25411344301377 0.753402148457405 1.44381900564472 2.71830029886503 3.90634034355532 -3.02194814286045 -2.09566832345378 -6.79805865074193 0 1315.88432343718
"1" -8.83262633817491 -0.984223555302415 1.41776856282602 1.70951720438284 3.92107817274854 4.61605634658982 6.39186896293084 -3.97709998297756 -10.9213737282379 1 1239.10155810346
"1" -12.0686489302334 -1.52960959040888 1.0197647731418 1.71665598808339 2.96797052722866 4.28681145146713 7.41147405088547 -6.04255602342941 -7.28687678097916 1 964.873468712924
"1" -1.82655768124126 -1.32618308124897 1.04609736919432 1.64634963589401 2.97319440869098 4.19156163194295 -1.00717256433339 -5.45506956423012 8.623026937445 1 1178.27579131322
"1" -1.42297176479403 -1.14082442254568 0.838991617028292 1.47946115342899 2.59178960570806 4.24592311581795 -4.60100117842179 -3.60071371397612 -6.14155843612249 0 1330.36401900972
"1" -12.4716993713631 -1.69992631821935 1.11885193077884 1.80375034038561 2.89244656954137 4.49322792705799 7.82705388635486 -6.24427168079695 -6.45246063075027 0 938.199272102303
"1" -12.3398329308559 -1.45451574400561 1.00970819166774 1.61353732756989 3.0070217493247 4.289043116632 7.81999054365004 -6.96264055922964 -8.16766632607732 1 1061.04438836662
"1" -1.90211517437224 -1.26617586522264 1.35377335056214 1.80803798967936 3.31569247839692 4.5752023214402 -0.272468450468751 -3.6575202597475 -6.82125634084599 0 1250.57258116156
"1" -12.6716137263791 -1.55621546950829 1.18306601327441 1.37395430602624 3.54859277739129 4.09622251640527 7.89542314855786 -8.62999517722029 -9.21494394327601 1 955.951702839432
"1" -1.59318255438952 -1.31198739678078 0.953364389455855 1.68912301245702 3.10079648458352 4.25502364941144 -2.55634466438214 -5.23439484292007 -6.25126393577306 0 1221.17956061613
"1" -1.85913772151043 -1.23074034280361 1.17320329288714 1.53967561156556 3.73542142387492 3.67596922161246 -0.900647232943027 -3.17176845928595 -7.1485296129878 1 1241.40016212285
"1" -1.80753857251338 -1.3954171106575 1.01296241327668 1.47928457528339 2.98622753862324 3.99272384206118 -0.985585312373769 -5.28808626730517 -6.17304986247344 0 1169.31681526024
"1" -12.0859177159424 -1.34700601776402 1.46399190634283 1.37835984094479 3.35186372852255 3.77846064051813 7.79326010509428 -6.4124116840971 -9.87740489741681 1 1144.87446809924
