"1" 6.39396648090347 6.07961244743042 2.4333623028357 4.08370628524962 4.95610517391008 10.1125500567358 -1.1230850375448 -0.119769218735182 1.67520595187177 0 2800.24301477987
"1" 18.0088076056505 17.6444295452061 2.51691831623978 3.92372184151784 5.07268487335744 9.8734682110894 1.19719501420858 1.64759713544261 3.7687529759214 0 2800.54254816603
"1" 2.80722554053747 0.243538588331096 0.105998099363379 3.00935079353077 1.25033586245353 7.75383537025633 4.24332762153475 4.0118295403166 1.56898472670928 1 1031.28087703554
"1" 16.7235930495525 16.4559497706536 2.44404481314823 4.17087635602177 4.95610560732278 10.3221520840932 -2.15345740747647 -0.348551011011788 2.91025891722842 0 2831.21179168888
"1" 2.81324844779609 1.44945418420263 0.0928040038601598 0.00671316752941321 1.12447031209507 2.11488995643666 4.32640281302584 4.38283752965223 7.1399967434973 1 -331.599791434622
"1" 6.262813305608 5.96439454894744 2.73537503352124 4.35558294400687 4.99764458436693 10.7979916917523 6.02800920256723 6.05837715474527 10.8638355892046 1 2748.69039083401
"1" 3.63366207048051 3.48876285091901 2.52890193552407 4.27425688648778 5.04113180009012 10.7563274796406 4.23203884999296 4.22149069116498 7.00618107644086 1 2518.58369114251
"1" 2.53170628345108 1.53771444597783 2.49768586856178 4.00577008050113 4.44659733038619 10.676002878992 3.53571685429421 3.67937833080081 4.13091869251016 1 1994.99118573973
"1" 2.56142670232549 1.34160922235376 0.375160241618415 0.980892924935773 1.2583505445584 4.21542582535937 4.09343221415725 3.77528453228752 3.22138718410771 1 1243.94546575815
"1" 2.75297505586146 1.70178743158941 -0.0672202939182799 0.0651387544416339 1.02283655780585 1.85197608623044 4.43102247605291 4.48517852851985 1.95044010948325 1 -828.737607499262
"1" 14.4672568615055 14.1498433847932 2.3761595670409 3.73368857085433 4.92268392243404 9.27561116747018 -0.657564104883104 0.480534752494306 2.64214353531139 0 2830.73806086063
"1" 2.74245674881793 1.25180281587045 1.16976933533994 1.65931840492441 1.75788188449361 5.77827624449523 3.8298304059638 4.00376196543293 3.46828711263504 1 1779.49446566549
"1" 2.66753921727286 1.0561211154598 -0.486865307663618 0.479606650968768 0.862053417477063 2.02572387825736 4.6490445123793 4.47009429572592 8.91671178117288 1 -242.737366048855
"1" 3.85457522761508 4.22418854327778 2.54924964719006 3.96852815384963 5.10165409744758 10.3443500426797 4.81393708904872 4.54376857054918 6.26746997948582 1 2622.60589268664
"1" 2.90270265894157 0.640883994371245 0.0926923600726519 -0.103198938450313 1.22911823755004 3.29645166290968 4.31001078795826 4.23586123309578 2.17242124973197 1 609.591814839222
"1" 17.4206155591001 16.8849111115124 2.68979319809377 3.68519813845679 5.231370033551 9.46892240033331 -3.29029589290122 -0.942049182849709 0.603924460867547 0 2906.31085942721
"1" 2.59749004407492 2.04130017552766 0.22648494645361 -0.163823956510669 1.16787999252299 1.79110138607763 4.33465093299378 4.32426925050332 2.73859462548283 1 -453.644891249606
"1" 2.50248893199917 1.48271818639077 2.34532890857295 3.60533765748345 4.15625084187174 9.84684076346417 3.55605666317085 3.72958416734156 5.75783911378629 1 2056.19685463664
"1" 16.5061911255643 16.1510373818168 2.5959369013814 3.89253933269804 5.07369428860986 9.52008511584371 -3.57896193088792 -1.37451666598845 -0.191284062266637 0 3036.75303065849
"1" 2.44240434962208 1.75122212741912 2.66142876309751 3.56772187758678 4.66544637938272 9.73175378664488 3.56383483375764 3.68117852001173 3.9669010677643 1 2017.93783763453
"1" 17.7427300315649 17.4183146626896 2.39679673145418 3.75782559809332 4.90096211912795 9.563875422776 -3.01360744085258 -0.963180846198425 1.68274382487616 0 2949.95118445606
"1" 15.6535414605285 15.3340298073138 2.5214972106691 4.27757489792248 5.03401061177145 10.6351995009552 -2.7296124356345 -1.34889302200196 4.57688819783259 0 2802.18092197622
"1" 2.75329773512237 1.03180192455266 2.12451571171341 3.67155241576639 4.29095827095298 9.90830660604818 3.60916704839237 3.86374607600963 1.918337256918 1 2122.91026093278
"1" 7.95374675905058 7.70557948381301 2.2501459777472 3.89190842635316 4.77088496725088 9.59561963120278 8.08496589266586 8.08677778205433 6.13808737854485 1 2670.85773376964
"1" 2.92431114137887 0.780337284755867 -0.114509128535268 0.225306968226618 1.07796537539409 2.32850062091022 4.45476258322753 4.43402418099459 5.91700493700098 1 -297.992462071898
"1" 2.99642728558023 0.245850044407843 -0.266759179265374 0.681405030055968 1.01150699984029 2.70267924512844 4.58728976347977 4.67927130531742 1.9862225429716 1 -645.441074295292
"1" 6.43895228814418 6.02334649540449 2.53687844632364 4.48707637844882 4.99683610677513 11.4290398324351 6.79692584365035 6.79259764133488 4.86789798460892 1 2531.14369758032
"1" 2.5746222426927 1.37241957515817 2.58037762924751 3.72225519769032 4.7881833934592 9.73542982633498 3.55306095875737 3.73827532357284 6.93534702916609 1 2073.35182005751
"1" 4.39370073599459 4.36213237668192 2.69727025120145 4.1564529521828 5.25131692813428 10.6239164560865 4.88695424270286 4.87529850387887 5.4425641611659 1 2542.27072983767
"1" 6.36693817648059 5.9596358563138 2.52368624808367 4.05043746567382 5.01734784570608 10.1543078616801 -0.136590427919276 -0.15481595708969 1.41701438919678 0 2792.73732007344
"1" 2.90477838903255 1.08332677531039 -0.209414532488422 0.29830893247604 0.997330565347374 2.09970057278302 4.51531312700613 4.55696078389843 2.86539485575826 1 -918.683336325787
"1" 2.77612969716486 1.00070306049887 -0.0893444286811486 0.692756475541213 1.06697765156055 2.68644170040543 4.38129337607265 4.28312791355576 1.95774556092586 1 344.845844150462
"1" 2.67904155316504 1.38536827191876 0.0640732856323763 0.282325653458594 1.12149712192068 2.44916862491051 4.30612787737631 4.10617540679239 6.51916716407961 1 411.875200776506
"1" 2.72096560700066 1.44678700246908 0.45808591946231 0.233064128385502 1.28540159115955 2.83984159453847 4.06985974039 4.20548056820324 9.46387296601669 1 937.785015661243
"1" 2.93650334107581 0.197439783874051 0.114253656279035 2.301616889725 1.24194093025278 6.2956414160351 4.28070043754652 4.39610411275578 1.23808603611216 1 962.871906515175
"1" 3.24425761731931 3.3222485700195 2.33613736889273 3.38075303049431 5.08697323997575 9.10293216105761 4.15587499614407 4.0707345020552 3.5928555364561 1 2398.89835113583
"1" 17.1834373679982 16.8514042358184 2.59818391116061 3.9145184861223 5.28390666588293 9.56405762792728 -3.28088730446949 -1.05986037647886 0.839568642380816 0 2900.96964639087
"1" 16.2479564536662 15.9344675616471 2.44565452305776 3.95355493570927 4.87956829565525 10.2281183645368 -1.56268505046728 -0.485638428318555 1.59311644554023 0 2828.91971910975
"1" 2.58897809218435 1.47213697609385 2.24213057004773 3.626650764817 4.02238127710263 9.92534797308833 3.59304253283002 3.73507995278884 6.72050211732174 1 1999.18348373715
"1" 3.0332816990903 -1.20723154296736 -0.115514021897576 3.61977817029395 1.13976054346931 9.83824125666868 4.4676195164296 5.21568995925641 2.82239468394097 1 322.488019701982
"1" 17.5676198500622 17.1648645802755 2.51902721660913 4.01919209173775 4.9806701454933 9.78537764828998 -3.18022884388676 -1.30416546596772 0.873407023408664 0 2960.49927083125
"1" 2.91379910094865 1.01381210833188 -0.0484496803982543 0.111497128893623 1.11462034068326 2.15985199240943 4.41346374747461 4.45025897489619 2.48314693612728 1 -451.23828110229
"1" 4.77140898015711 4.68299797097894 2.33076815176995 3.62428789568303 4.64124714581969 8.93437339847696 5.32771992358509 5.35123517470396 7.05441381446412 1 2567.78209950459
"1" 2.92832192293786 0.0989177566326932 -0.156172718021294 1.17610411517034 1.08615074772207 3.3354560770653 4.46981569256801 4.47647572777343 1.54848277581668 1 421.211085668322
"1" 2.77137749322133 0.854399913828774 0.172108417949047 2.99238286904129 1.21287635810379 9.06333325893874 4.19082840777387 4.03008231569934 3.24047209187435 1 1341.66752325839
"1" 2.79031867546847 0.622145115844162 0.493970450595347 4.11963152896309 1.52211083715549 10.0832954583495 4.00880620091325 4.11886239568918 1.2235827995937 1 1437.22128184178
"1" 2.44872976846031 1.66134348310056 2.6613762127748 3.94516079828516 4.97575262564048 10.4292082973344 3.48358254127488 3.6601356472608 4.49403899690396 1 2043.62969176602
"1" 2.88458949060889 0.919936713433746 0.418965958043176 0.994036973811455 1.34404760310869 3.66074147540765 4.0786821835678 4.23912164965565 6.33103218753772 1 1066.65840078286
"1" 16.1645694514761 15.8957225554107 2.58509656431433 3.80765799304069 5.10205013271457 9.50778826583596 -1.93375351432016 -0.353558258835725 3.04945725625154 0 2822.80120850209
"1" 2.81062237005718 1.50121344199665 -0.0133961582993051 -0.0346717668384774 1.07502565582821 1.88338376267395 4.40281921846779 4.44227172911486 5.73990528667883 1 -437.388051642349
"1" 3.21289878061443 2.81088364183519 2.61362091733997 4.12562519984055 5.34551092719361 10.2487691141329 4.03737560609934 4.0487666135593 7.52696490765756 1 2464.56416746622
"1" 4.8172876602224 4.51003169361864 2.46143501471097 4.10778986673895 5.00544558040405 10.4264255535136 5.18165835038169 5.17621708934881 6.49082384585312 1 2546.96022263107
"1" 2.9322503408454 2.80505125446012 2.57769568823726 4.39954126229805 5.10750671225334 11.1899637830596 3.68628436291516 3.85789657832891 8.89231891431484 1 2442.00896984629
"1" 2.81314541289233 1.08389868142109 0.12149171474047 0.386928171366196 1.12855283484633 3.4186114637272 4.26752459491753 4.17987859105939 4.47433151049962 1 463.036849846092
"1" 2.59061047001816 1.37176009891234 0.0560061324196374 0.912866750928322 1.11506729035696 2.70257550735626 4.2367745288544 4.01059271886805 3.39406105353212 1 1138.41438118786
"1" 15.7564057000986 15.4356248389494 2.29693447895393 4.04338353246494 4.65277956691192 10.0686527858198 -2.39450243655345 -2.09364006066375 -0.294269272949247 0 2920.20509932899
"1" 2.99979224451789 0.295381419954316 -0.404172538273145 0.741606645072917 0.934977972447614 2.4943663236265 4.70368801947421 4.76731807173522 7.00442662742952 1 -153.622192972604
"1" 2.99230963398456 0.00145976848885424 -0.041923589570688 1.8038215002493 1.09611287471989 4.96875921271622 4.39473215394258 4.64103097076593 5.17117315389092 1 850.61327533538
"1" 2.44104849388091 1.70716326442607 2.84335622822152 3.79467070050281 5.01937564654215 10.1818940225502 3.50640806685924 3.63980685112419 4.11566888903387 1 2047.70528661004
"1" 2.55596441393828 1.83283522601559 0.82720958560517 0.967451880808268 1.42388353601092 4.21988659049271 3.96029338889012 3.8850996604885 2.23582465437523 1 1492.755325506
"1" 2.52131272280747 1.52378661461426 2.58824840420153 3.56975188090346 4.80472452321445 9.66526986105212 3.5262127053152 3.69085672570331 4.64207851460644 1 1997.5138996509
"1" 2.94999750005067 0.116093551430237 -0.0587308266941744 0.592208983538056 1.16477693129768 3.12845047958273 4.39770894754961 4.46661477305322 1.53941621452321 1 389.470664384416
"1" 2.7271635976376 0.560670249305438 0.282882607642158 2.8343955321341 1.40115060128962 6.89252159038677 4.11331038167568 4.08695994313908 1.10918380040673 1 1327.0051878589
"1" 3.03949576253188 2.65067809961652 2.6326436157614 3.64060383338536 5.2850079530454 9.17868448112429 3.54023509657493 3.90933107608363 6.3088756670729 1 2469.50950807475
"1" 17.3604997976988 17.0066611599358 2.41197424711378 4.38535377444568 4.86453753964586 10.6816631774962 -3.0594536806872 -1.30159650674119 1.36782819690945 0 2896.84194040204
"1" 15.3517563712411 15.0255678138991 2.46761367072998 3.92061724794366 5.03193310662069 9.71025458238022 -0.888378616999949 -0.15648748257708 1.27105584805395 0 2820.89061942523
"1" 2.74455970756127 2.56258680480114 2.79648824312853 3.84329557001326 5.11882975155084 9.63834360024123 3.77717266610714 3.89855255252929 6.59535411345466 1 2388.6530385372
"1" 2.87532122151086 0.298337378536607 0.267219746897013 2.32623347644015 1.40900498443091 6.72209233341923 4.16737693201881 4.46797282104161 0.889956007609901 1 1161.99745539599
"1" 2.61369645646518 1.36261149752787 2.14100795828504 3.34225446311168 4.32279677598569 8.5956530556858 3.56684566004776 3.82504850154425 4.15699336812091 1 2057.73719668972
"1" 2.5769189062917 1.90686803709097 2.51045677996697 4.47641521909713 5.17735815041877 11.1216603145581 3.87127025844083 3.61346917762135 5.69046713920238 1 2296.18907569255
"1" 2.76108345799796 0.279397148654793 0.370640677530664 4.43484620857326 1.79454799504575 10.6731268516344 4.03298787094495 4.18378335551732 0.746437172797552 1 1496.92460949713
"1" 2.86881835845864 1.25947847154498 -0.0816898690970513 0.125667267001591 1.0696432186322 2.03537411126713 4.43470675804359 4.45237327814381 2.602743428744 1 -844.428310931858
"1" 17.8800315154104 17.4998635933703 2.49613783765801 3.97946036587366 5.0618444005864 9.78012305338571 -2.73763025487751 -1.15687825527676 2.27842630971126 0 2912.59543597672
"1" 15.4811603812067 15.2868103873604 2.67506411250669 4.36734229968721 5.28651378782314 10.848143919275 -2.26754758495818 -1.06812270628378 5.45790683388324 0 2768.14960874561
"1" 2.47210532267685 1.73855325996734 2.43611516984081 3.46329179549336 4.32243399889472 9.13836757672154 3.55938175576721 3.70614845845958 3.70880268769473 1 2013.5273353298
"1" 16.6579076090212 16.3705953719129 2.60027882945764 3.89815060498174 5.04053793497549 9.82616165378559 -1.0948666955634 -0.744630821833546 6.58284514965666 0 2842.87103974812
"1" 3.01538531050909 -0.223896268753208 -0.219454213289864 0.742638231996847 1.05621644413085 3.02892284069709 4.55414082541564 4.6422334991292 2.17484767149375 1 -298.869290076163
"1" 2.83824984250242 0.58435676690228 0.257276489962948 2.9414177942545 1.23836147244667 8.45110621341223 4.14968471287409 4.18770158863658 1.52851641709702 1 1132.89763700646
"1" 17.1281383743731 16.7752947143308 2.62701188308852 4.09672964870419 5.10435573849424 10.311467691142 -3.19572345576603 -1.16092071916729 1.21439389370947 0 2889.03867576219
"1" 2.8565424768408 -0.194556877061556 0.391720352903018 2.30881409865682 1.49312617776191 7.0394300533698 4.0862925902176 4.25652112698318 0.829058262501121 1 1196.19165674482
"1" 2.54962231862063 1.75102062936458 1.01600369637966 1.59555055445317 2.41989127459961 3.75952637316861 3.88985598300378 3.64212229671451 10.5173899090566 1 1891.60577849109
"1" 3.44881329702217 3.18207490289309 2.49248006362486 3.87344465212784 4.9665993979498 9.75265611671919 4.20049597982094 4.11588845813751 5.63428153059145 1 2430.17228880308
"1" 2.54336954702048 1.41689675705154 2.19609598074338 3.43711124161414 3.83238000281278 9.42310746621664 3.56867875849422 3.78127329784073 3.783998631235 1 1929.05866592632
"1" 17.152795082011 16.6556720082749 2.41353796665708 4.57488403707654 4.81373718390834 11.2635221657953 -1.1816828189559 -3.18614062380646 1.53161098408373 0 2892.91110195211
"1" 4.8119218782474 4.51411963945883 2.72836521645406 4.31400838276991 5.20760374045954 10.6216995237422 5.06410439559266 5.05371363585024 5.11933012994698 1 2559.15126659844
"1" 2.83737390756593 1.39877226943616 0.298224488186787 0.350168035466854 1.23403396613835 2.78860628748588 4.17341709418683 4.25603219432475 3.10077162077418 1 973.293379513968
"1" 2.84186486066618 0.11036048938429 0.0492744865360246 2.4360068539426 1.27347094234079 7.74643519398982 4.27474336975556 4.22263886563253 1.20223684436335 1 794.858580171481
"1" 2.78557733693302 2.66726739798024 2.3713323251301 4.46073870853004 4.8046739350052 11.0517110062393 3.61430803518286 3.78992900216087 4.21970331487379 1 2419.07508171177
"1" 2.79061499464708 0.840353839166394 -0.227611162697854 0.377794105103531 1.0183805079061 2.13546594881797 4.51168595569823 4.27499190074948 4.47323013063339 1 123.592423211731
"1" 2.51458551387209 1.50600796987582 2.48967885832186 3.23509409093433 4.60623554845509 9.15830880893389 3.54080525378257 3.70398790077167 4.45221543925048 1 2057.72091959934
