"1" 3.03962135318559 2.55726915997298 2.58204180152882 4.10482248543567 4.95762732841607 9.92231045285922 -0.0555602590361874 -0.550374635805645 -0.336678908959423 -0.0209480273563134 0.249374617799961 -0.606565075450503 0.307788852148973 0.363955623565262 -0.420030083887985 0.157220404866735 1 2864.01765844206
"1" 3.06842118329717 2.53049671230781 2.47885383643523 4.0432479917059 5.0631063807862 10.0156335305677 -0.0238136709801011 -0.527293674591589 -0.38967159523364 -0.178151451207193 0.190991299979202 -0.601552881436205 0.339767146749177 0.357587310394184 -0.445273333637407 0.179598197800263 1 2836.09326788482
"1" 2.99181160835846 2.61323981694187 2.46586823599232 4.12024353351413 5.05309533377196 9.95733622316625 -0.037770193412984 -0.537260038297421 -0.35566619803347 -0.120862825242195 0.216581418535674 -0.613588903903268 0.316651325338317 0.368918771781151 -0.426787153017543 0.167770248573566 1 2900.28265166076
"1" 3.00056717560677 2.60578171324709 2.43551757197538 4.10684309102677 4.95670954246933 9.97327846025397 -0.0438908704692216 -0.539621594611185 -0.258653084186522 -0.144879026911364 0.222114125656329 -0.604079436575488 0.322722915076688 0.360181763359598 -0.43136562112467 0.169389587169536 1 2934.65497372464
"1" 3.01639901234968 2.5917433300487 2.53886726333199 4.02481207928105 5.04438348554588 9.99149221526817 -0.037696332972042 -0.534207497386141 -0.390835023263865 -0.102960590612 0.213779756051813 -0.591775430050543 0.354550655808529 0.349294075497282 -0.456334348559467 0.149731126649113 1 2920.82209592611
"1" 3.09973695106406 2.5090565622256 2.5516185414882 4.10173751476716 4.91307274951667 10.0016080982467 -0.0525681360493741 -0.544764276047646 -0.277504912760199 -0.188921311574237 0.230757022357863 -0.580904453594261 0.342950623516002 0.339606763846715 -0.447074428865851 0.168558625580122 1 2930.68205480499
"1" 3.0204706173464 2.59648592190583 2.501390749153 4.10107125842895 5.03087198381663 9.98177203410807 -0.0537328141998391 -0.544739455309797 -0.388082714933076 -0.181202797976892 0.241247388251189 -0.604983975915448 0.333291900828046 0.359064574658937 -0.438846599855264 0.13325518131394 1 2974.28643155127
"1" 3.0405627498909 2.56954312686249 2.45316846541675 4.07354292501018 4.90194681853278 9.95559408708126 -0.0430300827501762 -0.539979024696033 -0.201890898991486 -0.0884536144730161 0.227856735502007 -0.612368368995107 0.320626897102353 0.368754960510626 -0.431070716407283 0.149915879551942 1 2965.99355777219
"1" 3.01963874947268 2.59757893028376 2.54821675585693 3.94711685187285 4.98484525675172 10.0310974753756 -0.0294016472851295 -0.525706862789442 -0.354609420031177 -0.11881660512036 0.184846535749472 -0.575861684185513 0.365957564319464 0.335282396031722 -0.465341168137217 0.187853480991841 1 3061.01420249022
"1" 3.0281468919878 2.56339461680309 2.46289708830464 3.97927272594401 4.9710471332422 9.97646384363506 -0.0283329718863379 -0.529872816163494 -0.282710830383677 -0.0262460404921505 0.201033423102867 -0.598926399650629 0.339783373531055 0.355978541187815 -0.4455674968693 0.172810336107786 1 2816.24978296732
"1" 3.06956616421284 2.53312988169863 2.46614830311987 3.9553659796296 5.03207321311917 9.99880451296222 -0.0303367952874945 -0.529080133240611 -0.355374885792294 -0.0513128833571864 0.197623127038181 -0.588937654041718 0.355118198020363 0.344539833682469 -0.456712553517448 0.172470034977539 1 2919.00690244659
"1" 3.03993437048263 2.57312875115127 2.50008551331039 4.02415863551584 5.07112168199435 10.054545473401 -0.0258173175526433 -0.526067665171653 -0.413077061961435 -0.249555877149016 0.190577603990801 -0.595589128089803 0.356836231086449 0.352743047588406 -0.457629505829414 0.164277210479171 1 2963.25205675121
"1" 3.0016439762606 2.6100524633077 2.52949995535219 3.98348715415129 4.99632861698016 10.0228587842376 -0.0329682235962416 -0.527279323931037 -0.347793265139647 -0.141183266030545 0.193213980942366 -0.577143166903573 0.366805477003096 0.335455220877959 -0.466138635102268 0.176863853720195 1 2983.71614213762
"1" 2.98910255655553 2.53294715695949 2.49406161606597 4.08051438240664 5.00980759785619 10.2035533543175 -0.130320395598665 -0.603340802855905 -0.203809164242168 -0.541257058784663 0.499143134329653 -0.626212805900632 0.320913776853995 0.375025333471775 -0.427929460112738 -0.273201429691824 1 2752.91309722122
"1" 3.11354816910596 2.48909128756976 2.51788880317186 4.08286455273643 4.98118394777487 9.95719611798101 -0.0549871765236315 -0.549881838466953 -0.320240063730945 -0.0897745973694711 0.25065592606148 -0.604790878769538 0.320082987262871 0.361268684215963 -0.430314531385096 0.140206372613297 1 2906.54794977207
"1" 3.07652827272765 2.53247053923846 2.49662870825752 4.08480611392891 4.99912451781373 9.99358326181783 -0.0426543401372848 -0.539075115194869 -0.327149886485892 -0.16654451243704 0.218724983032907 -0.595944022955087 0.336023518946992 0.352608783634892 -0.441124684290952 0.167132822631417 1 2948.24330173707
"1" 2.97373272185967 2.62416927461538 2.57552269897739 4.00628216884915 4.98388220679416 10.0432608021983 -0.0335043308098583 -0.528661541628025 -0.365676542643388 -0.206842321897172 0.196813207512397 -0.577144381278425 0.357823177338831 0.337126072535118 -0.459129284114218 0.185504787633046 1 2801.47879948997
"1" 3.0325359736675 2.60014028757623 2.4994594612177 4.07112238094046 4.96703176435806 9.9857423543443 -0.0458766025036852 -0.539294731824453 -0.300575947543095 -0.138777284746118 0.211748857472831 -0.595564043618924 0.33525442776461 0.352948989261248 -0.441712084441575 0.17465089771492 1 3158.64573782902
"1" 2.97416346971838 2.59736218365753 2.50903928463235 4.04710543616402 4.95450583492339 9.94531357022907 -0.0478011772781895 -0.543338087824743 -0.287064849120926 -0.0223142521250136 0.249167511291954 -0.605910466165257 0.320620460274728 0.364169774561713 -0.432518125569627 0.135673326278397 1 2714.30963328024
"1" 2.99117363708016 2.61630877066602 2.37839394220804 3.96169522696874 5.06416236843288 9.98785233167284 -0.0149110538462381 -0.520163354554743 -0.336868000192977 -0.038301932906205 0.173122132047704 -0.6076273576667 0.342347436843964 0.362431146257072 -0.447884305784593 0.183720033517917 1 2998.31750508141
"1" 3.0227863383041 2.59549892671381 2.48719762689586 4.08310839554859 4.99594460200865 10.0454020346849 -0.0347626334360076 -0.532353865589105 -0.321811663951906 -0.274560158613059 0.201320563480442 -0.59894210863386 0.338726437992691 0.356006227256282 -0.443657838559296 0.174928072859588 1 3003.52451501002
"1" 3.01457996580431 2.58869725272991 2.50326958556567 4.01921917996702 4.98411212333536 10.0037809826192 -0.0333087956370027 -0.530842872992938 -0.322195381128516 -0.129008322478003 0.200313081934033 -0.590008716415427 0.346359801262575 0.347636744820895 -0.450119859872744 0.179194788032449 1 2895.58814988282
"1" 2.99001382522202 2.61577697557904 2.47439222083364 4.0125228862468 5.02833370321427 10.0032637600987 -0.0267375271299595 -0.52631293872302 -0.354178487363241 -0.120637708008282 0.190124207415097 -0.593642690454619 0.349634060705285 0.350543220072938 -0.452817541499866 0.178706394532613 1 2924.87150719148
"1" 3.00426304025001 2.59249446120983 2.56098782023342 3.92156029537654 4.9902236201832 10.0524677667444 -0.0199174959837365 -0.519564728045295 -0.364297610687914 -0.146028258797315 0.174992495543905 -0.571555341935378 0.373090293323852 0.331649765075681 -0.471246769665359 0.193223449952802 1 2789.60769148004
"1" 2.88320007506484 2.7121410753196 2.56825144394283 4.03781135290228 5.02878939369027 10.0026999854213 -0.0370231207848439 -0.530458038459449 -0.40029900890695 -0.15756316400438 0.207049384140037 -0.589456612858015 0.343326849406375 0.348216556848061 -0.448330342290487 0.1764369646042 1 2779.55208089601
"1" 2.913554682556 2.7513270125734 2.50434896274738 4.12684706308692 5.13165024788785 9.87181340278485 -0.0655112216874286 -0.645185235476826 -0.409433510131999 0.0318068619309716 0.439193606523271 -0.580564041637361 0.166413435469036 0.540485605943199 -0.487029468409194 -0.258244650046442 1 2948.97353782377
"1" 3.02860481441654 2.57866756437364 2.48821135361374 4.13511362676715 4.9425206444012 10.0017072039525 -0.0434149167026561 -0.539254205662605 -0.272413457800492 -0.232990896258485 0.216896522267004 -0.588867253943621 0.334398989271889 0.346562576762691 -0.439065059602363 0.183949411803032 1 2922.55551204752
"1" 2.93152260846435 2.65010814203909 2.5050666547564 4.02214331524769 5.0750870640153 10.0207999329629 -0.0260459924874219 -0.52611394846924 -0.418875482838787 -0.174305051241472 0.199803487229155 -0.598756990717017 0.345191301852506 0.354895181951052 -0.448956308364806 0.167616252200426 1 2647.13354040176
"1" 3.00315786417082 2.59876838988506 2.5509844973117 4.03653160825787 5.00967183609028 10.0063359865935 -0.0367282738112756 -0.533189345040704 -0.371402829783593 -0.156497074000891 0.205666180067327 -0.592047993777156 0.33958241702606 0.350884574302862 -0.445449020130605 0.178895100297525 1 2861.99772291096
"1" 3.00709169361897 2.59464981592314 2.46086335281921 4.07311453807502 5.00138254671455 9.94252969849298 -0.0438943506076146 -0.541012298832395 -0.306334317333528 -0.0453712819358465 0.226185894467319 -0.610840311382823 0.313441852844076 0.366660947213612 -0.424962182021399 0.166582734647897 1 2903.7281843376
"1" 2.96224727217588 2.65838107182223 2.57748712529421 4.04821782916267 4.96799685108388 9.96177143423345 -0.0543277274743327 -0.542035642110553 -0.341106429815108 -0.0543753603701957 0.221185940588658 -0.580156218763306 0.334498003159941 0.340583580016529 -0.441466282339445 0.19064075663207 1 3030.31441017998
"1" 2.83469773793272 2.77975850145019 2.63363749737114 4.02271546251539 5.0599301967658 9.98004138218805 -0.0440274709691068 -0.532311163569133 -0.467039101942497 -0.0854128920467808 0.205809775493425 -0.580797004556563 0.349876401694502 0.34097527361075 -0.453709717729303 0.181426397375688 1 2940.96368083928
"1" 2.94645311647388 2.64842740429958 2.48788812429529 4.07571265032765 4.9483845598132 9.99835178809779 -0.0367835814099119 -0.533590574702265 -0.281551361931808 -0.183423548828383 0.205493326804461 -0.590133472702614 0.330672106903296 0.347582102545867 -0.438743086846855 0.19726842338637 1 2814.43646245166
"1" 3.03720536154573 2.56348835656586 2.5131230681631 3.96083112396 5.0433996867241 10.0344377750851 -0.0186498665806135 -0.520826275703587 -0.391347357531629 -0.144001997989538 0.178322540030872 -0.58637776407344 0.364555217714732 0.344100147486865 -0.464249631002637 0.179915229861226 1 2855.82142850397
"1" 3.10734267484159 2.49888167638502 2.46082578239717 4.06553101936091 5.0439010260579 9.97736520099721 -0.027681879650433 -0.53348524960709 -0.348456769872841 -0.117047751514525 0.206037964147423 -0.617090161377259 0.322244234046585 0.372365995639257 -0.431617750875841 0.163629604622781 1 2936.85743322263
"1" 2.98448936595725 2.6125003620169 2.51641929701158 4.02370322844975 4.97513651271645 10.0227741409631 -0.0337476234570509 -0.530345946558766 -0.31606791628031 -0.173160972402361 0.198862600967854 -0.580290187985217 0.350100880698947 0.338330413206813 -0.45348242955103 0.191297478058244 1 2821.75958191673
"1" 2.99149024363804 2.62120146296736 2.49036593888193 4.03276657470477 4.97691797038613 9.98637679331773 -0.0414052250854153 -0.536558415607254 -0.304180027469172 -0.1018315258892 0.213108333252102 -0.597110517325243 0.333646588111599 0.354813870272921 -0.440961850329625 0.172239594561324 1 2985.15675739614
"1" 3.0342186243345 2.56072256257049 2.53868719800691 4.04098323242211 5.05136264410898 9.95925822442492 -0.0349066799249203 -0.535184751733858 -0.394926812759108 -0.04212236138533 0.211290281611587 -0.601636717251199 0.328518230371859 0.358280233249432 -0.437124078519865 0.174735065258345 1 2825.3203572988
"1" 2.91318149217242 2.67802938328021 2.5271041466219 3.97539130353054 5.06826588286026 10.0361334228027 -0.0205221776283346 -0.520695811880541 -0.420002415854549 -0.160371008382303 0.18407496981785 -0.593394610605799 0.354792375687901 0.35125529417203 -0.457865349238512 0.175743665515795 1 2705.80201983803
"1" 3.02220807412993 2.60019209085276 2.54640200047636 4.06156921717466 5.06627175173683 9.97257011544305 -0.0400698139206832 -0.53635957248724 -0.417695853541211 -0.100513859316921 0.206692722285021 -0.599620402872391 0.331544163037258 0.356482699645586 -0.439298090813515 0.178408258891757 1 3053.3500742554
"1" 3.018827596895 2.59582191564367 2.51683652629909 4.03863362348049 5.04378652737967 9.96605870842672 -0.035711284215318 -0.534448983844257 -0.384327360923456 -0.0593604808578085 0.20573564288239 -0.607243255761565 0.327753763409532 0.363664350056776 -0.436275209479961 0.171969630611187 1 3008.28641499031
"1" 3.04436490738735 2.55465792812573 2.63687604102429 4.01348469867139 5.00535993341673 10.0043863502674 -0.0365859690818936 -0.532257434368212 -0.412949505868117 -0.127652735784 0.203143010073196 -0.576841314019777 0.351420308110675 0.337185713074436 -0.454440433083474 0.188938995955966 1 2828.38558810168
"1" 2.97224015538443 2.64479742417305 2.51555041279157 4.07108004939719 4.95778945032915 9.9547922405367 -0.053585318089627 -0.543716387291526 -0.289158216676115 -0.0742135481883547 0.230144197389028 -0.594616995760425 0.327623882067156 0.352022921548513 -0.435701514092766 0.168976786513862 1 3000.38290897262
"1" 2.96775468304291 2.63424214146119 2.62197876811907 3.96875543834363 4.91454111631638 10.0566720904212 -0.0425279488212706 -0.531456567368268 -0.325395540559462 -0.204065116167466 0.205899296103824 -0.555898895725724 0.373377438968697 0.318064203297968 -0.471149470733879 0.187359042921859 1 2855.32246461734
"1" 3.05592944459592 2.55336436096953 2.51309074361007 4.07920110723274 5.06815884811833 10.0105387436161 -0.0323368781727716 -0.532760712008708 -0.413976212033814 -0.20812506975858 0.202053536453015 -0.604240407595876 0.331587646118904 0.360356450278843 -0.438593997282786 0.176120236172848 1 2930.61805989078
"1" 2.98131914033981 2.59230944866124 2.43773555061073 4.01129996026228 4.97736566497152 9.95816256632174 -0.0277205425409638 -0.530110593213781 -0.278588447908822 -0.0101343458615382 0.209538142186037 -0.601789702245684 0.334468127717195 0.358407778113797 -0.442574369077712 0.166548770569778 1 2683.60003535052
"1" 3.01059407118362 2.59298834927554 2.44194433912834 3.95302059480204 5.00249276391086 10.0269422764806 -0.0257126889443013 -0.52470986100501 -0.300853387505671 -0.111996271241681 0.190395512955259 -0.586109384269139 0.364556652933695 0.341658689468423 -0.464378899756677 0.170126486803567 1 2922.09793750204
"1" 3.06342396181806 2.54313667333708 2.48823205356265 4.02460078925615 5.00653216421975 9.98602295589993 -0.0303027626088907 -0.531443461685743 -0.331876885912005 -0.0926807077265595 0.201011494674496 -0.600772881183472 0.337029262467007 0.357474516589839 -0.44312799526511 0.174305638697241 1 2944.84675906328
"1" 2.97010258790285 2.63327141086813 2.59893244666905 4.07191229373814 5.09681188106591 9.99305619874733 -0.0348839698524861 -0.531854628479591 -0.475765664417353 -0.156637273143129 0.204994699075735 -0.594989698087145 0.338799804432692 0.353438400711158 -0.444624664633031 0.176075401918189 1 2843.29982148828
"1" 3.00981117432242 2.5900273241696 2.55387855690195 3.97271579365889 4.99770282923857 10.0104127622184 -0.0328183066297741 -0.529021520636801 -0.367301693427887 -0.100479889127682 0.197320299099669 -0.579691698606519 0.354848096089201 0.33882751355133 -0.457774046435186 0.185139641226278 1 2858.3417724631
"1" 3.00531800486399 2.61079919998418 2.49243917428171 4.0473292753769 4.93830211108996 9.96566249283674 -0.0481023231223935 -0.539706533359238 -0.262591834238775 -0.0721375091823002 0.222105377368098 -0.587589429809485 0.343386703466669 0.345714061207653 -0.447861245653564 0.165073732017981 1 3003.00832676642
"1" 3.07945010704579 2.52854660980828 2.5080017560851 4.06029624312744 5.04274988890364 9.96079733235565 -0.0464930527876869 -0.543762459875775 -0.373262060219594 -0.0681112230672219 0.235284331872898 -0.616567483081321 0.315050900802564 0.372265629382834 -0.426112603692935 0.143802811652348 1 2939.72953849711
"1" 2.98098985967135 2.56483266358879 2.50580556071637 3.9637696889509 5.01827773277945 10.1244533530984 -0.0558349025334562 -0.571312742283482 -0.288939899692182 -0.262798037979924 0.379233935657769 -0.620721667163329 0.263725870630841 0.428048607263898 -0.423142025005559 -0.0591782208854066 1 2766.43113137753
"1" 3.01574427823688 2.58101843127701 2.52291230420766 4.10698884053008 4.9436744447333 9.97625849132317 -0.053245244941078 -0.544225775833653 -0.286734592321536 -0.153294784151005 0.235299631868395 -0.586351212626169 0.331723456578336 0.344366001359082 -0.437937671155655 0.172438983312632 1 2845.75589724017
"1" 3.00139630518393 2.56887832251728 2.50846348064046 4.17767370081857 4.89682505968525 9.86656117202437 -0.0695268392848995 -0.560378816394249 -0.226078703765836 0.0256728580714638 0.286558336472717 -0.612950530148567 0.287143422064334 0.369609095783281 -0.403747228965753 0.136547211350373 1 2768.32798172977
"1" 3.05679824778342 2.57309280241304 2.6178213791105 4.14602830453803 5.08723960872711 9.96920861738305 -0.0576648165130425 -0.543580564453943 -0.419907633547439 -0.182644798338049 0.263499666432957 -0.617268899597304 0.332975740745589 0.365770510479062 -0.433572342733624 0.0949453094930065 1 2946.55940346209
"1" 3.080670640376 2.53188254265881 2.59539899336994 4.03637358379509 4.93759296533158 10.0127246726477 -0.0531351524748616 -0.543447913870119 -0.323732730915354 -0.16948055928125 0.230645711695263 -0.584235842964058 0.343912543072529 0.344285733028244 -0.448760578717157 0.159084930537574 1 2949.35064556252
"1" 2.95919755516095 2.64524339928509 2.50110766534411 4.02656140594083 5.10602132599904 9.96747623629907 -0.0366716817955985 -0.534616052104405 -0.434087338517667 -0.0538857226216441 0.211044341334446 -0.614015410665301 0.315427005120768 0.369771670495666 -0.427663326025912 0.172844766565364 1 2889.67934918308
"1" 2.98310459750914 2.61865653984195 2.43711626480772 3.9721070216028 5.01196147226388 10.0089687074936 -0.0233816675751935 -0.524654364908409 -0.31198269072022 -0.0974118458715133 0.186418239504678 -0.598381976979696 0.344301570613365 0.354807648697834 -0.44949504109703 0.182030637841349 1 2901.25928056408
"1" 2.94832537934284 2.64992235251959 2.4044773990875 3.94842130620091 5.02056766567449 10.0357599691964 -0.00643005381020856 -0.512381355528491 -0.310823453008791 -0.135884792484174 0.15671346585055 -0.594335094435358 0.358771109985233 0.350976950556296 -0.460439526363867 0.196642252226382 1 2822.43717509753
"1" 2.9810330897323 2.63036871329941 2.49140464906274 4.04774722756921 5.0283294261654 9.95697995825251 -0.0507611764243751 -0.543250795574613 -0.32474459443363 -0.0496871572106873 0.23231290221043 -0.601489782438292 0.322339730181777 0.359242505732108 -0.433258853284198 0.160587857933805 1 2956.19413154559
"1" 3.09321604444662 2.49665601115351 2.45815393914091 4.00271212408692 5.04012068985361 9.99139301001285 -0.0223418029162915 -0.52748035552788 -0.352462419783052 -0.0843246315959573 0.19273401432763 -0.599532490795681 0.340262996944505 0.355632387839438 -0.446112385343111 0.180233257296154 1 2777.24755366873
"1" 2.96694899341834 2.64990145682156 2.42111205061911 4.10574259094242 5.06027051247036 10.0131301581195 -0.053181648867128 -0.543634752834547 -0.33924368900286 -0.236016102591011 0.249631950502953 -0.613879168424352 0.340932953359627 0.366675735097428 -0.444161416093064 0.0968950891660192 1 2955.02651219153
"1" 2.98887957411154 2.59198115457433 2.53137492549994 3.91922205176225 5.00168333646051 10.0519657399984 -0.0196611224792203 -0.519265646028685 -0.359690004733114 -0.143612879522412 0.18275339684706 -0.568784205799387 0.380941308182056 0.327397058665017 -0.477041256180371 0.179886038076419 1 2603.16938418252
"1" 3.0616473114728 2.53788496715078 2.47197189339126 3.92220362530688 5.06216180191354 10.055820163506 -0.0115161460954043 -0.516470616957165 -0.39145663932167 -0.163079969456017 0.163988663709209 -0.58712588036854 0.362710066583914 0.343985690579702 -0.463777908824237 0.195550322341025 1 2830.1008727132
"1" 2.97083268020403 2.54393830385756 2.65958595513764 4.12312678823174 5.13979888026921 9.93547946502148 -0.0994087775619157 -0.513251547463012 -0.229300702062087 0.0232800126438315 0.551391552500281 -0.627981403354077 0.482613645870774 0.276154198865425 -0.484788830775609 -0.562833989554097 1 2813.78747979502
"1" 3.07673596728261 2.54053273533869 2.52242016669119 4.06397495748045 5.02471756069008 9.95433821143302 -0.0422151480552523 -0.539713363090338 -0.383439502037549 -0.0550807539002882 0.216508290171295 -0.602700556740304 0.325130350406026 0.360068462674882 -0.434604591338903 0.171790333843112 1 3016.98119202464
"1" 2.96411981770892 2.62809309467279 2.58353929017414 3.98915206138805 5.02010916793084 10.010604849305 -0.0305742140710721 -0.527667202639309 -0.398849405230522 -0.118570511611495 0.198164263773826 -0.584762031296047 0.352458202011065 0.343920067503447 -0.455989083248625 0.178985607445844 1 2760.76643436047
"1" 2.96475499184385 2.62592121028317 2.38206572190427 4.02025535244182 5.02080773994193 10.0045900209393 -0.023296996950767 -0.526112523449632 -0.296942908634443 -0.135524275475803 0.192929076677084 -0.604041387308227 0.337754835257097 0.359148391346695 -0.444000224043016 0.176925811107444 1 2774.80312405482
"1" 2.88372900129186 2.72182603128864 2.56347816622485 4.04850121482394 5.04348654402184 10.0286668410615 -0.0319321953517 -0.527280307013157 -0.41779178534774 -0.214462208565486 0.195872650177586 -0.593495241061673 0.343806974252339 0.351873027569781 -0.448668807036654 0.180341548307225 1 2850.98270707393
"1" 2.86993189195103 2.6368517801822 2.93733484004819 3.86477035619671 6.0238495973672 9.05319120719152 -0.0539582903265256 -0.165544655884767 0.116309262580578 -0.350989719617906 0.574214639753417 -0.260821343045047 0.459367995754469 -0.05260658127539 -0.547925350180261 -0.54584758261585 1 2835.32451466436
"1" 3.04586791213203 2.54844468298638 2.52904112695243 4.01557977645036 5.02388836265394 9.96506169576304 -0.0313325599438039 -0.531786588321613 -0.369487564664507 -0.0321997611569706 0.202961522140475 -0.595261903473833 0.337402558817736 0.352614915829563 -0.444159191468989 0.180359892971401 1 2821.88929815069
"1" 3.00832231376473 2.5900729467635 2.5339139592436 4.03400045960592 5.02307265254956 9.96054409355452 -0.0407717865542197 -0.536708325713488 -0.373090017568034 -0.0471675244428996 0.219515718054799 -0.594176495949436 0.340670949212158 0.351995076412237 -0.445774334264884 0.160393253751031 1 2858.18691868008
"1" 3.01025905561067 2.60410381329312 2.49842761101705 4.13032607948777 4.99295037983097 9.9772934831288 -0.0456177775339033 -0.540599830434461 -0.325395891830757 -0.183278882950817 0.220521382130032 -0.601318157509569 0.323939341572103 0.358380360663557 -0.431726104499221 0.173761157514389 1 2976.92941126034
"1" 3.05209512501192 2.54361695406469 2.50248813271334 4.06720761308636 5.01046452174523 9.95116445786765 -0.0400852987396043 -0.539619769670143 -0.342618838165352 -0.0491252708195739 0.221511092221826 -0.604288462094473 0.320759078382095 0.361142933052129 -0.430578022062957 0.171360687490106 1 2848.82273192472
"1" 3.03833500208965 2.56526768583076 2.52673062914517 4.07047113433271 5.03549911028437 9.99898827839956 -0.0389144983504871 -0.535334642848994 -0.39364265356238 -0.16796998568402 0.2091470885967 -0.589487254729156 0.340729359690774 0.347093278843262 -0.444953826797974 0.18036768085435 1 2882.85799916647
"1" 2.9425164508012 2.65617393637561 2.53996827482376 3.94741090291436 5.02092892685123 10.0220939804619 -0.0212365627066876 -0.519987091982784 -0.382374849630699 -0.100735019876713 0.177990123595725 -0.580356951151981 0.365224734924872 0.339514143265225 -0.465505568872901 0.187709638413081 1 2819.57111946832
"1" 3.04283509600336 2.5573780725044 2.59364927287166 4.03355053447585 5.00288882088632 9.97524462423451 -0.046672191941827 -0.540881039882276 -0.391220614321347 -0.0873767594790651 0.225757264777127 -0.591892679744204 0.33142465083598 0.351311334694633 -0.439486249838554 0.170065272705031 1 2865.29705659351
"1" 2.96259963269016 2.63483329073942 2.57257892750331 4.01149847614406 4.92208112630063 9.98307519810732 -0.0487511990497289 -0.539070979291981 -0.292999599725626 -0.0819372528304593 0.219085874914586 -0.575008193201819 0.339201336728701 0.33466211420971 -0.445523849488389 0.195125813506312 1 2849.43421282968
"1" 2.97040229308334 2.63676521810681 2.58351805545313 4.06463301025438 4.95596007228423 9.95722328357971 -0.0507084897117104 -0.54178956737519 -0.33011914333295 -0.0697293059399559 0.226976975581944 -0.595137664589653 0.327099127520771 0.355032554821801 -0.436051942912513 0.169171032071455 1 2910.73864312731
"1" 2.98561129166839 2.62819922528798 2.61014913103346 3.9569477248547 4.9349673124396 10.0398151614608 -0.0390663212869178 -0.529796619868642 -0.336683178275547 -0.153836522103045 0.197878480314991 -0.563043386331247 0.37270520793212 0.324375043790183 -0.470763062515239 0.184736435881779 1 2988.79694680923
"1" 3.02795882668908 2.57721032025742 2.49815697711844 3.93759498536066 5.05548746169627 10.0533678762668 -0.012712710028517 -0.5169598673057 -0.393539093114152 -0.167170021429994 0.167824364666072 -0.590392778536749 0.364937249972005 0.347620651554738 -0.465345762139403 0.182702152963424 1 2915.61211945333
"1" 3.03693486973507 2.59012692629769 2.52063838010754 4.04736381023748 4.92140258924898 9.98965609217517 -0.0380024376835556 -0.533699507571248 -0.285597723524256 -0.146837684579992 0.199031335029711 -0.589438295941164 0.345590436123891 0.347083988236507 -0.448998004911283 0.183069381580168 1 3158.00287259516
"1" 2.97587301977162 2.6392767829857 2.430942949043 3.98297062669907 5.01139302799271 10.0116637325612 -0.0224749525506435 -0.522877043832197 -0.312218188165705 -0.111556695532509 0.177790263062254 -0.590417271540059 0.353892625440876 0.347376775769775 -0.456688895098449 0.1897130377251 1 3059.50795745145
"1" 2.99956509384862 2.59157564464828 2.48632658776845 3.92191252733409 5.01833298699953 10.0148358337308 -0.0213761825366013 -0.521775568187809 -0.349401264359857 -0.0527752569761621 0.186497327782956 -0.584178394930562 0.366071652654661 0.34126536443922 -0.465848079303319 0.173473735943175 1 2772.98201594973
"1" 3.00418618986508 2.598273196251 2.49847297792462 4.05083126029062 5.0781452580576 9.96617406876343 -0.0349824681769474 -0.534401160777163 -0.408456083798425 -0.0729931787984419 0.209743742071777 -0.610030337898241 0.32222648269742 0.365870868482771 -0.43220948640633 0.171572010404872 1 2879.44670467576
"1" 3.0177464833381 2.60294976814973 2.43920864685578 3.9930704563989 5.12079674038961 10.0243225555972 -0.0211964836621327 -0.523094139597339 -0.430899973293643 -0.157308932612983 0.176946762858817 -0.60293046216495 0.347628860932538 0.357432731021442 -0.451383359373904 0.18089198062723 1 3146.07430615796
"1" 3.10347482016961 2.51634799429431 2.46163766953487 4.10635736690213 4.98716074827857 9.93543255072439 -0.0512331324283794 -0.545905318459697 -0.303298715909637 -0.0474232901477159 0.233511645894782 -0.601590407730429 0.324124621199976 0.357592456277466 -0.431515482382634 0.160534734278981 1 3044.60852188962
"1" 3.31299429523578 3.04791428968737 2.53071368585283 4.19183346581893 5.30313503695688 9.48953777281884 -0.755095429529262 -0.979625489638326 0.519358500609087 0.437366736619933 0.613556515363101 -0.586293758803554 0.572362991682193 0.201197794160251 -0.435277064387801 -1.4236310335129 1 3022.75942878392
"1" 2.93820220694941 2.64690113921169 2.41297008105263 4.11623654499166 5.02750047981455 9.93201224212351 -0.0431923577600607 -0.540443205178361 -0.321331755639253 -0.0645748304842872 0.236552892236203 -0.621034745004459 0.304828399392284 0.375604452892199 -0.418989786985872 0.15029701072433 1 2771.79010657085
"1" 3.02477297728341 2.57894199327786 2.51707556031772 4.01606775286845 5.02280387008184 10.0365747556997 -0.0283367776892358 -0.527456925315043 -0.369019117360881 -0.20092478629466 0.190303467829786 -0.585029449107114 0.352576342501678 0.342939314893724 -0.455365974299844 0.187961640242949 1 2880.03539881473
"1" 3.03319325448874 2.58034900944098 2.63688849524799 4.09827069414107 5.02011661693935 9.95040106441792 -0.0600058550094153 -0.549177502138296 -0.420806443442498 -0.0901822254587243 0.241371924879943 -0.595812979723 0.318607954189212 0.355227777775595 -0.429407388498048 0.166359006526817 1 2939.46253491269
"1" 3.04099393374456 2.56646278629218 2.47198833442155 3.93519679296176 5.05350146083856 10.0281279327862 -0.0166767857331689 -0.519506964338642 -0.378926940457712 -0.0999799598790813 0.17166909729265 -0.589880719671299 0.359658260829418 0.347173483036258 -0.461484021218665 0.187465614813788 1 2986.83076418162
"1" 2.95809498171691 2.6242627495361 2.531363432858 3.99274143618474 4.94797143402756 10.0016740931072 -0.0384660404873 -0.532088454714438 -0.301672836985571 -0.0955262243985272 0.208384344222792 -0.568081393554022 0.356277893846949 0.327782967091393 -0.458309405861244 0.192063673318664 1 2711.28461733562
"1" 2.99748484045953 2.61130391538176 2.59478641749172 4.11299079269331 5.08219454985303 9.98724734776066 -0.0468187717433123 -0.541027403371986 -0.464651565767729 -0.183911624611909 0.224197741296091 -0.600887883428651 0.321950443078023 0.358700963360744 -0.431346835121046 0.172115838002648 1 2891.48489592447
"1" 3.04085494444115 2.55813251324918 2.59681200716411 3.92468849365404 4.92593572063955 10.0392419241123 -0.0273552147852201 -0.524319662554555 -0.315244924053126 -0.119896925031919 0.187986936973851 -0.560633407366501 0.381678168887114 0.321974404155131 -0.477761792692804 0.184912294539619 1 2858.86632748751
"1" 3.02422485070933 2.55161302386119 2.53247660812032 4.14957288053357 5.01337816222449 9.96035560398451 -0.0722235213878663 -0.560578895120335 -0.356528593044468 -0.155654537759053 0.294264747719299 -0.615087394869484 0.308606358693525 0.371871377560954 -0.42055480531499 0.0883253683925653 1 2743.9658967859
"1" 2.97888889904234 2.63379258075921 2.5731185240924 4.04407681618934 5.03311077435697 9.95076626563232 -0.0470569890121387 -0.540096701420749 -0.4060349108527 -0.0442853130141282 0.220618050109028 -0.6012011731059 0.321248979839599 0.359425521449912 -0.431669388318092 0.175303268125601 1 2965.54067362977
"1" 2.97225305140167 2.6269374816102 2.54850246740531 3.99987631558851 4.99350667101521 10.0354981753043 -0.034508247771215 -0.529616936842139 -0.353877006826505 -0.182757636987423 0.201938068589152 -0.582969300140599 0.355600951966289 0.341592818670974 -0.457343319622562 0.174816609389576 1 2830.22058746948
"1" 3.0178472536299 2.58405683717254 2.53640719907971 4.01037146678083 5.03743751546301 9.99872358583559 -0.0301790646856818 -0.529522842604472 -0.382176845254992 -0.111248432500476 0.198489213138267 -0.592145810858961 0.346799728560879 0.350228817750813 -0.450402364503442 0.176231143033521 1 2867.76238675916
