"1" 12.1234906146804 11.7018412716666 2.28649070752165 3.50531568430654 4.3631904655237 8.82908030909853 -0.613778879278637 -0.701801101543702 -7.41266443377411 1 2998.01576479656
"1" 1.35410799182559 1.59985374341143 3.65902115072495 4.31808713093449 8.35334473694279 9.90103009236947 1.84020671936046 0.963852405335575 -5.56710368401449 1 2664.79224723176
"1" 1.01090975799778 1.03257781478348 3.32235727244832 4.86366407001692 7.98296075400647 11.7094221019158 1.89941827576505 0.833160542616875 -4.23314546602411 1 2691.668650639
"1" 2.00978265561415 1.51500116822767 2.03498952804105 4.37340975112249 4.11780122841385 10.2979597299312 -1.51346657601769 -0.117408370596584 6.10069014669183 0 2772.32285676069
"1" 2.2114446901211 1.83394875516591 3.00323544184011 4.45413830356415 7.31464143566056 10.6190681827088 1.66959989651608 1.66842713625425 -4.92392095105413 1 2660.69474605224
"1" 2.81444024779542 2.33657851584235 2.47193187495413 3.64482712129631 4.81533398478251 8.89877034692561 -0.675539744812476 -0.219680794733743 7.73329580524858 1 2887.53692849971
"1" 4.79945538033286 4.41846485862102 3.35147735021412 6.03635388884627 7.7347358542348 13.7242759225764 1.58366563484576 1.13503936468245 -6.97483171765327 1 2803.00128057951
"1" 2.63167627295791 2.91169304418943 3.56057569462354 4.27646512824258 8.37781777663051 10.0053265556292 1.86067260504619 1.20656305332933 -2.14201878949175 1 2707.87923458399
"1" 4.30201275247932 3.88240177720133 1.95751170170666 2.89620536256003 3.89448078656922 7.3746535122635 -2.27678114839212 -4.90766162055197 -2.45646202184133 0 2943.52157612781
"1" 16.237591439886 15.8008838104669 2.54516091043583 3.8027098059031 4.89427832047748 9.27621251813954 -0.477843198031052 -0.133846874926724 -0.955212698646345 0 2971.89386365069
"1" 3.42613265002989 3.81650426730272 4.23386352292334 3.94556657796943 9.52577193189167 8.88653246481094 1.84654905630324 1.28363495648926 -4.86145718347777 1 2741.69253792546
"1" 2.37772001590704 2.00276036348975 1.86011545917188 4.21422230680039 3.84749984228395 10.5122194150524 -2.73745860860565 -0.0514699509440447 6.69159630699324 0 2839.62574334048
"1" 4.52545788011703 4.51729957622379 3.42081664410057 4.6533263353814 7.94421265539567 10.8714913619561 1.50736240071504 0.692404492362962 -6.632199371134 1 2978.44912468263
"1" 3.75614402600733 3.42950999052503 2.27360383412419 3.68088548471836 4.34442762388368 9.31651282120351 -1.03221792095853 -0.197147289249763 7.78464521357386 0 2940.9402284486
"1" 1.47836403068767 2.13732780329915 3.99168988126712 3.90611338603792 9.9142514341166 9.69040869675616 2.13858559823994 1.055449515795 -5.37409843155381 1 2581.92578917945
"1" 10.6465445295253 10.8815231579683 3.48965009076677 3.99989735853324 8.01360350234674 9.17050149938499 1.65143776146164 0.757427561257287 -6.60914728558713 1 2929.01056445066
"1" 2.25448751185608 1.83738716233542 2.14717140876458 3.98427638178401 4.31711388951778 9.74999617688592 -1.65893534946673 -0.202250690317576 -7.42049737283862 1 2803.73045279385
"1" 5.00375553785662 4.92520094610211 3.41111518815 4.74093098615013 7.80605180952622 10.8552275484462 1.75554972736971 1.07486760394402 -6.08292046092617 1 2916.79134639725
"1" 2.53555967355582 2.72056596285501 3.440350606846 4.460563718197 8.10618329614687 10.469492669942 2.07491546069277 1.1327463013766 -4.76508602562892 1 2687.06690750135
"1" 1.98025167547588 1.61275065102925 2.53199919724235 3.94290926105652 5.10299832625893 9.4160373732115 -0.157284257164618 -0.398995603730761 0.106187945557101 0 2785.65445370553
"1" 6.52663129021317 6.26552340166733 3.04010381068307 4.62785787955365 7.52590153313144 11.1045040352999 1.82543785283575 0.786544789227203 -9.63810351235608 1 2882.82059302543
"1" 9.01233423469343 8.77569718235037 3.30365906103717 4.92798769474315 7.74219612098002 11.4897494984782 1.87669100313291 0.913395387594914 -7.92490748001444 1 2957.76906850385
"1" 2.53476396760489 2.15492934936759 2.35801849779707 3.48776827299812 4.65544505389097 8.76763882717852 -0.915427566544752 -0.918226451361269 7.22871187280866 1 2839.7401650486
"1" 10.4696760921122 10.0936947592638 1.83707162414302 3.17964362049324 3.63531280658451 7.67656208075376 -3.73425066954085 -3.6341872010259 3.12403882397078 0 3016.42231118994
"1" 4.32210287611699 3.85125066835621 2.18347257758243 3.47056606935495 4.41817067942461 8.70400323505526 -1.55266556007753 -0.724811310832354 0.922091029720759 0 2931.62616611357
"1" 1.94000989608537 1.46072394693445 2.10362270717816 3.8356947610366 4.16053645869364 9.54166256568769 -5.26459849642866 -0.322235670274531 -5.82884024842309 0 2741.57201724411
"1" 3.78709410621475 3.30061176580979 2.29588653345639 4.15198440583107 4.49044442936521 10.0749780381473 -1.1804344379462 -0.259722000556133 6.89816668183848 0 2906.01741986172
"1" 6.61144564415776 6.49193427305211 3.56318580250327 4.89102922731814 8.13516561754816 11.2355482558446 1.59460044218946 0.560381696907747 -5.75410967098385 1 2817.14815804931
"1" 1.757516938499 1.40994187715737 2.45143755465784 3.40251923986238 4.86205489538548 8.50603604573021 -0.34184884895128 -1.56940861830739 -0.654378093170948 0 2731.04332012785
"1" 2.22628833543312 2.6544515693323 3.94473498895334 4.40218675605612 9.33260687933623 10.3825964893095 2.14609017379757 0.979071407161002 -7.48936458512291 1 2666.57038079736
"1" 2.72504158149155 2.3117596430352 1.96790878487405 3.85781984410949 3.87946539061586 9.51417406813502 -1.98690138768453 -0.618302838933637 1.2657725754147 0 2864.35034596966
"1" 2.42420471516199 1.95570514275353 2.18345761123704 2.85540146114032 4.40390292335431 7.38730347664937 -0.844191188076498 -4.22521325499816 4.25560867073879 0 2847.752400696
"1" 1.75512143426695 1.4113999849623 2.04796962990816 3.02476536088257 4.03594600339114 7.85107456113077 -2.79259013041864 -1.95304507086089 -6.93741851282229 0 2729.49570415424
"1" 11.9031988874517 11.5537376985448 2.20986842464029 3.81794006950932 4.46642197988698 9.45030205640515 -0.913946320277272 -0.298916494587261 8.39236614740231 1 3084.64757806983
"1" 3.17485753432259 2.89833482044089 2.0554652915946 2.97539469835971 4.15800349387281 7.28706587286962 -2.91657491059925 -3.16969264185322 3.03426015307466 0 2889.66587034328
"1" 6.27538208819998 6.34027481027386 3.33975434716107 4.13778031932253 7.67974487027354 9.62971230203638 1.76884866305194 0.387291232285683 -5.75366499627198 1 3103.26710092003
"1" 2.8493526623801 2.41892694924429 2.00101856540455 3.45757125010163 3.88754792656128 8.66180986141807 -2.45201298427255 -0.61506780424806 6.69639039310553 0 2889.89349569147
"1" 3.47505642694687 3.00223888669552 2.2859165845433 3.13419406010453 4.48676391396043 7.89584488104011 -0.953354656952604 -1.41345262836137 0.99749337703132 0 2918.88491845246
"1" 13.1250722084167 12.6725738348016 2.67794829367594 3.19904218410934 5.09856250541685 8.11246387488156 -0.415426575824729 -2.61744338026668 7.65825426878468 1 2941.70727706922
"1" 3.35132960635084 2.76583955832848 2.18407509904706 3.46649426041011 4.47389723377692 8.86759851448622 -1.57725741513959 -0.687352895486641 7.44998937121573 0 2895.76935791975
"1" 3.61313524372447 3.72929483854463 3.46681731329199 4.1701823715365 7.78363629116116 9.49116038863218 1.67264303649111 1.21782939054822 -3.3898213029635 1 2824.4623090147
"1" 18.0539290990633 17.7907141958855 2.03354389582357 3.55073259332518 4.06375958264458 8.91283244656032 -1.84437922657452 -0.841032652360977 -0.349321291962677 0 3065.56894932583
"1" 16.4936569948046 16.0085715259235 2.48904438323539 3.47424164340132 4.83102555704119 8.60584325602841 -0.397155555683786 -1.03890984224815 -0.312978213516348 0 2986.298335027
"1" 3.85274893963762 3.37979248066875 2.09353109155901 3.77057670589903 4.09486918988913 9.43941145591853 -1.94850217861853 -0.179173377305617 6.71934117242498 1 2934.44666667024
"1" 6.53330367794544 6.64242547265153 3.55444886263865 4.09429602512417 8.28307985437611 9.50014651491557 1.59080701001864 0.483680562317351 -4.35743868772268 1 2936.54465076489
"1" 17.1664237898889 16.739035261569 2.04805372257556 3.20581612960767 3.98832993063034 8.20047809573811 -2.90053597815884 -1.62390049621106 8.04721361469485 1 3081.20308481225
"1" 2.13903482112411 1.66323255976092 2.32476290390558 3.95008202413639 4.55890729636909 10.0487812480411 -0.886001289354319 -0.148540756944481 6.97808033986209 0 2799.39521476724
"1" 2.17195162304804 1.79294308484165 2.13410020706511 3.93461447972242 4.21180426407772 9.78914946835407 -1.91003408973634 -0.364546790331004 6.95730947386524 0 2791.7184255862
"1" 1.91875056500156 1.5426677408045 2.20410909285997 3.86126129379679 4.29653999584893 9.88220563199621 -0.62020214936895 -0.379341912008302 0.910232501091436 0 2781.8498222962
"1" 3.06937626320664 2.67992504801453 2.21219798660349 3.20040174885355 4.52754764462336 8.31233747517051 -1.43342106089625 -1.3619449303776 2.42113529297924 0 2879.89570602125
"1" 2.02697481729136 1.99329943004158 3.50706419053297 5.25436123943348 7.96218353400368 11.8662377536799 2.00063736673423 1.31269471051571 -6.56784642243061 1 2582.62709747874
"1" 4.49456232090974 4.20677413759451 3.60468987955097 5.1543370137131 7.92082776809552 12.0948219783228 1.43112642482046 0.904313074724857 -13.2592568785806 1 2830.2771457938
"1" 2.27216267027373 2.18282221077345 3.19452195714345 4.03087585373984 7.53210365226356 9.54375458744735 1.6659523216333 0.581039353309483 -3.50185695800602 1 2714.92004942758
"1" 2.79823060682134 2.91747656078444 3.24153552007417 4.52144931960544 7.35048062442516 10.1865293556503 1.73725713546931 0.677460312837743 -6.48431403607373 1 2799.27069612648
"1" 3.25580946990457 2.96349516274457 2.11277277528772 4.22673770440339 4.14182561175717 10.340552992122 -1.48284786468302 -0.00125725958232609 1.10507030100995 0 2904.50196481193
"1" 4.90050705439241 4.4295210763496 2.14579088597555 3.62285353127885 4.26459852209277 9.06277072028955 -1.56815319196588 -0.363793808809914 7.35779271266752 1 2953.16635596049
"1" 3.06383884308912 2.74639535951081 2.5947750184237 2.74611986788259 5.05006390465545 7.14733008276449 -0.443626213049185 -6.40789652868192 4.58916804023771 0 2891.01492370034
"1" 2.98004496581693 2.87909320821976 2.98138016589321 4.53513903956642 6.9841868302143 10.6268773319564 1.95975708045269 1.20626257060598 -4.84709486330387 1 2790.02148541545
"1" 16.3256546204586 15.8228913236268 1.95818327134129 4.18033800488298 3.95791274392301 10.1552372805675 -2.00977064344962 -0.0308589240116993 -0.546206588438132 0 3000.22418288636
"1" 1.66816923308332 1.20281385296403 1.79485643270173 2.74632089316116 3.69373727274972 7.140997547119 -11.8450095906992 -8.64277023763487 -7.14651690370156 1 2726.28470664468
"1" 3.27354520242593 3.13352124715947 3.23788627894895 4.56523630441576 7.73307972594576 10.8765408276784 1.48219742507827 0.746716787178961 -5.78235865020562 1 2791.30151853776
"1" 2.78666263588623 2.36360104465718 1.95445691422855 4.03574970864358 4.01740702882928 9.78740372349386 -4.08975723598068 -0.372999476475936 6.34306636038556 0 2854.99845252391
"1" 2.4089315257984 2.4580386721056 3.41073280089209 4.76918767788128 7.5788770768832 10.6026113187307 1.52647336543978 0.568383578066095 -6.56824357777669 1 2775.70702868581
"1" 13.9830970378922 13.5676931576029 3.07844626326786 5.26575511830032 6.9167286337731 11.5874467918866 1.42958443646753 1.16758859915862 -3.66033494763697 1 2935.75216939683
"1" 1.96509832634733 1.93614358114192 3.60273360669244 4.65394292591107 8.2301730986682 10.5001088001267 1.63001877196705 0.623196111961364 -7.38366010482799 1 2623.47140649404
"1" 14.1405688960844 13.7314511289586 2.05734943008947 3.13811239866966 4.04824405344771 8.00898987802036 -1.76828965566591 -1.02385741766285 7.37850963888146 1 3030.00866890776
"1" 2.79555986715513 2.59534481842559 3.44814829640794 4.73257175259851 7.79759842268161 10.6967909095041 1.58033051332122 0.405272869571795 -2.16789517282086 1 2816.41290585817
"1" 4.67318101674684 4.35795303321864 2.04146260767053 4.10829945062976 4.05054591493286 10.2612996192701 -1.7904504742002 -0.425176429551278 7.30729495305544 0 2926.1063575416
"1" 3.06086132836701 2.98290956116976 3.27244946777811 4.47150227403891 7.8233395368956 10.2290961653813 1.79049616658617 0.691114137947835 -4.50916692916683 1 2836.86589618083
"1" 3.72271687961568 3.80781739007916 3.37183809123313 4.15207594220434 7.84134205150389 9.62025285842652 1.71170034929117 1.39027583398881 -3.54904299604562 1 2878.05820504534
"1" 9.10708812600133 8.75466895183173 2.14068004762411 2.81078857544922 4.2215920581937 7.06769300997864 -1.4511449222423 -6.70192126822692 -4.93414536498261 0 2946.82282122271
"1" 2.19377000546626 2.02858792152818 3.31868871503988 4.77599375663533 7.33959374471222 10.5335379567726 1.52498463872294 0.63366885838705 -5.01094587835734 1 2712.84696491034
"1" 14.3262973978717 14.0594807266335 2.39211387464691 3.65551870803386 4.66296547591133 9.13647763331188 -0.991963280275639 -0.829140656014302 0.122350339034628 0 2931.94704644107
"1" 1.80682506168576 1.47462983563785 1.96940402854655 3.81985000116675 4.08303950073421 10.1359125258298 -2.59099162223227 -0.314930370065509 -6.49333730109361 0 2736.18992699253
"1" 3.04028182345507 3.1197099552777 3.56516156433039 4.4318159208304 8.28824614242378 10.3764302364623 1.88341650865983 1.35883056081917 -4.51361633148749 1 2691.80462618359
"1" 2.3801718127974 1.90805822978404 1.89821420751298 3.42423964404536 3.72941860156621 8.6533331966068 -2.74180649636409 -1.3987240454978 6.65744251510082 0 2826.93658025027
"1" 3.91980106782279 3.56590521003616 2.14082346572335 3.76219671510299 4.10348834692382 9.7309968777537 -1.26511412964797 -0.425650508502626 1.09054412466432 0 2928.62279223566
"1" 1.90092405772775 1.81186217071164 3.45142520532401 5.12356144219408 8.26026914911001 12.1486615788387 1.82201718194581 1.15620650551175 -6.94824017946892 1 2697.75556891314
"1" 12.731086944999 12.387801128117 2.01360417196186 3.31612481196771 4.05382685406612 8.54740420705585 -3.9031753952235 -1.08356395016516 10.2265996908102 1 2958.18996058753
"1" 2.7739627701056 2.30827225838602 2.0114344465122 3.54644267756601 3.97680197215218 9.05152989695167 -2.38916608942246 -0.660320671227004 0.237973388303265 0 2869.14423619134
"1" 4.22457096876866 4.40851566606048 3.73752794235009 4.29464684084183 8.52386685408139 9.77619729108985 1.77596501141 1.15003438642375 -3.81038282335101 1 2615.81082146081
"1" 3.19332696140752 3.34076020965334 3.65429018156238 4.25397123627384 8.36010997778219 9.5378431532235 1.68926794398832 0.559547065650224 -6.71934051152803 1 2828.76691175147
"1" 13.3577669462907 13.0360368897323 2.20281678840141 3.54120078771169 4.40355099183051 8.7414898935663 -1.30762172433053 -1.47006295318877 7.49177813752405 1 2960.44356570291
"1" 2.18340394253457 1.8342344461337 2.02971447200406 4.52605446058563 3.85571277200398 11.0589012760105 -3.96705834089468 -0.138115042995203 6.43900288835529 0 2779.55442852268
"1" 23.8808960721004 23.5408731217289 1.97939738949495 2.91511931329464 4.05017203871002 7.29348255319572 -25.8870145076332 -8.84550433495219 -7.92727941620428 1 2947.14423149956
"1" 2.45048470197669 2.04439155144847 2.03483563448712 2.98913293464131 4.21801409601889 7.34506888915516 -2.11521625833232 -6.35894667783286 -9.25703542187568 1 2831.64444156142
"1" 2.15122434880549 1.74308510085887 2.21389369011203 3.82242386506027 4.28753831994257 9.47148724881774 -1.44597693496585 -0.377390021505432 7.5600622770671 0 2794.46023454874
"1" 1.57064057616967 1.46749722786447 3.24245742571729 4.42902145769305 7.71191069732092 10.3827439553358 1.83017694462936 0.591172393835271 -4.884509461363 1 2690.19086472978
"1" 2.81030521349729 2.33293280436899 3.39926264322926 4.90849859564453 7.81038608772718 11.0432738587096 1.59147782756439 0.763230540694138 -7.0179509955956 1 2790.06838956533
"1" 2.72718637610114 2.42288209542326 2.50550369788837 3.72295899798943 5.08012244520769 9.53390130133618 -0.947450784630922 -0.540570526733359 7.43976246516981 0 2832.86574578777
"1" 2.39658583183162 1.88877981552073 3.23858654452723 5.04371059719021 7.82527893009943 12.0638514679053 1.61971121134904 1.49375450639387 -4.65068384625441 1 2683.82082689476
"1" 3.06213255470809 2.62261768395138 2.19888070762548 4.1838063087013 4.36383657694436 10.7143683132654 -1.4696494796077 -0.0494111422381276 -0.710794177891347 0 2872.82760542517
"1" 2.14974325042164 2.24203653094397 3.30724709433979 4.0244833804788 8.05125306172676 9.7231295328275 1.97409463131941 1.21607583276681 -4.75379836237888 1 2687.70027335985
"1" 10.4292160233014 10.0679888920529 2.39594706698532 3.91292338687071 4.76808159413731 9.61027429365633 -0.704392185325638 -0.410857300955388 8.20482752945775 1 2984.78044193951
"1" 3.7100604536788 3.59076421782609 4.23929993278702 5.29200705401737 9.69164214948652 11.9218120950772 1.92914199770401 1.06187058442893 -13.5309528656704 1 2741.45626203137
"1" 3.07733600544835 2.6848149420912 2.57303869807538 3.95708568545175 4.9453299260792 9.69570705576289 -0.476957045013253 -0.242157676654245 -0.555254365170871 0 2880.10693549973
"1" 2.46527123803765 2.02829322067973 1.87939030437437 3.79772701905136 3.75558681224744 9.56346908419318 -2.93913056120613 -0.248621672269 0.801708398245731 0 2853.81663016368
"1" 1.45318216362211 1.45238016194505 3.37801155642168 4.50960012156906 8.16134141969967 10.8210759406791 1.93810283603672 1.35761003101343 -5.4050339749563 1 2545.50589669364
"1" 13.8118494064577 13.5293512467871 2.12238116517239 3.65645270167556 4.16316013651883 9.07226103554108 -1.80548763991095 -0.932324243330184 7.462165445313 1 3020.49756116932
