"1" -1.0857101703531 0.156940322972579 0.204595844671511 0.296354351805276 3.22621193768701 0.345909532838322 -0.459642168937659 -1.94598515073691 -0.260063881321004 5.00138392337286 -0.0251936956045443 0.28029118273254 0.580967500285119 0.222731177602107 -1.18475856877921 -0.271228120568699 1 -5213.85258924571
"1" -0.288619233325902 -1.15373334178257 0.385987199561041 0.694752401479479 1.17306615634098 3.52744531452279 -1.29798356594974 -1.88703220260018 4.259825804499 -0.671005698447939 -0.0707554248534773 -1.01916888656598 0.0224053282124249 0.272770686515012 1.19708144729524 -0.171057583919223 1 -434.296150334936
"1" -1.39282268233852 0.486312988109596 0.493699293559911 0.233333725416283 3.03207618200139 0.305131671576536 -0.653790388349637 -1.84699505094542 -0.50314252706927 5.06210134380186 0.0174012932229213 0.45824936235354 0.545043621795838 0.268325718906347 -0.943716720418016 0.0308880608706172 1 -5994.5045126763
"1" -1.81321734243993 -0.386479488527974 0.173750654444511 -0.0894992116598091 3.46122672155242 3.60220379959522 -1.42895283354953 -2.71806091420443 0.510691299855636 3.24686537277056 -0.154465366575472 1.29407410906314 -0.18585942594431 0.126166089484731 2.28879417145082 0.00593521299594278 1 1484.85806377136
"1" -0.0321048266447161 -1.10911243356693 0.421283178296305 1.00531737789105 0.616825652828109 3.72904103303103 -0.118173773616893 -1.39924890169363 4.48768097199472 -0.107763153566882 -0.0381907208923712 -1.70220701098216 0.142955881868434 0.359915893144228 0.676758192558293 -0.0825028160075038 1 -2964.73608372155
"1" -0.358901468641233 -1.02266825258251 -0.177445872419061 0.415999886226274 3.628982416519 3.37006023352401 -1.72159611691647 -1.90495982455689 2.98877855542372 1.07692415540649 0.188410685060162 -0.56284369451497 0.030954371141619 0.309710496540549 1.50452662807246 0.0490406986048089 1 1581.47654307733
"1" 0.0431204378684547 -1.11316409916308 0.277641548440937 1.17647642934219 0.297707731893224 3.65683540969071 -1.40398878074016 -1.5726175217525 5.10974010842793 -0.760647492404417 0.129855041193401 -1.41043245423948 0.137551989461576 0.342010068678381 0.611700857151062 0.0592951342926556 1 -5606.63907123977
"1" -1.27770639805016 0.107858846686218 0.528426904996449 0.294490648914847 3.45550638637779 0.309721990385094 -1.02583728140557 -3.00970469925692 -0.249319256967518 5.07339399469725 0.103696696624161 0.641247338296958 0.625947350473392 0.160245147874064 0.717941694784072 -0.094786086472979 1 -5377.19187091838
"1" -0.892428437663936 -0.555417130853651 0.750833514839674 0.485360387657532 3.1157142254673 1.22364906727167 -0.872135352846999 -2.3918558253117 -0.0996596151884418 4.46350042289493 0.0558492872777099 0.680820720839275 0.220859856950805 0.164638162169449 0.75857225553432 -0.403430155511887 1 111.134592803603
"1" -0.356217633095424 -0.144107987134119 -0.0111521248970149 -0.0222121156717899 3.65463329783419 3.76015363022909 -1.96466441182054 -2.43667948202945 2.81067089753377 2.74196536867712 -0.0195017361952193 0.357230956641782 -0.221023916609024 -0.0154086433253992 2.07604017642479 -0.224524282833732 1 1092.20605489876
"1" -1.31766480130936 0.265255962436419 -1.07390525300595 0.18158777535529 4.08696191434519 0.214713807203162 -1.79083851586986 -2.64575989718674 1.15463412893827 5.35890285333275 0.378795324260823 0.587553556364023 -0.0202020261655233 0.248344525911445 0.555309493852632 -0.409459322333046 1 -5805.78833637327
"1" -0.274727540809677 -0.559698605719252 -0.123906451107815 -0.22040602588848 3.47835338790467 4.19478970317882 -1.50672264044986 -2.16851134387435 3.47922418048895 1.85341225829876 0.0231745005185601 -0.535604015782005 -0.0986544155671005 0.362572957287927 0.988320584710583 -0.193060109013095 1 1118.53824005314
"1" 0.372826881552637 -0.949302392163449 0.254133350208558 0.387148338838256 0.304107438316897 3.30845685087863 -0.842099942911739 -1.67340291724966 5.02653538444116 -0.266173022965011 0.0420847129046468 -1.46741265724872 0.0809028173459122 -0.0260538652672833 0.726077636611855 -0.314947859607554 1 -5841.02562317645
"1" -0.468116006962069 -1.31759777595395 -0.113052706774379 0.864780251714152 3.35699462276816 3.49487626006196 -1.23093269593942 -1.44936791463405 2.05991748413853 -0.284280045909108 0.153873876144636 -0.717938344734116 -0.0623836903706768 0.480335130816495 0.669969172147623 -0.0847163088514305 1 2071.66356070424
"1" -0.499697260738512 -0.780654435299028 0.195127253214922 1.15040043588565 2.31830341509873 3.50105116123411 -2.16627348996897 -1.89308776887377 3.87193933857918 -0.717323897831726 0.287866031835411 -0.0244969399772004 0.660096360453645 0.479141423244683 1.15379922237044 0.866813945380484 1 1413.84216802113
"1" 0.339750040562953 -1.16368544726685 0.142247167815681 0.984764456966916 0.177448232828579 3.63895956109723 -2.19760619695954 -2.08744222284086 5.60622538521507 -1.07357528706637 0.101902863476394 -1.02984061578842 0.0632315627278829 0.268711186294916 1.14328629037853 0.180799396903512 1 -7480.7284254105
"1" -0.0800471326788064 -1.0664228846099 -0.0906432872920395 0.107636444756239 2.85591500523981 3.27794233544514 -1.52962246543011 -1.83735958472684 3.49710999475878 0.440706977727618 0.0749776137976233 -0.717446500193092 -0.117564582590323 0.29403712510843 1.24609781094816 0.000741308295067603 1 1204.94838263412
"1" 0.148407859734678 -1.1115655907894 0.239175797808466 0.849633109047847 0.297443441048765 3.32531334015205 -1.71138838105296 -1.94860742357444 5.21546888402296 -0.838149293452623 0.122272945082602 -1.12261871206461 0.0501113689923807 0.153856106848271 1.0837212470046 -0.16233343261459 1 -6215.96085739617
"1" -0.00597748881415648 -1.20490302692949 0.257019585448506 1.10438589132197 0.289852241156113 3.74199418933468 -2.34936590289845 -1.9363598835295 5.2640401673233 -0.824915003750269 -0.00392174740587154 -0.615811001480737 -0.0241143424680983 0.301011418648917 1.44547121481171 0.232271362152577 1 -6089.2797929536
"1" -1.07403541144698 -0.321642009532972 0.00989378045177388 -0.142533056731233 3.80304241234537 3.68143683971079 -1.48989009912754 -2.32729968252991 1.42748435252507 3.36908380026943 0.160540545409259 0.884359948025371 -0.157458085953473 0.0654936181328533 1.26657349494754 -0.49260529800226 1 1545.54563160747
"1" -0.734895746664468 -1.24277368039989 0.301037492647398 0.70113292879089 1.987601162758 3.60875453037687 -3.09058022014886 -2.40190966992386 4.1453461355197 -0.210423107436678 0.11129716703046 0.530037171740507 -0.170647424194877 0.0867970276114941 1.64350494625112 -0.27874803771715 1 903.911222069903
"1" 0.0232908003436605 -1.44277091031658 0.302527686105098 0.90812207329051 0.311633724320526 3.57690579081442 -2.79494837047551 -2.90494822376978 5.06587927410244 -1.66563835772542 -0.278989671765279 1.85170152417837 0.0760065120987874 -0.015215849998125 1.05253238385156 0.196527356820372 1 -5353.71250276323
"1" -0.439605114172914 -1.12426696656792 -0.166167033425091 0.71272370632471 3.44776900405257 3.57346123630759 -1.57497571366392 -1.92625851313533 3.49876230145508 0.427752948707421 0.00739233363145248 -0.523191538796863 -0.172636150966567 0.36463493690299 1.53310684463789 0.105380858301993 1 1411.14433476093
"1" -0.107379276029587 -0.929755213488421 0.209534708888178 0.406660217160124 1.80154009828143 3.60991707284897 -1.00233373907755 -1.56097548372175 4.021998962592 -0.129182648012669 0.0506667021276867 -0.868204053063762 0.255831448124668 0.24909796169237 0.92998267948176 -0.423608059744965 1 572.473963327735
"1" -1.81246083238909 -0.262901519921187 0.448638657745478 -0.163038668391717 3.57121354919211 3.80541229546606 -1.19174711438283 -2.39363104383351 0.00106825914013786 3.12452995996701 0.122297964251155 0.881035667645439 0.343422601689542 0.121569328944617 1.70841867393462 0.0715440854755587 1 1745.17529381323
"1" -0.130403849737263 -0.639003477925633 -0.0656049186283921 0.029082073379545 3.54542741546694 3.34865446694314 -2.0058766177621 -2.10640107828332 3.17510879317878 1.74116431503279 0.113336253895394 -0.291545599979012 0.000992099297408938 0.24013027947429 1.50317141171915 -0.134280881788971 1 1419.99455231728
"1" -1.21871181224684 -0.00701210784614893 0.424220094718072 0.432567097738945 3.20045182843378 0.62062742670873 -0.936883541005907 -2.4350518402954 0.358411205765474 4.38447165144489 0.0218682688475525 0.621218914984118 0.391847811131174 0.158826124334135 -0.00725049380983449 -0.617203453454568 1 -2391.99555452718
"1" 0.124299322097711 -1.48083863255937 0.177202765656484 1.19896773010945 0.195936878766444 3.4121500077604 -0.760251847800836 -1.73605529708606 5.43812267618476 -0.306268799430774 0.0708508411382209 -1.55680987584925 0.0673930720237576 0.299628496489297 1.07065593086293 0.129292324637107 1 -6723.31506466612
"1" 0.21139320814214 -1.19222256029685 0.332199172988351 1.7185213725062 0.319531268466241 3.14510207046242 -2.91648728857309 -2.14239316590117 4.90068819749132 -0.9634625758924 0.407946783827314 0.0988538225407244 0.322467652882981 0.711054593124376 1.13305247001534 0.719648635423076 1 -4758.0256402278
"1" 0.416017863536025 -1.5136566838162 0.236391911984519 1.34843921444939 0.26631712166074 3.99181280008661 -1.17354939554747 -1.5479443095226 5.02556476307951 -0.819523700715679 -0.0309069928375987 -0.886895677711434 0.196090029916875 0.245648880388941 0.308583345347832 0.114578575139795 1 -6101.03494242943
"1" -1.1085029553877 -1.0788345180483 0.313249059552069 0.245800301963581 3.19835633202057 3.06441692933157 -1.51176093223246 -2.28982214350676 2.61373288999141 -0.0620055587866569 -0.0696036717306045 0.325069395476905 -0.217444628726891 0.238806427953108 2.40083933312601 0.0865603290062609 1 1938.47930354357
"1" 0.239892542911237 -1.40088497692597 0.188721539251126 1.21787446839131 0.255132907941851 4.00488753469279 -1.45037594904377 -1.73462882277637 5.36259279246427 -1.04370303848872 -0.0174992536038865 -1.28262938200206 0.175199709582914 0.285274120183152 0.471889670896468 0.210586844639711 1 -7057.47670855164
"1" 0.105402798368495 -1.21961443398315 0.286673666253111 0.964032882654536 0.317831433932703 3.50491331732024 -2.24276671088149 -2.02647591512154 5.07856144344236 -0.892988656907328 0.178864261102583 -0.341343903111414 0.010573407184865 0.35933775935684 1.15421508535875 0.0811325436487185 1 -5573.24252740134
"1" 0.0167707728564698 -0.959815670032223 0.169623411859113 0.739866115102796 0.256108388818275 4.00273206704923 -2.40053217441733 -1.93835688100317 5.54022485714283 -0.766691620148533 0.398885628892438 -0.540427543403905 0.475713385125332 -0.244702727542584 1.1784741452067 -0.820034449300972 1 -6658.76630708473
"1" 0.0136040772509144 -0.447455294845445 0.276031392581562 0.645712556260495 1.93667626983838 3.80260285892476 -3.30706065558918 -2.64868328060504 3.8085329130142 -1.0301771311497 0.455765742413412 -0.90404350917199 0.184226612653193 0.210841179882668 0.685231101122156 -0.127230933314535 1 1015.54918866683
"1" -0.0699869713847693 -0.96747781821579 0.346588034681243 1.22716424599793 0.358177926643437 3.57589722438862 -1.89445274414909 -2.08092700877517 5.01248633466211 -1.03733483969334 -0.0378348666453422 -1.34061067139367 -0.00969892705975896 0.462416076113258 1.17877254117896 0.196072362890179 1 -5004.35185687653
"1" -0.782981192976575 -1.0269480157452 0.0223821253280781 0.355381661417203 3.67354242847248 3.48348965587009 -1.68666718068492 -1.91875926074546 2.29698470563547 0.690844405887646 0.0983146233437294 0.825609951314534 -0.210989808298383 0.252442454066511 1.77579289843413 -0.0585760866520267 1 2092.93832014626
"1" 0.101248735084487 -1.06737009061687 0.37426571895322 0.574534169919761 0.425186284445337 3.37776879901677 -1.52435397030331 -1.79770391255303 4.71040156335309 -0.524019426702131 -0.0259194788145452 -1.0487111791518 0.111809167709952 0.16247587604115 1.02757810821723 -0.371272886237839 1 -4024.50502195509
"1" -0.0072162473824885 -0.91933034220193 0.0420426284667279 0.548832672537699 2.84157009458702 3.22847368175383 -1.76657434542673 -1.76283986562575 3.29876002849231 -0.14059063727088 0.129510326419604 -1.16288477849608 0.048663783042773 0.427404799148809 0.73053848937931 0.0868982424195297 1 1329.6263580645
"1" -0.76218905368049 -0.963473646189311 -0.0560320100433127 0.292226093186713 3.40897207798092 3.52051203807648 -1.90760066878916 -1.77282973872578 2.25343199518308 0.83277808118596 0.434072581845769 0.623199323480588 -0.0400576700529887 0.456083563991861 1.39554897092229 0.0697100459506552 1 2085.16878215194
"1" -0.248709657180353 -0.929022642129395 -0.135120146132663 0.212200324868698 3.59553685441559 3.68618097537061 -1.97916253971407 -1.76097838589596 3.30041596293447 1.026321276673 0.389755262834359 0.365476087134735 -0.0270718858413465 0.576401229783177 1.43444665085448 0.20656293045766 1 1729.29100135526
"1" -2.4898918173181 -0.300955356621538 0.486512439983851 -0.0967321172095147 3.13187684852293 3.5994545352533 0.175827097236771 -2.27788077885955 -0.232864470131806 3.18403572129103 -0.421740482713998 0.786857449201964 -0.0557239901973842 0.150543821648556 1.28612277627749 0.125109171781607 1 1393.10424687993
"1" -2.47779017696625 -0.230654720349885 0.251839697332962 0.0359856055999461 3.19184177746839 3.94437333403541 -1.04990727693779 -2.18407297092452 0.078732620402989 2.22047252735662 -0.153716271183448 0.645032761825601 -0.347358636954816 0.375815067179231 1.31274065183994 -0.134526215953582 1 1991.87152385045
"1" -0.327808195419862 -1.08067450013996 -0.0913700336130352 0.431307441420792 3.41378571375654 3.21256790283061 -1.92878834968038 -2.10170250078764 3.42843069131763 0.396502756025031 0.014066511508993 0.107243488427805 -0.0906681831245967 0.268091239122825 2.10224672723049 0.0350882275348131 1 1507.42560592157
"1" -0.242178266055291 -0.907772892787875 0.0138507950528694 -0.00295139120459591 3.1997691997211 3.13751810849423 -2.17017147989224 -2.29427467463218 3.34428892953001 0.477735236337465 0.172250758075842 0.377784968935056 0.026637254093997 0.469240561389237 2.23055044021123 0.257440784264686 1 1554.67977522797
"1" 0.0402038693757743 -0.954950873563001 0.514474865744689 0.381782701758284 0.87912444294889 3.45359502185072 -2.05766186006106 -1.94158026735411 4.39515420742644 -0.653795040299181 0.0474159512197172 -0.5895921168923 0.0343564095055029 0.0869389818539813 1.52999282922882 -0.2705072668161 1 -1188.39443769908
"1" -1.22710762519037 -0.24941774879521 0.070398315325889 -0.0169203548064293 3.54250528469364 3.25190449438334 -1.62301975695257 -2.4458478387169 0.916397268858467 3.36764452638289 0.165955003069995 0.671711479437203 0.0896051768847613 0.175250928557798 1.10919669273582 -0.38103156761413 1 1476.36243399401
"1" -0.337840614301988 -1.17968698166182 0.304407296189332 0.937561634974954 0.326863631625531 3.60144546601358 -2.10340381358758 -1.9606382372651 5.28595373464244 -0.872652769808953 -0.253042757329039 -1.56354724331097 0.0402874797448976 0.389344651410915 1.41418758557819 -0.0252489503878183 1 -5695.95074911513
"1" -1.89716974935277 -1.5277769937174 0.735238722242946 0.97525294272878 3.45658840788504 3.75804566816602 -1.14016557664377 -1.72058026311876 -0.126281467796665 -0.234258693742654 0.224651000070632 0.920308771935125 -0.319415617740832 0.500717159134524 1.26755979180099 0.136487674423845 1 2137.12559826268
"1" -2.03315712608043 0.565008149823468 0.591389810942674 0.217292592894675 3.43571836783903 0.24055663320919 -0.0459902810993054 -2.6905458708987 -0.625771684154105 5.10125831582243 -0.193839504672473 0.733404069329277 0.104171319675936 0.149235799993039 1.06496211443276 -0.0134498203640692 1 -6349.31822071405
"1" -1.55708562169527 0.708460574422471 1.14287154624686 0.261888925547612 2.5558512967856 0.271001677618878 -0.188483163556679 -2.11854424765611 -0.292304073593173 4.84760121164832 -0.143284239207305 0.549501377824494 0.529652053683602 0.146676332961528 -0.947294366001982 -0.312773839946755 1 -5593.07661416291
"1" 0.400214461973421 -1.72608141976446 0.2586135440732 1.09708088308022 0.284464942515927 3.59362131435208 -0.752854683868574 -1.72081725224022 4.9522541179193 -0.562672069339662 0.114832434344051 -0.505428489015287 -0.0810320719161107 -0.129737647782335 0.854962293942499 0.246645893734603 1 -5608.19235988794
"1" -0.613128858990963 -0.885457227653342 0.145193551394046 0.979181670431916 2.47193539599202 3.36626601877402 -2.52228210053295 -2.3069882671948 3.91533480655854 -1.02715923315778 0.286812486041828 -0.96063902568692 0.0170285528903477 0.242714219624322 1.38978439011387 0.222144742224908 1 1232.73569855775
"1" -0.558218326432891 -0.510253444283573 0.00378251579932014 0.129341751734062 3.52543928518545 3.71252571830522 -1.77172263038615 -1.74869079328306 3.15233273443878 1.09577571588791 0.192011876400544 -0.545551400323049 -0.0320640356861004 0.351747184773329 1.12790099272695 -0.0327264840696088 1 1656.44371988784
"1" -1.56320362944754 0.149829735856833 0.65610849275825 0.255298386773235 3.45789716271695 0.2985087646496 -0.391852099585386 -2.41459662025467 -0.905482534856388 5.17714683544321 -0.128562320640953 0.336000068943384 0.638856822623054 0.219899656517769 -0.0972397171901924 0.0667033835960647 1 -6004.3207051223
"1" -0.940166883677415 -0.998677559731477 -0.0824904690496857 0.169564588349018 3.67630474344499 4.19397101528767 -1.86124445397694 -1.75881888542769 3.6983465880714 -0.836917411479315 0.0133795355375703 -0.125848141451826 0.0276053446812475 0.722418959667104 1.07994439196407 0.0167970268802923 1 1379.31293006477
"1" -0.0479410607153423 -1.3535587877137 -0.0408127605080661 1.54370556633568 3.09444044836506 3.84614928050472 -1.19591773845033 -1.15722765975219 3.0681772920671 -0.483947667650591 0.128461865178224 -1.07402144514682 0.219128918313547 0.394555804966768 0.0533898248168812 0.2151713703459 1 1513.0613579599
"1" -0.0964026095504567 -1.0970948207288 0.0717372097810597 0.46902863348305 2.76555059087452 3.16485151888457 -1.89472336323433 -1.69829164723067 3.45371031949933 -0.326597391527378 0.189096331351894 -0.720165984208123 0.0271622469551095 0.374773365160443 1.13176919803549 0.0241741251920402 1 1294.90090485552
"1" -1.4630649651035 -0.18284856773277 0.248102237749132 0.0281922307080826 3.73509922615894 3.05763109297091 -1.00062795984163 -2.50148166533311 0.63052186565694 3.34665114052887 -0.0097297601190064 0.714198558819906 -0.117155566189164 0.186502110397149 1.15775013722283 -0.36092589871897 1 1600.29308231971
"1" -0.179307237339066 -1.07003735871126 0.181392608783189 0.668318077873654 2.2323049376836 3.26641895488971 -0.9933891120081 -1.54315727585638 3.67686264048962 0.213451675599826 0.0309005870618704 -1.20267268861622 0.0671317720055057 0.386340952165446 0.92021574245419 -0.0347315553448534 1 896.479731596846
"1" -0.206511085019232 -1.02103505207124 -0.206511403589537 0.731670320199928 3.77967216216702 3.73451582386999 -2.34211442100078 -1.97525242878719 3.18217122806746 -0.277832806711837 0.125961510889625 -0.0134556877282842 -0.168101448435807 0.292187633938544 1.70146159903022 0.0819392118354765 1 1761.78580008075
"1" -1.92043047037652 0.421681874059176 1.10850298613783 0.342375963156132 2.42075222309353 0.346707208885096 0.400614716056891 -1.59187845075843 -1.67338215523551 4.69363850993913 -0.278779120241907 0.0764098865306255 1.05449257445552 0.246490337897147 -1.0329894490564 0.102687998264578 1 -4638.12059451762
"1" -0.388265876409108 -1.04375011936348 0.311170587818164 0.779842398584011 1.8812154395962 3.12737056528373 -2.29199908993788 -2.19579515601142 3.96899095529128 -0.710062824460858 0.132340163238962 0.486152808763731 -0.0854029547737322 0.207803052031937 1.69743660343407 -0.150742722191064 1 1006.20588637117
"1" 0.156520055930766 -1.14427764512116 0.279903071293419 1.37298827868603 0.305486446753916 3.63631217009592 -1.28728047156665 -1.60496687249587 5.06250057327282 -0.744555100631418 0.0675815223716281 -1.11363671173357 0.114255811392311 0.155882287023416 0.741870272050193 0.16157183381775 1 -5556.47528147492
"1" -0.181256907164197 -1.29756926178742 -0.0450825759975089 0.751185716259844 3.37771281984256 3.53850455302527 -1.38820059929119 -1.50656415086575 3.23578439131927 -0.190370876602197 0.103649139291833 -0.653706271744686 -0.0131816470849757 0.537668089852002 0.937694731175497 0.0107843152166155 1 1434.18381383503
"1" -0.996422849143424 0.354563008732798 0.120672229176282 0.118120464658409 3.42507410820171 0.205552652922537 -1.28887790442594 -2.50311547824805 0.794329344436425 5.65904127394799 -0.0231647265393865 0.429674440037821 0.45886395372491 0.216692666689726 0.050632526628763 -0.597188018941448 1 -7518.11361649336
"1" -0.16453741830142 -1.23967870709135 0.0770534077715505 1.43537584932049 2.47398255931699 4.02980548134112 -1.20739717723265 -1.33999686555982 3.55764892307609 -0.747415039567494 0.119811582754309 -1.10548521766011 0.214776941075318 0.3337463084206 0.122546813635288 0.289840463719882 1 1219.83087098054
"1" 0.0412553688116193 -1.14543293255338 0.254694555108405 1.17325940796588 0.292445112668621 3.5782093887996 -1.87382810102251 -1.67571194371705 5.1944711554006 -0.172315397653559 0.0751491556962693 -1.499379266054 0.206181081616239 0.368734924379179 1.10049569683447 0.163476576751518 1 -5872.25260305108
"1" 0.331593317057405 -1.18199318080327 0.257695684930503 1.09089472236528 0.30978560068501 3.33745813767612 -1.52878002078289 -1.6869430220546 5.05193766055516 -0.899937910756369 0.140520475658317 -1.03296241129396 0.142924725557123 0.300429999446418 0.654649953551291 0.189617722314183 1 -5860.96887479784
"1" 0.240399298276751 -1.14787119226996 0.283887471242017 1.06751461348598 0.33436274536574 3.60019218026902 -0.567016566179075 -1.38159265195568 4.98082565676123 -0.521025795629375 0.110429907053867 -1.23000617284989 0.146379614758445 0.407673711777524 0.416265164462779 0.0533810386200738 1 -5561.57572279556
"1" 0.365170010166015 -1.8993936749349 0.285974646148282 0.971469016896736 0.321320140492602 3.71887914264483 -0.885240569495168 -1.64596337191098 4.85324836123595 -0.675905125070309 -0.0534265672196505 -1.11751942916949 0.149459657681795 0.395225445310312 0.698792093384237 0.453012926897956 1 -5566.8652676957
"1" -1.45850548923131 -0.239535045021744 0.516871127247253 0.251115330901236 3.33749787813108 2.1163091358178 -0.863714195955459 -2.88733522931435 -0.122608689246937 3.62339015535261 0.0642034576630527 0.734313354598877 0.310292464578189 0.216285521429739 1.16198556414484 -0.062764114630366 1 1233.23183789651
"1" -0.948235349806336 -0.404841874768627 0.166875183359663 0.475495948008511 3.46586075645345 1.82542236549979 -1.53697494385724 -3.01800688707537 0.838580923481038 4.02143698029968 0.309073103083938 0.891217582814138 0.0847300045775003 0.0622363581538908 0.93031247969004 -0.568009931583879 1 928.334779092955
"1" -0.296555466183651 -1.13879787283168 0.150984516480188 0.471925427949244 2.81167540249051 3.31257573801204 -1.7592668208539 -1.84065256081763 3.50917106183724 0.37603859236901 0.0612553103318174 -0.287950146931298 -0.0313556262616374 0.283323496579876 1.52352139699161 -0.0952590955524952 1 1260.16452142823
"1" 0.827200246308923 -0.905815683403818 0.173146513470542 1.03133321018631 0.211887062876312 3.50202255690229 -1.59325818967842 -1.74910697123545 5.2414358776397 -0.7668688905289 -0.170355920366293 -1.07444749415912 0.0742943195180337 0.256780726367362 1.03618938653494 -0.134504977873323 1 -7448.57615460569
"1" -0.709583519139716 -1.02998299220957 0.534900565431564 1.00770065333333 0.77195861394578 3.76358555324424 -2.93334498785744 -2.01093200719684 4.78851881269912 -1.01450525923235 0.243197965675697 -0.0611926613699828 -0.0495027902820138 0.302204596039885 1.2061614733635 -0.18240140464563 1 -1564.50474101937
"1" -0.565309402331322 -1.14269975446993 0.158316752252752 0.260079005898123 3.47212535971152 3.40494123697692 -1.67487580650981 -1.75872790296022 2.41984453359688 0.702956251125311 0.433896500737802 -0.380692991473807 -0.00477949550738734 0.15478394921354 1.28793478429411 0.0234446758598385 1 2066.06039218407
"1" 0.333475205185465 -1.26159843649209 0.190530789958612 1.3486378458555 0.215700314844782 3.88135321339111 -1.5394351519644 -1.84817269455453 5.34315037969178 -1.04603170822804 0.0336242902589123 -1.38466138656992 0.171102817296226 0.36416147376265 0.491569328062935 0.252907190072579 1 -6764.35513543338
"1" -0.0662255573933752 -0.973536135592662 0.215514043623337 0.968930675377349 0.278337054665266 3.29368579400562 -2.16997809462001 -1.7756456138399 5.47391298835618 -0.547767098243434 0.0931981258190664 -1.52488864423253 0.165353102836052 0.202112271044642 1.17691942848563 -0.057114796868466 1 -6688.65082571216
"1" -0.7027420108014 -1.12664466254054 -0.0797346642057772 1.27802730125072 3.38610815259463 3.95722058692733 -2.51358897349041 -2.16854043569586 3.6865111066889 -0.619219703606405 0.32246222730224 1.32782262429054 0.303357099814747 0.302494277187885 1.68284150607723 0.490622571111698 1 1567.61708367924
"1" -1.29497927109667 -0.775227079774587 0.0200411198395446 0.0886502253405089 3.41923249553775 3.78747692707628 -1.60412791990341 -2.33219175163332 2.70376701234418 1.78147896511294 0.0125726045630394 -0.148724738964662 0.0766994738378226 0.254810406385315 1.87575285206827 -0.0514998420693058 1 1829.13088394832
"1" -0.777031643521901 -0.880097803898374 -0.0302538007333448 0.174798847501864 3.67818763421566 3.81980151133264 -1.74857317459863 -1.96727747109611 2.22546315542284 0.933950247650033 0.265120553156344 0.20501417503148 -0.196088455427657 0.227273161208891 1.38032437062678 -0.0434526297587036 1 2154.06371332073
"1" -1.39153263196794 -0.247935746523208 0.0850140059542032 -0.102961796871762 3.6449603693263 3.72123330167601 -1.7708758482156 -2.38587842061296 1.07922549480979 3.20922418940539 0.0167750766015041 0.628500171576562 -0.144088250160134 0.168548278378572 1.54415912748754 -0.247225549703981 1 1674.87100502875
"1" 0.153806566318987 -1.34531007675023 0.331305060682325 0.953250136304327 0.363640999619505 3.64575631280184 -1.24071815505879 -1.63074427885745 4.83686756662574 -0.502581984758808 0.245816755446907 -0.97373789206407 -0.297597975471084 0.207266415591764 0.7058619740409 0.149001615104314 1 -4820.59934823235
"1" -1.88999399407647 1.38692991423203 -0.0782649253134018 0.160200173228745 3.3554712078656 0.219459470342428 -0.780739932348315 -1.58876346438885 -0.699834059603042 5.09470576337309 -0.0751703224147442 0.424415068684257 0.0679646027905956 0.236670570871271 0.660820758941229 0.104667356363622 1 -6877.49327236712
"1" 0.285784787953504 -1.47439634481884 0.224355804157259 0.952076271371228 0.269674647505758 3.79022018756348 -1.51814090022157 -1.72095665834678 5.19202244494768 -0.879925294583379 0.0956714779079417 -0.802634925223766 0.536207400471786 -0.0130678382102984 0.831284990190684 -0.28710845762216 1 -6573.30290499807
"1" -0.218258291068774 -0.900302442010722 0.0270326739214734 0.727981449490343 2.84301021601421 3.17241570912468 -1.97835788905251 -1.93577672645393 3.51955028582923 -0.572847038073063 0.351901321146473 -0.2679115435239 -0.0536590257977784 0.259823553548036 1.40862249530707 0.125410669706208 1 1582.77616404105
"1" -0.10137541266061 -1.26688379245147 0.27330730761471 1.10417590468767 0.302714718054615 3.5537125731198 -1.80860843366745 -2.11865003081455 5.20395182367391 -0.883764054114281 -0.0808652220446642 -1.25582958789374 0.0219382240603704 0.232507345749108 1.02528377356912 0.112516643879738 1 -5798.30658114019
"1" -0.390252873696436 -0.919404773436088 -0.0651493809413133 0.0976736740651167 3.29833437418905 3.61662411537894 -1.70751144925963 -1.72081993505767 3.54789650706774 0.961808819392866 0.0553061471305735 -0.38672351169922 0.028418324278766 0.277144441455392 1.39139916229099 -0.168158785311034 1 1251.62225759463
"1" -0.369894597855139 -0.993753352763015 -0.154893454051302 0.328061720611931 3.87035032761052 3.57744152448221 -2.26336958327633 -2.21240210167645 2.9564887898616 0.591199096233188 0.125982058402285 -0.139034792661343 -0.159492792175134 0.332109539784915 1.46117839966446 0.0153813715888144 1 1769.6261018127
"1" 0.415507752726528 -2.0468250763776 0.262881996863599 1.22834798287135 0.29094192353671 3.87406010878277 -0.908518368220887 -1.33657102539587 4.90015502033345 -0.58304591841562 0.0271812339148936 -0.720732550639923 0.210291892355836 0.345146539042705 0.266588444029979 0.35206684794057 1 -5647.7599076616
