"1" -0.0691770224408686 -0.993105184385211 0.135436520794432 0.596378002187068 2.86806406357549 3.04944127272053 -1.87315685779046 -1.66503058703988 2.96944449825416 -0.265189363130112 0.501459890975332 0.0290150442950703 1 983.713333128693
"1" -0.0288560023826401 -0.636391106866876 0.211224523902719 0.751652219442969 0.224993582989747 3.04438012105094 -2.99955373889743 -4.81725984830307 4.69241469981976 -5.83934650890184 0.352365554003813 0.335764224802684 1 -595.628043465895
"1" -0.32581465625642 -1.36377759410255 0.100404933059157 1.75853707009469 3.17622180995085 3.68848742665975 -2.06643371819031 -1.86641390163787 2.98269706392159 -0.741341974024519 0.498440296635333 0.786254473431156 1 858.164994949337
"1" 0.159127238311804 -1.28191725335554 0.188065120823698 1.44406072437274 0.22498990767354 4.23893487903846 -2.02734194342349 -1.54807188655882 4.4856005030299 -0.848339660975284 0.117666820367433 -0.664224769378973 1 -646.461743630905
"1" -0.166781342294536 -1.2934261951785 0.267099122446906 1.45695529049209 0.279757029212891 3.5346529800803 -1.70594142515592 -1.34483389558956 4.42962564392587 -0.685270645524988 -0.0578689550393907 0.00535229522945078 1 -618.5608623029
"1" -12.2871708713968 -1.61291773255009 2.52160155147404 1.38390030953227 5.35140112480208 2.96466633935024 7.64357388307211 -5.73247483131991 1.26624887563632 -3.52481308545618 -3.57538464285698 -6.79749206515125 1 984.385871427945
"1" -1.15491337100938 -0.567895314274343 0.699331726089162 0.523955630240807 0.669084912505721 3.71073897415504 -3.89799833921583 -3.21656925280101 4.4388255873684 -1.62821008328812 0.623707442053066 0.396401347285037 1 426.141424695215
"1" -0.576645828840052 -0.70098425701379 0.0660670484286238 1.754376917556 3.10375573973983 3.9132040708229 -1.38807976335176 -1.29538623220305 3.33892097669239 -0.539500157944923 0.0549697800511952 0.189380159401112 1 801.753561051155
"1" -0.375686605986108 -0.645362516517803 0.280975827839101 0.816658774728709 0.276509215371877 2.97219573828733 -14.7646456236988 -19.4553544110944 4.62880097610735 -11.7851970269577 -5.0981112882572 -4.60319908393508 1 -489.95780658424
"1" -1.85671467504572 -1.23296671080586 0.908987211584851 1.43384587456045 2.53945504948497 3.61455806828102 -14.2617691412599 -16.3705698599265 -11.4304821585018 -11.3777573114533 6.96368720850723 1.89206127091754 1 1170.26932125837
"1" -0.0696555469835408 -1.03073911243997 0.0265012970097178 0.540075404384117 3.30387364268614 2.63819014069913 -2.44491031373728 -1.64627448656525 2.91994921120946 -0.70970746903968 0.821546779441305 -0.0191377991150917 1 975.685604345614
"1" -1.82989690155212 -0.195732015554968 0.847659638871025 0.0686575751058461 2.8253037753234 3.11721748233207 -0.298362672449377 -1.2897252769797 -0.351553580609877 2.96603000044647 -0.153937352414204 0.11667121292684 1 875.845608595089
"1" -0.600003559152806 -1.41718237832053 0.1019810021712 1.63387945545749 2.93587297813499 4.10852176606508 -2.8688796939423 -2.52351969631727 3.25330586404997 -1.25776329036975 0.338957691055103 1.05152372504274 1 779.797519253178
"1" -11.4649626482898 -1.40802528120665 1.20453856363918 0.849124386857465 3.17794053151328 2.50409636469541 7.18365608345894 -13.0912776037453 -6.65638392999326 -7.95735436545527 -9.22957190935599 -0.0244409617672287 1 1064.64629878834
"1" -1.67180583516089 -1.2821333340983 1.15026412821663 1.2183389881713 2.84842302262501 2.97112465532789 -3.83174503257596 -3.47709048979392 -1.70235848826894 -2.2527483140725 7.60460692212516 8.9640577721288 1 1214.06636563447
"1" -1.68051725994953 -1.34687241644252 1.43944277543318 1.07725630653773 3.22856688240406 3.03860825632031 -11.3948208972983 -11.8123655343061 -1.5999915698401 -1.45931038996341 1.97085013796024 -8.1096678347688 1 1179.3829385392
"1" -11.6440838255518 -1.50156719068893 1.08202785400329 1.05825095221494 2.42742713413508 2.82276549214249 7.355229318288 -12.5544304290613 -5.06497629506227 -10.7661271385724 -9.29581596529407 -1.12533174409362 1 1010.99731473968
"1" -0.360840564026606 -0.656644704892237 0.315675151914939 1.62120575648244 0.340146760341034 2.95945209301719 -2.23102252708993 -2.33790022266613 4.36595872940012 -1.46130937972292 0.74676016441359 -0.452287494374258 1 -185.15057147522
"1" -0.271477983036358 -0.694686501751662 0.209625909306195 1.19564394118158 0.221226599842908 3.13276153908988 -2.98808567900656 -2.58537414921954 4.82317333176409 -2.39725533541025 1.07045234372605 0.00313728679258795 1 -598.309476083643
"1" -1.36191685481961 -1.31137983537115 1.10925032211313 1.27413288005678 2.60224215595454 3.19376382613268 -9.07887986643965 -3.36589953930065 -1.35070877943525 -2.94787421985717 1.34777715669555 4.84976753022023 0 1299.70989430855
"1" -11.8405460439413 -1.36516158117889 1.74850740104904 1.38172053628321 3.67708377578137 3.51424795090233 7.25621658300281 -3.76063970012735 0.0759331309245994 -1.3242588650509 -0.4440475415147 6.87526269183815 0 1064.5660794323
"1" -0.566342214762117 -0.894411490311017 0.130909407061162 1.11225055249191 2.99695720479337 3.03657035511576 -3.83488992850181 -2.72604554090865 3.28330329175372 -2.13655784266276 0.507536998303409 0.145576849770391 1 910.345205779369
"1" -2.07010396033377 -1.28659639243282 0.936243788168719 1.34262984903738 2.86339147344517 3.22270647630376 -0.537633768723352 -3.4344178338985 -11.7276818302601 -10.272065176304 -8.41360053245664 -7.21920292783616 1 1177.34389187082
"1" -1.8072430183311 -1.41465955592288 1.05041588619346 1.23076774010341 2.70841173023026 3.34317315645812 -20.7217430987863 -16.4566001314003 -0.859702344993392 -1.6896333716325 1.57419245774823 7.17871617001174 1 1106.59747873283
"1" -1.16052303707971 -1.60241792555962 0.504197058352161 1.54333805382465 0.462364281343532 3.13432852371146 -7.56314039008282 -5.01135744397742 4.54144366940739 -3.67273585697752 3.29547663451866 1.26980534177236 1 219.714578797324
"1" -0.76402381223467 -1.31866021192391 0.336752914113522 0.818370883962126 2.67504994548348 2.16012293016819 -3.21298034888717 -2.66438104797013 3.4339922832907 -2.0325158083577 0.505821982892889 0.194170824514523 1 756.054629484697
"1" -0.050920266759025 -1.02583962472345 0.230368913914709 1.41699891384477 2.73128076880551 3.75179060979054 -2.11200901582469 -1.66454718921404 3.09843449306133 -0.681623671178364 0.721664005555925 0.146892702277566 1 996.36304027223
"1" -0.3813265674707 -1.01467056501435 0.212760355166216 0.883309647641433 2.59709160710352 2.77596882738119 -2.79399528672922 -2.11502788548322 3.23193715675745 -1.45914195843366 0.35952007061995 -0.175688048889332 1 931.560911360986
"1" -12.6323601001579 -1.61459707657828 1.25131962014391 1.26013983438547 2.56957133541357 3.20883464513929 7.86304283627715 -5.66157606810809 -9.03816989540375 -1.75455645250593 -5.68918246979067 -0.404554222901867 0 929.413427812691
"1" -0.81103486480728 -1.36825602878463 -0.0275396040543198 1.19211800535333 3.59133472159612 2.68878863899506 -11.3001981846132 -6.86211644843036 3.31306711914285 -5.72375286201132 -2.20868607094293 1.51551657774691 1 930.781295242279
"1" 0.0831977295383229 -0.706952984769102 0.0226790041532136 1.61159549026461 3.47573185192728 3.41523815143729 -1.64685612795232 -1.5629018971441 2.83240982216909 -0.925949629781234 0.0910381797191883 0.173691807114549 1 1016.34091367781
"1" -1.73394368207844 -1.36931434235311 1.18289443589495 1.35088537285726 2.69064837700281 3.622927694938 -9.63675723111654 -7.22551439236572 -0.483124133762671 -0.753620674957547 2.08815186675452 7.52469819542865 1 1147.84029858213
"1" -1.69811910790792 -1.24177879564308 1.18973514518704 0.957010473605716 2.43602300966241 2.96914483845976 -10.977045531887 -15.7658742408181 -3.40505204421963 -1.58082925164715 -7.90354669545584 8.29282413128128 1 1206.50845474966
"1" -0.798665183742659 -1.45490863634436 -0.0269932858311513 1.1322138199142 3.89442371050837 3.16970802186802 -22.2720977565551 -21.1990148612257 3.2163745425144 -15.700927677478 -3.64124442939193 -0.573945414407084 1 875.747468205122
"1" -0.438365944433879 -1.139119458987 0.206375754743257 1.07582362560147 2.61375338412795 3.23175718923365 -1.21789098254188 -1.30260832139031 3.27449050786088 -0.936613184186597 0.108560251340494 -0.00904042921735798 1 878.704109342707
"1" -13.110479514921 -1.6531545123947 4.49818801808535 1.21505642308743 8.67489806413726 2.78754355099792 8.1506806511148 -5.8191769191408 1.88664750135373 -4.44837761740874 -9.72701546441036 -1.95176863079966 1 1022.53529413807
"1" -0.646721585708607 -1.34170474531776 0.210107075869308 1.29070494890727 2.82320582477275 3.17810651418804 -2.81238740055562 -2.69877472276646 3.33750711569485 -1.22928863343024 0.92732234188207 0.71192078527115 1 735.058950681723
"1" -1.14624070510877 -0.726139079451122 0.444978976767257 1.09291785584918 1.62209189567897 3.9959766643755 -10.8814983515485 -6.72296756423362 4.20360361018607 0.862803231319114 0.620363495022207 -7.96833577008525 1 324.729431668169
"1" -1.17296445069163 -1.06809236545699 0.427693640990989 1.67300296576626 3.21497856312775 4.41160920237059 -18.2650264856854 -17.6376856630168 3.55687190480919 1.36689878068879 5.62645354130839 -13.7235240177908 1 996.415189823583
"1" -12.3779638991337 -1.50032569643886 1.8301014151851 1.22302860229808 4.84772557784967 3.23942443280766 7.63715540525157 -5.67012849111544 0.443768564281932 -1.46319200255416 -4.32073883028025 6.98408836910772 1 975.412147297884
"1" -1.42523921633369 -1.4373851300689 0.730775213704836 1.1900082255763 3.62165494805005 3.75668919621384 -18.4848713628695 -17.4267120246599 1.90999294631741 0.831842014291047 4.06488391403105 -13.6544239900907 1 1114.6738732452
"1" -12.7680141416052 -1.54541073842015 1.07173223030451 1.38306174269983 2.82295955773922 3.24878430497583 7.89584426163963 -16.1537033834489 -12.9562984435051 -8.06354184490323 -7.85763610464604 -1.03140142471818 1 967.223275180873
"1" 0.0429721942051929 -1.04097319310925 0.180422627007105 1.10821491757401 2.60953949310677 3.09280708314373 -2.20485913929768 -2.13727003835845 3.04411844168467 -1.15871627655712 0.303475031130086 0.297398500053082 1 838.242820297415
"1" -0.300509531435456 -0.537168932389628 0.273920860037088 0.99594660374613 0.334978596790193 3.18002487939509 -1.80348937634158 -3.58209762402779 4.41760819501371 -0.321342367126777 -0.0677714349166909 -1.39863097013436 1 -146.390200678874
"1" -1.79681256679332 -1.58626789545351 1.08307740919537 1.20727542447382 2.76209685242009 3.49573521805604 -4.92330684785375 -1.73698420338892 -1.77829180651971 -2.55733006669368 -5.87708496151793 -5.83193309048635 0 1079.98891836406
"1" -0.492537006843616 -0.911214719594889 0.214528269484198 1.02306950065038 2.70319580146188 2.74317576806043 -3.30705903853067 -2.4606328386286 3.31961424451408 -2.2477824496496 0.710985232114078 0.245522169404246 1 837.424742930212
"1" -0.201983112557569 0.56772781049803 0.234209332357933 0.255204205057293 2.78850696083236 2.74286286413734 -1.96927620266477 -2.39804032276503 3.54657793694011 2.24903670302467 0.447115379585439 -0.627860356949837 1 275.487060393509
"1" 0.997981347176323 -1.08402251408291 0.249612811901223 1.09355571390105 0.238496666958978 4.75746038748699 -1.3828896851734 -1.4924020432371 3.95762242716509 -0.707879376880983 -0.0523627314331212 0.523336335582193 1 -589.162274614722
"1" -1.82409037090724 -0.0327353386060382 1.33574855138629 0.217710913949358 3.3337489235369 2.69066241522447 0.194284619606178 -2.44754336504889 -1.22572928048594 2.92395038557638 -0.331312902743492 0.0626330971755889 1 991.788418913991
"1" -1.28781479075758 -1.25832710389146 0.0981866871217304 1.38540567481848 3.52012208136919 3.45943885532176 -12.3638945981897 -9.63915471887338 3.7294823877233 -8.97470221766739 -0.582023985517023 9.10580624432981 1 914.858288219704
"1" -1.886466323785 -1.64431891708561 0.995390180512601 1.30354952217421 2.84796515156811 3.25782285674162 -9.45076241367851 -8.79870140111811 -1.01661766049026 -6.59863313798219 -5.54045913483921 6.06110354471305 0 1001.62163815101
"1" -12.1952285297896 -1.47795056493648 1.14898309804421 1.55204232575119 2.95741648572906 3.73654836278496 7.74819544912079 -4.48206668543689 -11.4395420950711 -10.3656480370701 -8.75957103421367 -1.07091556655647 1 1055.41175333949
"1" -0.935543614543328 -1.25524130080918 0.217429739681294 1.27130757759508 2.65371009842749 3.51687180462917 -1.30075443098724 -1.6813548488369 3.582361545576 -0.672433517880195 -0.100396318033577 -0.0429847392719106 1 682.345744808386
"1" -0.14612675112593 -1.39188897447964 0.329722614179183 0.809925215364239 0.327713326751935 2.58197533815908 -3.91917952347205 -3.23547045740953 4.20480874489194 -2.47320445880555 0.680115730405945 0.473793644902313 1 -627.053040287541
"1" -0.832353599460085 -0.978671443971262 0.301476210967382 0.82965857903027 0.303216112408682 2.75456115443379 -5.82583258581761 -3.77504143809838 4.76594690317452 -3.18731418332513 -0.677414354780917 -0.533310270091372 1 -431.714845142684
"1" -1.23396410697545 -1.42043313707521 -0.123344321439864 1.51250239237753 3.80684429230656 3.57027062105821 -16.0944685853695 -4.28491890417822 3.46873017247043 -2.49323580813201 -0.715893489433151 10.2463415522634 1 848.444525267649
"1" -0.642674098347755 -0.840409670782487 0.417423777180812 1.10038260190687 0.377886174020079 3.47341428690318 -2.37615795239082 -2.23124122118736 4.34727436322673 -1.33026863975944 0.111665573313996 0.0649693858327619 1 -236.808034799771
"1" -0.147802135991895 -0.564662478027219 0.256155177005826 1.14543030013361 0.321073730466517 3.05498869524495 -4.37660749387322 -2.70530951787045 4.46897170614692 -1.56960310320519 0.534204705425114 -1.3596436201995 1 -291.411151903219
"1" -0.589438121056083 -0.851275468354199 0.359513615416576 0.858293338080064 0.330112059443673 2.55634451218261 -3.85836011034351 -4.02001782589163 4.49225782371388 -4.40810763178933 -0.0508730890190508 -0.508475115867639 1 -347.053546048868
"1" 0.291843391175334 -0.739234477555392 0.309846715709686 0.90618207103294 0.334059238165262 2.94122418286178 -3.42077628622107 -1.82423563250758 3.97786106471197 -0.912775011220212 1.2534287470656 -1.52362446621336 1 -328.894657057583
"1" -0.0653974635078727 -1.11710283977168 0.227686517891679 1.43128815619448 0.225547917716193 3.33487666395785 -2.51539146647288 -1.60584279129292 4.59932022752434 -1.10604755948258 0.915432036453868 -0.0333517844581953 1 -598.013220926165
"1" -0.234342172267836 -1.54324472837731 0.514015695799657 1.89887270580317 0.486802221420836 4.15561337375663 -2.05658173026816 -1.06209087000129 3.80535334542302 -0.624174410991253 -0.190167560843667 -0.0344953777339036 1 53.1292613478909
"1" -0.326101518163541 -0.952568644005541 0.389814224102947 1.75159290987073 2.39992990593044 3.68774950171664 -2.41661298421328 -1.91437621748278 3.22301099327224 -0.805141892634299 0.179456072502793 0.201761458456161 1 840.900670557319
"1" -12.6197822849428 -1.68686354306494 1.57224293603582 1.49435004069687 4.21324547097186 3.3893689487304 7.86996331068268 -5.80746779711637 0.12620457366021 -23.6084939121036 -5.18719224276471 0.872080897910546 0 931.33926506733
"1" -0.316861863636403 -1.15981611497538 0.197970953410385 0.841652964103337 2.73160233973545 2.18218991881959 -6.63914600642329 -7.64856109195188 3.21909877299605 -5.06657199295706 -0.647978141556763 -1.07838241599123 1 962.970710662416
"1" -1.87181240547873 -1.43017590758425 0.872134610790234 1.19356542362161 2.47532756848609 3.20034935660344 -12.9462006752832 -21.4348915683762 -14.4295369801751 -13.474747638037 -7.32090731339718 -3.18111751075185 1 1085.20595921996
"1" 0.144419735526516 -1.14225016382382 0.136746215918653 1.11399269986429 0.132596905164164 2.75522617785428 -13.4664424755238 -14.9885711910135 4.92004109695399 -11.5808162741892 -1.20049855476733 -3.170362090504 1 -920.478637214288
"1" -1.26392384122787 -1.30874617444582 0.0305835620787177 0.825293776704154 3.38875218577623 2.39710276979273 -15.6755375595447 -14.6580194903862 3.68587084430033 -6.7120964335288 2.00647826241123 6.90148508454218 1 904.31813485613
"1" -12.6329523298713 -0.749613924575847 0.399263720723162 -0.343744226491065 1.78307459970478 0.990807892517222 7.61989369816866 -17.1442737286535 -6.99594804840272 -5.25113170816978 -5.77732232858695 11.2851495348114 1 953.085199715581
"1" -9.9921624426342 -0.160959875170657 1.04010046877475 -0.00798903145578212 2.68230316657169 3.76834588051249 8.92602524837576 -12.7881304968021 -5.52795037379671 2.68102298923657 -9.95521819071565 2.07273499312051 1 943.348063604975
"1" -0.206462572821275 -0.852346994143408 0.302651764422318 1.08103692299688 2.80545276578858 3.4600642454139 -2.0075356841077 -1.89009804286111 3.15190994039118 -1.09823813533119 0.754236496394701 -0.216025868666808 1 1040.83868865707
"1" -10.613939306122 -1.54417354426956 1.30200631047506 1.04101714169101 2.95213558235947 2.63031985840689 6.43264911394916 -13.6474561905815 -15.6600908812613 -8.97171143106966 -10.7302368051731 -4.46886907232693 1 1168.98451371835
"1" -0.0566702812348676 -1.17257726351094 0.292630595041905 1.87146016627387 0.308607624436502 4.25328364085982 -1.32051163270144 -1.1481641326435 4.21521423120436 -0.613846475561737 0.194855415700161 -0.305669204148594 1 -332.220609868516
"1" -1.56604615172005 -1.22277008474839 1.01820633030891 0.914743434422827 2.79854137620342 2.72123502775958 -1.0155025468615 -3.65462689077649 -1.1314782073732 -5.50063276183621 -4.87894009833863 -3.38281550494349 0 1305.50386665955
"1" -12.3484820657849 -1.33400478348041 1.1719939222183 1.13103856135094 2.98700605349908 3.11720395687506 7.81854824382577 -5.551731954278 -4.12646139015321 -1.6828757052979 -4.01221417419242 8.20130722403194 1 1096.40425346607
"1" -2.78103329185435 -1.3789312987146 1.06545213700576 1.10360373032843 2.33755294443644 3.08828202549274 0.982877297758017 -1.68967561223679 -18.2089052321045 -4.28745648151736 -9.94107310108192 4.64074405307321 1 1181.67542681409
"1" -0.91875499586017 -1.18922951627805 0.321325894631557 1.48938943926379 0.311943005831414 2.48006053500928 -2.75037425141494 -2.51045052494373 4.74798275778367 -1.4532451490425 0.0978717701954765 -0.0284933028926628 1 -480.818778610887
"1" -0.409757130762493 -0.983506297211303 0.278326814629085 1.56143877268049 0.284802697303398 3.86500902701418 -3.07943826604868 -2.4544988065117 4.5783633876752 -1.35464679321432 0.560240865203891 -0.0785509435226044 1 -596.664909818934
"1" -0.232742948534 -1.23089340245412 0.286901714691456 1.56034914857614 0.273332880347051 4.04722678137649 -2.30982205141879 -1.28770406083555 4.40637773020918 -0.771625036287256 0.148920809724087 -0.00337589718000342 1 -517.198236464981
"1" -0.407871482900184 -1.08590541040254 0.361878924364724 1.80065965876724 0.411808122460994 5.02401378505558 -3.392672980303 -3.16928933075357 4.12104986956575 0.374820638162116 1.03270664120008 -1.08583929308127 1 -123.392738383285
"1" -0.0493737649433529 -1.25887559195718 0.26556524212895 1.33408221258004 0.276779292108442 3.1415640249648 -1.94603924621173 -1.71606070527997 4.35574045948924 -0.836025834963762 0.450720872948047 0.010852692612997 1 -548.097244593577
"1" -12.1085518629732 -1.31912940915391 2.50458027949561 1.19641477585522 5.54642995782524 3.05400954845727 7.62491678679232 -5.56082841486373 0.977791434970462 -1.21269645478671 -5.88097384895161 -7.53311793575223 1 1126.11844666455
"1" -1.66456195153364 -1.13943673905923 1.24927688932605 0.994574907342194 2.82809105787442 3.00300357397016 -2.91993040225865 -3.5987791983659 -2.57584948728506 -0.960553816759671 5.07390973739232 8.29120488932919 1 1260.08716775186
"1" -0.215809735308563 -1.15600153998656 0.362403841331111 0.915282025843927 2.23383827975677 2.59465219750722 -4.10031272584628 -2.85209320950283 3.19331708988272 -1.74106044715927 0.495674309552217 -0.0681894880212578 1 890.371776461558
"1" -12.3166801783724 -1.00410692666826 1.17508417656768 0.958079202241514 3.05875884711241 2.83255845754385 8.06232611670568 -18.7395723578184 -13.7332403227013 -7.9762220570407 -13.7243445036108 -0.722860658133109 1 1089.82943688116
"1" -0.591070705413651 -1.04767089495442 0.457756567671897 1.06808351700161 2.237186048931 3.20307878261142 -1.77439309555377 -2.08433179791002 3.50101760182532 -1.32304182840393 0.0338960903348148 0.0189868742403342 1 798.15485520153
"1" -1.76988456829883 -1.59930690278706 1.12843732330678 1.32108047898174 2.96166693423067 3.46898927336531 -3.55884272856155 -2.79742113565619 -0.784981582402073 -1.16822037513458 -5.23403889694497 -6.07963695728312 0 1069.09797166646
"1" -12.4319841783417 -1.26825288933384 1.07171611255802 1.19079085122083 2.98517936412663 2.91616314398712 7.84343367085369 -5.51140195918217 -18.7363617631406 -7.80185004554876 -2.73552415938734 0.257477793994596 0 1114.64795569951
"1" -1.70293158328084 -1.33183230240231 1.19820381330013 1.18614314546561 2.92030528229656 3.41032317137411 -4.77272139937714 -4.04743918982158 -1.7275652095468 -1.78555186828063 5.41973379443506 7.26245902634195 1 1181.2446174788
"1" -0.0502028695944703 -0.921445369666147 0.346610455103395 0.699404169789574 2.13426104958573 2.40842416680259 -3.52697102637809 -2.83396901739055 3.189959068566 -1.72314270222929 0.728719646750711 -0.31320062578956 1 831.281970191882
"1" -0.227086822882022 -1.21706424643287 0.253860937217725 0.941000861186783 0.231511987905462 3.54655729644041 -1.69325940628028 -1.64949934862462 4.50461036227325 -0.637835164413293 0.223003086189305 -0.109624613892682 1 -515.069448513503
