"1" 2.52620249861316 2.15326722810804 2.02378275708875 3.80591445341429 4.04942514019031 9.68049623767776 -1.22291878745649 -0.60445160392808 0.663964602294259 0 2854.86097257703
"1" 10.9435172066594 10.5214245446357 2.16322900745941 3.40422527326485 4.56596209533105 8.72589735335993 -1.13072403218002 -1.28645280797787 7.95864098477493 1 2954.5655163355
"1" 4.55904709647355 4.53443273053651 3.87455765497178 4.27197090266804 8.77646975846108 9.55306573276874 1.56951928417961 0.332384028601882 -3.79826968215381 1 2911.32118670497
"1" 1.98454874039825 1.64948742785141 2.06273448303247 3.47326810617554 3.96306695738047 8.35971898317609 -2.80653296067779 -1.49735046410805 7.23977992272031 1 2761.90894414285
"1" 4.68702549732519 4.27109525931017 2.03087503380261 3.9191666128795 4.06716032239735 9.60987145812582 -3.57556459020077 -0.527139920505174 6.75488923683704 0 2920.56185739407
"1" 2.02865112049635 1.64753271327699 2.06136898631922 3.51566535985164 3.98727339336172 9.15474726863237 -3.20907893675244 -0.806657241261694 6.00851975259756 0 2767.67051899662
"1" 9.36357814814509 9.18355894685046 3.44074764033851 5.05571753090958 7.89994204591903 11.7801263164392 1.73253333582538 1.15869872075506 -3.39040028932086 1 2804.72424075596
"1" 2.37603706153176 2.61175708523613 4.08403170600405 4.29635156287839 8.74105648611989 9.35756354677966 1.98097681921695 1.5391639291872 -6.32504095556021 1 2662.80238872788
"1" 11.6972392262957 11.2923260011255 2.089429494678 3.37292288828935 4.13806503267658 8.43402113892216 -2.54849687497437 -0.799735188027376 7.52741652180338 1 2976.69825868418
"1" 12.8806500550834 12.5836088054975 2.14124285157377 3.61483816552023 4.31862066852424 8.83296310600267 -1.23801855058971 -0.568176826321006 9.18345254056629 1 3003.77895108841
"1" 14.6462861367686 14.3686099954943 2.4453571712365 3.26064515928011 4.81313126985884 8.00490397982034 -0.695196888180525 -3.00278419140191 6.94042351523217 1 2945.75060126377
"1" 1.90696291304477 1.48200783775639 2.58091589154158 3.41080418569039 4.81562843335133 8.37958182909106 -0.59380365533316 -1.00440977048346 7.17278001588684 0 2756.89247047637
"1" 3.08922575289515 3.10815944620501 3.37855748600066 3.66420831857864 7.86867553575141 8.64846017881722 1.60548720371356 1.09423140267541 -3.14095177755153 1 2841.6883269558
"1" 2.59697669683815 2.24155255143227 2.02573497301004 3.42362036819198 4.10397436911904 8.35164243115905 -1.95130939874464 -1.22965861585094 7.18930785828838 1 2853.06851783941
"1" 3.11901346942962 3.41040078955348 3.97447197135327 4.40432080248221 8.56271863575823 9.54251599231191 1.93106374753103 1.12341112030551 -5.89905827939007 1 2720.49473772354
"1" 3.10169816675564 2.56939877878304 2.31904404277173 3.16744469847068 4.72067686459935 7.94077323972032 -0.74729148476542 -2.04644187623622 5.78558949876009 0 2886.31474704643
"1" 6.72291459562974 6.54484923970381 3.58180038104582 4.94371335625491 8.25977968474677 11.3761444823022 1.91642645239982 1.61518243452402 -8.24063148873623 1 2806.93781057655
"1" 1.93579854472399 1.54332042862116 2.05757207617048 3.37359502377556 4.27255717597867 8.18122967627346 -1.76425713419171 -1.35502746725432 7.43774154905462 1 2763.41509681477
"1" 1.6441371239916 1.16350584448618 2.07783847929859 3.28043129952459 4.08659172439693 8.11071945691254 -1.37700410368866 -2.35048378149254 6.79919997314449 0 2700.07446205582
"1" 2.33961040556393 2.12101539675148 2.81530225510893 4.01003585286403 5.57310547588115 9.84325217339481 0.11734856257311 -0.456205023857786 -0.543671744599102 0 2809.12078480144
"1" 2.77707298447067 3.20448466812867 3.66789520772218 3.86490784887484 8.73296315638676 9.02248736637798 2.19127940005965 0.861130539779595 -7.5567237924547 1 2813.21236247935
"1" 2.27567230812573 1.87398183908097 2.08692460111177 3.45955738821005 4.17133803963815 8.54973108919926 -2.04882241054037 -1.61158865083566 7.42334915383225 0 2797.98480198659
"1" 12.4924587582147 12.2968709618441 3.62676579883967 4.62469753829823 8.7162144499738 10.8023054748871 1.9206967428404 1.64256656315967 -8.53033634855673 1 2893.13523774238
"1" 2.52956453093216 2.17739566067564 2.52080173431031 3.36703040663043 5.10860150827533 8.4952479401198 -0.451779914637793 -1.31647668709961 7.19950458512494 0 2839.74663861671
"1" 3.84212050844526 3.6243540584321 3.39405454780641 4.5421158424914 7.5634058525989 9.79281534893639 1.6842805324664 1.68524643611538 -2.76872262043335 1 2841.41419769941
"1" 16.9624015242346 16.454827347009 2.50538059626974 3.40031545554383 4.92724336110346 8.49983503559851 -0.555136587928538 -0.726630648356139 -0.173406842127456 0 2986.16595358976
"1" 2.82867904581949 2.43315196315189 2.31690698182211 3.05190524022412 4.73569700475278 7.36496801312623 -0.89041316571048 -2.51750290417228 6.80381486357639 0 2875.53334176333
"1" 2.53056262418311 2.58626286515934 3.67127286451395 4.46709319465722 8.431377067724 10.3379421096092 1.62007361292629 0.733771271101957 -5.93769633847191 1 2747.11036404578
"1" 2.9552720505954 3.26338217124362 3.72134642531125 5.02430023237108 8.7367048730303 11.5401508881606 2.12701303155369 1.3510044849926 -3.01708023696397 1 2749.2413113598
"1" 2.47681415426281 2.08973922711565 2.09103847562018 3.54077448915341 4.10181954717255 8.73787669890135 -3.60134942006411 -0.793528680494607 5.10327324450179 0 2829.38336451693
"1" 3.35836359410093 3.42011856859863 3.81534398293928 4.62646968119585 8.4753793896188 10.2678815344892 1.7709858121048 1.25373851458036 -5.0713047475756 1 2714.86264399937
"1" 3.70938561663395 3.69186478125937 3.54325466965135 4.57607034411936 7.8751336084406 10.1336992417027 1.80903998599289 1.24357498517924 -7.65201807079837 1 2727.00019450531
"1" 16.1793036858606 15.7133036494314 2.32447331103041 2.94796502040765 4.69126090387386 7.56994461968831 -1.10086267936261 -1.78137650422735 7.82492706653366 1 3011.40971880408
"1" 2.84645424562544 2.98477042267671 4.15422298018423 4.84655013482885 9.14711586805644 10.8364869253829 1.83823996370327 1.12618747656827 -6.07031786458252 1 2678.6931544474
"1" 2.13192118445092 1.79585050953055 2.07199391573074 3.62603089011792 4.0318372173613 8.76200389897902 -1.26121812781651 -0.717204213515905 7.00462745469828 0 2821.04190634281
"1" 6.38977229355117 6.0989284174363 3.57722245850541 4.28059719959163 8.31887181696956 10.0320153298344 1.7818139181239 1.87025123096282 -3.50163040394124 1 2972.7716139791
"1" 3.00690654318212 2.62151741939325 1.99074863075675 3.51242679647754 4.05308544411515 8.98488191907406 -2.55095189605804 -1.16728488953981 0.107908465206643 0 2868.43399412355
"1" 3.58111230189189 3.11362574449875 2.42335174035959 3.57519825084136 4.75979984165627 8.74873930252955 -0.473615272792627 -1.26599062161527 -0.405520714414445 0 2907.2053774018
"1" 12.0225766799998 11.6683014634762 2.99870928773152 3.25209633705791 5.51914525135973 8.1258584820793 -0.157848799802138 -1.22613527988726 8.04262417906978 1 2952.76114297374
"1" 5.75361716897697 5.66238319858935 3.77980497924644 4.35369040734133 8.79208294352049 10.1573166784926 1.56769964207787 1.37160332592007 -7.78702938492273 1 2819.92468666548
"1" 2.49311130986609 2.06997912749451 2.27365628815541 2.89166342287222 4.68749536230377 7.43177173960175 -0.561913406975786 -2.30960971196157 6.80664956592643 0 2865.78485215824
"1" 2.70778447613551 2.21134411329519 2.85347956531988 3.74267754873038 5.53135093510675 9.37388580400211 -0.123528504693467 -0.567196170665874 -7.37294011113284 1 2830.0707717945
"1" 6.36331712648518 5.98542240810531 2.66556434009267 3.02775013153876 5.08797410456128 7.54821987713364 -0.413307839853911 -1.80488094046659 0.983159271382517 0 2950.76832332765
"1" 2.51533965876091 2.004212710797 2.11968649280719 3.01389388650742 4.33342006517362 7.82165183369315 -1.12611088454701 -0.824783766633015 5.91144965229881 0 2875.25665754307
"1" 12.2203535521246 11.9055804411309 2.09370939484107 3.67496588968212 3.9450200790043 9.25618414547988 -2.65655555768594 -0.409074461243001 -7.48856485098393 1 2960.09419761639
"1" 4.95196100932391 5.20297713889338 3.47919756754788 4.72714059098932 8.15738217132557 11.0983386344612 1.81120710550098 0.842597168853856 -4.7255641309419 1 2803.23040985154
"1" 2.06346555025732 1.70328299254857 2.11790516517408 3.55635764908616 4.16064370843271 8.83270681230761 -1.35956717251127 -1.06607859338165 7.60074068142725 0 2788.53493605668
"1" 3.67605493967124 3.34476758717944 2.15029656799108 3.64217149413033 4.46698427743436 8.83568069489641 -1.03516442959903 -1.22780719231628 -0.233771699889573 0 2904.70786674804
"1" 11.98285839155 11.4447501020852 2.3143068628334 3.04516994212096 4.557259186431 7.8952856126848 -1.11959748287993 -2.0776934047772 8.48195685517506 1 2951.56702399217
"1" 3.27751405271478 2.806801899247 2.39026422806067 3.23703975729866 4.61663408376549 8.25109437941243 -0.724914284872016 -0.837058720978612 -1.77319897338014 0 2910.61723347848
"1" 1.93387882962566 1.86442811213464 3.64581967820357 4.20728052864412 8.53058857966732 9.81726563888814 1.71610668749559 1.03481984319507 -4.23759390818843 1 2668.50768223647
"1" 16.5316666912579 15.889425134131 3.16327551309408 5.38861654498 7.47132113790449 12.5949154482757 1.34277299176227 1.42487258117399 -7.39611889380275 1 3115.81047686988
"1" 3.40086372607887 3.47474060168004 3.51371929375135 4.40462499200938 8.00660061357238 10.0299525442062 1.80537048137733 1.12751507081245 -4.7252621800081 1 2777.04151050063
"1" 1.89950990267923 2.10786249250985 3.93308450020898 4.0216624036075 9.00543241385362 9.22474627504531 1.77117512709934 1.39542977398032 -4.64696560736727 1 2613.25822232505
"1" 14.9686789664732 14.4775816830317 3.50291727900054 4.36550069520672 7.22106297067904 10.1110459724851 0.987658182781527 0.308642701807553 -13.3828865705947 1 3014.57567390119
"1" 2.4045428512883 1.94814013576795 2.6141946465684 3.25071622485817 5.022848644304 8.07543733312491 -0.539103277252862 -0.939868385426523 7.2843618327391 1 2832.64003990318
"1" 3.27662497736493 2.91579205564894 2.59235262915057 3.73515708165926 4.94250617647169 9.56733005216332 -0.743282686865976 -0.865869322457471 6.9879923868956 0 2861.3328463055
"1" 1.6905712867163 1.6250914175179 3.47509204024492 4.82814657870887 8.0224251974487 11.147296313221 1.75211873249619 1.00754289505733 -8.20112399079906 1 2583.73914196476
"1" 12.6274471293372 12.1375462176887 2.1672454303939 3.41465641921853 4.19349972212726 8.44180603360745 -1.95308147451178 -0.782314938260064 9.23523495523244 1 2969.51022360054
"1" 16.3027399302863 15.8113340865557 2.06384953003087 3.51931050441216 4.03766546030809 8.66970323338305 -4.99250452791005 -0.746887722285114 7.20768259725429 1 2962.44411952195
"1" 1.6460381526917 1.09821351237242 2.23846365500603 3.22125066968847 4.29628071683365 8.14916522120275 -1.25198509737468 -1.06902003838989 7.05870949920615 0 2703.40010694843
"1" 2.52209460266953 2.03602482497807 2.77207680001022 3.73122628253143 5.46583730394415 9.33295333772459 -0.100796449336809 -0.64762032751427 -0.687323383905717 0 2823.4515015116
"1" 2.18072210613894 1.87643866976605 2.69847241344478 3.52963546703434 5.20071893107007 8.70330114768898 -0.165249015272263 -1.22734401687679 -0.117583680045227 0 2795.42238966777
"1" 8.48211838789763 8.0247539892211 2.19670698862551 3.20897390834254 4.33885406604562 8.0107704866363 -1.4004583759096 -1.51012269206683 6.12040227390745 0 2953.32874153965
"1" 5.30571479947997 5.62591820195407 3.98227675109999 4.34441367272252 8.92058607039364 9.71690310380159 1.79443363381427 0.916228322734721 -5.87321307225265 1 2771.35139430653
"1" 3.30476830923425 2.95371162893505 2.55257034901526 3.11436212374307 4.98887606836069 7.61585788957423 -0.3604588676627 -1.39721317082836 7.95708235419847 1 2922.21795969149
"1" 3.698365149844 3.30845989818897 2.29482553857535 3.36262981729082 4.65645713245752 8.36940233373104 -0.962349953091482 -1.44266659580697 0.972195419418143 0 2907.50748736435
"1" 2.69330360071491 2.32272438862626 2.70325962277783 3.07192753529531 5.20218297930045 7.64367493187231 -0.24327465162278 -2.53798550150391 -6.6745126562145 0 2850.62518623113
"1" 2.01238637829532 1.66156984230652 2.41959917392634 3.40404546526493 4.64128777814909 8.70934804692109 -0.807771589968392 -0.666406447735791 0.694169736012582 0 2785.37322049285
"1" 1.2683401466588 1.28070975877497 3.78568366489458 4.36431019747556 8.62027137370872 9.91297776334207 1.7541350732683 0.919929370794312 -5.97294579463939 1 2738.387680316
"1" 3.29744692655892 3.38168440212367 3.46725031290088 4.33120974204822 8.33709073946658 10.362176953764 1.7874152362053 1.10514117733631 -6.68029568343174 1 2747.31548302198
"1" 2.12006308335802 1.74831921520836 1.82878071432167 3.78259219361596 3.63808828245071 9.24751621204893 -4.32631871846296 -0.779101180621717 -6.46804782837909 0 2798.95228446821
"1" 2.75865291203731 2.9630668577676 4.86920996915784 4.58104705675866 10.6077879386693 10.0288269089934 1.58369313537818 1.43060625092775 -8.22929237900571 1 2676.3593401986
"1" 11.0822527824421 10.7469341015199 2.20731542756522 3.47048643273898 4.57227157460376 8.52571872438413 -1.18726613712429 -0.756072190037763 8.14660983531967 1 3021.6167390243
"1" 3.65752129507493 3.32107736835217 2.16418117410199 3.03466906171905 4.39658918379628 7.704433823626 -1.39765420251229 -2.09150243397575 -1.43413826983482 0 2913.49700549033
"1" 2.88447429330067 2.91800431747395 3.54586688681967 4.37776399787724 8.20431850624652 10.1552350189744 1.96271840967362 1.38891900442724 -4.01213121194715 1 2711.75698325682
"1" 1.50380052602184 1.39052464045572 3.49442186411642 4.13650059454869 7.78904422924235 9.49905064255957 1.61354204783841 0.894468480253799 -4.4294217596851 1 2594.32199566076
"1" 11.3610129513763 10.8243333315934 3.6899779695449 5.40788565713896 8.09178164856249 11.7683775924262 1.79226379961851 1.77124905879334 -8.50272399739388 1 3026.08988889131
"1" 15.3902107226141 14.8784908933039 2.63305485440899 3.51853674795779 5.24505307368637 9.04828407218054 -0.213676158123318 -0.422482185242961 0.594029040054383 0 2976.14774742512
"1" 2.69973269269831 2.21752768553106 2.0190270419981 3.15969285785897 3.97457342770061 8.10321719507458 -1.7468697426089 -1.57171858720545 7.31190358184934 0 2870.8382921305
"1" 5.54953337562063 5.18149158794504 3.1454224195465 4.8641396319543 7.39693042575518 11.4136859248821 1.65551043577542 1.25927947545335 -7.72885247325646 1 2792.40003301539
"1" 3.97244480284739 3.92337983753067 3.45316717589551 4.37994497100737 7.8494239566849 9.94440197385829 1.7969512023023 1.35734962658485 -3.58986459268819 1 2828.4252130456
"1" 12.8759076909066 12.4684146756507 2.02747986219012 3.04870139963509 3.94658101197139 7.77027142137934 -2.18669906769958 -1.6530742668333 7.94631847859466 1 3026.89654900828
"1" 2.12824916480383 2.12286147934063 3.50894346208906 4.40125270202691 7.93123688309805 9.9911260176796 1.83382456131285 1.35283216056673 -5.77255557402462 1 2618.67746221722
"1" 16.7513970190377 16.5827262248238 2.23027041888455 3.27759283773523 4.55619769591329 8.43919329957892 -0.489680101885639 -1.19982488585226 0.857402175633378 0 3000.53083543213
"1" 13.887806091463 13.6204551185516 2.45123505162487 3.42237246196819 4.91013191631238 8.38297033996953 -0.734891761431461 -1.50269530004522 7.35022333960588 1 2951.17371793752
"1" 1.78207950262655 1.42228449416169 2.05705680049477 3.78844922504669 4.11033306015708 9.53445837088381 -6.47082737482207 -0.468822781587108 -4.61108395529219 0 2719.98355215442
"1" 2.0600925808524 2.42418129055652 4.27798371541748 4.08393817288148 9.58410588296941 9.20479750983165 1.82354076646302 1.3629070956673 -4.57191046211808 1 2675.86535208294
"1" 2.89060048385358 2.49269469665628 2.77679284857456 3.25438150058459 5.50882161111058 8.274984213088 -0.135537824499477 -0.516464921439337 0.264394171140663 0 2898.79912836763
"1" 1.82877139865939 1.41395774271359 2.70225480918421 3.5292959933089 5.43713385362411 8.86436163317581 -0.0811405421867557 -1.00501980907596 -0.578509486378417 0 2731.09942356706
"1" 11.4086480924926 11.0430485035991 2.39979310158515 3.47931805155711 4.67741149150294 8.41766901950155 -0.565404418199299 -1.24778731597433 7.45625355306567 1 3002.36377670851
"1" 2.70945432871392 2.30058497472772 2.09684756052626 3.43677809499557 4.17279639126903 8.23454797045672 -1.79893232763076 -1.75798402458315 1.26515826426477 0 2852.16013542752
"1" 3.53717696321365 2.88807848728296 2.22659389349221 3.17497160853412 4.43798853954229 8.03492573058561 -2.00541938620089 -1.11407299880124 0.052811010217264 0 2895.86113536893
"1" 2.1420483415634 2.15047678146358 3.33745423780644 4.26366583439761 7.45314673889254 9.39547939703389 1.80802028452033 1.38278602578963 -4.52247591817703 1 2643.21469300881
"1" 1.79226226270464 1.30982535716056 2.04465489111076 3.97302729337315 4.04888730611025 10.1545878258495 -1.66854722815216 -0.372603798355936 -7.33847882287681 1 2728.41347004317
"1" 4.62915434768667 4.78783747935816 3.73577962716038 4.31904440785044 8.37512635856048 9.99229542392914 1.79997581131404 0.496861547098911 -10.3979502810083 1 2879.47894293307
"1" 1.29974696073525 1.44001714557793 3.66561175419082 4.40042396045408 8.53825502768529 10.2360335465473 1.93680531939281 1.1847728239099 -5.94602890224357 1 2545.59539671745
"1" 3.20993744290278 3.57373137042877 4.07815072645171 4.17088029145274 8.82350240248575 8.9789794801562 1.98555912088367 1.22871702689917 -3.81106399807012 1 2723.37136810782
