"1" 4.10787016310845 3.64692100662507 3.58972445331399 4.83746526643106 8.08181235116671 10.838508712568 1.45692954862525 1.50469569109507 -4.84214373920986 1 2670.49607467515
"1" 6.24228689335724 6.03701352411182 3.4201471536687 4.91958055909464 8.00758296015258 11.3846761519741 2.01776450271357 1.05765749090174 -6.60889640901361 1 2713.75270785279
"1" 13.2433818778609 12.9040441027595 2.13720613414626 2.7600649751293 4.24363313043313 7.15755184810104 -3.04541388473672 -5.34994483378718 -7.50913464833252 1 2997.21492220348
"1" 9.86716631098851 9.64146833077061 3.83292721174872 5.48912917078829 8.8869899452409 12.7043456213213 2.15958400260986 1.76370872822683 -9.43288670630631 1 2442.14893871816
"1" 3.48378190844879 3.75611919851766 3.66152133959731 4.14136817665826 8.25683545192116 9.27818301373228 2.04236904663114 1.41130184229843 -6.87315142261836 1 2641.29495287592
"1" 11.2725701229362 11.0805005579227 3.16891543254085 5.08048193156657 7.28095788596133 12.1382989386737 1.4644559250012 1.7968297741665 -13.0789928780584 1 2959.17475488139
"1" 17.9268814685202 17.6682154248131 1.82734023736545 3.15604388172625 3.7954425090664 8.02998825899722 -4.72712180564371 -2.44966007896506 7.11100632396568 1 2976.52474973039
"1" 4.22610599526601 3.47332792743924 3.42217419409988 5.48285745548824 7.93301379896377 12.7002057169938 1.86648022907666 1.76767997709889 -4.31082004303465 1 2498.3409949228
"1" 3.60078146638972 3.53389651298927 4.19947405987149 4.52792217868261 9.30049457654206 10.1921197151759 2.22779877884371 1.85017879615082 -11.6599737065884 1 2433.06657348415
"1" 4.01118865504788 3.70403862911598 2.30249446547286 3.26447265084115 4.52635821440123 8.01117625886901 -1.34483594198875 -1.53997857306196 6.90798396528675 1 2914.73355129252
"1" 2.67979321371747 2.41318308170621 4.16727922229716 5.28725599658993 9.51880010169958 12.0626289928196 2.09881807957309 1.82075978323647 -8.07414899743502 1 1934.25236726975
"1" 11.6282552256314 10.876415889231 3.28189484349538 5.46985362691383 7.43412889423894 12.3889122466058 1.67698100664177 1.70794472562972 -8.95813928977531 1 2838.51480129508
"1" 2.62298274054774 2.07594708051844 2.13201999975082 2.82648948401332 4.02519886335696 7.38558908027877 -3.21388860176767 -2.13644430911531 -6.28154935134267 0 2846.54003269093
"1" 1.50553091491961 1.72453839030989 3.80041858305517 4.45349423765047 8.84806896982048 10.3639968058396 2.41907675617539 1.57821613838178 -6.21215720140987 1 2176.23994685477
"1" 6.31200454126586 6.17365859045441 3.66578396106313 5.52009207116466 8.28529191956895 12.4625397422711 2.46251717753965 1.32444976960429 -7.66432915161177 1 2310.78182030172
"1" 4.17325603330565 3.91192541183125 3.68860062243101 5.37807381498705 8.57354006111746 12.3678565645666 2.08730224418094 1.22849504691264 -9.78269488361906 1 2548.52217234249
"1" 1.61555359666923 1.9185226456207 4.21478724432769 4.97163059764689 9.48781694185741 11.2139790240549 1.9542968746037 0.86439874238188 -4.84716235517326 1 2399.45189119881
"1" 1.93692649557467 1.4954379434178 2.14139830618031 3.30463456870661 4.38905898005896 8.29488364793774 -1.40711530639479 -1.17920479917074 6.95634658619771 1 2763.22208317538
"1" 3.6151056105657 3.48992283706272 3.65932644915839 4.88302814034907 8.58916663197179 11.1852475257609 2.02221853214432 0.908029642122707 -8.5131908940207 1 2601.28475179877
"1" 2.1699357629655 1.87049779414011 3.51197503882356 4.52695986309531 8.06177680348344 10.317862520024 1.95907689884395 1.79355080931425 -7.64615639257684 1 2480.1458946598
"1" 1.88699534370009 1.32117114205476 2.10384191048456 3.40189748646046 4.21683154841393 8.79799257502583 -1.41839443565733 -0.977240772817863 7.24999527674478 0 2747.13670466904
"1" 1.63862619087641 1.14482326236155 2.14844175845547 3.28273483323543 4.26424342928734 8.10998366599399 -2.45957142513295 -2.22432222448392 6.52631935494337 0 2670.8503524315
"1" 5.19862429390295 4.75578533123154 3.40103213281967 4.55022862419193 7.82784327210879 10.4465373735865 1.71143971960451 1.52039434064499 -5.68028283462552 1 2677.62998828798
"1" 5.28120531973254 4.91124783277984 3.9630682455417 4.69406488144226 9.19285902841791 10.8879511519907 1.9800456547333 2.05204274878242 -7.70191276357627 1 1837.42439363063
"1" 14.2372139661018 14.0276434585716 2.05892907661302 3.07183100088184 4.26016559911313 7.54640916237602 -2.35126909308606 -1.91277948105274 6.93542864321458 1 3039.78963022481
"1" 2.31890155074763 2.29513600368315 4.11739760868538 4.63480358468818 9.11926743187913 10.1536878508644 1.95765761510411 1.42308945535335 -5.72193276101294 1 2532.95022426886
"1" 3.5808429578753 3.17397898717649 2.9587314567563 3.03591547681969 5.49862782955695 7.70804997045192 -0.157409970935862 -1.50552625107248 6.58403238105907 0 2908.31012626392
"1" 28.1076767150036 27.7094897070308 1.82596920135551 3.10678924884969 3.76651004256127 7.92370875989181 -14.7076343312347 -1.44398384198971 -7.60030994919698 1 3056.04697668739
"1" 1.74059571103941 1.55226507224142 3.98169379919643 5.0377346887336 9.09201553172692 11.497547006676 2.30894521604583 1.7976733340583 -7.53227169639429 1 1768.4375020469
"1" 2.995504587117 3.90248252618556 4.67117757151239 4.1079719866067 10.4616387736119 9.19980243504544 2.66459574160062 1.55783604765937 -5.16456875132503 1 2073.86303430888
"1" 4.44340965062445 4.54525208667202 3.30973386830397 4.20009216524168 7.70508379385891 9.7758731085058 1.92619765910274 0.910938773023141 -5.67518453164565 1 2764.88214814554
"1" 4.28444819578952 3.88397182069316 1.94567756869912 3.25471888690524 3.91760118895485 8.30660152058054 -2.06136321746999 -1.63511020185814 6.20047253696471 0 2937.80535818111
"1" 2.09401151403232 2.28484365691614 3.94131815174987 4.71250671071969 8.88790956536715 10.6265236553486 2.53120136055234 1.48844970152156 -5.60593349245914 1 1923.01062769906
"1" 1.8623461977314 1.30843982709702 2.01381223081094 3.24992977968929 4.0603532206125 8.48801747539848 -2.4851276452829 -1.59520382513686 6.66977455240852 1 2728.92533057183
"1" 4.19550687202903 4.84883086209552 3.85178355340865 4.20121820165702 8.99980331886679 9.80960667865086 2.7586522772833 1.39856767630811 -5.5698518935848 1 2085.32526537584
"1" 2.89036026784126 3.3696947069974 4.27626911035805 4.27882538627656 9.23288100757091 9.32831214007799 2.08683027017799 0.850383056217295 -7.4612344767469 1 2728.88211704337
"1" 2.02079160237785 1.78733193603364 2.00324620460416 3.41757759842422 3.95751007873227 8.72889389435848 -3.73113152690397 -1.57462815349131 -6.74988132417762 1 2762.08274479357
"1" 3.07160813402743 2.61103011964227 3.78425442261001 5.23602777950556 8.94602748454496 12.3840103762178 2.19058971040736 1.77836606401223 -7.97259740967462 1 1963.11081711036
"1" 2.37577655722384 2.05526132171173 2.0522597719469 3.36082830193513 3.97967511524759 8.19373249027799 -2.1798623090691 -1.3207564654718 7.10643412410793 1 2833.29378784547
"1" 9.73669894221466 9.58721997483773 3.93858245672914 4.57274925108134 8.74939334848718 10.4443390386163 1.94290642028248 1.70123802296961 -11.4656445320579 1 2665.47234698953
"1" 5.39348575099591 5.0742234533691 2.69545172255816 3.49588276529919 5.09477459925883 8.74533665466271 -0.505847376840025 -1.07458527634255 -8.22785118486723 1 2914.49019108237
"1" 4.66326457539907 3.74609461912995 3.53277644500233 5.92412935830512 7.88825169466154 13.2258827213298 2.1309190355322 1.94148724071568 -6.46297526247237 1 2227.1075693065
"1" 1.64005999713896 1.30500654096877 3.01769415735141 3.53573903995919 5.82188508953922 8.77873456970193 0.00362057267736495 -0.74070701790728 -7.21653841986049 1 2686.08605557545
"1" 14.5264457789601 14.1955379187164 2.06671338580707 3.09390373259126 4.15591756049741 7.75612185700166 -1.87463485788974 -1.53956539528473 8.39726917910945 1 2978.63730729451
"1" 1.85621169719511 2.13689892351367 4.81635147800039 4.84936248900426 11.080324962472 11.1583133782152 2.5330899152045 1.34843625488149 -3.7857552231632 1 2621.22520804374
"1" 3.24495894510202 3.08143970627608 3.73936543836656 5.43329520837067 8.47907936233218 12.2932993444072 2.14707612632559 1.58797314310693 -6.12688464433446 1 2325.7345982466
"1" 2.62663127545286 2.21429218708451 3.53695304756849 5.77138313882299 8.45914219929556 13.5377038561804 2.01090776325582 1.93749525475536 -5.81255510795123 1 2377.69936822502
"1" 5.00744181367238 4.60599281491685 3.71662152957729 5.34167952731484 8.40466763564691 12.0774133976395 1.62933750310293 1.14438885269606 -7.59849662435732 1 2693.70655951296
"1" 6.23023478070813 5.8484010252173 3.67604833773035 5.15532384391749 8.18142887106302 11.471773801789 2.26654109645897 1.7210092621258 -6.79580810555462 1 2110.50406565296
"1" 2.6026370960259 2.19036169495882 2.14384437884726 3.31020496031245 4.11987497795153 8.37202603738389 -2.23727061882073 -1.58283218423761 7.18123440950133 1 2834.94301871794
"1" 2.99070535749628 3.61781541246846 3.35459101561905 3.86843910676905 8.03803092870583 9.29373684191834 2.87720651367301 1.52691383943792 -7.34007067365452 1 2097.68603251547
"1" 6.23866149090872 5.50414638368166 3.39405584655181 5.76205791699383 8.01085290233165 13.5892922937391 2.16439371647351 1.82304509361569 -8.82325077021999 1 2368.03192072451
"1" 4.60213803626263 4.40605222277255 3.47679591894794 5.2635257073443 8.17825306512534 12.3866213642112 1.98091380366629 1.52786651395905 -7.06790262746271 1 2533.32560765997
"1" 1.83343731916808 1.54724626135419 2.07714306879798 3.4923854556754 4.19575514643362 8.83589577222157 -1.46322180864359 -1.18403563998686 6.98563752745643 1 2746.88187360666
"1" 2.79826635919352 2.36768056023255 2.11679844137523 2.91982595025245 3.822065660445 7.42796452144092 -5.51423329617744 -7.10069943467605 7.15134848115177 1 2855.00482559297
"1" 3.3751782125272 3.094905926484 1.98154673324739 3.04291111130494 3.812230633688 7.68269124564622 -2.39465368663497 -1.90499107905245 6.60359754374523 0 2920.86880237985
"1" 16.1110440879368 15.7845984444599 2.02496740032259 3.46359696733744 4.16358460756672 8.55900968063047 -1.51736781247604 -0.964775799258562 7.1740665478028 1 3112.50650431686
"1" 2.4450257489665 2.37630056247949 3.8887806521235 4.50219128489543 9.06878838267882 10.4818716232057 2.25085807271231 1.91666638823832 -6.20382082441597 1 1856.27857966086
"1" 3.65626588000547 3.39997406950596 3.37171136763039 4.37527892339937 7.70849585971827 10.0266790114407 1.60740380837186 0.0199580669802046 -9.82368061674672 1 2882.17191912034
"1" 1.94724054735256 2.05316859038138 3.55949464313624 4.19795519451347 8.61369304073956 10.183991608187 2.15468394569165 1.59499343612794 -7.79639378102486 1 2432.85519099966
"1" 1.7202839425218 1.90582393787051 3.93351172279873 4.31997739597926 8.80895598115378 9.64501467776473 2.04889730826551 1.24647323347221 -4.30434475487928 1 2458.66012484274
"1" 3.4120361246612 3.11114372571347 2.69513587769097 3.31537507118167 5.14681659692979 8.44727841261308 -0.306672679465407 -0.958908101687902 -6.99302314305801 1 2900.73362915516
"1" 9.69039020697789 9.29067804477569 1.97045932790156 2.87245626122682 3.90154139699641 7.20360881920656 -2.2046309954086 -1.61948122832668 6.58054823278427 0 2986.8923874179
"1" 6.08418004732977 6.2419259469059 4.27981717873635 4.79474293894264 9.34347221075894 10.4915456860572 2.4107081307164 1.50189229064512 -8.32522875441527 1 2281.93512163741
"1" 4.10015072158592 3.6591140815028 3.34687526075777 5.4111966252567 7.50181307615217 11.9468363128663 1.67990354640289 1.48032063136919 -5.86844372568474 1 2710.52497462532
"1" 3.23966767990202 3.24236494053548 4.06394310762852 4.46471569651424 8.79126920143864 9.93785585245982 2.01670360968864 1.07898848917976 -4.6648274486434 1 2718.89609374945
"1" 5.52613118480907 5.04779322099064 2.19055226688194 3.10388554874414 4.39981442704056 7.80602739534816 -1.42436925373097 -1.42233444221363 4.92278149294934 0 2951.78987320186
"1" 11.043574408185 10.6069334052127 2.05550641930359 3.33202809313502 4.01994723187801 8.31700230973171 -1.71433782920061 -1.21035004027686 7.45605424904505 1 2984.56716739136
"1" 2.36135310910195 3.14923398991458 3.83195767703359 3.80993850959965 8.92674065293437 9.04367319675888 2.42521382850708 1.33360567247223 -8.74980158571907 1 2595.67512146044
"1" 2.38095071132957 2.97450155675173 4.3471033593798 3.96783144040433 9.60667067662365 8.7684649897619 2.55144167397115 1.73294884978178 -7.7713018514697 1 1753.71414855693
"1" 2.19764735783462 2.36039147848317 4.32843573309954 4.78713627097707 9.57100208041343 10.5646691977155 2.35628638469878 1.75665600015369 -5.87466258604652 1 1730.34648145864
"1" 7.04637388124262 6.80929873926446 3.98878532965969 4.92427723817936 8.98322788846115 11.0758264385982 1.67555619104882 1.01378191467306 -7.98357444475587 1 2764.07218085933
"1" 3.75057315873803 3.27146885757421 3.55551254666072 5.29490027142849 8.17176943343472 12.1654257959113 2.28792259028238 1.69559969606616 -6.58166844395915 1 2027.6843207134
"1" 0.589147011895367 0.724269440800104 4.13326354663662 4.36606424269279 8.96151989045779 9.51211712324183 2.0139549717028 1.34266957839468 -4.77352836025668 1 2499.28146534151
"1" 5.4533177918363 4.85916264623804 3.39470049436239 5.54646333338732 7.70265802483997 12.7242775349229 1.45983010071698 1.43207912888941 -5.66961532986616 1 2798.50090645877
"1" 2.02513231718149 1.56012046777467 2.08997572847168 2.70880591181523 4.1857768775649 6.87869707278542 -1.64297847650076 -5.53452621173869 -5.56984843232718 0 2792.06802027333
"1" 10.3514770538227 9.97942987729636 2.30815768231078 3.09311825298284 4.55188110658735 7.92419228734948 -1.0874856976653 -1.61836561958564 9.2695696418548 1 2959.18994939268
"1" 1.42524995580049 1.4709248054267 3.73769448497141 4.65159790394373 8.41797942913189 10.7054025314305 2.23908554087546 0.753478705460029 -7.3032746778198 1 2704.88466228727
"1" 2.99624320129345 2.66255593643593 3.4646989964849 4.96719703474237 7.99723186183612 11.3736522175792 1.5556968681262 1.33424879206776 -6.76950079135207 1 2642.57533797085
"1" 1.85655570780666 1.59545636253937 2.51661594623697 3.68399296593382 5.06372402949371 9.72133886522794 -0.0800007854759368 -0.312540980434808 -7.01975624041714 1 2765.48355049468
"1" 12.643356271705 12.2867415346405 2.01058120248722 3.52430262713586 3.92479756686899 8.67421502411557 -2.46808010577124 -1.43972474563851 7.33264465900948 1 2964.16407884772
"1" 3.3719411632347 2.69152389297381 1.93198428501523 3.10006160439623 3.77589910172485 7.66786340468073 -2.39488071670245 -1.67471007042618 6.48568304484312 0 2919.63358173572
"1" 3.7887709519246 3.25281635771052 3.52561685612405 5.51954200207889 8.31514105896914 13.0180111615135 2.28836566382352 1.59901534631153 -5.46110836825516 1 2005.19568887605
"1" 3.63712293416639 3.42566696979894 4.00085777864366 4.60170168152948 8.6642306213759 10.1068115290475 1.67858463896299 1.63980339968919 -2.89115588832084 1 2619.52975425179
"1" 3.00687161976941 2.39496731353513 3.86321490354032 5.75043950537214 8.64039937003507 12.8587927887891 2.13196048500076 1.81703471411394 -5.42024778822657 1 1878.76216535775
"1" 2.08711539097173 1.85011698890981 3.59301623960731 5.46682651871999 8.21879831071351 12.5156865211316 1.79701277460406 1.14345575572003 -6.38535554027873 1 2502.98096463258
"1" 3.21894274096487 3.55832261701152 3.51161839822561 4.35167072741648 7.66472986446657 9.51230938638729 2.28180962874161 0.810303036348647 -2.01286671283579 1 2787.11277806191
"1" 5.79696767283931 5.88850517253738 3.6893056840715 4.78716535662062 8.20406899828308 10.666225786997 2.24132238702567 1.50528516402695 -4.88049385947401 1 2516.1268624619
"1" 2.44592072300034 2.16161969974901 2.39222561540562 3.39304495648974 4.75893264168633 8.27057283996169 -0.796779301340123 -1.31961927857788 6.8731769797192 1 2833.57997729273
"1" 3.83822706778346 3.69160244587633 3.47999467163725 4.78622314414359 8.17994301166849 11.2694755200653 1.76848911312436 0.993475541999705 -2.8372727325675 1 2714.25317828096
