"1" -0.983293302534949 -1.35055837653653 -0.0921206171332051 1.48443649638252 3.15266993317543 3.81342390415744 -2.23559780188847 -2.31749154361176 3.9166629043488 -1.3577192635568 -0.302325646560521 -1.05267863888128 0.056169530087963 0.52286862477921 0.771963564756016 0.60778871245165 1 580.975079944605
"1" -0.0703647658830257 -1.01950810465608 -0.108478749324748 0.373684394010084 3.06605084912601 2.89488268098579 -1.24666149137665 -1.68342096576369 3.29149793636879 0.189818556815136 0.151910863543394 -1.04691153571049 0.0310677235017163 0.407285931605064 0.925162877117399 0.102971403462765 1 721.06189239482
"1" -1.80072735837632 -0.140287978185802 0.335800272834703 -0.2570365944012 3.25740296212827 3.96043803192274 -0.494968767455287 -2.74441352647771 -0.418868851993385 3.04149495069538 -0.26250465411064 0.920008129200716 -0.0780597082835 0.170201815590527 1.51301242132273 0.0548156065450829 1 872.784843878006
"1" -0.227639713265782 -1.26695255161649 -0.116425458369686 1.19119592430081 3.17205917151026 4.07910432037549 -2.10304757229675 -1.60068350115543 3.36804991637385 -0.852436710798876 0.00175945462799816 -1.19655781514947 0.258404233772137 0.38249562501542 0.0952590651859818 0.22801632864832 1 658.127954495154
"1" -2.03438519125063 -0.320443992525282 0.694999265774856 -0.296191632761239 3.06915101953752 4.12110477737518 -0.36129795897856 -2.46268923746011 -0.296410895813615 3.09134607499826 -0.294814309849079 0.926180193637199 0.108564819802852 0.157408564687316 1.05610484376125 0.110839352584544 1 757.999913943335
"1" -2.40027928389039 -1.66140419771122 0.476622424917281 1.03825964591673 3.96478661050846 3.72626882135478 -0.110219878842868 -2.03483327742211 -1.09189005439891 -1.12676932344595 -0.514110612793346 0.742318169278954 0.0734227896594732 0.198392284970902 0.82604079416252 0.189829081362474 1 973.254747911298
"1" -1.31909396177774 -1.15007614202431 0.12988515763164 0.431253003392236 3.1570436373953 4.07868375172597 -1.41444402255842 -1.34105082522561 0.444431626142273 0.628528268545612 0.120342130676007 0.279533988662385 -0.33584827170211 0.185805429791223 1.4741447350118 0.0737542513881986 1 1217.7074382717
"1" -1.13556151547953 -0.149145391772747 0.217052576352953 0.363514069718746 2.78025388808377 1.41614390394663 -1.15077585782998 -2.29629536771489 -0.12141521833986 4.03700972013388 0.15584037668412 0.756740237308668 0.285063111907919 0.167010528981057 -0.807379052130344 -0.37536993635173 1 232.777839973249
"1" -1.57050133169147 -0.234776423175892 -0.0515046779483669 -0.100211548812232 3.80388779057847 3.40197717165616 -1.79242825686263 -2.74457866966921 1.037261780864 3.25061108524046 -0.0867917398900563 1.1260557652512 -0.135297269247553 0.0298908697505911 2.36282657511648 -0.115653898717653 1 668.103824832288
"1" -1.2204689237608 -1.25624806069402 -0.0555734140207793 0.493280615370934 3.01233884324216 3.03048983863201 -1.69930398330035 -1.73463342451609 1.00339112597155 -0.360125823066878 0.524920231170701 0.402907840004407 -0.104332799641789 0.502720943247231 1.1508434778412 0.200995301566759 1 1109.68853156114
"1" 0.182742937286333 -1.63866160898866 0.365382541312006 1.18304701194015 0.475815054990441 3.79870174675209 -0.541953288593452 -1.18025561981626 4.55477923445169 -0.0710510877510253 -0.0883452693077465 -1.53357986651879 0.220076174542505 0.47023624892142 0.0637092075056502 -0.381339753465076 1 -2014.99935118027
"1" 0.34283224279704 -1.10055827763341 0.2743019393364 1.22405484864549 0.309554509975195 3.29634091393054 -1.70743198499814 -1.77373874433329 4.99316331164629 -0.797320787125866 0.257486737063152 -1.11059986311766 0.091248923203121 0.35260292264595 0.805512461718915 0.235600671113701 1 -2779.53298749423
"1" 0.0220911722423224 -1.56171063002058 0.4718570759585 0.582143109076152 0.557213764953924 3.25439401496661 -1.68840579904336 -1.72404745951547 4.35781103106087 -0.323173393308784 0.0487285477671444 -0.806168113405978 0.100354506178625 0.305058168094729 1.01305330410229 -0.247386522355799 1 -1362.38187463125
"1" -0.442576633236825 -1.37453251156769 0.231783767235473 1.24835291666974 2.18171742348605 3.70304808085612 -2.29793620703519 -1.55746663585362 3.82468536772922 -1.0710034717152 0.360657238448136 -0.184806304211586 0.192192433768552 1.29046515948364 -0.00903534408144852 -0.126056293902885 1 530.226196238364
"1" -2.64796557393422 -0.311001533661586 0.65142976006332 -0.336097164963268 3.75546313587637 4.2773737193273 0.74377498109228 -2.51079810830602 -1.23789205830873 3.0257262271553 -0.595972702238394 0.91687453795373 -0.465136854491805 0.181666796893078 1.38714822910256 0.126576354271762 1 802.14880059009
"1" -0.27779431958975 -0.871621667963812 0.205216561908872 0.488210594489501 0.269955684793037 3.15440344427581 -2.0875903678541 -2.42191012945887 5.60017719947898 -0.148309002380299 0.0378808265871551 -2.07006515106143 -0.138638831925427 0.0492183125560978 1.63092999742017 0.228314562806274 1 -3334.36675720621
"1" 0.442408984846684 -1.41564562537501 0.162916448105957 0.9875138826976 0.192747420142754 3.25517049688864 -1.13142468519736 -2.09677208990301 5.40713850396348 -1.05010095705609 -0.0306218068357161 -1.60326649959771 0.089161376760031 0.122015986294318 0.946524957561458 -0.197257791698987 1 -3798.47985253467
"1" -1.55772166653239 0.221290973408803 0.383122069872719 0.4217734854957 3.12223751703741 0.505643175725932 -1.11786879798258 -3.04591491497819 0.289287036434584 4.42477468821658 0.346119884634528 0.778921867029932 0.331596924261424 0.0839665526952214 -0.399733456504772 -0.321050223779305 1 -1530.54898048675
"1" -1.7853399799711 -1.29314395115 0.90138602097373 0.650575166384064 3.27723830033738 3.56120839069438 -1.35960902405299 -2.22360610752812 -0.974843046539016 0.0515843673993032 -0.0725431635615963 1.02691858286076 -0.342248643500466 0.12558480743208 1.50762218684561 0.106474241379936 1 1156.61405601681
"1" -0.463331723180955 -1.30582033862026 0.269980133580943 0.417757382092754 1.75177153174487 3.37619562177686 -0.783042734502289 -1.86171225786656 4.05182541916179 -0.0674880653571492 -0.280228676134192 -1.15557833637212 0.0450485440680644 0.257172521770363 0.984859620817904 -0.374458494082504 1 110.950275375464
"1" -3.21054468999172 -1.39386441939816 0.794117437015746 0.593686170239857 3.43411437470549 3.77962726047837 1.18348519194554 -2.0246705244109 -1.05041234342412 -0.31038601141647 -0.648955390644816 0.657211593237375 -0.14631987998607 0.215305898745855 0.988899990632183 0.193144812063129 1 1033.12209410212
"1" 0.0526815479593846 -1.17939638308006 0.223728950993554 0.88015614276477 0.261019893238301 3.65271363710164 -1.73981836197406 -2.3188762911694 5.3549285940571 -1.35631384465524 -0.159616356485555 -0.239574688599691 -0.0258497596229436 0.311178398014129 0.92142705680344 -0.332860241141671 1 -3354.5141604098
"1" -0.888058965625338 -0.309227300673966 0.47974197045955 0.320225818705766 3.61355453309008 2.01077335984196 -0.954824884477335 -2.82200051958922 -0.642971876253297 3.8633121826036 -0.109737410827562 0.773339898614111 -0.00292211481596836 0.119601602654762 1.47466921527775 -0.142211090040085 1 587.090557808726
"1" 0.610884938454845 -1.44940218994421 0.204221268991444 1.40976455245104 0.232320452776269 4.07582030498542 -0.698310805960226 -1.05056236852471 5.16176559581724 -0.55760303169616 -0.0962751379469023 -0.858117166105424 0.251087220789042 0.327988743785523 -0.167225942784785 -0.0109043956557314 1 -3514.43696135269
"1" 0.224434213908161 -1.34825938230688 0.25562552929934 1.08583577389018 0.299288458931516 3.13462776320518 -2.28791484464903 -2.12841131809695 5.10804237701273 -0.805262931937485 -0.131298575238579 -0.633211418612321 0.152634695314605 0.315870612539769 0.800651559809514 0.079397772723638 1 -3133.4447534373
"1" -0.338779368492485 -0.485909206398024 0.0110623146652068 0.0210837352312053 2.41260820968758 2.80399669642663 -2.42016363868991 -2.3145716788485 3.88933666907667 0.759981853534594 -0.114045948767778 -0.681810779496255 0.0870483738346194 0.220799413722073 1.71606608374147 -0.136954831103568 1 563.075068379898
"1" -0.106745470475671 -0.917567962946115 0.0548187317219548 0.294259087710864 3.02586459720934 3.69480083329116 -1.6568697821848 -1.75389229031806 3.33633225974299 0.0126947775245522 0.328211900672031 -0.558551622374678 0.00273743190639029 0.330675061090771 0.821143634911049 -0.132708358539561 1 826.231780256159
"1" -1.29395082671337 0.571233633068383 0.680495421696603 0.171240164697176 2.69992606361785 0.19963454580854 0.066014059454538 -2.86606409714537 -0.494938116916258 5.47504763373347 -0.428586403696406 0.902960375829646 0.618811478364697 0.16366054548101 -0.430798294461949 -0.0673728796273788 1 -3965.70325556913
"1" -0.0170020704815471 -1.38732958059955 -0.29677063050379 1.34203321862917 3.61059012808702 3.80955104465557 -1.90930631840715 -1.89174383254899 3.07845579131695 -0.88886455651609 0.321662773568182 -0.929821850509033 0.190784647332997 0.372283656039115 0.198125225682235 0.246762839693016 1 898.730117129235
"1" -0.726170455330189 -1.49014427923392 -0.227492951630635 0.977226196023787 3.87817600296753 2.68220484444057 -2.26861991564615 -2.90916504253014 3.47513534751432 -1.64797526969965 -0.287758890308545 1.43358890050536 -0.355101192121632 0.155919120422904 2.72270894955858 0.0710361622961121 1 733.244666787388
"1" -0.0946048280394346 -1.0315851745509 -0.0863456919915217 0.169298228687958 3.10146163375904 3.1651499381168 -1.17335163915235 -1.71159454411629 3.33274855192981 0.429932059138204 0.0926448478689557 -1.10577264151705 0.0746037786459239 0.427037154441889 0.885396223460214 0.0273989436690925 1 636.031637037973
"1" -0.725825862126074 -1.13526388483952 -0.0231526403746162 0.261759868829218 3.17672144295 3.91192749994301 -2.43463987190371 -1.74113538156634 3.68078064056039 0.284456620109347 0.270626078740067 0.357963286368642 -0.116164645272328 0.15885354402562 1.26835586623037 -0.348438260612864 1 744.840567274659
"1" -0.823005602267283 -1.14921194255224 0.125875510066321 0.497289319105219 2.37085915410845 2.5243743929611 -2.19358211059545 -2.87064362469019 4.06688617456012 -0.991913643947405 -0.356462615822992 -1.62922565539826 -0.0976422609110519 0.363020101564058 1.65317951285444 0.0144213378696237 1 500.022502391701
"1" -0.0637504154985108 -1.05438830664712 -0.0772610248537072 0.407224202649918 3.17624364171926 3.41039760152233 -1.7251113913427 -1.71932225948486 3.27158480976407 0.0866583884952509 0.392984980854061 -0.485404282760723 -0.0207435397889158 0.347677651921032 0.856890798667754 -0.0430517769604569 1 871.399937199611
"1" 0.302370206070068 -1.22766357873238 0.246032478843844 1.11994851328263 0.287113353065604 3.74960572023405 -3.63886741911937 -2.94284431853335 5.14433270743543 -1.60218446446122 0.196618003205096 1.30801184364439 0.0234402919980531 0.343539243172049 0.81381603140023 0.132015958430111 1 -3020.82976470702
"1" -0.118001777233045 -0.923761772489682 0.330051955415406 1.23360451873215 0.430049975090241 3.16000217093466 -2.11016574741735 -1.94123872708201 4.97531505073499 -0.822699921202851 -0.00440367178590262 -0.20104662224071 0.0232755849850538 0.434448343067734 0.919228751249386 -0.33301058082082 1 -2302.41182027184
"1" -1.73187624223004 -0.141788307620719 0.369802092954556 -0.0803332805322381 3.02068087837377 3.24092531469237 -0.35928806358969 -2.81208493080147 -0.614361039100608 3.24933080368401 -0.255209091471123 0.972626533682666 0.00153952822417678 0.141039316150729 1.49363761897383 0.114300924474364 1 712.204645842678
"1" 0.240831409078429 -1.44255708619311 0.27316400989363 1.18673136186893 0.326634648068518 3.92983710785354 -1.96245120395859 -1.80289311232251 5.01367474819722 -0.860129537721424 0.274175941606207 -0.723868851768259 0.14735489357517 0.335434757571805 0.22540477576153 0.467244913639641 1 -2864.27042183004
"1" -2.07780139546531 -1.35336726911835 0.690515070248869 0.84784405227184 3.07735079845413 3.84754247980832 -0.211030101979859 -2.58702675710881 -1.75285089315862 -0.421601052126881 -0.521049812701951 1.00283254420052 -0.740579098411343 0.177564769826613 1.50224780702471 0.0148324348361946 1 1151.26913165502
"1" 0.319441590279289 -1.18146127806057 0.212788680269974 0.994414485727811 0.278860641117371 3.49821521513267 -2.94763857510034 -2.65066527919628 5.23698064734162 -1.43950935675348 -0.151662628382243 0.264704455423072 0.0671325239786327 0.205205574208346 0.912969067088242 -0.0151262100773534 1 -3356.20579363078
"1" 0.254004054905395 -1.09540780317438 0.286039031432088 1.27325423432214 0.331354125006627 3.55875025974485 -1.59563064104046 -2.09809988913202 5.04426593963129 -1.0217398495977 0.193523512809755 -1.23993675176266 0.145486993737667 0.356656677092551 0.449384340794733 0.119622107678262 1 -2827.10139490695
"1" -0.00479544410810668 -0.779384586902091 0.412451923494515 1.04987475606016 0.498316839716949 3.17231706717923 -2.9236601323827 -2.43607084405467 4.67827413066778 -1.11280831969901 0.779195829739379 -0.886430175675245 0.582153400017058 0.0639960788154818 0.758384171988203 -0.18861719515328 1 -1690.77679019146
"1" -0.392667785448148 -0.887453329124029 0.201103542872069 0.664920233479939 2.00624955341646 3.28890405740933 -0.955898125090699 -1.68144227764519 3.92658701718011 -0.51107993849608 0.0563724206523422 -1.32968849991182 0.0768804759127964 0.428031384341049 0.626028502696011 0.0194601047542516 1 507.962637302931
"1" 0.209176295870006 -1.3469066368279 0.285874654223801 0.865579995528718 0.313362972619488 3.1889519538524 -1.23598348531715 -1.79873183254129 4.97059962528125 -0.540636309684362 -0.0494172700302164 -1.11882604785356 0.0888534583353518 0.332775752549056 0.719517817326837 -0.0534053812755248 1 -2822.09892074663
"1" -0.571638779467122 -1.23641014188295 0.352519803347111 0.835864419915672 1.79513915663541 3.23945286395338 -2.27090479535683 -2.57166231909897 4.0566604867384 -1.42157431865645 0.0391080816473511 -0.837229683211588 -0.021327649007866 0.24934780491633 1.42057874723395 -0.0503226068368395 1 393.288243829928
"1" -0.25365842497449 -0.974398019456117 -0.0906137202529978 0.64657882713053 3.0384474992392 2.85317625489062 -1.95262344883623 -1.89182203389271 3.36243211795227 -0.11323146614404 0.175257997024052 -0.662750884846867 -0.0034483949002961 0.377779535644797 1.26152058873902 0.0734580913759426 1 737.174873452415
"1" 0.358333570184731 -0.840059136812493 0.172588232941712 0.369138934805142 0.234868220184116 3.43027954279455 -2.48683335488279 -2.12412149396123 5.49320866751034 -1.16633919182611 0.21297412263678 0.680369192326126 0.0368360230980838 0.140058441751832 1.11405561720323 -0.175938206760126 1 -3667.4257402604
"1" 0.0928604923351684 -0.78248794002176 0.254038808937038 0.448639149401615 0.31944859410584 3.25572138592919 -1.58123181916267 -2.53992539310983 5.28401885744125 -0.592154531676044 0.0447928538451955 -1.45028715423229 0.237017446372596 0.313255722166302 1.32040084404053 0.0990189746099956 1 -3107.14455920645
"1" -1.66252535377184 -1.46353441100365 0.311650967481813 0.873588796510332 3.35076406953692 3.54944108286501 -1.30712762475 -1.57953014390453 -0.0335158724995239 -0.3707381332619 0.396239922091292 0.456674536629585 -0.44508239101258 0.55245759275648 0.736086985085814 -0.139745978856213 1 1099.40208713202
"1" -1.23408860087003 -0.357630118726223 1.15185301801548 0.114439992390425 4.31301518102265 2.67968185017792 -2.80442109251995 -2.94082726303909 0.916490290646152 3.60575641813898 0.576931114022502 -0.174666114023971 0.0161318689987131 0.346707620485439 0.945993194422726 -0.0210975032214518 1 765.44008104266
"1" -1.41984474469074 0.483864928921232 1.1789213461733 0.270827213663287 3.00202787195914 0.315091098165787 -0.831619591322719 -1.98570821250633 -1.17171626784027 4.95165119518072 0.158313020139413 0.482421269446197 0.599410262378784 0.447860552424707 -0.0866226736378668 0.0102972484108008 1 -2996.48328792996
"1" -1.56467876637608 -0.51958970023732 0.248714019328723 -0.193105858731757 2.75626938333598 3.64473498882844 -0.983845618895664 -3.7895621012653 0.0764365050838822 3.39547319621767 0.100298541830734 1.06245794134 0.597551875103041 0.191100549120292 0.412894342792008 -0.0112971811824024 1 744.512041957947
"1" -0.346417954380351 -1.0355788911411 0.178171787286255 0.432707476680157 2.10343182184301 3.20453760946377 -0.664882691590536 -1.82255188618384 3.83375182478095 -0.221725254770653 -0.0589099178321515 -1.07897601899906 0.0332327417005559 0.377095533116954 0.970226850874673 -0.134747854907334 1 414.985270512814
"1" -0.240912549565245 -1.22324723720343 -0.0357455266823258 0.801915431658553 3.14320121676566 3.17353587269549 -1.66964482079827 -1.95637273816978 3.37792917514858 -0.751842557469986 0.244077531563255 -0.945377481754836 -0.00703889233699637 0.407753456848005 0.945593590544743 0.226757395082588 1 671.280852326105
"1" -0.066837226801044 -1.17387652081632 0.290311366077694 2.4105967199808 0.297037787052742 4.20757709518718 -1.61624521210766 -1.93436046363716 5.1503095225011 -1.15493412737431 0.0365211541616048 -1.01735774276737 0.218802303253768 0.0682808889363421 0.0642938388677271 0.334636920026317 1 -2773.22843511669
"1" -1.92218638491837 -0.0946080534085772 0.559469731809584 -0.0248266552766312 3.05460054093549 3.14423658525764 -0.444123162718472 -3.04260978901628 -0.499685596224172 3.20418414027002 -0.273899670348219 1.04522553966249 -0.0219350121094096 0.138266612646058 1.47993328051453 0.12823968417741 1 825.496346994085
"1" -1.51783633890687 0.209535882823672 0.730419509700669 0.35126339881756 3.36715739813175 0.362756069770766 0.217608331586811 -3.29524109358911 -0.981517696578155 4.84441063250258 -0.281030475929742 0.686664446199732 0.30584670698484 0.223283773736909 0.843423405928375 0.137094227625718 1 -2297.22383311384
"1" -1.01026847856814 -1.66401972659997 -0.271317339076092 1.08827153517827 4.06437758096972 3.46640660350023 -0.98192635675649 -2.34471430193035 3.28259843172476 -1.21228608985822 -0.731035075909866 -0.495559618643021 0.0318428067975887 0.278257122892322 0.935857232613045 0.206112721630353 1 595.317359416382
"1" -0.057718391075211 -1.1436759132553 0.00578455896218042 0.66866593717201 2.75193458206507 3.22102351018398 -1.62280144913353 -1.70122327755436 3.48226400193403 -0.444123060265938 0.52913297609155 -0.651242340611937 0.378786509791511 0.233157955282241 0.76580054966827 -0.352959374630262 1 719.421040029891
"1" -0.302517503644642 -0.330752494069066 -0.0988377447276336 0.0894397077005481 3.52764101411677 3.82824627089686 -1.88332388418428 -2.07832688903062 3.39877524145138 2.23782734160176 -0.180613633941119 -0.295897835640103 -0.137429637306386 -0.0107531280392514 1.71724179516583 -0.36596526543538 1 487.913656718461
"1" 0.0115546426394375 -1.11637252184759 0.43590613503586 0.987408301672416 0.547654363897067 3.18118704099978 -1.02251597304019 -1.71577996681766 4.48098569112793 -0.23678232169812 -0.0166775457183351 -1.48540968387235 0.133033919596561 0.41185259571267 0.975605925355304 0.0268015836820406 1 -1611.01469392442
"1" 0.744386580945089 -2.35936049370523 0.174715074846547 2.05101470948358 0.244311143551879 4.08162967816689 1.27261762082719 0.0423178056179879 5.06258050424292 0.156864719384397 0.104793078187738 -0.581128719127086 0.332571438819061 0.122264772584222 -0.672826683960154 0.126453183661481 1 -3556.07239664604
"1" -0.916217441332203 -0.927647259954044 -0.160738884046776 1.3538481512763 2.7245798323141 4.14352789743381 -1.17487343467717 -1.4760670312713 0.701479513244243 -0.766129532830518 0.30369232147659 -0.280819940742557 0.374891856968444 0.497606200070992 -0.148697745876727 0.482406838504379 1 1315.81974710347
"1" -0.229574100407539 -0.830805380174561 -0.091783390777299 1.31460443300156 3.06809921464804 3.67765227136409 -1.7932542921785 -2.10144459026749 3.47677355194703 -1.10708471955671 0.112838932791153 -1.25861416880652 0.125110541087463 0.388743259989707 0.468000054622435 0.316866670342709 1 705.158888962629
"1" 0.26732335634719 -1.62656258229359 0.287863390657765 1.16899340157275 0.267209560462964 2.5173855056742 -1.49922218008396 -1.00036379626722 4.99933958488817 -0.1524748145979 -0.103930695314417 -0.711003816544956 0.293689090247725 0.703605570852908 -0.032083722351454 0.332378010493248 1 -2734.06767770561
"1" -1.21279777845295 -0.213317741106505 0.0743939403389744 -0.0980938401787089 3.59506934539526 3.4817099755013 -1.55607915343008 -2.31855632429221 1.04866614944407 3.25400508476044 0.195294889696102 0.674528309890296 -0.0909052377931769 0.146297318353857 1.34072363333308 -0.373928672773494 1 814.847152963019
"1" -1.02531383811585 -1.24363301697678 -0.479121397387767 1.11272704230011 4.36136693640771 3.78794285040129 -1.09538077396996 -2.23773821874525 3.72011630060558 -0.643505046946775 -0.655991089359019 -0.662107279919443 -0.621519158342514 0.229960281276058 2.01736501920348 0.454910902250743 1 734.118983995679
"1" -0.0979656812670928 -1.01126739036428 0.177787887399345 1.26323165114657 2.23216822358536 3.34242214013302 -2.93683527391669 -2.03627174750578 3.64315108552822 -1.33425415983718 0.547197202953262 -0.501051040218976 0.0559621072260986 0.428064487653392 0.915091998879504 0.270719906587008 1 792.173726599998
"1" -0.533613439952506 -0.988227295396843 0.0419859560025673 0.860563217548656 2.7247737938827 3.44325158629945 -2.32492629059784 -2.33245125992959 3.77861797227229 -0.837794839830108 0.245875878102636 -0.387818404756568 -0.125748530862857 0.221068502174573 1.55971911896725 0.192407144311353 1 742.068391070774
"1" -1.32326588289491 -0.208664150619996 0.147379431994429 0.0982459569407605 3.23621918281668 2.61256567481011 -1.39378437166952 -2.58453414837887 0.694197972310931 3.55968755434564 0.149232803613045 0.640357586563038 0.200575848528323 0.190272119473552 0.973572146054472 -0.362522720006178 1 701.793264616979
"1" 0.0784466364649733 -0.816168256653784 0.193018957361242 0.777307344632286 2.11916461320332 3.1829673010765 -2.15250674524906 -1.93866924789802 3.59680389690154 -0.510622118703654 0.0661628732515837 -0.739418005116297 -0.0520120848274055 0.318867416170702 1.38507928070319 0.026196210355003 1 614.646379237092
"1" 0.352925465208544 -1.22843098425383 0.25455451528173 1.49042028880257 0.276204045260619 3.79501669257607 -1.28650009336316 -1.52282646666505 5.01942688792977 -0.78772317268164 0.311524108686761 -1.24931690439454 0.176984692008678 0.220423761867774 0.0891706357726428 0.0349454773944062 1 -2947.76954006334
"1" -1.50733103004602 -1.0218023342078 0.0439250471301695 0.608036217302404 2.6007484337147 3.26153639914891 -0.708641006774063 -1.54614301837352 0.838543005857395 0.0096968917367281 0.131056544153841 -0.273229441298341 -0.226421720189464 0.491721659982567 0.59024340776748 -0.331270105574675 1 1147.94176015869
"1" 0.407295233314971 -2.57461903751662 0.319554937689854 2.43224751813418 0.361063435673992 3.96610327192322 1.06949801761199 -0.339444873628131 4.66629461605979 0.0691000603424408 -0.193529170299612 -0.476893404476743 0.333582666359279 0.264664392344443 -0.803845898259688 -0.0377514188653825 1 -2380.05626418184
"1" -2.14589777866451 -0.210696241253221 0.488191023921797 -0.0662625769628032 3.31000746256191 3.28789291630715 0.124012346395573 -2.98680950466495 -0.180745757238684 3.21148093505531 -0.437081977296146 1.12432082500163 -0.412228490784261 0.137461348668735 1.76464845492493 0.0318455654430787 1 820.357951194674
"1" 0.00168835200133472 -1.09685311645193 0.239961219290017 1.01905404310165 0.281632402832945 3.55016149299883 -3.61496679248413 -3.54923087781555 5.3293061366672 -1.88078420029118 -0.185883263921254 1.3055072053499 0.0365236217792224 0.152204414397323 1.24475145878379 0.260583685929978 1 -3134.81032176893
"1" -1.27767937701857 -0.348738513956094 0.575822470717641 0.281510696631339 3.38915332179766 2.0025974060643 -1.62055915510646 -3.16107240433997 -0.112212183802823 3.82536610661999 0.126450131414903 1.00317666826604 0.227703394376276 0.119962438294349 1.3468689660861 -0.11546275564073 1 596.921989165698
"1" 0.255582948090897 -1.02724686851828 0.213374838161025 1.35037920209014 0.275556710628626 3.77779201149071 -0.321727328291067 -1.5043955161819 5.27204338704871 -0.873904536223559 -0.07367772526583 -1.45660123194356 0.0741869817685956 0.287873986410265 0.0768507396688562 0.264900868010898 1 -3193.18425083135
"1" -0.45530359595087 -1.16209993215071 0.00375318255834034 1.00945396158191 2.80411336002471 3.5000937111502 -1.46200362930014 -1.92633182641316 3.6004764543434 -0.913511128157242 0.249162067687082 -0.96251362434997 -0.260062471525878 0.310069617368789 0.710657727239418 0.240768312455276 1 654.466897296472
"1" -0.213752822398005 -1.0440664749849 -0.117821773958069 0.200532498033154 3.12274845294236 3.14853783932515 -1.58102207752774 -1.68023491320805 2.3767844081443 0.391825425978255 0.470741482399492 -0.385678391559886 0.0231824526377959 0.367830415293003 0.932097448798923 0.0130121081328936 1 1080.426767187
"1" -0.310351338925096 -0.901025825337121 -0.233836883905164 1.46276491686279 3.54996326861345 3.11223747908783 -2.00735000477579 -1.68780070558602 3.40759158993211 -0.436286122661778 0.224061757957776 -0.937958050027837 0.0581016123775066 0.509312328964074 1.01582097321745 0.34213169864442 1 790.646655881937
"1" -0.191951506924574 -1.18148248089209 0.28761688827046 1.40032095775062 0.291632884576068 3.47468116162859 -2.41275721336023 -2.25656388781011 5.2332918620718 -1.10592411288377 0.338151087538293 -1.03243679227497 -0.154905911257279 0.0781493550760302 1.10312391857958 0.230702240135135 1 -2794.54407869268
"1" -0.00748224151513515 -1.26207826563744 -0.0735042046472838 0.570522287671761 3.2535608165093 3.16316156642273 -1.54158992607289 -1.67620108519659 2.92796812452134 -0.187291855478714 0.239634665646713 -0.854993716276403 0.0256565987072209 0.404518205865612 0.852194470358624 0.0612906088262369 1 875.5349677466
"1" -0.0793241877455463 -1.15801829400314 0.0171429085195783 1.21605631735123 2.56396239858832 3.57242370679652 -1.09316165607807 -1.7424614369428 3.5127694707458 -0.695425134536667 0.011999632025296 -1.31162639046109 0.163809779221676 0.408719254407439 0.277801212089424 0.263739128214588 1 591.529054891667
"1" 0.432971694469035 -1.25081714008361 0.204322159378487 0.687045728168417 0.266051477483401 3.59162526313731 -1.80662010793909 -1.96280070522151 5.20736439979511 -1.07602972978536 -0.25838541565894 -1.44528364292724 0.109141183646251 0.405865220270663 0.772120386352644 -0.25514944014568 1 -3706.90164057498
"1" 0.14008269612097 -1.31635445023784 0.433288095825816 0.731673319754277 0.497302394957474 3.60693309753478 -2.30762171674124 -1.82163011632947 4.49784928166878 -0.914319410101297 0.331986747582806 -0.889827462319878 0.0517054810072539 0.468516214977049 0.900668189519104 0.492078713023187 1 -1551.06614877439
"1" -1.82929956863081 0.240210266872226 0.604942839838515 0.451917892151375 3.70446457917145 1.23658513376677 -0.247177904580303 -2.66373777947604 -0.99256072066618 3.69361038099631 -0.0725812111376502 0.74229815501823 -0.0700062667722128 0.107438266926063 1.63795413862948 -0.189784554173134 1 244.257298031749
"1" -0.394816290992507 -0.681818274053333 0.425865800062626 0.91583144329046 0.590224484398932 3.45616989152753 -2.96669232858458 -2.2957486967722 4.87454651741218 -0.659681772476867 -0.0160450470435379 -0.0613921337590808 -0.17022949766289 0.369040653826535 1.10231060345078 -0.253003098200255 1 -1428.28990133212
"1" -2.58882410465215 0.516523906242364 0.93833975461347 0.165561329023147 3.44981503934163 0.216257195830605 0.839962696554468 -3.18148089367273 -0.864420197057074 5.31961359933799 -0.241274620561637 0.771388381338832 -0.469324145873897 0.648101983393741 0.430245832578616 0.0252058941408023 1 -3611.07735516879
"1" 0.10181994265038 -1.77093689037055 0.27339062052959 1.22029347260416 0.311149505728994 3.4183320913499 -4.80545598394508 -3.65757056242541 5.08764930654074 -1.96107902988783 0.205515894137158 -0.493290280103654 0.0293749821084777 0.557749924609046 1.20690334590846 0.191401110380737 1 -2871.33162357241
"1" -1.97101131965135 -1.1481807896507 0.458517103362751 0.645878168779225 3.15168597684571 3.44537148406271 -0.649606393724886 -1.77421232690128 -0.164193163008878 -0.140478257053586 0.112740690592955 0.533006827240019 -0.356971801592678 0.0538035812861358 1.00623852972309 0.256469681838855 1 1169.80932537877
"1" 0.592168896226979 -1.32248322495581 0.150251456126624 1.05217082027298 0.185996698540665 3.27179230272444 -0.72251887752134 -1.59074932138588 5.4682991114218 -0.59044847019551 0.0572234492197028 -0.735783112825727 0.107992217967334 0.191844106242751 0.752765935588305 -0.0124180176619825 1 -3947.70950204859
