"1" 9.69441444988279 9.31649848762795 1.61272749009968 2.21984209634049 3.61334298043653 6.11117340065471 -8.78622335776792 -7.64664623173533 6.85836405364805 0 489.969838178742
"1" 18.8730522590495 18.7648961738038 4.52012417586684 5.55386469704922 8.18609504971606 13.624445725534 1.02295169047003 0.329666317822076 0.84741883829941 0 537.43126304097
"1" 1.9812996100261 1.4301466277676 2.24478175669685 3.56453112032592 4.63549493377328 9.20441868884713 -0.907794760594673 -6.96978206658042 -2.49436308108359 0 437.868432523737
"1" 8.37942250550735 8.22439268341687 2.59295199467285 3.59271633423039 5.24972392767435 9.06031152206298 -0.277209026016119 -1.10490160477517 9.28423814377668 1 470.973942148427
"1" 0.746435561316502 0.380989233901727 3.18605194753116 6.18584522363335 7.09179778598257 14.1989008719966 1.32737730974122 1.2878688088751 -7.27180675796039 1 441.461494648818
"1" 1.03226925317779 0.240201312485155 3.19450879004339 4.36976412543297 6.03945443168737 10.6348315155718 0.182478570416061 0.425721296734708 8.06450262306888 0 402.173934763458
"1" 17.7866562198861 17.7425641002969 3.16428534152578 4.48206938566093 5.97684291395648 11.3555994962923 0.291720058599598 0.414724258994359 0.536041059211784 0 500.300263043016
"1" 13.1713736172686 12.9085151420119 3.27568885851682 4.83554370314015 6.73315138373483 12.1779111735256 0.876742102016207 -0.0367591931997824 0.270256743925741 0 492.076757166102
"1" 0.587377758963523 0.390727438918024 2.53390552067399 3.39758486702899 4.82683454950654 10.1002648076662 -1.6950456228717 -0.305386564308841 0.772104489622048 0 377.092125270854
"1" 18.1308600570316 17.5452593929381 2.45907650274988 4.74566057188096 4.49521780092845 11.6447602423805 -1.35851898039467 0.765487128339102 1.0787700431511 0 494.241141210264
"1" 10.9704603292333 10.7017699463299 1.77548493184073 4.80297281625511 3.54721814313404 11.5691168647247 -3.47740453993505 0.791847198401904 10.1282415418747 1 489.102843110222
"1" 0.805415272481189 0.256115634202587 3.54943451603863 6.16243850988471 7.62699961503399 13.1343475478007 1.56941029957446 1.19841485760718 -6.49272547610157 1 421.082510881442
"1" 0.816944405942658 0.49116110773496 1.88238557293383 4.60211537667348 4.06163629813656 11.5209429152006 -1.69793497944931 0.877683863080881 8.9570149383577 1 402.786881865657
"1" 13.6431934373849 13.3980617888105 2.32893157696538 5.3332715014063 4.82436822933409 12.8493998691352 -0.885937628685337 0.439785459670609 8.23447367799773 1 536.883774786087
"1" 2.17186360471978 1.85004498265566 3.7439960836145 4.5799051595902 6.63651186901502 11.8130145504745 0.124642517835009 0.581548359037528 7.88368663773818 1 446.364715622795
"1" 10.5511242234284 10.172381482589 3.11278155724502 4.65308262706607 6.08113487925017 11.6126224019602 0.347795696850623 0.256287417979923 9.20900208807683 1 475.626846956204
"1" 17.0974101369603 16.488443268427 2.62654370231073 4.8034997030388 5.44566758320142 12.2112455927072 -0.594375078536855 0.422456640477104 0.470184876599462 0 472.197370523575
"1" 0.659196364539849 0.746016593761481 3.66289226359508 6.70582190817748 8.29537175816558 15.2060705411048 1.79511207502294 1.06909592016422 -1.66247331750077 1 360.72142832232
"1" 1.16735974627341 0.80037446150859 2.07869617938595 4.15712424059263 3.98906195088326 10.4039366829515 -0.685885124348752 0.390529672129394 -7.56164086275725 1 425.477024705987
"1" 3.51760072086817 2.76670736079925 2.60423349426285 5.86152941147473 5.99041651575252 13.9670484019879 0.557173439877275 1.23280251956367 -3.61911351039296 1 462.15700341653
"1" 11.2118180249737 10.6814949299787 2.99838866530738 2.65360213795643 5.89254201113796 6.91669795539892 -0.603444336632126 -2.94099017553022 11.2463203428169 1 494.624012913051
"1" 15.8507772196449 15.6056966346604 2.91875498216275 3.49933256964993 5.5921558930456 8.76401452974801 0.336916529544996 -2.4320535048847 -7.8436633365375 1 502.833695740757
"1" 3.87808664828429 3.17039288442102 2.52988053464291 3.25035198755635 4.60088538380374 7.6718205769416 -0.949242911261863 -5.15469870238303 -7.00178971957869 0 466.795201885551
"1" 2.68945010899444 2.4292417291577 2.18853282575898 3.93682259709556 4.40885434015724 10.563316857265 -2.58045267773243 -0.00485042452144083 6.52512827240432 0 455.250430461069
"1" 1.53095523415483 2.04334090053001 4.14971781003827 5.0796757659219 9.12479678160956 11.072869931761 1.99856072586641 0.634006013792468 -4.10898889542196 1 408.521059256797
"1" 8.72677332451069 8.49852474199115 2.30174621367703 3.8180557847785 4.63674934462765 10.1944153880892 -0.307227423414078 0.280293845656933 9.00921230713774 1 508.416654795336
"1" 17.341145056179 17.1671770659121 1.75353782202848 4.21042243663872 3.34287309525335 10.8995793519451 -2.51598037371899 0.174264662750539 7.35678420327284 1 501.587387093033
"1" 4.60506111803019 4.25755509250544 3.45317237449827 5.05535349367518 7.98716363228306 11.8589178365073 1.09189684684122 1.00417719819421 -4.46451791502618 1 470.956423358079
"1" 5.1799414938019 4.55989995141508 2.49937091272569 5.7824901545374 5.48904203227396 13.6519998438667 0.549085321269522 1.20314671334663 -7.37877482595914 1 492.852089902961
"1" 18.181639466258 17.6892405934422 3.56818970417744 4.69542578968465 6.88253517516407 12.0088639853048 0.783483335473024 0.0343470614138022 1.07244375823216 0 497.693004489392
"1" 4.51566835706739 4.17565096998249 4.03222869792904 4.90590013487086 9.07939384501377 11.0445787892031 1.25548106959265 0.933866426691095 -2.06737317861886 1 486.423261374802
"1" 2.96634839666539 2.3374613369699 2.09199150894514 4.59032481574681 3.88293967967991 11.7491036277988 -2.08184550139861 0.400154517773077 7.46073159508917 0 464.915398102194
"1" 1.98582722733828 1.47227066946227 2.45981225984625 5.30573334742824 5.08369714181601 12.6595238314016 -1.24677418998551 0.444852400042008 4.07959982748446 0 434.174024492121
"1" 1.5395903825632 1.63803683673921 3.34738837257206 4.74205372510456 7.71540789929438 11.205779809437 1.78493018999095 0.703243827995041 -5.79239801932801 1 426.479376733662
"1" 3.42690970395438 3.3022697238386 3.40786570657204 4.0965867085186 7.53479960145198 9.39336004667117 1.20426083458075 0.744325992053935 -5.37516662773814 1 473.401804946378
"1" 1.68718036418301 1.2527909243066 3.12381635579217 3.58304871421271 6.07250704315391 9.50991746794936 0.710316245319557 -0.110059769102486 7.72350751489988 0 453.650273828108
"1" 0.564189623045477 0.307151900231802 3.67562433256688 4.22353415732503 6.89659423844915 11.9042617494936 0.880725559596711 0.333970103784697 7.95493275697846 0 383.306372776261
"1" 3.86254923585631 3.63655301524285 3.16393473425555 4.63859066455713 7.3302549902314 11.0834905814857 1.09944336040359 0.68951109046076 -3.85999909853184 1 488.082314219353
"1" 17.9421621052197 17.4007334032639 3.25802323779958 4.98621035724239 6.71765011794213 12.406791477004 0.32780598154365 0.560793065538277 0.0365858577400507 0 492.28688345045
"1" 7.73516358119736 7.26982043763517 1.64169752834836 5.79425145149916 4.01823522338328 14.1642980462503 -2.67442535126165 0.660643241011113 9.28397928253982 1 481.334578047147
"1" 5.27946562372519 4.75425000213631 3.25373410424745 5.54340296582519 7.29474897441942 12.5163162838983 1.42487656638277 1.12251386958215 -1.33682667187453 1 479.610950986467
"1" 5.49853197984939 4.97487730357988 1.98687457395869 5.53960122255708 3.84093453899389 13.5134362747592 -3.3711199451052 1.3910267860928 -2.88721605183276 1 503.324157733663
"1" 1.92026212309795 1.25096114348148 2.71510353835983 4.58721084942419 5.7278696676731 11.020426045364 0.199759238939689 0.610951733032288 8.40215777634865 1 453.005784998042
"1" 3.8680651012928 4.2563571604884 4.15202010502374 3.98067810665426 8.87788763798622 8.66777925972723 1.83561200266035 0.781366114413519 -7.09983241692972 1 472.352125801806
"1" 3.3263448870634 2.71139252697771 3.49085450427639 5.3281109225982 7.84950110310202 11.9511895788724 1.28990670325641 1.32709932242482 -2.99448609190587 1 452.297863524917
"1" 5.50448993248462 5.22809035937629 2.63301099355568 5.54763947522871 6.19404342442599 13.298456635144 1.01394371671692 0.842754599635342 -1.75625318573383 1 517.016319309143
"1" 4.34029408759881 3.9198470792662 3.62539620374445 5.41514506009426 8.32811736670156 12.2722811864139 1.46527665390514 1.27793391084444 -6.12068834370819 1 469.432082340725
"1" 2.09728443618362 1.82318765014226 1.94182774387035 5.25174633310464 3.99876029619158 11.9790969715626 -1.31612233423196 0.586286829045166 7.8742653281087 1 454.274777223445
"1" 1.14088220862003 0.951613779283626 3.59074175662617 5.82128435309222 6.73168581378112 14.6651395879171 0.671649076019961 -0.0258313222585919 1.13975864253895 0 407.437978180727
"1" 2.89044750284365 2.49363086661638 3.1950783714421 4.90589539980424 7.37648563309794 11.5474525915982 0.69625101375162 0.909263588597372 -5.17169169023851 1 432.91183565815
"1" 17.1593772437921 16.5039554105524 2.26768681015066 5.32412949073107 4.17820254049623 12.7581628607444 -3.72530355076971 0.434043239379851 -7.7442882777505 1 495.863938156283
"1" 1.54136740713345 0.743476993378878 2.66892120734862 4.03237325973924 5.73414720010628 10.5220891817068 0.167422678110255 0.390579999457925 7.78122485263481 1 432.196295481141
"1" 1.46842113239721 1.08548596203912 3.51706416331653 2.63998936487662 6.63175543794356 7.2378771646109 0.498684600243804 -0.732660044605924 0.421345551929228 0 437.691954054628
"1" 1.68957015698765 0.864261802113031 2.90457611343049 6.00981854022564 5.1069684149223 13.668822825423 -0.396665319730948 0.85045017302158 -7.51480317149976 1 428.548054379454
"1" 4.02541372363154 3.77422348491954 4.11627022261124 3.98613527485976 8.5680400682495 8.73103964730654 1.3445804104001 0.415046197646189 -5.10509632864516 1 478.635769496354
"1" 0.506060979168979 0.810311435934123 2.88898119635603 4.87147156581289 5.21990520841723 11.6214425576756 -5.83443049347432 0.488280677547427 5.66439326887586 0 377.9569478674
"1" 2.50084016231029 2.11851714864815 2.35069279530237 5.2216255879676 4.83341879688775 13.4424328886712 -1.79920148184619 -0.12961033524865 7.54992136741656 1 438.09296598667
"1" 1.04750097240033 1.44885510317756 3.90991019870542 4.44764320541933 9.56190952972347 10.6877876989131 2.13334967215318 1.37518204462308 -3.87761898321168 1 386.918108146626
"1" 17.8982484436435 17.402760467699 3.54923172800761 4.93852079999318 6.56141482108891 12.4453347931626 0.0699515806256858 -0.027994583828774 -0.187469082969742 0 486.093733092774
"1" 11.812587018833 11.5147361701419 2.43164558432299 3.49984687517557 4.75193289880024 9.46925095257116 -1.40435034463111 0.197999520946169 9.11092143652988 1 523.940414263519
"1" 1.61288033401372 1.33463200143756 3.10555298321784 5.51206531991558 7.1747657327122 13.1372401851017 0.969360602664074 0.841623297360467 -6.10700031895701 1 421.92203086105
"1" 2.90041035597323 2.7904374967426 3.10560106232946 4.90941391100325 6.91466054188343 10.5799869424998 1.64455481298322 1.07174241817072 -5.95000006947549 1 447.903344336768
"1" 1.75600112829186 0.871349004866639 2.31216053984062 5.90552291666927 4.14586476649853 14.2006573857892 -2.17368002037421 0.65751119013324 -0.532378706251706 0 427.814787510657
"1" 4.67766829131728 4.3083466332919 3.98023445863299 5.12344274581668 8.49622409282926 11.0111113173577 1.23121101248179 0.927960048242188 -0.987211864211222 1 479.797780847422
"1" 13.2040524139956 12.8656376930272 2.16100894930179 4.38932021447647 4.28460688683908 10.8871339519815 -5.99220379790469 0.359434938877723 8.12504393821476 1 499.009799227294
"1" 2.81984821729839 2.81893166149311 3.61894300938777 5.69759072902511 8.13970924013168 12.7005183997743 1.60538240895547 0.967671476993674 -6.42335119252986 1 436.01907124328
"1" 1.70688842886123 1.31253411175054 2.00472649942591 4.54141719420178 3.69099743306836 11.0891698558232 -3.66520448244322 0.968918663977559 -6.90769207473961 0 449.332576160976
"1" 1.72829729251234 1.34345648430884 3.2352075339245 4.60543814993047 6.08700043228352 11.28262379979 0.137297846376939 0.772946176727906 0.405963259955619 0 440.485439527863
"1" 1.38678478668424 0.981120365283348 3.13755110784779 6.45576695683243 7.22881121878051 15.3048758346021 1.39870761609116 1.0943589444161 -1.27602470352043 1 407.757571410419
"1" 1.92793734559891 1.59965400517528 1.62473337663954 3.96656059377919 3.95203207572445 10.9601232477594 -1.48083188800543 0.101669416101712 7.99761923000222 1 450.163087598763
"1" 2.06191088086202 2.35823245093027 3.20411107721058 4.41043078795374 7.95983498870779 10.6443612347432 1.93822967649649 0.680946298174153 -3.13901859131751 1 414.556349421901
"1" 11.3718970295365 11.0575063617999 1.74232172787335 3.92768917160971 3.6670336636703 9.99400959208844 -1.22784520354985 0.381684476891491 8.1893972166124 1 506.779703336259
"1" 10.7118466650409 10.5815873281642 2.84414292532485 4.80187652152153 5.3128646143313 11.4529321611223 -0.104594615510884 0.230093088604078 9.6767648797491 1 479.694780378414
"1" 0.863718328769373 0.777039024566069 4.01789633497653 4.36886053454844 9.11974541175699 9.85105341360859 1.17596676326464 1.01104026305824 -1.59276008066643 1 371.889926176814
"1" 17.333711960582 16.7870618606262 2.53674833111112 3.86729777392015 4.86005895487524 9.71976579246671 -0.3187745290656 0.572995398539884 0.0432319751556389 0 498.880878316264
"1" 12.844870684299 12.345731971659 2.46456122737997 4.10292684840533 4.98670189419212 10.6093763648024 -0.803565358925748 0.259797956624307 -8.59512374779581 1 524.212635970784
"1" 13.3995422990727 12.6108937103984 2.03617803522541 3.98359701671427 4.16787249081199 10.3817676125962 -2.66482775104165 -0.452425101468246 9.47636693007969 1 486.272661936933
"1" 0.871278557738398 0.186105592265415 2.08373268990304 5.16786272674362 3.93578712216758 12.7825262638184 -3.20228764915888 0.432518751345554 -5.65759009530505 0 387.878438214326
"1" 17.5537543217226 17.3357444405979 2.10314666579186 4.51126098444259 4.41992336150871 11.0190424841209 -1.24943463092809 0.713266442114324 0.425987949880216 0 493.631585686064
"1" 2.05672072669003 1.44566022187408 1.94892320089707 4.3626740246857 4.38038360859415 10.780156106706 -1.31265624394163 0.60619883866853 -0.455413053600768 0 450.951425877863
"1" 0.685632530741581 0.767780490755139 1.9515595071506 3.73028752178296 3.67232991500449 8.6067907855628 -1.12176836771474 -2.41647183465021 -7.39534951990352 0 395.798078690438
"1" 15.6956048436341 15.3915264566769 2.11918155413586 3.49402061546475 4.09161707652716 9.23478524586421 -4.06007731845791 -1.24959498085766 -7.31833300763545 0 491.792959350236
"1" 0.885168864577809 0.909728800474188 3.52898637347035 5.35088176660634 8.38850412754347 12.489377953421 1.63103278213712 1.01037199333029 -6.81828063886833 1 413.628417766686
"1" 3.03874771414289 2.78293810318453 4.01173944147743 4.84145140275405 8.95546093677748 10.6641925498093 1.3130673392262 1.09741594603497 -2.93636262841018 1 429.798982551555
"1" 2.26302035436638 2.1556305122604 3.46476037651069 4.92521372240418 8.04900703325141 11.3701797131845 1.39079511990316 0.495828528160665 -4.8044044156744 1 421.84308956404
"1" 2.61758942788629 1.73263298073393 3.19312155842494 6.08962418334486 7.21373031869863 13.6888402610477 1.09572254069942 1.60725493407324 -3.242271381693 1 436.851804424349
"1" 3.41463148059731 2.84124764710699 1.74895628029168 5.10914062992296 3.72795835167986 12.4216268948194 -3.67069676741178 0.832915249080961 7.27769194200173 0 473.322182339614
"1" 16.6508282657605 16.0450673640967 2.31811349888461 5.94213546505374 4.85169265289221 13.3223816407888 -0.734677122408816 1.03959270024545 5.39289185780231 0 519.391513816477
"1" 3.53476038460022 3.36812861858055 2.52410948777854 5.02951100481938 5.52212427213572 11.7850775963367 0.520122867530277 1.10003577516075 -2.76444736782349 1 482.826863139309
"1" 1.78985839431502 1.49553105177275 2.56292293870422 4.52774597726182 5.30315918344369 12.1423453819106 -0.659072017242676 -0.3823937377386 8.16161657450667 1 427.511770458841
"1" 10.0157176884536 9.66197364923906 3.04775700291779 6.69711450974053 6.81542826049478 16.0253742710254 0.826277875498154 0.88099144726646 -0.810699282007877 1 515.785281637566
"1" 13.3730666964944 13.1833079343422 2.32937978038237 2.89958670851009 4.75618051513646 7.73878355398979 -0.535578158984367 -1.93615926072923 8.93066594171535 1 486.099137632993
"1" 2.46905954341265 2.33660015007681 3.18247025154916 5.06244978686296 7.69988950939329 12.1833097093629 1.75694105961539 1.00179117302684 -3.37732666886407 1 419.67433377103
"1" 6.19959653213443 6.13038500436334 3.56818745506257 6.03380410807667 8.00913383313927 13.5436901777003 1.76310952111699 1.02963494202335 -6.59925444158742 1 522.83910592583
"1" 10.1385645282029 9.36770873486232 2.4168535725534 3.89588269522876 4.53601458158781 9.89581339788893 -1.38379992085732 0.0797057021506757 9.64234670179555 1 495.535162276436
"1" 1.60045784452802 1.19750251646896 2.57710464782601 3.13298141059755 4.85014775672089 7.41306593520872 -0.153818203284252 -1.91772853688067 7.23193543193324 0 440.99272238769
"1" 1.58810776409286 0.983419103140243 2.52471064250953 4.71827411791831 4.49348905867888 10.1449153924135 -11.2857364688047 0.482397856824166 -0.908943994210438 0 424.524820037882
"1" 2.05974482750036 1.7973639784742 3.04967729058982 4.70414042361192 6.83634690404082 10.8168206243432 1.4170312720253 0.748994773276555 -5.61468365394585 1 423.83573829963
"1" 12.8940282917999 12.4613697478052 1.88734032313083 6.17695707102203 3.74797957986971 14.5759621264666 -3.35122706522171 0.73742473982944 8.42342150785197 1 525.438707702805
