"1" 3.01194358102122 -2.13372222730138 -0.0282940146932053 0.674525738237783 1.29094406131996 6.59639216132782 5.96371151091843 5.70703484236565 -1.76679588470044 -1.63170065233015 6.32205023075036 6.40830761178186 1 -2641.60142912414
"1" 2.22563316863409 2.34857775239059 1.33782757116082 -0.401032519233391 2.35886635881579 2.67843753468933 5.62314010583482 5.65375262485193 -2.27216096398889 -0.165479719983236 9.04699025057987 2.48087945307646 1 -1721.63696115452
"1" -0.515477050202032 -0.480259992284201 4.22801029296425 5.63100595553631 9.85531797312169 13.1255121719399 2.28031958635736 1.90741207745321 3.20790616508322 1.95129923782352 8.58810154228825 -4.5648069153409 1 258.323392722305
"1" 6.53555219913732 6.36104320052119 3.37484543791231 5.54905737064275 7.72363058134269 12.624058505793 -2.41512326401863 -1.49123693339593 2.35698667506631 1.63748827677023 4.171423653044 -8.37617367794669 1 422.388120883288
"1" 15.5195736812255 15.3203598711553 2.14525856780985 4.13706142686851 4.0660993712813 10.4447714680551 -6.11530401443623 -2.25603241940743 -0.858173249473077 0.129486251086093 6.05116430319149 0.101468484149556 0 516.61992888967
"1" 2.96338852717395 -0.350533313858212 0.267654433414699 4.99697360405763 1.16098982517643 11.3390084783555 5.74610032904766 5.65602272246283 -2.80800956892954 0.242638001959136 4.93050808659854 -2.6498839446965 1 -604.968733786005
"1" 2.22900402406576 0.81938389474284 2.33206492635498 4.8310910688687 5.69987538823042 11.2731038989965 4.89336001595619 3.92179772832391 0.169811276043023 0.700471322327877 3.19397893517867 -1.86128463677991 1 -63.2480953217837
"1" 3.16458033211616 3.22449572344753 3.31567072191556 4.52078860188617 7.8826857810517 10.746846411123 -0.392423907354092 -0.818688852487707 2.67682399940797 1.3350058419632 1.22194762324623 -4.16648352092692 1 289.533811743268
"1" 2.24098642987634 1.84423447923195 2.55666283580636 7.56510110846288 5.50785346316961 17.5997195859742 1.21368384800469 -0.0138060454165793 0.325166318216304 1.02312685089168 6.71074820840484 -12.365783757506 1 454.924012287409
"1" 2.33057908308783 1.05566557624051 3.29506838297602 5.35983640861179 7.10725758518771 11.3467417038871 4.86129129162593 3.59419278844627 0.552805480884044 -1.05782543464408 3.58578646371814 -2.74105261600641 1 -82.8660307120408
"1" 12.9774447949137 12.8868984353976 2.1011673661039 3.15831438805495 4.40869580237981 8.27203471615975 -5.19469466239692 -3.89838998628533 -2.54670495101289 -1.48735262331805 8.40585706009296 0.768226810877635 1 504.901723466659
"1" 0.912042033617253 0.48203489855354 4.62469189312886 6.16491198378598 9.7701126953556 13.127856612815 -0.849185290551008 0.29171396609641 2.05160399948326 2.27973469641335 8.09296500940986 -7.94072557153025 1 353.376175740616
"1" 1.64781392305556 1.14275975312799 3.52942450160814 6.1723529906169 7.98872312789338 14.0933810986717 1.3735703820382 -0.282734942622623 2.21962874572966 1.39929567299112 5.94044179395122 -6.41100769382583 1 364.326349933383
"1" 0.336072096791221 0.374398281327176 3.24354055456304 4.73412034333896 7.83743365909225 11.4185089550865 0.443596787719526 0.148268021431299 2.64603340081962 1.34170570422523 4.99008680445254 -4.14863109010197 1 332.410468522075
"1" 3.35068745978467 2.3751825373368 3.25269122725921 6.70445290933077 7.55913885852723 15.5879999829752 -1.5291628763319 -0.403684769406393 2.27559015698346 1.67848520000468 6.31717762660309 -6.8630258861881 1 372.532107919002
"1" 6.11559623690177 6.17096998707914 4.22729843806253 6.3075311786987 10.2458215577315 15.3134142186976 -3.48671394130482 -2.00303724534066 2.31897188365102 1.15575372087938 7.79153955222156 -1.51777721674772 1 352.185651329191
"1" 1.51955151385978 1.41444934054079 3.50566193798669 4.81605040180118 8.7692081053985 11.9191798015757 1.35144793991418 0.212579220608904 2.54796361049485 1.83521186447519 4.13684835099395 -3.38779178147733 1 266.348838527943
"1" 1.38467128673841 1.02745413201857 3.27405960668565 4.89724969417815 7.62439531702661 11.4009647928363 -0.322078770450992 -0.143995519719632 2.60242520232515 1.75170666302302 3.56088426093972 -5.00551765511271 1 266.626948442346
"1" 11.8734009025837 11.7513272017088 1.9656816791525 2.44169023089645 3.99923089698009 6.49044748067735 -3.21209898596193 -1.83996405703898 -3.41755149970035 -8.57239264561847 0.181610723096664 -7.59702447036388 1 503.907889823144
"1" 15.6211660260337 15.2779902646028 1.82319579941863 4.76796112815594 3.93310708281921 11.9896077676353 -4.09229274161724 -4.10675487900353 -1.74612480147748 -0.00018561501379784 7.11204954464657 8.04691727794182 1 544.692331679244
"1" 2.32123971004948 1.70225027496222 2.49774204829782 3.91812514395943 4.58498728860648 10.1744334802032 4.93262369100172 4.71794336357038 -0.634056457945144 -0.330521938508382 3.25661629083541 -0.833845544136698 1 -55.5747473571446
"1" 2.19849238726474 2.22809175496283 2.34608762696298 0.362943470412383 3.43357794155054 4.77000801008835 5.23485728162587 5.28555971362917 -5.60504179982114 -2.53099681890139 5.8142222689717 0.930234112092726 1 -665.826896016175
"1" 2.98201783018286 -0.307655547998033 0.338781862708478 3.94063809610478 1.40448452240013 11.7493662423138 5.64135058661899 5.83986548946719 -9.71617320829779 -0.213967893700576 5.81142179077509 -0.988625852868356 1 -772.811077038266
"1" 17.829546020138 17.3740269271427 1.95117934188831 4.29412767314775 3.71965210169633 10.8966355051568 -4.96837823723247 -2.10789762675349 -6.36630635266575 0.0999322459440496 4.53347030057442 8.2819258016928 1 534.740591903244
"1" 4.22139876798425 3.55731675626971 3.3406225519359 6.1682093486157 7.43584590474677 13.6962999294563 -3.47051486078491 -0.699854014144869 2.17340150338739 1.72691790847469 8.96321026405277 -8.69444060865541 1 383.766185990202
"1" 11.9346881193221 11.6332793426971 1.99432096271731 4.2726417622815 3.6721704184867 10.8896363501351 -2.63931859576434 -3.6343131424021 -3.35857029769121 -0.245138228153545 3.96265316942333 7.83096730242472 1 523.156085154324
"1" 0.186534117305562 -0.275857879322181 3.29585449538425 5.34163968346559 7.50976853008429 12.1682383037875 -0.96579355798296 -0.51707074463321 2.83857136085 2.08879924615677 4.87440615319566 -6.13974094252114 1 293.84155398598
"1" 7.17661151335057 7.03359124783909 3.26168607361763 5.49046724293895 8.16176513566041 13.734819892542 -2.25993171939361 -1.38031654167976 2.6143301501712 0.870577591986902 3.94505574417599 -9.32530325897617 1 370.210318069001
"1" 6.43080863637386 5.69762568481743 3.16599534546472 7.13508733068545 7.33321498132644 16.3589323849333 -2.71403550948543 -1.32810249538219 2.37426704846212 1.39077570196457 6.02235122281702 -9.5399578748613 1 434.296347973113
"1" 2.49409478676744 1.5851754202784 3.06153981860501 4.23989351933026 5.39611179312606 10.821477887504 4.9160217524091 4.77316455110337 -2.30574281210589 0.0936936472005339 4.13722926998096 -0.453238669871323 1 -98.5987121792332
"1" 5.39739346435594 5.35539215501273 3.4011757000273 4.04806758837265 7.90972219878212 9.38838447145474 -2.46984653902656 -1.41870344119901 2.07159430709572 1.12546300577378 4.51592043749537 -8.81941665751397 1 447.81796424696
"1" 2.50744955690646 0.253631062446207 0.863340946579381 6.29812882505532 3.85270399273595 14.9847953901506 4.86825346762898 6.29196364906384 -3.21705582833814 0.248612323420008 6.99211829075476 -7.0583045722291 1 -189.870873711478
"1" 2.74465113560842 1.19963507977652 3.10838712603924 6.94192753342763 4.87587807996902 17.8924769040942 5.0451941093416 5.10196709561467 0.213431617204343 1.05549722680127 5.16095495343482 -3.00741393686248 1 -67.5408951795889
"1" 2.97915939798161 2.76121577675409 2.19196336959469 6.05075185166577 4.0227144911589 13.8329565680588 3.1314314041035 3.73631330358476 -0.546879828919704 0.538317879689622 1.42397383054606 14.2222096625897 1 465.722797920551
"1" 2.06296979993873 3.02513151062957 4.03356934048207 5.09513746920878 10.060979161739 12.169952001217 3.4284293272765 0.842715114576588 3.05021246174145 1.24675139334948 4.75720060449774 -4.30297220723846 1 298.432020838085
"1" 7.02083713719627 6.84014834255884 3.56468361273304 5.87015773132108 7.95180027923084 13.1249856979433 -4.12677282763483 -2.24475692133103 2.26110690014053 1.39099772624894 7.26974331108741 -9.64304325297115 1 409.728792260923
"1" 17.7170206962584 17.2688093438682 3.14271643966651 6.67858231421166 7.23764234263312 15.8036563289017 -5.8851084499163 -3.31711291783693 1.76148889349198 1.66203736252031 6.72429790484295 -13.0115947409053 1 527.747570398706
"1" 3.09056063625579 3.7814230137864 4.3549138385831 5.11020011438986 10.3798493991025 12.1845681642297 -1.40584822254582 -1.32965415465432 2.78809153463326 0.845919142426158 3.88387884022871 -6.35399931557112 1 278.58906154845
"1" 3.45981076472505 3.13017441591791 3.67448203140032 4.17071735769709 7.15270849065128 11.0275683997822 -4.15663475113383 -14.5765327821004 0.442635188094185 0.166699892133387 3.21666082112159 7.20158549443578 1 460.60453006943
"1" 13.1228126053033 12.5943572046604 3.3819399962701 7.57351743438528 7.52607538857425 16.8355582242803 -4.50279056479595 -1.75568494825803 2.0515904366508 1.19817898672313 5.87947798532157 -8.77766681186915 1 478.604948106908
"1" 4.76340934655829 5.01210070729175 3.84392820657532 5.2793096667292 9.09406941091989 12.4511534858247 -1.21713121129975 0.78859016899268 2.62874701246301 0.702243526138708 -0.322417222156457 -2.31153433995129 1 374.696938324894
"1" 2.92615562322854 -0.326170623277629 0.194086624293899 1.23235365454603 1.3730622882622 7.23472054866603 5.75955355533614 5.62007043236479 -3.34911416617775 -0.437777943464363 2.73473528703377 -3.80156569752221 1 -1375.36935512078
"1" 3.57648107278639 3.53865687059714 3.02245041212237 4.81152344331366 6.99939380605694 11.0720226785274 -1.01201190017806 -0.843624902603052 2.20744025243522 1.16013828978856 2.16787602878385 -4.09262819823249 1 428.175240716859
"1" 3.1027996966064 2.57524277843012 3.436776642336 6.62708486676671 7.92450778316698 15.3166526806234 -1.18440167896577 -0.776619127455502 1.95283863252169 1.34825920061541 2.95479385919528 -6.07815376068002 1 399.811322027088
"1" 1.19432583482904 0.839685111681101 3.49639767606378 5.54991594867253 7.79462672382231 12.4376912004068 -0.145522492222572 -0.6574226103015 2.48328574387373 1.91572165470298 4.50071711697894 -5.61311492387498 1 354.413250817726
"1" 9.6965078991108 9.63097375518767 3.08331615732834 4.0853000393942 6.29852365999473 10.5014842200065 -3.70497806293952 -1.61798567062592 0.301844099963321 -0.284906261243251 3.51475634431507 8.61510978722992 1 499.822951168908
"1" 1.61823677047658 1.64210322857652 2.98886992371544 4.27205190891725 5.05881593374491 10.7360255393489 4.74649449435601 4.25300013537974 -1.33582747250046 0.334057487054167 4.93484588841187 0.195268850149983 1 76.3868300971044
"1" 2.47547319235634 2.17594059187021 3.36215961589696 5.63088218292783 7.81575705606451 13.0980937281391 -1.71325125317167 0.0401730624355689 2.43516288759855 1.59812247984407 4.22288720250998 -2.15017438807 1 347.889418953182
"1" 2.93004285783866 0.0379060143092613 -0.0515692704965503 0.341708040168541 1.18800778695233 2.95824251444405 5.98829334411213 5.86675399086357 -3.62892387572808 -3.23149838439551 2.43790553599858 -0.886174868649795 1 -2991.83349351468
"1" 2.23653226251284 0.964255135219725 2.16346632319833 5.69638894357242 4.359144514782 13.2693593155089 4.80073698248427 4.37743478212701 -0.988525791219956 1.19073448736694 5.3814035253566 7.07544915875189 1 76.4247723128592
"1" 5.23381940773969 5.13192064769713 1.5280880600369 4.22346666155542 3.26615312958663 10.6335834688137 -1.22517773375425 -1.22118440393075 -2.53457047191899 -0.790338499824926 3.42486494547823 -3.47353666516994 0 470.952160445102
"1" 5.56171142656727 5.41639481658969 3.49798170302756 5.03338627328726 7.75903624864219 11.2826729778196 -2.17901589659992 -1.58932717477563 2.23676177217275 1.32323802942877 3.66253106738888 -7.42480383957201 1 450.426844580572
"1" 6.26081586672616 6.47073720931105 4.29288758697598 4.264575995942 9.34328886328988 9.0568011201428 -4.44496711193781 -1.26103694409461 1.94235882972519 1.14168837376061 10.0177004794207 -13.6968946690009 1 449.099826283176
"1" 2.87103192462631 2.62723069299955 3.06384049603256 5.25819866079792 7.15495220557621 12.2748847038965 -1.54532066758669 -0.816143724002955 2.60664013939743 1.43998508083991 4.53585352128156 -8.95435492911339 1 357.296999007098
"1" 17.0626385730464 16.4445144920423 2.17964777313086 3.66923505351855 4.21153843056036 9.79714020900512 -4.82900803926338 -5.24950786158104 -2.09522893631715 -0.151366241798726 8.33229675352978 8.17426555100586 1 549.147824467136
"1" 2.79512697202225 2.77920848933358 3.21217843047293 5.32892026621007 7.4993799638465 12.4512373345369 -1.38832919535606 -0.597838938522958 2.39092237061031 1.56804772175014 3.852730783309 -8.2729569953025 1 362.024443774257
"1" 1.74485403322759 1.27867578248224 2.96851433037171 4.38020064610801 6.87754576109301 10.3133866454064 -0.85213159198321 -0.602581286123472 2.17746293678007 1.65741370348728 3.96372083295092 -4.43427315471036 1 391.816448725996
"1" 1.64200283720444 0.789752550850979 3.31477734215458 5.65466600994041 7.31127557404244 12.4900099760332 -1.36130758100747 -0.726433452970262 1.93732606164958 2.18987716791374 5.24356296597756 -7.39751831360881 1 379.896920041541
"1" 1.49923195982443 1.80914337133382 4.39893462566974 5.14311961862206 9.56449481939006 11.1831516915563 -0.564073380202614 -0.758277368572193 2.5718289106521 1.39740078647454 2.94816309256254 -4.47392122452107 1 231.877427059893
"1" 2.34533212973167 2.06713806612415 3.17495614058488 5.07848578445854 7.24781185472939 11.3469873972636 -1.60588502225961 -1.18148070761249 2.2907753385233 1.91775503566567 4.53485846708125 -8.16502365903226 1 370.181826142949
"1" 2.37649684878363 1.96457980435066 2.58657392597999 2.66947460235862 4.81125316747775 7.65140249220997 5.06530744577559 4.96546704671797 -1.48471101218858 -1.12110666374774 4.99787627958771 -1.31788676643819 1 -52.5989393137079
"1" 2.58775343935408 0.227885312284634 0.963564881285555 4.53705390969062 2.68735130821595 11.4094507612854 5.08857847942909 4.33390213659141 -3.66014195158189 0.186229548668616 3.86274342454148 -4.80997542749511 1 -186.534803559751
"1" 7.82466573818456 7.57102442196391 3.23428305037753 5.46555425644178 7.63756259473656 12.8893954798065 -2.48346183775145 -1.8243775166129 2.56279554350935 1.20488608798495 2.7921896534495 -8.41011953909473 1 420.139298053064
"1" -0.716380783319359 -0.753588240402353 3.65470690625762 6.15457592567839 8.15134750439464 13.7362559983514 -1.87021698551115 -0.833102294820207 2.75265887986405 1.75857302440515 8.76803755625109 -12.0827945110608 1 417.438050339724
"1" 6.3056700235146 6.25252206338029 3.61075144863906 4.19733628399548 8.17448575142837 9.50152675148399 -2.35815521836352 -1.34857621733781 2.35226225756276 1.87230698691316 6.45533354097304 -3.99600542535861 1 254.034057604891
"1" 2.8917066783791 1.13566992857935 0.925435058706052 2.05661173235838 1.72928029179577 8.71087471218117 5.32521851841922 5.33504403424553 -4.09023163844537 -1.56839816252005 6.79473428224137 -0.138271002332444 1 -458.395782209842
"1" 9.26494457400073 8.69906599675198 2.90658239209498 4.37958711641576 6.71093277867818 10.9163706975595 -3.19148333636664 -1.77094546448784 1.29165580983491 1.36239851645176 5.34502507417886 -11.9509518377734 1 486.485348654953
"1" 12.5701941829336 12.2989742325523 1.84310539923082 4.85834603061988 3.68230555146787 11.8369285867103 -3.48241945171882 -0.995440299456452 -1.80971884927123 0.579084258830737 0.843625398308172 -7.59715994871255 1 508.98543264635
"1" 7.96542003517534 7.6766709781831 2.29133993002298 4.87738994135403 4.17460496926969 11.6180694341274 -2.72498767281461 -0.486676888220511 -1.09783464733462 0.746524224228625 3.11020180523278 -8.3992424698498 1 482.841126002559
"1" 3.0426891940177 0.799209037430758 1.10628845111833 3.37438335994701 2.26739143820801 8.26091783172417 5.22741704666635 5.59156114423012 -2.50596706416844 -0.682395737627134 2.22424152359596 -1.58991974995984 1 -168.940983669114
"1" 2.44474377869423 0.791111203893751 2.54211944362963 4.74826632832803 4.02133882331149 12.6683640140062 4.4440384702099 5.11596422161564 -3.66767410670278 0.162534773000729 4.6118774080369 1.09655471890401 1 83.1971480292541
"1" 8.0269320785774 7.85360548127995 2.88672212656541 4.88806460155747 5.23484255941678 11.3063782051803 -2.58810903871547 -1.52410524158147 -0.525980567587234 0.284283182854676 4.30181959870627 8.12196551005427 1 478.733400671137
"1" 10.4292439057712 10.2395080299317 1.31895324690905 4.25220253698941 2.98304185961473 10.5501726303995 -2.2252298047111 -1.08618932594663 -6.27751407735936 0.0185305677243716 3.41122540797306 -8.08626485960266 1 498.276018361072
"1" 2.92200339840755 2.88501519407432 3.76676093968588 4.6355308247066 9.0082545024725 11.044278229972 -0.0177380927586428 -0.896863366307371 2.20368278497738 1.90281517904838 1.58088591589682 -3.82491465185309 1 312.633997677747
"1" 11.8704270282058 11.4257554419481 2.05154577769651 4.32099578501036 4.56768875447177 10.7906446054367 -3.04911053839799 -3.28033099500197 -1.31951407215247 0.11070106701291 8.09525777930678 5.33241059093539 1 490.926135113283
"1" 3.92547855327509 3.24071572427839 3.20628842724093 5.79090508024814 7.44357249658177 13.4431971807814 -2.28110779312268 -0.891725098801012 2.42587758860747 1.4668739577901 5.99189315413943 -8.99578815518903 1 347.685212775292
"1" 3.33265322485498 2.8691154879111 3.47870062474143 5.63758952363217 7.60638859623565 12.3116783264562 -1.22683267356302 -0.88398359368846 2.39531970054788 1.57399453868192 3.56916202667465 -5.07530390533559 1 332.116420033019
"1" 2.63739415496055 1.06282401412033 0.67821963365176 3.15923188329987 1.7150808648652 6.64730229440091 5.33315267928006 5.09700159750245 -9.82309839655119 -1.4735971636833 10.8834609546752 -11.2051115362601 1 -313.905073614567
"1" 2.53548389948097 2.23345689550045 1.85635487912705 4.7090214888822 3.15790322946159 11.2352513202604 3.417953119305 3.44597242322518 -10.0744366598434 1.72433707607467 7.12547894548536 9.78058098352728 1 444.037294004285
"1" 2.26461323155495 1.85839982029462 2.65172643748606 3.44046978269481 4.46892132378503 9.81158544393837 5.01282125133757 4.88178875638737 -1.41974926176526 -0.861737293619664 3.42401011669927 -0.209719286605235 1 -53.2533889440074
"1" 8.77368284987232 8.1688627610788 4.07709680569457 6.79466623229316 8.30359218985967 14.5145901740963 -3.42849123618123 -1.62141882564285 1.81810653751677 1.49540810217833 5.50046455069703 -11.6796134695703 1 491.342063556682
"1" 4.60606461731056 4.40977035889561 3.46098224485049 5.90535180022927 8.13810111749832 13.8826000562103 -1.64968634890318 -0.651251993547979 2.44535224501604 1.37741644420891 5.26953548924702 -7.97027186325708 1 375.675533575048
"1" 1.57626928262141 1.53898958565661 3.1796733383122 5.03681820942881 7.08881558144163 11.2011388931009 -0.572608439810237 -0.766170184879104 2.51048793022384 1.62064417951376 3.62477165242033 -6.05761192188959 1 355.319428767039
"1" 11.2137230020719 10.6288183058108 3.52612126218159 8.8078780948531 8.01105213076321 19.6641207385848 -5.3756307163061 -2.41580522265639 1.66503899782382 1.2395899774099 10.8058572834924 -5.66645401966471 1 440.219577233291
"1" 2.63203007876851 0.221326125560445 1.8352620503457 4.52154226473381 4.15473979225658 10.6622938674539 4.89929029478613 3.41023849797929 -2.51983562616702 0.847085283269569 4.88475794963221 -1.79540888154321 1 45.6103118868814
"1" 1.96181332839558 1.69579601310473 2.83580738351357 4.3551304104507 5.57852477229894 11.1482588326894 4.74493791403928 4.29009082796611 0.0758077559099255 0.120443462763015 5.171285808616 -3.49672704990857 1 34.0010975313653
"1" -0.219650307414731 0.0169623083855718 4.18729475043375 4.47003800408332 9.48319934020403 10.1235890302798 -0.49169500808058 0.197104132233031 2.84684242132535 2.12981947424007 5.66835687083409 -8.32521415953534 1 186.808953965943
"1" 0.97790090358648 0.887785866679927 3.23106845191534 5.36825130016375 7.8188541744871 13.0223830914332 4.6572644450665 1.3273932700328 2.75326502091292 -0.215076423815902 2.9951458760333 -2.35828095875703 1 178.809515144976
"1" 4.8500042556752 4.51238490196047 4.14416352820863 5.18151284169011 9.46190772566814 11.8416947920485 -1.76921187061176 -0.84380391041025 2.02649358351582 1.90915941443963 2.18390620440321 -5.46213493702196 1 330.417269946302
"1" 2.91447958512253 3.88970938401291 3.83458026553033 3.50068948303517 9.59852142854669 8.79822748486358 -2.27602551320253 -0.466143194091817 2.90339173392044 1.42434528593782 6.95980453659661 -9.27209945643313 1 312.826226558414
