"1" 2.69649843210391 2.782258449051 3.75730964078254 4.45362125305586 8.67478934947917 10.2359294564067 -0.00284009079835838 0.248070029562736 2.47433330600784 1.80046131044301 2.58151894521765 -5.7954165012962 1 4003.71381098311
"1" 1.76880933462839 1.96781222073645 3.52848793854829 3.98455710746573 8.34744405774296 9.41617444155007 0.0425536716645074 -0.0759775995605605 2.0607773644358 1.5286693704307 2.79181020583967 -5.79597725386594 1 5075.08741673981
"1" 5.02700597849583 5.23885061333275 3.36305631834581 4.18993326764051 7.84418002887658 9.79641987055669 -0.673961128795238 -0.669887797526463 2.01093614686156 0.880360830807045 1.72987607897735 -4.21666180166857 1 5612.47617758221
"1" 1.03612122839266 0.996264567901116 3.83049268586165 4.45259538497339 8.98462954514305 10.2244681201218 4.00040248102309 2.84335235734538 2.57961676371372 1.39775826056159 3.77643621864573 -12.3089271134092 1 3960.67824830802
"1" 2.32120791869763 0.727317574540327 1.42562148495514 3.08230839550879 3.39334945501891 7.85138721837547 4.74105218979448 3.95536765803081 -4.33542477751497 -1.49406150743991 3.47889421614863 -0.310379268944961 1 267.240033115289
"1" 4.71287526724708 4.42754203138006 1.84549909632997 2.16814213747539 3.76591222634727 5.63140528795687 6.47545347502275 6.45739840105601 -2.9786240358453 -4.10341941955204 10.7259985041662 10.1669016478285 1 3346.39238205808
"1" 1.90309903786687 1.80778402080028 3.63532088291536 5.27629140077957 8.73881441306106 12.642284421186 3.30244053019668 1.98880273731778 2.16781301444127 1.43106506575057 4.52945568322019 -11.9529008935197 1 4320.85813390039
"1" 2.61164064536891 2.85235844234784 3.45964743945116 4.1711768778931 7.98341926997959 9.64600584541792 -0.268589758441013 -0.310165725065882 1.99816372038445 1.02223529730654 1.96775745798381 -5.11140032009209 1 5312.47010611382
"1" 2.35084597814106 2.45787651143496 3.38404465245708 3.82423356189749 7.96928246610783 8.86675884974904 0.0352278578444481 -0.195519372689296 2.12568074842686 1.32940431161289 1.91392369551101 -7.0888598425598 1 5264.68208847343
"1" 1.97807146524753 2.28830097488731 0.796900007769539 3.02077666654742 1.57150290162585 5.7994703303694 5.17870699312078 5.02179311638015 -5.12612539281997 -10.6849709159155 10.6726693531107 2.50236839085833 1 -300.221122888965
"1" 3.72066422179155 3.95930617804715 3.63524155835039 4.09083166352458 8.56073049450951 9.66707915799034 -0.479110189492644 -0.409099048514912 2.56994681818035 1.85451185679514 2.37928891563631 -6.1225265636207 1 4410.74726922702
"1" 3.86433492502989 4.09098388087944 3.52659280925323 4.70559486465365 8.40200838026885 11.1819928359573 -0.524618325026707 -0.504305321823079 2.23286539453115 1.29519776442565 2.72776784064049 -4.57379296187751 1 4998.5578236024
"1" 3.59810217479538 3.82827516763006 3.58568240201873 4.18204569873025 8.46697489319546 9.87358570778132 -0.457019399819503 -0.264841166165261 2.53749477668706 1.64200060952747 2.14138740147548 -6.22449843371169 1 3904.77864440973
"1" 3.17287948996491 3.47770125511787 3.60388743588816 4.56113870636104 8.41646309215786 10.6420321241241 -0.258620703182531 -0.244892161498049 2.3555564151322 1.43156197840702 2.30860938026969 -5.37296099099533 1 4729.06081892559
"1" 2.76622560922178 1.49951517992745 0.240005870219551 -0.369539020958605 1.30038456918476 2.13427481855523 5.88905849566705 5.84117284762295 -4.27400158472077 -4.212790834646 3.6649272050066 -9.23994626189603 1 -31168.9355769661
"1" 2.5752811657308 2.40233397766966 3.6034359526735 4.07813597790185 8.3119359953698 9.3853589436065 0.814335230753695 0.303781195191726 1.88911573163975 1.32809176769257 4.48591948769659 -7.38320886698829 1 5359.81005310937
"1" 12.3119319512576 12.0379767545773 2.00204665456537 3.17667484244573 3.96810838346993 8.08226872065045 -0.578288590488633 -0.0815802541860772 -3.61329825522615 -2.15468465043787 3.99626772127918 -8.37489172099744 1 5862.26228810952
"1" 4.54886195937385 4.73595326810982 3.57863776061647 4.34852446370624 8.22212965130117 10.1060926865281 -0.263659114621808 -0.187456217501256 1.98563793911515 0.995956929534239 2.82500473194706 -5.76806473770919 1 5445.09446678919
"1" 3.35303114604642 3.26649380381947 3.84718624708218 4.48973673209422 8.64566431517365 10.080019656294 -0.40855948804737 -0.270458634365005 1.67324176038322 1.26452548624499 2.09803000390528 -5.20181047046349 1 5295.84409241151
"1" 16.5437988736991 16.2813044519839 2.00454187410224 3.28586747752842 3.87118709674204 8.16149330295393 -0.623861309877842 -0.621822189588619 -2.70101996623355 -1.57388018063943 6.98111138982005 -0.156727736989617 1 5904.63146272267
"1" 2.35568366973416 1.74805409816652 2.160236429018 2.96800215731977 5.48447800222975 7.30170276689306 5.29131564639124 4.31872243209612 0.647876531195818 0.177699935819521 2.54029780326261 -4.85900660142093 1 -339.828337137413
"1" 2.81973525314498 3.0815686367051 3.83186898723193 4.58199872460139 8.8857956896358 10.6255364279397 0.914787008828226 0.586711917843615 2.59805704250944 1.39200099486539 3.39742090037213 -5.40491682878644 1 3623.34789652847
"1" 2.1859438522386 2.42002749756141 3.33047039352602 4.1354637849203 7.76432749954217 9.67266293335539 -0.108420465181374 0.00729523667744244 2.27470622169313 1.06877339845438 1.85049357576942 -5.94131046648068 1 5139.84724871611
"1" 0.667180824866171 1.60080313944811 4.47332952863312 3.54583856594672 11.6272758831428 9.21581015409632 3.83391685950175 3.81396473647914 3.0174829894121 2.10694597379738 4.44631263952043 -9.14986557707306 1 1471.01935956208
"1" 2.06307945624881 2.37204658066021 0.0353637530262417 0.00076565065389733 1.78257357322104 0.968897724365563 5.85326643965556 5.98864010428451 -5.54023574070453 -4.88059805962664 4.23014051287254 0.0413963141845431 1 -32606.9915337418
"1" 2.05358505812158 2.83226181370843 3.98371316015341 3.92790862074089 9.56726162071109 9.44519365165787 -0.0331280017066659 -0.389121504193102 2.75024058636171 1.27951852216437 2.46384099758802 -6.37127439099323 1 4442.95879273783
"1" 2.68478064329406 1.19210741194848 0.451073737926124 1.21329137331709 1.31040056192747 5.20720947050278 5.54974107664932 5.45020378742364 -4.24944948063887 -3.61734659922751 4.92214823069369 -2.74849082661982 1 -9967.60505979793
"1" 4.59110434868033 4.34104326666801 3.57379978466994 5.03281561752256 8.01113937297096 11.2787995619175 0.21860537111945 0.264182254186787 1.7601474750215 0.917834818726091 2.17657672054092 -6.29236456714425 1 5429.85817921409
"1" 2.02995106749289 2.45113155302488 3.53406629709398 4.13306123758249 8.4155173034537 9.77326903071097 -0.245992953893786 -0.0911691964305019 2.03894751440887 1.02234031182199 2.95199136910184 -4.86666882021141 1 5282.14476785477
"1" 3.92940100313512 3.99378964814758 3.42605720006215 4.20347041657293 7.94174490357404 9.72300643131333 -0.713139154420353 -0.555698648514465 1.97627716444779 0.944429489853387 1.77855468364464 -6.52182868062991 1 5494.89496012016
"1" 2.19836983783147 2.78222537803035 3.66434072254751 4.00468744295568 8.74938839053035 9.5336890834831 0.276070613298913 0.233587982168985 2.13033989813673 0.851126679759343 2.80042694427522 -4.79557932278324 1 5374.79850822194
"1" 1.69674786861121 2.13280086685125 3.58988238984933 3.92880906137776 8.8145736573067 9.63194488475422 -0.261550712986368 -0.10678368261138 2.71952319992151 1.62266690659513 2.84180820678116 -5.32241542008315 1 3436.43890846029
"1" 3.37149900736989 3.95218718263535 3.62178996075897 3.76632120079978 8.88223366784713 9.23495032076693 -0.43089191681566 -0.535120038149055 2.70428158054679 1.61608606732367 1.92937060119163 -4.99134768148141 1 3824.70866952131
"1" 3.87116410952696 4.27786842205791 3.94098042191411 3.95695553211198 8.87561157759738 8.91143367738969 -0.716074984955164 -0.517576436073607 2.53584142837481 1.71171482163352 1.8639160814007 -7.22215102237662 1 3287.78960029749
"1" 3.13768244482912 2.78927347304845 3.28101917735659 4.81280002377881 7.27637353068865 10.8075348572694 -0.207450914692455 -0.228494558230664 2.06115528210672 1.26312089454216 2.36487736299117 -4.40590997912432 1 5292.10834984912
"1" 13.6292522068612 13.2570733466228 2.02721887667274 3.5193001591922 4.02662096723409 9.02485217059631 -2.13181867920933 -1.13918965007868 -2.41582086673737 -0.865166560604762 1.81313106353246 7.62487346271572 1 5960.4258859643
"1" 2.89859761714514 3.10187856428994 3.34057652024099 3.74665425438291 7.91747828943676 8.97929566651337 -0.0446047855993 -0.285221380978096 2.13876636558292 1.46690842743615 2.19361056240586 -5.38646063728674 1 5190.51498530248
"1" 2.29590458553678 2.50852733887087 3.5241836106028 4.12653309464907 8.16785082332737 9.54113268743063 -0.144990785700724 -0.165345844784944 2.1498117186674 1.29204724838331 2.07850262452816 -5.90050903629828 1 5101.61159605571
"1" 2.35724516645781 2.29023994350185 1.74826983205188 0.018719782061749 3.9487939438167 4.67661090846921 5.19524784510775 5.17876939833108 -0.740047387265251 0.280548367557561 3.40553711438509 -3.80272233079302 1 -7024.00111124318
"1" 5.43276684254541 5.88837245691109 4.10901630885101 4.70903060393056 9.32388039996476 10.6671206632155 -0.436368211622831 -0.586743850704544 2.61789477425048 1.29525474392483 2.93552558999129 -4.76839078352987 1 3938.62986144584
"1" 5.57419710949543 6.12576495873399 4.00901597262284 4.45082308832458 9.23474648556817 10.2350191329844 -0.60481476402083 -0.335719362845671 2.65023220363145 1.37332413783629 2.48523499000028 -6.8841185775607 1 3902.57337985749
"1" 3.714416131255 4.11371636605029 3.56810968629224 4.29898818089306 8.57058218909197 10.3386809000618 -0.810041236819895 -0.609139987763643 2.74590721007092 1.3285928968156 2.43784801590711 -5.05102005712823 1 4074.8741756599
"1" 3.7490150639913 3.68490755648054 3.05911966825799 4.04009602205822 7.5340805100081 9.91424646944582 -0.585237190211187 -0.559733659483082 2.52003625746706 1.82238339936377 1.69028132655195 -3.41365661457682 1 4336.51704233456
"1" 3.5004066581491 4.07623792312668 3.96494095840828 4.3343343434721 9.04466366466578 9.91159696935693 -0.311102246403381 -0.0894266330771669 2.70063765077822 1.45550403032278 2.72116886974736 -9.39511333475348 1 3914.25406608233
"1" 2.2657342428038 2.80722822495662 4.0025622191848 3.2878144888583 9.32477939471433 8.11223409459883 -0.585977644613061 -0.398092585119304 2.14080520387348 0.982749768869799 2.62656150522231 -10.0495163624297 1 5644.95802434243
"1" 3.89272022248684 4.79294670958256 4.05473763726821 4.12867929935126 9.6565293572162 9.82246144902186 -0.750036725240199 -0.547503390789022 2.91604614615102 1.20215400579012 2.17891153465383 -7.41050012347148 1 3770.10925267689
"1" 3.40471541163688 3.688624017325 3.8605116902312 4.26093528144124 8.82692719157616 9.62818011278985 -0.567760322245624 -0.571005782743664 2.3459906050546 1.45462531549445 2.93361351823194 -6.06317014179402 1 4897.0045398247
"1" 2.64230666407352 0.999391820610947 0.664032235363127 0.949604103665904 1.59349423185578 5.4693774988963 5.42051747435279 5.27605957387024 -2.97197613673809 -0.880395055202414 4.61171200003163 -2.44880953493871 1 -10261.4509938378
"1" 2.00375811083026 2.51903295213633 3.57711762899996 4.08350280013351 9.10684879210099 8.71253337220785 4.60567375471902 4.49736768275936 1.01384495541293 -0.050657043927095 4.55502423269629 -7.16799773377494 1 1292.30539586191
"1" 0.4664123824068 1.00220973596742 3.58447530289766 3.86533419809896 8.72634687509099 9.4050433299464 1.89284803228721 1.42724427388062 2.47505099976828 0.948334219371465 3.36233304866953 -6.40506054520555 1 5183.21998097518
"1" 13.440387893162 13.1088430909946 2.27440581768246 3.45016099727288 4.32868458309108 8.76899680633464 -1.01432303606405 -0.990211893425765 -1.2679497362304 -1.05492631365607 5.35257290768442 9.73597393516894 1 5920.7500785513
"1" 2.42396116629425 2.14926051555478 4.09195734346976 3.10213900078996 7.06483506142857 9.0139741558744 5.05320426978895 5.09274192258656 0.0163511492607918 -0.717265897558836 3.97506244970758 -3.53159562540825 1 -1743.46657294597
"1" 2.04424116876361 2.42317314985412 3.64170312345615 4.20107367282657 8.68721992806333 9.99494160382437 0.456358682473409 0.146729677877728 2.65334992501671 1.60200863403508 2.36473902676609 -4.82425559499172 1 3747.02195989309
"1" 2.6409434420282 1.74940359655727 2.73690665963446 2.3320542952378 6.15324905336844 6.77241964009855 4.86172668500352 4.94563850793514 0.094021836058191 -3.63269775591047 5.05510751504662 -3.82689519545359 1 455.59516344039
"1" 4.64394969962972 4.53584720077337 3.1039223898979 4.45553642665584 7.1680020164586 10.2737853027772 -0.513185352401477 -0.395233991408658 2.62916207133144 1.58313818466063 2.23229946114685 -6.04083530591569 1 4457.40360976383
"1" 2.95623480744557 3.31575303969928 3.68055121941781 3.72682799628086 9.00434271740974 9.1156702630753 -0.359116505755243 -0.134933767552151 2.52898907206409 1.77841722356816 2.07028867449509 -5.58991091170716 1 3314.35102504355
"1" 3.19337732307205 3.3607918206227 3.51358628040575 4.37274299202122 8.31550397213796 10.3025478604081 -0.555983478336038 -0.68041336160728 2.51701676927449 1.65965482151591 2.04775105554484 -4.04981278243775 1 4066.22881043704
"1" 2.23570953734948 2.64764220845511 3.79738872574838 4.82370762515329 9.13657653447067 11.5939211614628 1.17987047095541 0.618165641056186 2.07055097945448 0.848347261507298 4.29148705434231 -6.9605107710729 1 5206.92575415825
"1" 2.46305929127583 2.00848755750771 3.25188371595299 3.81459075910651 6.86733724647271 9.63160973156173 4.71679689434572 4.54594228440015 0.686227999742368 -0.160771107106545 4.57441937088473 -6.42719255811074 1 816.816993464265
"1" 3.11724389227592 3.52381395453212 3.91138093946118 4.46131525625127 8.90943256064375 10.2032080543629 1.17964104816641 -0.00608877797492303 1.99363448355064 0.887112983331801 3.1504779791437 -6.13380325595201 1 5328.10544600163
"1" 2.94855885252257 3.11908846446226 3.61537910900695 3.97323880879189 8.13180972637335 8.97428069977369 -0.170645876900584 -0.278354018120963 1.93865102975082 0.944156026219307 2.28748974836364 -4.63746242167956 1 5458.23140578557
"1" 3.28647002653872 3.84744329913416 4.05892432338394 4.23123275513243 9.60107264850337 10.0053342465525 -0.719520642361933 -0.535499792722131 2.6494743103648 1.41161286014777 2.55813173944573 -7.65066697456286 1 3524.49294479613
"1" 1.93419007371482 2.62655240097081 4.56957397681558 3.33092813193752 9.1972909695678 8.55932977579426 4.68506159906234 4.62317554863297 1.44020528879608 -0.883991667507856 4.14659836582757 -7.07720116202503 1 946.659750152801
"1" 1.32805944440587 1.63780844625057 3.84994832394008 4.43236935281906 9.25411511265735 10.7895835134839 3.2541135912326 2.25189565824971 2.29406712230224 0.986210736074583 4.28516686075824 -5.33724255266387 1 4600.74405454347
"1" 2.44929768318527 2.20170514837699 1.04096664444598 -0.543465892848172 2.18347918835566 2.84349544642164 5.65491686816477 5.66155530553287 -1.53397323823921 -2.91251967609682 3.42583453242934 -5.49997402689434 1 -21671.2631268211
"1" 2.42623219781852 2.09578534870151 3.03468917859012 3.03096175753396 5.87902611882433 7.9720633633442 4.89488274613191 4.83686578232979 0.343419579194325 -0.905372959090504 3.39994478102797 -4.15630161884584 1 493.181635381101
"1" 8.88426008166895 8.78812777168203 3.69545315146366 5.03327355198921 8.7091581905045 11.5346859247256 -1.00962425536252 -0.585804932099126 1.98308682431629 1.25567884214085 2.66544135950867 -10.473074735543 1 5391.7263026892
"1" 7.02666042624369 6.72454130480647 2.02886218961453 3.03362194395288 3.90573124840598 7.65764859105288 5.75422975284428 5.75511432896649 -6.71588403177847 -3.49060236338861 9.45588287620224 -9.46035506880741 1 5831.16034635436
"1" 2.86529216999731 1.27411896422839 0.379930345088685 -0.668731017111079 1.59853457924256 2.87067734827437 5.76622547123991 5.75613612382925 -3.62180695689808 -4.54685914103215 5.89747575630524 -3.75847793418326 1 -26498.580946258
"1" 3.70263988534076 3.61998093898766 3.55080006024873 4.56438025339513 8.65131324106742 11.1205788033857 -0.35646270796381 -0.294367143123917 2.41149519493857 1.58857658126122 3.26997521129072 -5.77167512660964 1 3736.23231843184
"1" 3.61177939174189 3.9130792574396 3.51824952922237 3.9532513783262 8.40324046268472 9.54570618488325 -1.63840976866652 -1.05261997538405 2.06509562544524 1.40610047507568 3.58407161459972 -4.4881121387167 1 5304.80067177414
"1" 2.24541271050315 2.56998554775137 3.53537195339438 3.84582905169825 8.52676521014679 9.33683223732842 -0.0649679992442355 0.0982566700216495 2.12462500614786 1.25098940305348 2.58751108894931 -7.01237492488351 1 5162.49143176978
"1" 1.45687662277686 1.66694256172272 4.08265710460442 3.97067988449032 9.46892166277919 9.22501690764354 2.10940264174827 1.29355471731801 2.39345290216818 2.11217900355066 2.38603112610368 -5.59954270213778 1 3606.4285673041
"1" 1.97064216625014 2.78872183810774 4.27598576572509 3.90131755322177 10.1233133675494 9.2257133749565 0.208858075062003 0.681935106093867 2.70112541905027 1.61231781979166 2.3611599795919 -9.95577338283433 1 3748.76300602924
"1" 4.54907993612758 4.38927673733669 3.21207325004562 4.543357320754 7.64956617363036 10.7613020789874 -0.454154371916737 -0.461528718119925 2.21287898882591 1.34668175934809 2.40699935425548 -5.49612666523902 1 5246.38858754278
"1" 2.71883163195752 1.2740303003082 2.74654276331627 2.73807321208099 5.36426765742438 8.22089698188332 4.98691712592323 5.07675845371099 -0.0820083563889553 -0.943888662174767 3.36839663579791 -4.28718177659325 1 146.588140259002
"1" 1.97700675444854 2.19881851778378 3.694475341961 4.08000682729449 8.63181334729943 9.60611051534922 1.00448328785504 0.685842064827732 2.18551476959777 1.21794694823359 3.43962417618862 -6.61620373727923 1 5181.40647131103
"1" 1.21027240541588 2.68660170557058 4.93161144715716 2.48478987501511 9.14465373167151 7.53152352867061 4.9052862339596 4.82296036297685 1.69500895233312 -1.66173184582002 8.38456226442709 -10.8627846776174 1 591.968485711375
"1" 3.10656504937965 3.41226147156366 3.59348342897148 4.10611607338753 8.31582498464608 9.48492315626914 -0.434090623116583 -0.51415948935428 2.58829769139897 1.6682241766328 1.68499973761755 -4.16167523421425 1 3847.53016815275
"1" 3.64098372336439 4.38359612748072 3.96994479962061 3.87805438008979 9.29875583899098 9.06529644985532 -0.648705582418674 -0.527094709117393 2.75246292163131 1.5390482120403 1.92827282856572 -6.85435489439688 1 3832.17602588958
"1" 5.11497070544976 5.8320846012402 3.95400881911849 4.27826864232899 9.45921783495864 10.2041692495848 -1.08139868317006 -0.903433740871707 2.77651384313712 1.29539477762056 1.99970255396475 -5.08379284886691 1 4017.0259817496
"1" 2.27048004267273 2.3721270903658 3.47720079793723 2.96073933295837 6.88482631609642 8.09361009137719 4.84533959676805 4.81010869179357 0.917795223917117 -1.40606809329672 4.62603663367088 -4.62677241439133 1 585.367859088234
"1" 1.83535922829111 2.20627484869754 3.84861785072696 4.69047427627354 8.99745977646228 10.9747595396086 2.42274771906603 1.53331757671679 2.36592146706035 1.01453573432084 3.92037047801328 -5.71106860374699 1 4884.85421053923
"1" 5.3255882450979 5.79228084205952 3.78579555151949 4.63131859708576 8.91400627454097 10.8888595321123 0.113603011825552 -0.376663445707375 2.42798010542973 1.12433832906063 2.15806739125811 -6.42636547612063 1 4954.89963112949
"1" 5.15818956435387 5.00999705466701 3.7234560670968 5.09740118708232 8.77089775262979 11.9858282536505 -0.180778803723731 0.351757416044873 2.1490291084734 1.71662548172497 3.64752211059765 -7.48842129354255 1 4465.4856422028
"1" 3.1490680604039 3.42019959828969 3.82428675208034 4.09629000598205 8.81384430581119 9.43990186422257 -0.203798126419649 0.119726854392567 2.48478029212692 1.72599880405019 2.45301261123645 -7.02620069457428 1 3536.38634087349
"1" 2.54870024976429 2.53672081588054 3.23635585480234 4.26061212836647 7.76120610481739 10.231016047492 -0.13965078822347 0.0655046216023938 2.01802401360078 0.864151456629746 2.34069850981366 -4.76264097573129 1 5364.18327297698
"1" 2.57123281483208 2.10277108986779 2.39184178687578 2.53828767355448 3.89125283471396 7.29684083892824 4.92015183126829 4.92985616030552 -2.08131484684023 -1.06953268191742 5.28305411488134 -2.14187812807927 1 711.789636562462
