"1" -1.54362653905168 -0.41940158554902 0.474994278476256 0.219322777377733 2.94617520469256 3.70732068735247 -0.592210530683578 -2.39927300932064 0.0137181487020717 2.67358723802939 -0.0851816253751429 0.524694579523155 0.36764383721265 0.247592683373383 0.803378318398908 0.30416335406276 1 2057.64239692584
"1" -1.3815493797338 -1.0077905457333 0.036521757066398 0.0731323394177623 2.9963654951206 3.39008349258358 -1.58081236603832 -1.95445854134228 0.656926781393621 0.597593342793194 0.283420731941511 0.471747150645823 0.18202184876728 0.572651036902537 1.24755615910153 -2.33335701372209e-05 1 2190.32478301714
"1" -0.917448362974695 -1.48849100343145 0.383568478222587 1.17354338841744 2.14480273140112 3.75432821460995 -0.432341824467367 -1.07104725286683 3.28033140143188 -0.419971322850574 -0.265824007657167 -1.52617217050821 0.192969600974535 -0.0790462750354857 0.302779397946567 -0.0605006777562124 1 1288.17386596317
"1" -1.92072042997597 -0.870025853440446 -0.187424019200705 0.235559399681263 3.59695660831405 3.54107815578439 -0.621569768972106 -2.22879681697772 0.102364941298056 3.01894529560346 -0.031426128597784 0.487488856590934 0.148929148700284 0.585300534146987 0.71020912154818 -0.0375471375456071 1 1746.42418527609
"1" -0.392846808233389 -1.0942787547977 0.139592306298168 1.03492444235956 3.26517160089886 3.95617838851516 -1.40336633147271 -1.38854215578506 2.57360175460377 -0.652523879976433 0.261634707313085 -0.540378822013885 -0.306780823086846 0.329780246092891 0.671019437617448 -0.0299114074381022 1 2121.47088482826
"1" -0.652679124363317 -1.18960404343564 0.282267873854982 0.969953703578016 2.98067959316389 3.52011267951545 -1.15707868836465 -1.46533516172787 3.01065718477476 -1.06407482548073 0.057196164200163 -1.2780913400513 0.450549625876606 0.0860747132430881 0.125280556514205 -0.182506109442729 1 1733.51278570316
"1" -0.260296489099066 -1.15251694959227 0.297795626933435 1.19380273623045 3.01777205682257 3.93615388444336 -1.5937266420955 -1.60110627492563 2.80052451367271 -0.903207718700772 -0.182441777768316 -0.550536832634161 0.263805620559289 0.283575106603067 0.604916649255358 0.342486453421772 1 1880.46656001385
"1" -0.284750160273746 -1.15775580044537 0.279518015439342 1.04634875348896 2.80949013542647 3.99305065278037 -1.21535254732602 -1.34918863260236 2.78952617724005 -0.438651616699621 0.0359235165963607 -0.738072869999893 0.272903585153413 0.312302627211121 0.714958082561695 0.0315012321807292 1 1893.0267231235
"1" -0.437607100230958 -1.43012659187503 0.331756621022982 0.73572227548526 2.95059078641133 3.45149431865745 -1.28919167241096 -1.44609024571917 2.76741690513253 -0.466697621689815 0.114274769155207 -0.889972138646474 0.282575084580955 0.285321348657252 0.811878785700864 -0.0128992545645593 1 1632.3584298713
"1" -0.867234053574917 -0.840852174691478 0.125262836999206 -0.331184332084459 3.34094616036638 4.24881177278279 -1.8330705339014 -1.83530709878453 1.63905337537765 1.93890665948866 0.323220645090286 0.378158676711507 0.0808805529042758 0.529930355151581 1.6346870061038 0.14447092640235 1 1984.16364890609
"1" -0.809672317151818 -0.977733903720338 0.393561011449221 0.594080000863204 2.37731303752996 2.62128506590833 -1.56986457164506 -1.99200566323724 3.21083886461486 -0.707503370803728 -0.131713513429603 -1.35249563581835 -0.116357168487917 0.44508555293597 1.50925144792227 0.280286965497801 1 1686.90209317833
"1" -0.563651022740317 -0.95592458116189 0.196130099451753 0.125918382527454 3.30190984681197 3.26268483553838 -2.1260730346711 -1.81714613418223 2.91174472352958 0.569613617212841 0.252099536814073 -0.543613924915611 0.28251388987024 0.0781022734995376 1.8491723281555 -0.207247992625987 1 1742.5181966769
"1" -0.560529602194026 -1.33530267405947 0.339351288163526 0.825292883538779 3.03048389817322 3.47809546774926 -1.54241640821962 -1.67734892466387 2.88552193993864 -0.544543658808098 -0.370327253251789 -0.833270196082686 0.01049521871256 0.280739711497045 1.11518670812021 -0.0513403938822361 1 1647.30249084306
"1" -1.13516560739142 -1.21763771314676 -0.0559386239888716 0.571445493776224 3.30485748328825 3.28978202011729 -1.58764965976717 -2.07948791310154 1.77522031770032 -0.478091235250424 -0.318535526993615 -0.222720429375882 -0.896263471392619 0.264647388177475 1.10121646084454 -0.0472550754059193 1 1917.29200346431
"1" -1.10381853122364 -1.27676595080515 -0.031045393464233 0.490471734451036 3.44328738501528 3.33524195326242 -1.54596882254781 -1.87329193238492 1.8554953773244 -0.15459575087947 0.325342529829708 -0.208240886107481 -0.214441372022777 -0.0855715680466109 1.27321055491835 -0.0941347943902742 1 2035.19736212164
"1" -0.917096495562547 -1.02407575805303 0.229678391051924 1.2353794234935 2.60479770412042 3.66398286009485 -0.855325601397771 -1.59420554970438 3.28230709468912 -0.682582419075176 -0.0958558547538108 -1.35373286733935 0.208306320870357 -0.262750117220471 0.620544394650197 -0.106111109973138 1 1692.11422671732
"1" -0.709997342722169 -1.2193806234733 0.35362667965341 1.01742750337608 2.5773082966626 3.79282428456918 -1.62983849300304 -1.60920193968357 3.08521243247692 -0.769689702499613 -0.192765203196627 -0.985560159516447 -0.00898949883204316 0.345065699508573 0.951217056987531 -0.107378450306011 1 1618.67408116519
"1" -0.455952324238452 -0.4235541447832 0.189880320190806 0.256149978654321 3.62505938708468 3.81676536003729 -1.95612247509742 -2.27338539298568 2.87001606000873 2.9904250587528 0.0734061185676461 -0.341753934572037 0.187046687465122 0.0838667473399728 1.27903076195936 -0.44555241457395 1 891.234602081589
"1" -0.907208215294315 -1.09960682224679 0.114624504735609 0.305234837438834 3.18688129260003 3.64920701854314 -1.50612254262975 -1.64078424343721 1.79394836402386 0.639467053308109 0.392077631394427 -0.159882996456961 0.253379562435595 0.492756966185417 0.977640300976628 -0.183532799194141 1 2129.2138565702
"1" -0.732023262251504 -1.01539760939093 0.391622123520446 0.958201804337199 2.94995631558538 3.38568828487277 -1.98668676076502 -2.05788080942139 3.11940337281572 -0.247295279146708 0.216255732716735 -0.623490589603708 0.610209939951661 0.347580489175471 1.27636918222279 0.0957067737517146 1 1834.93283790004
"1" -0.682814626831295 -1.24579259038518 0.352625715612193 0.754055609311421 2.83883885054037 3.70602080488221 -1.65750400155647 -1.45451367972387 3.03509160542353 -0.269151854336536 -0.265119379311222 -0.887169467830425 0.12590263255092 0.456154089324628 1.05055878954295 -0.223614375975578 1 1639.4264239045
"1" -1.19605971779863 -0.728152565108729 0.254076314631079 0.364462591868368 3.12662799015924 2.76970977726258 -1.25073681723444 -2.33348077278423 0.0649600466017186 3.12836978745955 0.385628228738329 0.552821155858493 0.646072742850784 0.36823096828032 -0.323121915678604 -0.334092810588357 1 1690.30100133728
"1" -0.961258134417959 -1.25001448450721 0.253597255097067 1.13965476780739 3.37068204738443 3.8290990680294 -1.7381645399072 -1.63922971331405 3.18546515392883 -0.702776574164701 -0.0562428995692188 -1.09692668462067 0.0583846186312405 0.657374966009198 0.560772241121068 0.394299227369567 1 1649.43170228645
"1" -0.762263386372193 -1.09322299990165 0.110717503040855 0.933875280127618 3.678442839782 3.91478409903372 -1.60259635123435 -1.49493782127514 2.99249063971001 -0.163658335371889 0.0182607223145085 -0.615453527206307 0.244194052590026 0.497979642972194 1.10345090752079 -0.139775478150218 1 1810.40409026221
"1" -1.8358252823465 -1.45309443758612 0.770060223102376 1.17262074263879 3.52378258044845 3.83713410626416 -1.58233919347647 -1.73634700976626 -0.158865490014235 -0.954185891410749 0.346275576114176 0.934016476792717 -0.534107037081731 0.470193639038176 0.765139658296959 -0.301063153087011 1 2219.24276005503
"1" -0.846590442557139 -1.14679170519211 0.292385078125365 0.848631020595945 3.62452928044454 3.78991378277121 -2.06664952429726 -1.71164483049281 2.94283673926761 -0.252203754463962 0.384999129201674 0.189190506686426 0.413975709878587 0.167157891090708 1.18238722127092 -0.0101710178658653 1 1921.81765926533
"1" -0.635939586998688 -0.824464141102972 -0.143315204836293 -0.248128336987529 3.82906385351522 3.97728161801038 -1.56747788014186 -2.28749315980452 2.81174061698151 2.03801079371499 0.136514512790376 -0.413534085443549 0.514803940614597 0.373851519504571 1.08359715447122 -0.283431008640752 1 1615.59667148264
"1" -0.850315524906314 -0.672586557565071 0.331486437491892 1.54377673421436 3.28079339314922 3.69413211540957 -2.72770578634256 -1.73912821271564 3.26256102234634 -0.665734626078006 0.335724476014271 0.417322963848194 0.577253301044431 0.738396702732016 1.13122580403381 1.30823329437002 1 1960.7427348502
"1" -0.446680836674019 -1.2561738419059 0.237153573904328 0.854599269289011 3.37065456352925 3.66071330482266 -1.57962810477815 -1.45353469469439 2.89498196502982 -0.424938884505632 0.447024175527343 -0.461093270348135 -0.298809886644891 -0.0138172703821481 0.870725092793333 0.0226874127848893 1 1936.00791361898
"1" -0.643868736574134 -1.06930880917862 0.383551953991846 1.07588830829333 2.69721646651147 3.60175845711131 -1.7428876343614 -1.82818766679284 3.03851617505084 -0.900908397873623 0.201105347973461 -0.932826125676875 0.299751749774486 0.240221629779305 1.02599267780665 0.102848190780217 1 1826.58880132803
"1" -0.71541412086479 -1.20920734029672 0.352728238022999 0.843382331244885 3.12890034600608 3.28242017561799 -2.89673396336913 -2.07544066430117 3.04767618181862 -0.808831423163646 0.168885405282264 -0.524602939501764 0.687137858661087 -0.0322292251079377 1.01012741988713 -0.0476236093256938 1 1835.86081029694
"1" -0.330253658543427 -1.46367963862398 0.124714110189164 1.25828931934368 3.06114925683372 4.09468942019409 -1.13656214724731 -1.30702425486546 2.86850079443469 -0.50348703110024 -0.197158771033078 -1.00258078042485 0.298077514598091 0.423281901952784 0.623231496775575 0.389176567690143 1 1700.17383931828
"1" -0.594063061519438 -1.34919669525836 0.170856219454634 0.892300839515052 3.28703831407783 3.81570994088908 -1.45714145309603 -1.76923239780276 2.94265901513135 -0.811417367875344 -0.0368915115811566 -0.697299103806968 0.0701512201766009 0.372991081140305 0.546310713029486 -0.109489885920496 1 1779.68934190385
"1" -1.39863524280616 -1.39293168341271 0.0692948393054951 1.0569686379391 3.28341932225442 3.72849426889977 -1.34792500503505 -1.7754727711208 1.07122942420391 -0.586756148871266 -0.0389717642397597 0.131542853176535 -0.514494658808967 0.514268375627047 0.928312542390724 -0.173142620899283 1 2127.86260399421
"1" -1.25935031387466 -1.35838864983571 0.0842990969036044 0.740766518399543 2.76250180586933 3.5785169857597 -1.47950470207884 -1.51942497682542 0.958618179750938 -0.106843879217153 0.179267999511743 0.379325364879953 -0.141610436867835 0.558694717058991 1.19682595711837 -0.0424757198216046 1 2220.43172515052
"1" -1.83298171294617 -0.415583148539229 0.582121443462471 0.473335551492385 3.0115720661713 2.7187728164565 -0.630058243009387 -2.6364454287727 -0.663435094406576 2.83301924808618 -0.305846417272629 0.600339377312311 0.118901523653345 0.110925649232138 -0.0337163416757566 -0.0556948208855756 1 1815.32642081343
"1" -0.554582228995361 -0.948739090752108 0.281374245131791 0.239594935243005 3.04134668464026 3.72952843165815 -1.37980817113569 -1.85310671960932 2.9712509311322 0.5567656966914 -0.0762389938870406 -1.11041539621074 0.12046780105554 0.0548232305426306 1.62164837606026 -0.306776694606361 1 1672.3661794755
"1" -1.43958043041251 -0.519317454448192 0.241479329493425 0.0760658216698492 3.0425320638986 3.99615994421208 -1.50404181401794 -2.36952615338893 0.607099651383667 2.72973551213658 0.205617638365332 0.386011953138519 -0.116515656431787 0.244795348844999 1.03971920720636 -0.39452223303136 1 1969.35634717503
"1" -0.523943349513398 -0.254666158538667 0.125506858466697 0.182578003357731 2.95843171302223 3.42381335510705 -1.30204150522184 -2.08426132789009 2.64797474041745 2.44957574979818 0.0112514535129575 -0.791076328625197 0.204561531296996 0.253841804795968 1.12416105979598 -0.330753326657368 1 1292.24496770696
"1" -0.410712446084507 -1.01043857583052 -0.0152670571890915 1.53330217487097 3.77756745722753 3.26362851753956 -1.26633981221474 -1.74914273137551 2.69747958519404 0.077999444686347 -0.117022375456042 -0.574439579159252 0.33614735328327 0.330365826105422 1.33206070135777 0.191441981873249 1 1818.08936415218
"1" -0.71675750861245 -1.16870518756934 0.68941255091645 0.93935394756184 1.3068859808313 3.1561363830606 -1.62927194614127 -2.42788382256826 3.33598342367927 -1.65515525816087 -0.300671486319365 -0.628319376702542 0.212701340430313 0.346068510982606 0.899203508365542 0.107444966004231 1 1760.90110851114
"1" -0.798335641865539 -0.885277410028437 0.183453784142512 1.29414992124685 3.41482784062605 3.59514188140793 -1.62622958834656 -1.51612099425476 3.05962247988497 -0.325954498537959 0.0973559335962816 -0.903702350882423 0.0821608970150606 0.684696182226966 1.13464419039004 0.38572449433032 1 1659.3199240801
"1" -1.23453549457554 -1.07124272459608 0.0783836576459153 0.437473679198305 2.81572178935353 3.54220098823358 -1.05215846344543 -1.53844696888839 0.821069236825775 0.0913769471946617 0.316582056486148 0.202135793748972 -0.422409173960592 0.267479761444265 0.926316012733341 -0.0864229490218298 1 2390.54002099132
"1" -0.743865598217979 -1.016345065554 0.536469996674521 0.727529907433777 1.85256909498964 3.63392676195386 -0.929767543101096 -1.4349496714244 3.33404186626592 -0.438874921543321 -0.220313578611798 -1.34781533648456 0.0723848200671744 -0.0380052902309438 0.551957603274463 -0.323957237099378 1 1624.40839062063
"1" -2.29040734838169 -1.40924009269785 0.819580372335273 0.732996270050509 3.68133452151084 3.63051616454553 -0.293998933898474 -1.93613122145728 -1.14820286456954 -0.11745495896232 -0.388029101119758 0.376268561745238 0.238030573983108 0.118765004516114 1.00582078605104 0.038085767177612 1 2111.23292031718
"1" -0.566011429709215 -0.73415757745822 0.203149817203816 1.10012138528432 2.55247179863849 3.549561797743 0.639303665297777 -2.12911247146416 3.10019682359637 -1.07684084650548 -0.0281973196810274 -1.60762343490909 0.146422424681699 -0.344233743030556 0.894859932707781 -0.302558104493656 1 1461.95613812366
"1" -0.778665536643117 -1.17763855905668 0.130925626227335 0.929595271569114 3.3463610480981 3.71139024992912 -1.72898487172273 -1.7682544675052 3.05793437033038 -0.502445575298843 0.332647401846722 -0.679926026504675 0.468726017654763 0.11650122407084 1.10486728712164 -0.0413182229798319 1 1820.43098543774
"1" -0.560764074493611 -1.10740686190101 0.172628810664792 0.726878317939027 3.60813045713497 3.49786762406885 -1.86710379699535 -1.74401907413593 2.80453774099275 -0.306527760006129 0.111787877534603 0.234371602350994 -0.239357448207363 0.720334017254052 1.41585644450252 0.259351816558517 1 2027.41477210862
"1" -0.426334996707161 -1.28375957127601 0.16357628616798 1.20372769784132 2.9641924425921 3.77978191250152 -1.03910052586912 -1.48132724472165 2.80542828556207 -0.603900415742683 0.0171246459418273 -0.977587458517122 0.00336059035407271 0.504917030696366 0.238661645060877 -0.0961673371175071 1 1715.26878684467
"1" -1.37145196355079 -0.425198900884375 0.424456421292206 0.628164921837686 3.01669150315725 1.54772214135672 -1.04485352783007 -1.98793774414673 -0.00512594733446855 2.98649037618237 0.129253630062068 0.538457284507145 0.355434365720844 0.27078143138231 -0.695563863506499 -0.390903344942592 1 1814.84436018889
"1" -1.82080829921428 -1.29025393050933 0.546345416676523 0.680113672732202 3.2087366840311 4.02620362792484 -0.747062765493958 -1.2251931529483 -0.527275497667233 0.440233264077033 -0.0302265237404872 0.488005433396447 -0.411668414420517 0.490497137164865 1.29053270665702 -0.0518987799695149 1 2346.02625839273
"1" -0.797293247692233 -1.1785358144505 0.377979749155282 1.10884925134915 3.03327030649913 3.13428053823971 -1.67395347916262 -2.18113466020978 3.06891344443817 -1.56437513629114 0.00815521851635536 -0.0434941166089259 0.634920383294323 0.245418909748492 0.989062843701254 0.16940021252219 1 1951.07546079055
"1" -0.622450641920118 -0.930632007213661 0.109085327764619 1.11937385140397 3.97722995853122 3.1902292469668 -2.13965133221444 -2.33099033936737 2.85568056362278 -1.82185728961781 0.921391832894322 1.1624787304268 1.65297901308317 1.25671789078712 0.884539867410294 0.851429129244166 1 2245.31762752344
"1" -1.02272361450743 -1.0770288441341 0.258576141275531 0.94584087965624 3.18536018166819 3.51078691089382 -1.87949581886981 -2.10961617257643 3.25179670660813 -0.996174548067985 0.231370800465908 -0.705717781270437 0.791082080147935 0.285400813293963 0.883571704872211 0.161667649163777 1 1745.80145436459
"1" -0.809962915724757 -1.15574176534796 0.281681916177141 1.31061251526884 2.87497374478978 3.6072174588382 -2.00681653285552 -2.10434354756509 3.12962565391651 -0.926522911922709 0.16127821062562 -0.425270496901064 0.173139949957268 0.0212217853754814 0.38164351071805 0.575623898930382 1 1865.3157070759
"1" -0.648384964034114 -1.2938735146324 0.197879409034592 1.01759912928922 3.58738050696497 3.97723835777091 -1.59373852426533 -1.39946877013855 2.82947394542322 -0.0605920191518462 0.0632557016021247 -0.332838288316987 0.560880619409298 0.60927425094466 1.20392896666924 0.233820540419604 1 1804.07873871065
"1" -1.0862785262615 -0.838919351293108 0.237425462285751 0.294731809328121 3.485802595286 3.67908630593242 -2.40832819697556 -2.07378678784724 3.35551033637684 1.0458876387426 -0.164945379102385 -0.643219997952845 0.0455621274150142 -0.058155355096167 2.10017871232934 -0.28516486782464 1 1715.13782355771
"1" -0.477757825973977 -1.16121483683426 0.135103814560327 0.777348102353802 3.34094529534491 3.43348604951338 -1.27795336469062 -1.38627810116526 2.80510027032752 0.0883285546303484 0.0297661577696924 -1.15105282279805 0.00472296766442608 0.368466340517137 0.909555728796231 -0.0326605552998104 1 1724.99499636103
"1" -0.93778013719754 -1.28291399194268 0.0483730754454059 1.04718624120229 3.55034496120395 3.23214384573857 -1.48372929225326 -1.83913981178175 3.14282099347046 -1.05586433777609 0.178145876190435 -0.666956060199665 0.654075765676029 0.116685673880387 0.875641211857504 0.0129359048590593 1 1739.48544022269
"1" -0.663164186356179 -1.20564513186889 0.287837797792593 0.961876405356765 2.27989069486553 3.5884608106148 -0.302877012521032 -1.39878279299853 3.1769200512796 -0.412343589560008 0.0480125149860906 -1.49537698696995 0.150686728372002 0.111934847624654 0.372683747966782 -0.159657262263618 1 1519.75700024279
"1" -0.774604960718315 -0.847701256574803 0.490464195764692 0.981026621338802 2.16492034462845 3.46484805004183 -1.63673225067292 -1.61207304039461 3.25747890161917 -0.609099010025936 0.144089306073044 -0.79426826498357 0.552441953245692 0.278170962004664 0.402597310704802 -0.491639470721776 1 1692.25044481708
"1" -0.717728951415395 -1.50167839597832 -0.0377506741974254 1.03188118315937 4.0176427372848 3.49950641792756 -1.27679675063203 -1.81448953113557 2.86088553435877 -0.766688454154689 -0.0274687167550665 -0.754405464811907 0.065308852191579 0.119769412864534 0.846754934509029 -0.260902862610642 1 1570.80682070903
"1" -1.29196461407852 -1.23231054731683 0.0908693661481504 1.06522823822708 4.19923294313574 3.31000012950277 -2.40118597673688 -2.4164237372436 3.36129715393965 -1.3577093170335 -0.0242991834194925 0.971684835225603 0.953007460583663 -0.541748528978312 0.760976805242038 0.292026492300579 1 1977.59414647463
"1" -2.62328182905111 -1.6001835834845 0.676095173627931 0.838148915105896 3.63874863576759 3.64818119020563 0.650405193184101 -1.81818302965688 -0.353479698118005 -0.114789346649415 -0.382520846180756 0.743221752306327 -0.56501911409573 0.478838742411245 0.896464190202333 0.272008215721433 1 2087.69273391037
"1" -2.60321507758648 -1.52805361529824 0.438620346212531 1.16540827028429 3.21441962682811 3.80028563002735 0.46981143772935 -1.78606143133619 -0.652190659583016 -0.584009874517152 -0.795534709274794 0.550200674198679 0.000672264119916584 0.168452159648345 0.662293777000938 0.164190172227976 1 2109.78969134584
"1" -0.428998529182915 -1.11364865050132 0.235932795181485 1.06421571463721 3.01375360871467 3.55895883928308 -1.05204693103454 -1.45050042472881 2.84086826979321 -0.843005615734315 -0.14773806959776 -0.954100054282082 0.291435219081106 0.359699769303591 0.667051733504276 0.110953731273231 1 1893.59050389684
"1" -0.475271330298193 -1.10724749680687 0.335243167024979 0.723545366185655 2.79793591609943 3.2569732209238 -1.49596141972103 -1.4577088637209 2.94752347211374 -0.319054856041436 0.212285108963925 -0.661273128505363 -0.0568467914184106 0.514222428992069 0.690922858067516 -0.010493109218302 1 1810.55882736587
"1" -1.39174282468622 -0.808489062590228 -0.000419703811150107 0.0647554242383177 3.50370656060799 3.80534352693154 -1.41127794285997 -2.15370896048316 1.04914663806021 1.6557416097704 -0.373936547118711 0.177981050689028 -0.125970458654957 0.334261355361535 1.56283440950982 0.0605502712358948 1 2033.45274383487
"1" -0.837886675371708 -1.1760971259183 0.393364283533033 1.22749383350461 2.88465795159939 3.67541843029967 -1.80264554280472 -2.16329569607406 3.18470879290847 -1.31782059250032 0.0268119676017517 -0.53953736825057 0.543511932652556 0.243508340654351 0.176541762662641 0.0324835295492105 1 1764.76331632202
"1" -1.4044830454949 -0.845698490874843 0.510093439701779 0.367525520776709 3.21455549494536 2.59838031584081 -0.690829743801913 -2.1428080602895 -0.0457787139514749 3.25115337439344 -0.261745431305267 0.681119624352391 0.213751037707159 0.032876046229753 -0.499932173215978 -0.0710300898534593 1 1674.96093406315
"1" -1.68710942039353 -0.410103281259016 1.0798239441435 -0.0283713078512936 3.47965902942295 3.81831051316734 -0.865842149973256 -2.31881730589932 -1.25658135652832 2.64177809620555 0.00480767002958903 0.344138914971969 0.728983655639064 0.115379182091388 -1.00815092377279 0.103861296685423 1 1836.83608025877
"1" -0.686002645707359 -0.446564534871236 0.295813604099355 0.261005554462308 4.17028546771309 4.20795445215306 -1.91863419049054 -2.2513525498378 2.93944797978847 2.71764400771127 0.279709514468385 0.516418247015104 0.316716552220945 -0.0844658547499079 1.17140448534049 -0.430728184104668 1 1438.22850375632
"1" -1.68196710050844 -1.27759061100761 0.853480271628239 0.956111249513316 3.57663623848001 3.54150802215062 -1.0652014135319 -1.50026859396894 -0.83241425251208 -0.260719066733423 0.481555280533173 0.391454284953082 -0.292460054700557 0.217991605514735 0.847431354852498 0.215540030295168 1 2438.71657183601
"1" -0.79261194151713 -1.03008287678131 0.192843090076613 0.742121796056249 3.26077055501819 3.01791457496692 -3.01459503967685 -2.16596335599015 3.04088917532373 -0.550263848547292 0.335578798829557 0.342839503696481 0.274461025150861 0.523699820214246 1.38425188399779 0.172711895679435 1 1925.51249636316
"1" -1.89442173728624 -0.645062885094246 0.53727243929738 0.180023904810135 3.33898654275335 3.61281334184838 -0.122640870927391 -2.28243746830117 -0.602618780596793 2.81225753632132 -0.577255365851587 0.674329167615066 0.704824195416443 0.158715619418151 -0.665199743712603 -0.233316714421259 1 1857.26676851362
"1" -0.73831421223724 -1.35354095021512 0.0438465130826607 0.819063025519394 2.84048518550396 3.40128975365287 -1.24544557272335 -1.34213010003196 1.79282406728025 -0.240876182320809 0.0438049384259703 -0.602586719763748 0.429360520945421 0.549717065104136 0.380561172506084 0.578065931354305 1 2117.19904941654
"1" -0.68060613449237 -1.10893917094746 0.263480906088556 0.229494633531757 2.9441530245571 3.23236330096084 -2.3132684683827 -1.8059790572936 2.96720169139682 0.275092288316032 0.339558661937674 -0.123945166774683 0.101384175533359 0.286826236641244 1.72595830760981 0.220873043251332 1 2016.04885451006
"1" -1.40967825069643 -0.747277836150239 0.564439113829362 0.305307956121458 3.28484194157092 3.1599065317001 -1.24897677439972 -2.28972683791395 -0.368248518557057 3.03364210461629 0.272439646651049 0.693834264740713 0.101387611005384 0.383345959098975 0.0273636929265305 -0.0419351477077602 1 1835.76640348728
"1" -0.294405005182692 -1.15841896852285 0.284261875992901 0.695441223674927 2.99124200916174 3.43366538273186 -0.805963756840737 -1.58931475997838 2.74745113374827 -0.072106016164452 0.0883044067291045 -0.661875776699998 -0.309401743036128 0.436645906893731 1.01359844685958 0.194133603545013 1 1792.03580764488
"1" -0.537032809457479 -1.0748124317249 0.181223736189555 1.4900717755953 3.34563607262374 3.98179379851339 -1.74960879636892 -1.97087401668602 2.8652030979931 -0.812938369522687 -0.0830464297423587 -0.967397947307114 0.0191077454877286 0.322645908145102 0.366551566344538 0.0794867456364027 1 1859.13130135882
"1" -0.707738096008255 -1.35922222506979 0.131664277618002 0.971176757549633 3.48280898611521 3.80588946092183 -1.6466135060326 -1.70091078200836 2.92803751082177 -0.248564091011152 0.478552937856458 -0.301528939131093 0.434474682451776 0.36873526770544 1.10399370433372 0.904196902464082 1 1725.05883950173
"1" -1.58273671133561 -1.14626768679587 0.270664537914693 0.618073559759528 2.81295881750247 3.46425766121703 -0.912402728477046 -1.65433312341906 -0.114459085985923 -0.0812048103765079 0.220405317271764 0.156842275426346 -0.673749614219088 0.233830651198365 0.785631663236824 -0.0317356586987583 1 2384.72450247161
"1" -0.72921192241258 -1.45025266658049 0.23739836726529 1.46108773352125 3.20125185077558 4.01019093581779 -1.84952932133701 -1.34287989235401 2.91667783176341 -0.710410382184019 0.0272974606962838 -0.451921854096757 0.961031204247404 0.137427082515553 0.719367963354615 0.0406033263887356 1 1655.47185018951
"1" -0.322760337642505 -1.23402333728751 0.272435291503746 0.884580419703344 3.01188175254152 3.42508374022496 -1.54428394581996 -1.56730520811805 2.73847395417075 -0.375309548372819 0.317070334607246 -0.827023797093135 0.304990442985896 0.535211330793371 0.531009868034971 0.098602411050969 1 1683.96091907125
"1" -0.759020023053533 -1.22936796706549 0.162166818971092 0.599385266610793 3.61862737207638 3.09242359998266 -2.70921565567842 -2.24167913608531 2.93382304324248 -0.62536504155604 -0.188158495883971 0.523162816026375 -0.0962805642763838 -0.0490048468393326 1.35445125996309 0.101332844809247 1 1876.28609165815
"1" -1.55027048428425 -0.683029097292935 0.545612541760925 0.416495539166188 2.94566434040373 2.81709772710544 -0.669235314246238 -2.43498352911829 -0.531112088989196 3.09296368668428 0.0281288172786225 0.406123796040649 0.199700056094695 0.400237654209773 -0.961469279040481 -0.206119518667355 1 1825.10579059274
"1" -1.26872810276565 -0.361949571547641 0.549902508483554 0.217251627539825 3.07659927375069 3.61747935726528 -0.812932309872642 -2.27987143795891 0.0703234221732588 2.69062432751229 0.33916640612135 0.37517704200663 0.913353057346594 0.0424122985255617 0.303278479845351 0.362371078403098 1 1992.44149010092
"1" -0.437286525647254 -1.13681802937116 0.190103598907525 1.24915139758099 3.09781177325804 3.8725539251311 -1.25805611405264 -1.85651314005675 2.77420304281968 -0.816776243406167 0.260976963639979 -0.906834214874244 0.792898464551514 -0.0751125204690673 0.408858634166769 0.0411904981296883 1 1818.40039734108
"1" -0.807739405010938 -1.45934768127162 0.0454582242774914 0.741519520307339 3.31823157593106 3.668612010003 -1.65333910721163 -1.88992262002803 2.3258915348508 -0.655981623525541 -0.335192726553318 -0.571656266216546 0.379039849105909 0.232091836639418 0.765919276148811 0.273477311408364 1 1704.95531943097
"1" -1.0471385708196 -0.0229486345139427 0.348167076512048 -0.219565657749695 3.69015959518581 4.32905931005122 -1.42531413035088 -2.18676174410856 0.675377389969827 2.67412198974448 -0.315647714151264 0.887919642079461 -0.52931289118906 -0.0148534749453457 2.03234296719005 -0.116450241850548 1 2073.45370817666
"1" -0.779780127246093 -0.975382854499816 0.328826425084998 1.26986242314335 2.80290523410757 3.75040715582348 -1.51637278941409 -1.5389284693159 3.16801003533215 -0.629847708988989 -0.0505649228448595 -0.804858271065875 0.706871210027623 0.0326607277293631 0.355841293745233 0.116222075385042 1 1745.52579136736
"1" -0.411754819122398 -0.848774521781074 0.269544172686555 0.346599191422452 2.69614850233758 3.268445804157 -1.18291571975597 -1.50276310663945 2.91315233473707 0.300253097382634 0.111072130625595 -1.04129252197697 0.457779685201669 0.314679761568243 1.09412210374788 -0.0352220045036901 1 1685.65585446703
"1" -0.755407893204236 -1.14436421236853 0.259534417095815 0.820075434652614 3.40544602985468 3.66521041033178 -2.49244823339984 -1.55947134670201 2.98733583946557 -0.30219753617729 0.60193272888842 1.03745230768783 0.237685292807528 1.13806096464644 1.63109821657372 0.604355898307546 1 1970.37505988658
"1" -0.809015561987102 -1.21001870441853 0.345231145509107 1.15141344688988 2.61937862413795 3.46360957553219 -2.14088078974434 -2.17713637086181 3.18291722740313 -1.48467193208043 -0.0993617240096933 -0.784761647604905 0.173206699740216 -0.0739894152729299 0.778768173263357 0.0568381827826548 1 1622.85882074565
"1" -1.48013291444567 -0.734189407341677 0.826377132061752 0.308738467769084 3.33342368215542 3.36561692258092 -1.63461452085475 -2.78913427399231 -0.246566549397541 2.96238547169487 0.287259754669853 0.94578588112396 0.19906847564798 0.515758938841315 1.37613131228239 0.344793891129332 1 1875.45939059984
