"1" -1.33294064123485 -0.381026541303626 0.400211396541512 0.00523918691719098 3.04442199971434 3.80032872530087 -1.50764557685576 -2.40338112303403 -0.069554483798935 2.61463176694584 -0.070059453733186 0.601910989454296 0.414279109613434 0.352450612879528 0.725979175451511 0.31912342178406 1 948.735391642802
"1" -2.09940503822805 -1.37375150996651 1.10202367848112 1.09326434359998 3.06119301484985 3.75712762976808 -0.629364632531897 -2.21154329068982 -1.29188269187942 -1.70275479013489 0.396753199296192 0.167278672059425 -0.847279629023229 -0.535409247350945 0.421492873164639 -0.458928994081442 1 1110.15592073522
"1" -1.03686218016269 -1.20084512246033 -0.00687147597596006 1.50046136712045 3.10793116189387 3.84962624792345 -1.55148921156291 -1.93910674156022 1.48219242614732 -0.779872219089146 0.203905650258584 -0.200390865676433 0.81983368625353 0.0902069293057658 0.136197067932126 0.667151144298029 1 1096.64770169721
"1" -0.78824519307161 -1.34502733674016 0.0312339254777617 0.914591215782997 4.02084615245837 3.36016033405922 -2.22260207183909 -2.78525546311087 2.89012044926358 -1.0482365881213 -0.934606646984446 0.658495763566327 -0.357000385400206 -0.0669105270349146 0.421024877784511 -0.183300142271452 1 950.524894831708
"1" -2.12610939668223 -0.620014178614406 0.50710527940776 0.0725595588319913 3.1286159349931 4.11369231822055 -0.287022265528407 -1.93009642697247 -0.404016723271861 2.62527671886174 -0.0693394629213875 0.775848387933985 0.140903622650985 -0.412568187465698 1.49024085218578 -0.102979867876595 1 894.141261689485
"1" 0.00359401433641497 -0.809764509530472 0.36783081106658 0.130564116405334 2.11172051723742 3.10776101802667 0.234538051049103 -1.32353410752694 2.9215766844365 0.531263362211643 -0.664408246603406 -1.66008086189104 0.84697978013106 1.05558900122872 -0.129901203746432 -0.463956726664807 1 718.680575382741
"1" -1.14913905058773 -0.639873123898249 -0.0721217523762979 0.0842752841267577 3.58709641951213 3.39892340468946 -1.35933678566316 -1.96060391485363 1.28547369398036 2.92202607017098 0.2879413678273 0.0926790946368699 0.394141057309342 -0.377416512042331 -0.534590468404923 -0.359817605940947 1 750.295947084514
"1" -0.927557105381788 -1.19380377102 0.54106572767777 1.16853878539492 2.25427885157508 3.90083120184514 -2.05426387900163 -2.33894378245704 3.30705709511255 -0.86386970167594 -0.678544405015015 -1.00439167821955 0.0854123249134161 -0.0328818822267861 0.337353244951976 -0.133078062169679 1 820.84533895469
"1" -1.98804538610142 -0.650196644271085 0.605580950532651 0.00583743294272454 3.30944634935234 3.99195424439444 -0.599402841072019 -2.69802834943035 -0.176894244410382 2.70130179788087 -0.632443107540456 0.845874892768227 -0.340939509759576 0.093901086550644 1.16130668536483 -0.0201399599034371 1 918.273403635212
"1" -0.328291137798068 -1.0908385706082 0.0383920865364828 0.980501636563766 3.52438248824255 3.47880705510751 -1.45763821407263 -1.41308934026112 2.70975600079665 -0.238801717000864 0.312496512540069 -0.209393702854474 0.747114567216548 0.698147759497178 0.707923310984576 0.690356089875248 1 1042.60146876087
"1" -1.75049212175037 -0.450073206436657 0.227874478150721 0.0701810698423704 3.5642829415446 3.83551409917888 -0.0442394299535971 -2.90479917356777 -0.409281121055136 2.66911672075722 -0.563102459498028 0.922805052126959 -0.108193878747818 0.102238907266524 0.72497550099049 -0.0204127224428429 1 1003.09994781833
"1" -0.923879375560166 -1.42467189493466 -0.199902214068433 0.864883928755597 4.49114816437327 3.88439008456921 -1.85903365537487 -2.52169442723591 2.93281286940305 -0.952308451814341 -0.290921806403375 0.201555124059878 -0.0779412233904308 -0.36016714451479 1.08396557138581 0.297604706967802 1 884.527791131915
"1" -0.508514846251892 -1.08331654787284 0.100347355931592 1.02135725818444 3.42828210863279 3.74630833265317 -1.6351678353914 -1.39309090560248 2.78706614595926 -0.638803632418845 0.203932665927113 -0.337316935217987 0.606503972070363 0.788943117574516 0.702638989529788 -0.0504125339475155 1 992.067980914975
"1" -1.90143398131105 -1.58244900131803 0.667300194223121 1.18477892794489 3.14905282325369 3.5711749635681 -0.661643260242803 -1.18532800786549 -0.350367147813117 -0.456368352286431 -0.363161175047354 0.617747175003377 0.367234652485291 0.657447880992126 0.124449503835889 0.627147681520314 1 1117.25666978336
"1" -1.30204715734511 -0.171862051358609 0.12633715871794 0.172204038757526 3.22697571695412 3.28096581210707 -0.549674791631361 -1.85660236571468 0.030901419414092 2.6505579795653 0.0939081347343338 0.540452137615236 0.385787091272304 0.0540194280503231 -0.427831390228619 -0.340543767219035 1 1041.71861090838
"1" -0.471192529435793 -1.21871524725686 0.180934808392493 0.691461162721412 2.97999396473049 3.33618543821844 -1.6404223703304 -1.918113994321 2.8344707617367 -0.0815090470763136 0.29766240267289 -0.806315610365469 -0.160413592942644 0.259931223474683 1.31293833421872 0.455031816642624 1 846.470984844904
"1" -2.20925092801284 -1.29337480885679 0.733953214731128 1.1029392529094 3.23322272392037 3.68968889427734 -0.384945924975648 -1.87481773590432 -0.679904327043575 -1.13705347386038 -0.414551536847263 0.581932550025945 0.0527576765307824 0.576494647254099 0.457424282242835 0.133783410272965 1 1150.55771062623
"1" -0.745116306354455 -1.39158873733107 -0.0148824949763148 1.31690204769283 3.95707291913945 3.41641075501291 -2.07026766146414 -2.48955877401168 2.82970073365396 -1.1784916644436 -0.203901599038456 0.343878173519576 0.989759062589773 0.52391759679265 -0.0424336509099356 1.10583567994496 1 909.754972026834
"1" -0.617281919414117 -1.0074680266443 0.54070716081013 1.51942702713646 1.881073461499 4.1191883392281 -0.792236954723924 -1.08832870958258 3.16128425888216 -0.408420026844473 -0.015044212291424 -1.75431589165898 0.400237157962911 0.125591593795324 -0.426870281375759 -0.688800404114654 1 817.330818045464
"1" -0.356641658999248 -1.34139920788931 0.068290699543602 1.00020466273264 3.35186902486201 3.82841265784569 -1.71328431230706 -1.68235435663512 2.64825825552743 -0.626417801385358 0.241733741623401 -0.524525631005484 -0.692832231482832 0.144122047193351 0.647116127137877 0.217638074206772 1 978.975197387905
"1" -0.795195496184832 -1.25369315684295 -0.156078281530097 1.13696135313653 4.5456500751909 3.40995344305266 -1.72151052324613 -2.32309195147487 2.83353491054127 -1.19246039676893 0.208723196955766 1.25165442944077 1.81998223988353 0.522202427542569 0.419014149367061 1.39407931474181 1 1013.15275070172
"1" -0.597539347315435 -0.972701251025929 0.149252845460526 0.546162156239243 3.07292417231357 3.06489246801278 -1.77177511339604 -2.09961285453396 2.99363114438155 -0.625987119016462 -0.163018845169249 -1.04875048567911 -0.0848970763619659 0.0949770379598123 1.08482731734042 -0.133594628589023 1 910.020765563711
"1" -1.11408910905507 -1.21993023103449 0.164975066521625 1.23575545213549 2.68631728536628 3.55942508539456 -1.24187042402073 -1.80442982767636 1.63920178010329 -0.621356781539683 0.366924338125977 -0.536699559105714 -0.0451801674261737 0.627007336531024 0.310299674316752 -0.0843307209745813 1 1012.69409078421
"1" -0.556337573849935 -0.7888032369533 0.0867575399802724 0.397978862560534 3.18061466760582 3.55082127891722 -1.95466387295532 -1.91544239304759 2.18483727154297 0.963449189950485 0.0603705684856485 -0.478718128501095 0.301529632691673 0.313206814336026 1.78647603580808 -0.00981917275923187 1 1025.10510357387
"1" -0.550933309203773 -1.05416668468478 0.107024837290577 1.00188456314217 3.19278156151111 3.57071242131174 -1.84366824731264 -2.3918858612618 2.94289995894285 -1.12420081878307 0.0738549544136764 -0.747837718600431 0.143565764355743 0.194689750971687 0.692147008852841 0.165296082607475 1 908.214670990223
"1" -0.777434217469103 -1.29738690400376 -0.00503041014578256 0.942417134086845 3.45611296840951 3.4797724248196 -1.75056415565462 -1.87470755886098 2.99120208737658 -0.657593531511559 -0.081315537901826 -1.0394212391316 -0.530023326376439 0.0117711198097808 0.827527145143873 0.422195515416805 1 790.441609183554
"1" -0.0554790312693251 -0.526864822929756 0.545130375384108 0.726776317357072 1.91273136887249 3.28211950259574 -1.33857052150383 -1.52429289612007 2.87153544996287 -0.259594457209418 0.381053004752083 -1.19483983540454 0.456912920099448 0.204009583122633 0.442869281182192 -0.25318365044304 1 1070.59613666995
"1" -0.697887335033252 -1.3376133307569 -0.0119485902463234 1.16279119824715 3.53180267660523 3.71005826975737 -1.15430463864699 -1.38978292268564 2.95068301863549 -0.464014182809805 0.0327501288947446 -1.3251679305295 0.120210580413931 0.446321288638417 0.923431141622019 0.343243010272031 1 802.778583279071
"1" -0.028553714532423 -0.887221975145054 0.100674856725993 1.24495356812894 3.11237466419028 3.90366314312823 -1.46582980069684 -1.57771620087026 2.62532169994911 -0.64394773767646 0.299580572608087 -0.804363577814124 0.152228095197673 0.305133454266089 0.22312197983228 0.223974818914539 1 1134.56308904623
"1" -1.56209454219047 -0.440482664341697 0.197390332417457 0.152397435070488 2.93863134093526 3.54445717854581 -0.813098158163919 -2.72872542475176 -0.581478799553347 2.69718591258007 -0.251826365954138 0.556975933885968 0.167647001956084 0.0783519005616276 0.863098301863376 -0.139274441353878 1 960.763084337423
"1" -1.87137254488089 -0.489265872715585 0.640350106313778 0.139653545886575 3.24251452795778 3.56268401920757 0.001876448321052 -2.33934743067649 -1.16481980936873 2.66651052500284 -0.395080763936055 0.151230180431017 0.179320082201266 0.524895718528501 0.44568277557243 0.123494831142874 1 997.248422298571
"1" -0.279622262250912 -0.579695423980192 0.124024154883893 0.822941147985638 3.39814010399721 2.95075758902786 -2.08199735115639 -2.09052178900661 2.5153423643929 -0.791041907882765 0.885313613842744 0.186333921079257 0.568507231395489 1.11188177442266 1.68231258059564 1.09510960492135 1 1186.85399156007
"1" -1.46545029527499 -0.309349596823784 0.403863109440866 0.062448711571005 2.66864946302084 3.8277024944141 -1.00807092225827 -1.85899282401489 -0.229430282054161 2.59000762782709 0.0748003987210718 0.392162513293254 0.554621708776986 0.534256844394129 0.0293336130198332 0.470030852323867 1 954.990173642214
"1" -6.7962779553149 -1.27085392401404 -0.207809785762665 1.16969233122335 2.65010870895047 3.74399002950142 4.76874938276071 -1.95837503246899 -1.09202963356341 -0.907577974078286 -1.08921739381293 1.49575456875123 -0.124529519623396 -0.538650092554555 0.796924577411501 0.174745823630562 1 1082.66185975152
"1" -0.17788413850005 -1.06236400582486 0.217450642851975 0.723910045336181 2.83666859888629 3.33530382096396 -1.86338934880585 -1.95244505928572 2.61745492662714 -0.748582101930168 0.45182120562071 -0.710448800230465 0.361678016547044 0.250392107350271 0.777043744566902 0.58056024441733 1 975.957993079724
"1" -0.415600160833531 -1.21817855528697 0.0381913223202265 0.595313447202348 3.7698749859258 3.5318298214515 -2.2075306797551 -1.71879279989052 2.63079603024856 0.393729949867936 0.264695026212579 0.48941103106844 0.678924626136721 0.576922181542766 1.20946414076023 1.32633897096145 1 1055.56791300685
"1" -12.0830443355947 -1.44920715504325 0.0938442490406557 1.15508837528759 3.45646436553995 3.55457206078257 8.31348616929792 -2.39657478732197 -0.341941647699198 -0.812843236780646 -0.706719899270986 2.21096117736965 0.0999207988891812 -0.64584289349605 0.442366860112479 0.294625861608869 1 1022.59434908388
"1" -0.694596162875785 -1.25524249641103 -0.0320651696658689 1.04006180872471 3.80999535754215 3.83170709411712 -1.905361200198 -2.1178587010187 2.53998525725395 -1.02354705741318 0.21258663976191 0.128470945193156 -1.03897222338363 0.313927255654575 0.464315345895685 -0.072124867714881 1 1033.72943776132
"1" -0.895919245143027 -1.30295068203756 0.119852727218932 1.19860498505072 2.99747952842716 4.24701169081691 -1.8871228324097 -1.63093898178043 1.994534014859 -0.994969482233282 0.05963184720957 -0.123723932475217 -0.0377546245470887 0.79545438163598 0.414963144748021 -0.426101608824842 1 946.462961137377
"1" -0.714604444571255 -1.20890414391556 0.0838353092983281 1.19562319287659 3.71077706159481 3.22429822265724 -2.16771387106055 -2.04531918841942 3.01042902791761 -1.25076810307899 -0.193208584663602 0.131126408315902 0.851007685060737 0.401155126551087 -0.0748911922093365 0.535718398164877 1 964.457774816261
"1" -2.38459938392686 -0.219032967028557 0.590627346508996 0.127188490704201 2.74838152743591 3.58522330902524 0.205596074035145 -2.27161659618699 -1.13081126210784 2.47926120899146 -0.528595410747658 0.766583780762046 -0.615693064888304 0.353045485061075 1.59038226161497 0.188419711519696 1 1048.14850143743
"1" -1.74939859803459 -0.0836841501349969 0.583380845108792 0.0795904342284259 2.9054432552927 3.45348876508467 -0.254249831521791 -2.23147697816703 -0.511126098673955 2.46283750531283 -0.350232388714149 0.611663218264782 0.0542008879710504 0.184106410783655 0.157668613750783 0.117101249547275 1 975.062551999552
"1" -0.717611825743874 -1.16158750226675 0.300687189632531 0.671005894315017 2.93844346016733 3.20473965901576 -2.7316627691552 -2.31806407141461 3.07070698469686 -1.24474020344546 0.462034567423355 -0.725136650647711 0.586648545127653 0.296029144648105 0.550448779132141 -0.458888065824112 1 889.635212200448
"1" -0.506103095475281 -1.17300618194542 -0.0132251202914332 0.884352227455077 3.09536242739196 3.32799605495931 -1.75205384319987 -2.01945042440801 2.90473369260098 -0.82008786106421 0.418494047079194 -0.57058519849751 0.000840773072067202 0.236160681566109 0.723647831404261 -0.150654309183075 1 920.406837172846
"1" -0.712742652407923 -1.29459638383976 0.0841343422728617 1.06794344642299 3.6225322926145 3.51479154168411 -1.89154424313438 -1.78198852318379 2.92742853372612 -0.65077952835381 0.534676066985403 0.11422858181495 0.368658635518111 0.790844585743668 1.0452859383092 0.0992690475694182 1 961.485278458555
"1" -1.74707276444702 -0.849728208547525 0.655881795130429 -0.132284000935361 3.41368061492132 4.36449411025586 -1.20999919471791 -2.18780502803665 -0.621180491264547 2.89348097482134 0.177505968234133 0.580985887460498 0.0792662676694321 0.242216221489197 0.842570186472918 0.0325920928148238 1 873.506324428285
"1" -0.426691833414286 -0.472750610808907 -0.0556807319841982 0.0346643523547795 3.73048010394537 3.36358478960688 -2.0273236011618 -2.07134445363825 2.42753762276114 2.73283605693471 -0.159496845067214 -0.627486531180484 -0.065419915154532 0.229979760630945 1.01188106384897 -0.400760300235321 1 696.957738313418
"1" -0.47146849027331 -1.28669266420354 0.0655498698061864 1.04192356206905 3.1142655740134 3.53598499703411 -1.34474985613968 -1.65619369228983 2.71206954169133 -0.706191008804449 0.307192480685061 -0.830201415139487 0.178918569198687 0.514384175095969 0.555907347816121 0.396411477592883 1 877.143663524233
"1" -0.982176197779898 -1.22597218065154 -0.0377588980867808 0.792823842465683 3.02758470643981 3.51846065548464 -1.45072728560214 -1.88364268082764 1.28940809442275 -0.771168694429565 0.433701003949981 -0.362746063304879 0.264752987942759 0.847868154160843 0.545782832455956 0.111022005878721 1 1103.77968983056
"1" -1.10386069424768 -0.505331802521116 -0.124660949503959 0.175393113419603 2.88789369923384 3.51788784163427 -0.25573364270082 -2.78111125655473 0.788275002402613 2.86315730267195 0.347054766063653 -0.139836379786807 1.41793165439717 -0.0524119259197914 0.440163573544327 -0.521622883178063 1 936.016666156514
"1" -0.432559965349665 -1.3403173646822 -0.00812358161966199 0.829989142115467 3.06905475903143 3.40398096947896 -1.57946832265211 -1.25268180507542 2.29522337004176 -0.208204455139181 0.18620341053792 -0.598467479375753 -0.521838995094902 0.35506189281971 0.568698903301109 0.0812838209200054 1 992.792386299041
"1" -0.493859182874951 -1.11565765197752 0.0489177943690181 0.60711527057346 3.56092474522452 3.41505204580347 -1.28134419549042 -1.99687190017586 2.86806130948087 -0.148837587208581 -0.158174808195229 -0.473646780295806 0.129556690356703 -0.082479480610114 1.29749131370598 -0.0774240911472039 1 983.198809514726
"1" -2.15129051595328 -1.41661381114984 0.990279081331524 0.787526291440272 3.62423345246317 3.61257584728381 -0.347018670319744 -1.72783583058071 -0.768919016754961 -0.807359271583645 -0.208798177683384 0.747669725648078 -0.0128659107387541 0.543160761747215 0.558314692523641 -0.0517522487492963 1 1110.41818484213
"1" -3.22257480932176 -1.52915249596763 0.440714106193737 0.565228786953472 2.97750891514953 3.46380419856307 1.23991289165661 -1.61085460957126 -0.287097447631756 -0.130812880418201 -0.587800413338914 0.840723667610005 0.0666341787661869 0.253699503910359 0.349121235413597 0.270382621405933 1 977.640689214781
"1" -2.29903398271139 -1.27564781879006 0.0774854420454787 1.33262942220166 2.58942981853728 3.86415342778522 0.257296123435246 -2.17261545187472 -0.251526589445699 -0.884234803373352 -0.81760867213528 0.287105606085155 0.193832220557901 0.0688907607683177 0.661889633945457 0.202600368311859 1 1144.04646207297
"1" -1.59976089812371 -0.469189125182986 0.306001602659928 -0.180985325497513 2.91002443680472 4.33169936917572 -1.43750725102085 -2.29928283743791 -0.151668649220766 2.61504241684341 0.185408420013764 0.345346000561526 0.282900162482371 -0.0683974274335651 -0.769507634897376 0.162123663067465 1 944.167599746643
"1" -1.44049462973603 -0.568447281726835 0.574612029043848 0.0132452522007455 3.13175550633855 4.14395312555827 -1.54566337092484 -1.72409531386182 -0.348519800519538 2.6669287974515 0.259125746998657 0.517633990172952 0.895873840404761 0.786530562713478 1.18016858704317 0.885662845572993 1 980.54371013685
"1" -1.8632631315831 -0.471120988966826 0.896401085344516 -0.0341774980605823 3.4837420909488 3.82425378604969 -0.341838027863983 -2.4038749422635 -0.899658187493337 2.58205377478669 0.137580869580741 0.536116583687505 -0.71911874299811 0.268534710994702 -0.00480102913407457 -0.0439445372811766 1 1056.18349579186
"1" -1.39640595937423 -1.43308903537796 -0.0978548675665485 1.37097055377415 2.83560001524085 4.16312357876808 -1.4936468601055 -1.36002740088214 1.35982908744597 -0.175615441796842 -0.238315891633192 -0.337128027355242 0.382041630790624 0.436677468068687 0.946142042271988 0.568853000038035 1 1069.11737481258
"1" -2.37473723596813 -1.42496712111384 0.696010888826304 1.14104872601665 3.27414525071712 3.47299697793161 0.190648330662188 -2.20364696734435 -0.998111193760133 -1.01076187614678 -0.800982692493362 0.678809231630295 -0.0840642190683211 0.139759479300041 0.56295803079866 0.082482819076841 1 1119.32555817929
"1" -1.77093747116718 -1.36186998853215 0.48483095459046 0.639652450105335 2.6524580302107 3.76329381183959 -1.09041992269844 -1.68648720799151 -0.262369543423273 0.1256458490141 0.0269350390036635 0.380105280739374 -0.836963915539751 0.268373484718116 0.881465449044904 -0.129331999040167 1 1103.2014994667
"1" -0.716907921812357 -1.48285660772725 0.0738243240491765 1.21077187810061 3.15424185036748 3.97784871435763 -1.34201377031735 -1.63279202672868 2.97186901553048 -0.839646537438352 -0.29482694436447 -1.2429775795597 0.21525343432473 0.15283908854279 0.137413125111387 0.100731762735459 1 682.248620388989
"1" -1.67755808799468 -0.402946341212216 -0.227561027821796 0.207617379526168 3.31133290197146 3.3331411599813 -0.682128785896039 -2.8328775756318 0.219396093016709 2.73203162927157 -0.0571792503454829 0.549664312797675 0.593496041051823 -0.0988820700093119 0.459998378874348 -0.36444795560534 1 963.298667009394
"1" -0.511759208408551 -1.19534059871476 0.125548793674778 0.708202277794687 3.14338801630178 3.40413356394794 -1.09448542874589 -1.41793231604643 2.87261839860213 -0.690982234261071 -0.152912184435056 -0.841622950655198 -0.169484716880134 0.49135190255617 0.379821805472306 -0.365735867093095 1 898.856410472616
"1" -1.88572443406964 -1.46594508010622 0.631868073405282 1.52937578226142 2.92089047540899 4.09471097165613 -0.590899758265002 -1.63530393346515 -0.169038161073042 -0.609006891330719 -0.310665447155309 0.719571944549897 0.784858561183895 0.0699512140824209 0.129629144405645 -0.00254336424132548 1 1155.69421360605
"1" -0.574680872679376 -1.35199012197278 0.114072526005047 1.0541334206782 3.50174850047289 3.44199287955926 -2.48064031064575 -2.11486488675644 2.65308630925267 -0.985826351187797 0.515029186853036 0.54033063063994 -0.212384305219894 0.481525879011275 0.509361179605363 -0.632737998331983 1 1013.09863108189
"1" -0.864345190609237 -0.869983415717044 0.0614353720199323 -0.130918480518155 3.03106674375202 3.77470248778898 -1.59767804355063 -2.4421624066886 3.16214033605862 2.21703516107135 -0.0871184060319966 -1.40841964121076 0.0477774129616912 0.543260441458004 -0.32622098640476 -0.371096227432336 1 670.91951889874
"1" -0.463446533271659 -1.74811441481222 0.051426933963349 1.57287785110823 3.30724796748572 4.26923637290676 -1.35073001232781 -1.08190387629344 2.76899513029677 -0.825011439217598 -0.173601329405161 -0.873789204937361 -0.0163128219051846 0.199159585859177 0.161550237973173 0.181980875122587 1 755.127366816609
"1" -0.308563376798613 -0.664217593439941 0.293077855664679 -0.175431595798125 2.55842697906318 3.22490015042762 -0.963458911780663 -1.81435740815118 2.83620468638204 0.666294329626222 -0.321241615228218 -1.21143074994642 -0.0109303573701112 0.338969903388351 0.919966921145451 -0.298738097289973 1 818.974609050674
"1" -1.56441004279411 -0.520964941674648 1.12668314033707 0.0279720303866125 3.34797957068909 4.44303104128425 -0.87052892070825 -1.88934182753966 -0.977602619458813 2.59221054211705 0.0842914344223611 0.308615936110672 0.511340526860033 0.389953219585145 1.29993777328252 0.86384452267948 1 1017.38111134418
"1" -2.39484130810163 -0.534504692801628 0.906264375886101 0.055625802899996 3.46537903606362 4.49175155418928 -0.099447409816291 -1.98757127212088 -0.998856860436894 2.61197970401635 -0.136971679403021 0.571185871614762 -0.396409962746441 0.761953721972779 1.14186949768929 0.19292744838901 1 888.669153975976
"1" -1.92131763674644 -1.46339053966802 0.788983046670073 0.463476848007683 3.14192014322433 3.53602804741167 -1.10126764585472 -1.63653392017279 -0.744737814388547 0.25194263195799 -0.0389775330499917 0.542469703234357 0.656470002886661 0.293477050731445 0.786017199816031 0.122404289515195 1 1039.35570696175
"1" -0.932122787096155 -0.621856947169035 0.0168699677321621 0.0677123473564762 3.93481036186209 3.90453119018422 -2.45685912004618 -2.43734753222564 3.32145464874965 3.10007188015056 0.0092444394364041 0.0771498824734171 0.391974409767258 0.351574630761174 0.653984621469531 -0.487447617815562 1 502.069186174509
"1" -1.57886672988235 -0.137607230534077 0.656174055050306 0.141017031161621 3.18558039123598 3.74771828023731 -0.3614548621205 -2.18055921193574 -0.68091335033101 2.41964171680743 0.00438660496050932 0.495064557904331 0.74402233649195 0.512446118689453 0.91299158990504 0.651971378293482 1 1088.09961564502
"1" -0.682335357235775 -0.135733250135399 -0.0592076769749494 -0.0704641977288341 3.43283916283043 3.98983517739634 -0.912744859719204 -2.47441786486237 2.66442960307367 2.52537422664691 -0.210646531163562 -0.810548040371604 -0.517872800565898 -0.00218995833554816 1.20043484205311 -0.123041746186628 1 818.074629289518
"1" -1.98451327376457 -1.2532840530755 1.07948194268217 0.658752152343693 3.51864183191053 3.39068627931706 -0.560462586382201 -1.77549135247491 -1.00871209456693 -0.154070635854816 -0.00933034917441996 0.0309224386522276 0.734191145050122 0.544070403310484 0.790842255944679 0.874236042167249 1 1154.07762357633
"1" -0.533512689068724 -1.2534314198681 0.0235097503682177 1.20257689674119 3.32008921179695 3.36208678622025 -2.50948656945483 -1.92910326622147 2.81598873509408 -2.04408837198624 -0.656315495570023 -1.03559901721338 0.272781043074143 0.0847655448508351 -0.312271310907175 0.16673532449545 1 912.271616009592
"1" -1.87442510625565 -1.44884886924571 0.798028872602725 1.59033369350496 3.03455677248338 4.15978467590092 -0.998347036857106 -1.97550328155394 -0.519466118133991 -0.894748547606726 -0.0393976409978063 0.731327740425013 -0.0960876184780307 0.354202886838343 0.0622118001498153 0.772305405578075 1 1132.08036101825
"1" -1.67287182225787 -0.117236653930807 1.04562131406395 0.0718048988750606 3.21789960802084 3.2824567786054 -0.37225426863648 -1.15884612641974 -0.83097828197976 2.53417036543694 -0.136417614365924 0.0255797508308455 0.103495501493575 0.175391973578267 -0.746062357926609 0.168922035784907 1 1008.08711397971
"1" -1.34850006613701 -1.19587328691614 -0.106975823521493 0.543045170616301 3.10762968580512 3.53390838944637 -1.34067439992174 -1.61521846830702 0.831194634970951 -0.359378007086702 0.0757477273354542 -0.00866914425487044 -0.642036130214484 0.293524052065584 0.911723514442782 -0.0642809295479078 1 1108.94397916994
"1" -0.321324900931008 -0.294435066754666 0.0282546339232855 0.00283068051827769 3.276073192013 3.71853905368759 -1.23032810477548 -1.86923121049966 2.99170862202166 2.87394805564091 -0.11709473894974 -0.659640308744244 0.125768337846893 0.462340504412862 0.233810322530265 -0.280728253814366 1 465.913534703615
"1" -1.84787543282704 -1.70966400053652 0.240144592020233 0.91004368100647 2.92668131410529 3.84883382598939 -0.934745626410047 -1.18536795089336 -0.0836598705072632 -0.127539239808821 0.171815789034394 0.239837530003153 -0.817944982185997 0.134544443740187 0.65518735231642 0.137192579376933 1 997.839147658402
"1" -2.09660176057726 -1.41770034546348 0.693501201173241 0.929985710570844 3.1895926127626 3.42876402163231 -0.539574665637006 -1.98330659841169 -0.609546060928662 -0.507820509914253 -0.429111521608531 0.830997284313217 0.325454394181907 -0.133399677799294 0.785351282672895 0.0546730125510537 1 1101.55553540994
"1" -0.482264194894818 -1.23000915167107 0.110561135853581 1.41165350808653 2.77912083896546 3.84174059762906 -0.624307158500312 -1.47970388444555 2.85600379068785 -0.788892821001447 -0.17252734581045 -1.23086898416435 0.335506237480166 0.281866706862789 -0.0105513394202803 0.230333980077687 1 828.246997016811
"1" -2.29764355067722 -1.40312902253355 0.623745631587586 0.830032083480479 3.65071246570434 3.59619113565256 0.1258804208646 -1.88194525057379 -1.47663572035793 -0.430045393431803 -0.556415289182371 0.873247366841347 -0.495718531092957 -0.00438442319482735 0.63639080380833 0.310688108967106 1 1120.74804634252
"1" -0.621893287823635 -1.02823960307422 0.101446629090848 1.37860105333785 2.95117592589845 3.63697012169443 -1.08959278865039 -1.59198904168856 3.03265904628298 -1.04080880238387 0.152248293627668 -1.23572518002135 0.462959392361514 -0.172063287650617 -0.134689515712182 0.112948024304305 1 987.084187832314
"1" -1.53667186743387 -0.328810626235397 0.0385810749185886 0.168323018164163 3.06218850742612 3.70235314424726 -0.969083317447855 -2.08655723179516 0.946655411079732 2.64871732477037 -0.612558032135024 -0.285961163028463 0.133376714045798 0.204518286433587 0.600797599068781 -0.0793447029565488 1 895.213214860159
"1" -1.36566300611431 -0.924064093584668 0.383365788903475 0.10898071808381 3.17468009376596 4.00211294424113 -1.35299110103377 -2.17580888685712 0.465278474447608 2.93974813716034 0.170734894286239 0.688602898031371 -0.245572118542254 0.614013367228095 0.218558256239399 -0.226599596950489 1 892.288524794145
"1" -0.510051723845001 -1.09454372428657 0.152929752496546 1.0930575004949 2.75931762443133 3.6133611992672 -0.996778426267237 -1.72217658579902 2.93291095133357 -0.965556524068208 -0.151697955976108 -1.23772180486201 -0.0681643823352702 0.177306556650025 0.250542482493737 0.0485815956977684 1 832.73499599241
"1" -1.22908972382132 -1.42335962572228 0.0644952217960877 0.948788390593666 3.0826706359876 2.68027970037358 -0.269084464626931 -0.678218598658076 3.40917626570798 -1.02423415987132 -0.219864866580143 -1.71663021538337 0.455831474968486 0.426679904525509 -0.563387284543104 -0.321856991030806 1 692.953934012552
"1" -1.63987348233979 -0.860011423613803 0.650256088998953 0.112602681468925 3.2361659697249 4.00464911232618 -1.30250555978135 -2.32714497209461 -0.525039065873697 2.95331338169394 0.272203841283442 0.556293997114047 -0.403251655775005 0.0354175190124601 0.11499138483253 0.19675870300718 1 860.584591047198
"1" -0.82440075939556 -1.35168624405176 0.0422719338034169 1.19597067254964 3.53796763870022 3.72667455905928 -1.4389442726054 -1.69228349504271 2.98458638084398 -0.978974374444338 -0.60530723033375 -0.759401504690628 0.12777106237248 0.160837774263086 -0.32029709654202 0.17795283684758 1 808.100360242479
"1" -2.03836356512078 -1.53001338130167 0.339570412297801 0.772231317178823 3.0300413357293 3.53540664613449 -0.786663960248006 -1.18444709794903 -0.182790815902912 -0.0616886252134862 -0.253571042398363 0.321237579034662 0.512816554414327 0.203494809424528 0.929163747883382 0.308623556672605 1 1025.65527720919
"1" -0.835176381287319 -1.13933053553477 -0.185225938345366 1.59586095039863 2.16423757968744 3.67273594527738 2.8860274982758 -0.873800332454546 3.22069805269347 -0.476673484875259 0.299140744630368 -1.53533271517693 0.357448374515787 0.032580231806998 -0.221724412285992 -0.285103359167021 1 523.165722829415
"1" -1.20159538603072 -0.841030484672741 0.0962483933338947 0.943737082539078 3.31976958589886 3.13312906789016 -2.18354323619096 -2.15400303066359 3.50426917189329 -1.21600389761715 -0.401621119871503 -0.730930075513083 0.26142555789749 0.327082231906787 0.675329874500395 0.225398697341398 1 890.8334290318
"1" -0.828067571450319 -1.38434071232734 0.0143091000200462 1.13380056361625 3.89132994909213 3.89148092094579 -1.52851438683603 -1.7877753808643 2.96910144674162 -0.950543952598909 -0.205272143462295 -0.389640685618634 0.729232143032505 -0.0367339664938272 0.55449147933728 0.106651818069257 1 862.521411780586
"1" -1.95919147907544 -1.39231707721202 0.770104980806178 0.640669977312649 3.17584103202876 3.36030225247405 -0.602427679920919 -1.36329937657206 -0.761999066267549 -0.188132183388421 -0.232476668482168 0.433692539122471 0.490454386443049 -0.0570433209336931 0.548069322748485 -0.394435666262372 1 1126.77235728831
"1" -1.88657349101976 -1.26482767053155 0.913409329402095 0.932738016688931 3.51754909578267 3.59292356225653 -0.909335451892876 -1.75825684052615 -1.12626447312485 -0.424146887518933 0.251121149335618 0.108866718940419 0.241811153191778 -0.310766918112937 0.879570579157628 0.495643480741255 1 1189.31271291096
"1" -1.26010297116351 -1.41894088368024 -0.170706385725074 0.877107735046466 3.87246609789608 3.31092233006762 -0.797035166972372 -1.3711090064663 1.76258071645563 -1.03753620170287 -0.724447498661739 -0.193603793611762 0.0941978887495763 0.169552932035058 0.894915495743988 0.197284218605615 1 1061.20742880818
