"1" 3.03086538569331 2.56830308604942 2.50299867907057 4.002087362509 4.9719265692791 10.0006971124108 -0.0341469399000301 -0.532709493913617 -0.313617999911419 -0.132708508884084 0.205900012609835 -0.593338617301653 0.339691025155736 0.351585176727002 -0.445316957255102 0.17691381123441 1 5739.56485953879
"1" 3.02605807432883 2.56610646754726 2.42707720041758 4.08493100131697 5.08904223824366 9.94508292913065 -0.0359537375684308 -0.538611795122777 -0.393889603077063 -0.0991447574167249 0.224857785339439 -0.626651769050685 0.302412351076853 0.380931451031647 -0.416824802400568 0.156682932042818 1 5646.03633579213
"1" 3.05035479451057 2.55482204644639 2.53840495160451 4.04498101144291 5.03182401723248 10.0358579711617 -0.0428629870391331 -0.538347898652142 -0.391577566238481 -0.247560132185122 0.219810007418517 -0.592023989280246 0.340533267286177 0.349422278993431 -0.445102168259303 0.16502893443041 1 5769.95014876072
"1" 2.95335716283638 2.66283663750125 2.58995930251543 4.03716415639337 4.97854180525825 9.98928553265384 -0.0507530054181113 -0.538742883092244 -0.368849869123587 -0.175976254935835 0.2194297641984 -0.582932690592984 0.342955124703415 0.342196490521557 -0.448149995278444 0.175335864694863 1 5961.07256383743
"1" 2.97684431029208 2.62122408747227 2.51670823820786 4.04039478690526 4.96920999646925 9.98654137831567 -0.0486571123832005 -0.541330787728702 -0.317875582739023 -0.13865407798843 0.226411796764597 -0.593137270980376 0.325876868371852 0.351456129687611 -0.434583011419734 0.177250163364288 1 5703.44969050074
"1" 2.67494480911341 2.19224003988749 2.87107015204215 3.8056010350251 5.53162795938155 9.00157992098992 0.194165527204121 -0.41450567313255 -0.0280001162893492 -0.618864362325976 0.707612232253608 -0.641969423141496 0.624206188372678 0.229715337844523 -0.305832911218715 -2.35656613134269 1 5593.06335902453
"1" 3.05017473439003 2.56195117550308 2.49403470526411 4.00255555438408 5.00324117019484 9.98322497931892 -0.03627761270496 -0.534115468613413 -0.336819354527467 -0.0827520425703901 0.203070296736186 -0.595897384669098 0.33317021281687 0.353441126458257 -0.439882970143511 0.186166004730018 1 5983.77798872863
"1" 3.00077608268419 2.60601033026107 2.56797129134714 4.14395503770847 4.91522245803483 9.93962080263808 -0.0788913016096633 -0.562442790348667 -0.280716703919874 -0.159205675309895 0.279230801236512 -0.605896850105598 0.297121992105947 0.364210575559244 -0.412710071055927 0.140307854948747 1 5809.30152983007
"1" 3.02557160377225 2.57986760073951 2.57023416261789 4.04447537883972 5.0247383649051 9.94055649042217 -0.05362092369045 -0.547550959604152 -0.385328360231716 -0.0493955346595965 0.241887270336278 -0.607320566103198 0.307914187916758 0.364948180531968 -0.422302042608754 0.161778993391594 1 5817.2458391031
"1" 3.0411660822411 2.55038299783549 2.50744591163727 4.00709556651745 5.05362869057551 10.0024144110918 -0.0275288865507682 -0.529597985863654 -0.395975345354434 -0.132422949733455 0.199551333398067 -0.599474244047543 0.337059823200181 0.356489802278182 -0.443431586193885 0.177553463938939 1 5552.91360131046
"1" 2.89245825878189 2.70567565587135 2.54928884039334 4.02426376659379 4.93558400211315 9.96945968344123 -0.0594327516749856 -0.545796861388791 -0.297617405986288 -0.110117496842612 0.245268951422282 -0.59720909637598 0.313785652706341 0.356669437847437 -0.426935963822437 0.166055600642117 1 5701.94364632669
"1" 3.00290657186628 2.60458022181988 2.56059194591008 4.08338136388959 5.07257656487967 9.97033738460028 -0.056678215838046 -0.547826748081644 -0.447596326928905 -0.14416223041034 0.242157605296285 -0.607215828437294 0.313641869431055 0.36340984584988 -0.42460517882481 0.155889899529677 1 5787.94268486695
"1" 3.08990733240576 2.50208159843781 2.51977889487912 4.01434471051576 4.99977918950778 9.99824696536045 -0.0383531524784795 -0.537296350147209 -0.353589860510361 -0.129222177575635 0.217044776796482 -0.592687290043204 0.336427063664142 0.350446269396943 -0.442248918761325 0.172462470694673 1 5631.79615611781
"1" 2.99618892156598 2.59546403768075 2.52121777693634 4.00911493571053 5.03505419479979 10.008150185046 -0.037095529926967 -0.534480336752711 -0.392894985879479 -0.150285696639415 0.21108148781792 -0.594258352641692 0.333202070291526 0.351794387716475 -0.440755950948029 0.180195555766874 1 5555.17312982443
"1" 3.0095579080211 2.57034482624512 2.62825727976296 4.13502670958974 5.00635297191608 9.92366751720234 -0.0678893097703844 -0.558096528332343 -0.414243963693703 -0.107398583737895 0.271086169930601 -0.607083557023316 0.290815183408889 0.365134767829081 -0.407996001871003 0.15734278767805 1 5520.50761155777
"1" 3.05320127780807 2.53274106416123 2.48105188276098 4.00710641043227 4.96505944111026 9.99961174753881 -0.0437746631674166 -0.539694833403761 -0.291154397263351 -0.131490104613044 0.226135367804245 -0.584850812330474 0.341423766510218 0.34209527699647 -0.446825084729592 0.16930348883093 1 5574.22349139419
"1" 3.02850122303843 2.58852001578622 2.52768546896936 3.95527238452171 5.10239987884107 9.99502878202957 -0.0673779422187352 -0.540963717616114 -0.429271686212146 -0.109989717990774 0.293944964877568 -0.614137232851122 0.34118655434709 0.365735648057858 -0.4412310832204 0.0469273248934902 1 5827.66435543474
"1" 2.99263512724369 2.6126578490146 2.55849331622434 4.00234586725956 5.02699801791291 9.98305892090853 -0.0468280684253942 -0.539923890550497 -0.398042922648221 -0.105700455696169 0.222636915721655 -0.597797249547486 0.325398775138779 0.356222471142328 -0.435123529224286 0.17262291486125 1 5797.73843951579
"1" 3.05288287949498 2.55303914169596 2.58452377586039 4.01840759665389 5.04588222345954 9.98831602119272 -0.0428387899033719 -0.538147867029503 -0.429465119137679 -0.117440188554412 0.217150083201603 -0.591317611842564 0.336591751006949 0.349862038130471 -0.443274668288937 0.173114143907486 1 5806.64280858333
"1" 2.96246224898675 2.64028773023079 2.53824226331837 3.97922865796238 5.0132048194692 9.99261092243938 -0.0399553218663931 -0.533864509011147 -0.381511467063954 -0.0904657020615678 0.207930180771946 -0.586819237549166 0.340382905110285 0.345155529403687 -0.446428673610673 0.184849536478301 1 5770.65024910844
"1" 3.00202102238849 2.59688465518023 2.55176663023169 3.95438946411151 4.97932480094236 10.0164851236822 -0.0391613584359725 -0.533160480309925 -0.342625245932811 -0.119222576222597 0.206338410813129 -0.574260410500983 0.354465423306209 0.333305256614879 -0.456710620753494 0.186828449855167 1 5712.38551294603
"1" 3.01321660176981 2.58860837113374 2.48000169068431 4.03327442829551 4.96291719973042 9.9826416168422 -0.0422248547127455 -0.537693880077189 -0.290070502238725 -0.119476799784502 0.217083464569523 -0.595548572486196 0.333240779596506 0.352722170482409 -0.439871405324328 0.172658182458444 1 5800.6289929247
"1" 3.03195658059143 2.56411052826672 2.52661454355209 4.01278806206057 5.0048215135091 9.99640933653931 -0.0400737220353931 -0.537106488018765 -0.370854557521497 -0.130497457082672 0.218376995879409 -0.598149059737662 0.330052338943468 0.35601684848184 -0.43841295030665 0.170055255715988 1 5673.87851866838
"1" 2.98324735679501 2.6328842449471 2.53391790261818 4.04215985249378 5.00567259364202 9.98308917278874 -0.0506031213800714 -0.542670763218642 -0.366739377997086 -0.142935379155765 0.224329422905315 -0.59935237500233 0.321574908014711 0.356993896672404 -0.431603492471368 0.175104986099195 1 5970.85843470122
"1" 3.00146906426413 2.59557797638943 2.53613853010341 3.99300213115849 5.0569706868939 10.0109445673736 -0.0387720909543691 -0.534562687112512 -0.418252319607343 -0.148118286649691 0.21354438711704 -0.592908013883407 0.343344166645217 0.349769651130768 -0.447693759345811 0.165830613030895 1 5648.53286958461
"1" 3.04164176611371 2.55340250341236 2.53882802441305 4.07908312463413 5.03555677194735 9.95552583824958 -0.0466648231667662 -0.54319212196281 -0.394197796045058 -0.0874285508022468 0.230118034148511 -0.605624545476104 0.310880598409967 0.362805005533511 -0.423492226009543 0.174275509358397 1 5662.55519272202
"1" 3.09840919142828 2.51178971156303 2.53042261238551 3.98592166817269 5.01288500115805 9.95790172773127 -0.0586915858876309 -0.552165795025851 -0.361457720618426 -0.0281221637195799 0.262126522637989 -0.612314930063764 0.319438928903938 0.369273224727221 -0.431324290163663 0.112215639522988 1 5894.89919193367
"1" 3.00564399200624 2.61579969289896 2.4848057025295 3.99083436185797 5.06374232099798 9.97238346852025 -0.0429734586370171 -0.537885649622158 -0.392796305438458 -0.0724579238534778 0.217202743441644 -0.606198137447802 0.330449069601275 0.362865517300839 -0.43864536537964 0.157274752450564 1 6088.72445387329
"1" 3.01409459510078 2.57491667579598 2.5297644278053 4.02626186809346 5.04742597320032 9.99671324821037 -0.0436159511099175 -0.539850446734207 -0.400549567641539 -0.149848302545813 0.229068069548392 -0.601842950109751 0.329335666120735 0.358503586441247 -0.4371891365593 0.154800187610763 1 5549.94207899363
"1" 3.01939041007285 2.58176509167904 2.52440172562876 4.08535962891556 4.99017721801195 9.99727336716044 -0.047201961823218 -0.541999190824034 -0.339832412336521 -0.224043634122375 0.230331189363877 -0.59838856124008 0.32810528709554 0.355919077317961 -0.43541956616854 0.161506525296968 1 5733.38888454306
"1" 3.00317359665081 2.59814842918737 2.49843500612293 4.04661142695376 5.01700209824793 9.99533059939552 -0.0412562419801514 -0.537267220832383 -0.35162343274901 -0.158097404506939 0.214836345331326 -0.598230316146681 0.325630870911797 0.355933984399402 -0.434215597445406 0.18114901811616 1 5739.62530049596
"1" 2.99116664896425 2.60895772149081 2.52215081710935 4.00494644784 5.00074962376063 9.99488889189971 -0.0458116618488697 -0.537638747438161 -0.355929305554967 -0.125633955917351 0.222947864519446 -0.586957919168334 0.347088722880452 0.344765580586374 -0.451443084322498 0.159309485180995 1 5729.36578817583
"1" 3.06026524154735 2.54459000143431 2.5266683943227 3.95830616681119 5.018837554139 10.0020781194001 -0.0322654115281932 -0.531342019477096 -0.372522905517328 -0.0825906520937681 0.200520085245663 -0.590175749668616 0.345399306135678 0.347797272940522 -0.450318549254289 0.179432193843049 1 5853.73859698459
"1" 3.06006175626675 2.55109824353456 2.53381896074181 3.98737904253204 5.06624500815894 9.98309607168901 -0.0360934151858479 -0.534872922133635 -0.431479975190115 -0.0761494768294147 0.205126269850417 -0.601703617351434 0.329781976825437 0.358641480882652 -0.437914398658408 0.178915892823634 1 5951.29738956063
"1" 3.006930573506 2.59011229747151 2.54405352618238 3.97898662048267 5.00023023465644 10.0090452399723 -0.0337111232612176 -0.530737954291265 -0.366213586727731 -0.120386755398317 0.200633267860952 -0.582185044832215 0.34816868583663 0.341746647664354 -0.452572057306816 0.187280572025127 1 5667.84399231563
"1" 3.0310183853061 2.58532828678316 2.57421152059969 4.08545258212776 5.09411911981182 9.92960679205862 -0.0635584910474829 -0.554180005010673 -0.45959319498327 -0.0571770475895535 0.252604963208125 -0.613091120167428 0.297863293391344 0.370402678018804 -0.414231166943796 0.155305532758681 1 5910.42213662149
"1" 3.06807676100426 2.53323115327346 2.55966936015103 4.07374701321331 5.04567518208175 9.98350956002787 -0.0453244603775184 -0.541916600245125 -0.42603457772058 -0.162464387677852 0.225528320516998 -0.601384600946538 0.318684890298278 0.358465128616802 -0.428975284151577 0.175431975498145 1 5735.72434581898
"1" 2.98343233396837 2.61933350317393 2.52918915508638 3.98003213208011 5.04934175346721 10.0120787708273 -0.0330141001737881 -0.530455852636344 -0.409690066328831 -0.132756820075958 0.200333750703443 -0.596718024212256 0.338786238025739 0.35471768313076 -0.444479562543063 0.178322359399058 1 5744.0630467358
"1" 3.05420894402871 2.53884916851545 2.54814532575823 3.98582227656729 5.04107329427208 10.0075681920599 -0.0313667773124644 -0.530772227305318 -0.408610419885919 -0.12091210466657 0.201534805439705 -0.587777675791472 0.34716940754401 0.345677898727184 -0.451352067247699 0.179929649114382 1 5583.24232856538
"1" 3.00281581284484 2.59353944332239 2.52794125936841 3.99195635765881 5.04256920205181 9.98142837125511 -0.0537887195925942 -0.543779594688925 -0.397335032472547 -0.0754016417225215 0.241702976651613 -0.59000590298167 0.342324700749695 0.34708152797861 -0.446867149111691 0.142562550493859 1 5689.70088405235
"1" 2.97234681307919 2.61919932728562 2.5164255972384 3.96545509678412 5.00433739774272 10.0130746646534 -0.0322392264411618 -0.52918701567422 -0.350474697923236 -0.121373817030454 0.200012880387629 -0.5833896530729 0.350334035900793 0.342276693085433 -0.453816321293109 0.18343483786539 1 5558.49806286924
"1" 3.07668090135789 2.53333121555855 2.53491253401361 3.99049783212242 4.98806140113606 9.96715762924825 -0.0474355331001974 -0.54140004778041 -0.343974026833653 -0.0375076055047545 0.224779243837032 -0.59311630028775 0.332569875659552 0.351681700839464 -0.440503872373385 0.167809123898088 1 5927.79368599487
"1" 3.01587210020987 2.580033469155 2.53949811731989 4.06373945072013 5.01352875043416 9.92426781481404 -0.0595580404302811 -0.550923344240882 -0.37040847451324 -0.0290930894262206 0.251793286074581 -0.60332660438087 0.304821883055989 0.360617152427691 -0.419026953565636 0.164441435017321 1 5714.87327154289
"1" 3.03980058961356 2.56272139860088 2.62065240117152 4.02424341187443 4.99626788452649 9.99016594828255 -0.0576809456813075 -0.547403805682389 -0.402785564305715 -0.132058911378388 0.238133077211901 -0.588114719286262 0.326722631942867 0.348147775715967 -0.435981474164889 0.17053939158451 1 5743.29637070119
"1" 3.03990064156937 2.56027184260814 2.43781639648299 3.98727972017904 4.99951025985162 10.0301028468436 -0.0422318540511461 -0.536423777958674 -0.308720668835712 -0.177468771727036 0.228594867561928 -0.601276803067801 0.344228431726315 0.355509033358003 -0.446722444830445 0.137160707822082 1 5758.7149962768
"1" 3.01772387942504 2.58868836484734 2.54593761732367 3.91704594089123 4.99592663651064 10.0457938477827 -0.0255085894605998 -0.523236535435784 -0.364668846739504 -0.143401611315113 0.182009557855011 -0.574036639968892 0.369344746122602 0.333560283843531 -0.468532576302321 0.18812200635457 1 5868.98787908518
"1" 2.991594090293 2.62079792854191 2.57505732021749 4.06808149110825 4.996680296663 9.98789402657465 -0.0561954121377414 -0.54556262264677 -0.371368918473601 -0.165316658879793 0.236396213671305 -0.598193922707924 0.320785539433573 0.357206378347072 -0.431944644269174 0.163586335807154 1 5871.3047107248
"1" 3.02034133301697 2.58019257714614 2.56135975738911 4.03028249886439 4.98270027228257 9.99900499836599 -0.0510096828559409 -0.542444873394234 -0.355498814832649 -0.156772711844407 0.228730878643215 -0.584469553327128 0.335359892869357 0.343095003646281 -0.442084737934666 0.175443048059039 1 5734.17829946332
"1" 2.98864715348926 2.61455737817712 2.52656625542673 3.98069435921236 4.95943956890002 9.99301673965557 -0.0377897042128928 -0.533296333505925 -0.315045575295947 -0.0871647907898353 0.205383396583316 -0.587340998867375 0.341305259793543 0.346105740951089 -0.446582815400976 0.185136568742604 1 5812.83003465648
"1" 3.03023801504864 2.5844900925401 2.49849991951584 4.06762839581434 4.98933606916386 10.0092831097778 -0.0532183415217772 -0.546019564799549 -0.323763808170824 -0.215513446117739 0.241603892619599 -0.610113174402163 0.320355466504027 0.366619426977726 -0.430056035489504 0.140079204293261 1 5912.11933922037
"1" 3.05878874534442 2.53986073285956 2.60792252267394 3.9680180340638 5.00497641078162 9.98455939712873 -0.0586540213211829 -0.549977536801819 -0.404353069639058 -0.0721117706055015 0.250661090069866 -0.600283709080668 0.315660792590531 0.359525429061066 -0.429393440014055 0.15088576254546 1 5723.54676114168
"1" 2.99398349265027 2.61892781672819 2.5731976576817 4.04321840295166 5.07565365988216 10.0136168497681 -0.0414284992335839 -0.536307319913419 -0.456635339111371 -0.19637559594262 0.209945899111725 -0.597638073092803 0.329584120278419 0.355684815571986 -0.436943216110461 0.181139542200256 1 5877.82004986107
"1" 3.14676725098948 2.45782653468867 2.53369677297013 3.9952784761234 5.03335688096969 9.99944105248213 -0.034602350824361 -0.53501747929619 -0.390390256851612 -0.121558655385134 0.209061471116261 -0.596947983250851 0.336520246948475 0.354209854699654 -0.443124003019189 0.172787929710328 1 5832.66403678933
"1" 3.0436884173677 2.56612005336449 2.43280524388323 4.02649932680101 5.0352813156784 9.98213823419461 -0.032957403846897 -0.533478956977028 -0.345215261036939 -0.115635628599265 0.201530287828036 -0.606501103979592 0.32561514202254 0.361839307119635 -0.434626491543285 0.181907921991001 1 5964.594532847
"1" 2.98851225214985 2.61495654388944 2.49450135768087 4.00910942595353 4.94798828528406 9.98905645319527 -0.0590412403572928 -0.546641949796106 -0.284580527494481 -0.121437144907166 0.243781718163838 -0.588733531767427 0.333175458440059 0.346321311876635 -0.440880151325474 0.15569271539332 1 5805.71683996081
"1" 2.99671133579382 2.60034097652348 2.48317614169057 4.0555461725874 5.03816443368487 9.94337518711967 -0.0503347589734765 -0.544636841952055 -0.366976932415159 -0.0657295188294282 0.239069740032215 -0.611776981039685 0.308703880194438 0.367346239760881 -0.42119343350618 0.158639732742722 1 5713.49434477561
"1" 3.03570567121669 2.57375474955094 2.50551317921818 3.96719573541281 4.9685579551548 10.0013397246922 -0.0421431790048645 -0.535665341966515 -0.318735666624289 -0.0953452837110876 0.213193497980884 -0.583442659895139 0.353002391283817 0.341397509466951 -0.455108520909421 0.167204631154002 1 5929.7245764095
"1" 3.02486702136966 2.56197865857725 2.50521028207858 4.1029238242426 4.975585457695 9.97431455240086 -0.0591765318765014 -0.551485667555609 -0.312940326332431 -0.17776635673174 0.253359111175409 -0.596622364010734 0.31373699274025 0.354232332911408 -0.425071248610581 0.161789917386388 1 5592.94904930654
"1" 3.06660013770391 2.54874328892582 2.51072201089366 4.06589766145198 4.91689164528424 9.97988918719938 -0.0526363513877323 -0.545336283566666 -0.258769019632231 -0.138972242918522 0.233057848482136 -0.596632966507921 0.325053878469411 0.354399774629613 -0.432916396729923 0.166457815893248 1 5986.06232614511
"1" 3.06706781150668 2.59645067541505 2.59272037481506 3.9895331663578 5.06026836816464 9.94439461798412 -0.121643275908808 -0.567021336085523 -0.37357132280756 -0.0797933719343221 0.386678765076343 -0.651607980000914 0.291170622667314 0.38401565439939 -0.384448668524801 -0.0409813153508443 1 5969.01026377248
"1" 2.98497669810184 2.6176483168527 2.59729819330388 3.9586042910308 5.01202470259864 9.87915506280452 -0.0332949019312495 -0.52910486070754 -0.21914913292824 -0.219671231333339 0.518350342306045 -0.607352490576469 0.23304802288724 0.489162762811879 -0.479340379375513 -0.508447105922301 1 5765.94106784073
"1" 3.0274095673951 2.57077314860934 2.50072340775542 4.03074829618531 5.02455759695509 10.0028761877159 -0.0354171942906089 -0.533781833269848 -0.365389654556943 -0.160689377262282 0.205368535954291 -0.592827167390035 0.335372654121575 0.349913892459244 -0.441543224211894 0.186399021527844 1 5689.49606299738
"1" 2.91916012089666 2.68060693048349 2.58730513460562 4.02707380193251 5.0387501430618 10.0221987293283 -0.0498390036056714 -0.538208110958793 -0.426435348936142 -0.203529834395297 0.226825772600483 -0.58544438060324 0.341965420727836 0.344999878015119 -0.44637935159375 0.165137650348532 1 5633.09768478303
"1" 3.10337315503488 2.49335910553108 2.51026440210535 4.00631741630753 5.02728669929345 10.0156738348936 -0.0287365230274718 -0.530762973789435 -0.373686596079181 -0.154804122992831 0.195313614022574 -0.591449548211551 0.339102196931021 0.349080222181902 -0.444771786030124 0.192551033468939 1 5661.85543363777
"1" 3.02030740966435 2.58583561719469 2.59779206094773 4.09375069006606 4.98834011966183 9.96840662751953 -0.0643513268172879 -0.553216181100242 -0.371248003352365 -0.173843520412578 0.262559467446076 -0.609094057065393 0.310769158269634 0.367156284255953 -0.423647741468479 0.131295821745508 1 5782.68697645806
"1" 3.00151911748668 2.5935963144474 2.40544011287985 3.9731316884445 4.99603013963005 9.97412087985044 -0.031084060117829 -0.531629842487298 -0.286352997351501 -0.0384181502341384 0.206479286005292 -0.60523875126863 0.333521350597555 0.360697217204874 -0.441225448639815 0.166561465979712 1 5722.51334165016
"1" 2.99409765801861 2.61293753790322 2.46447728557609 3.94566855030767 4.99532172375367 10.0251558118042 -0.0286462252113191 -0.526628996719862 -0.316661405096323 -0.130074875443722 0.192536205497913 -0.592642996293803 0.351324221199399 0.350323238188008 -0.455074945643261 0.174000063505179 1 5903.69438950896
"1" 2.99001890899328 2.6132773263214 2.5473814761769 3.98403826586743 5.04947760108205 10.0347892102286 -0.0315647665516564 -0.528133609495677 -0.415026516651998 -0.179386325118987 0.194306340945844 -0.583081635870458 0.353411358206752 0.341047638244668 -0.456246593402117 0.185841921100206 1 5726.97842618523
"1" 3.03613624742506 2.55958966263048 2.54223527037165 3.95573696089558 5.04211679576357 10.0316170668647 -0.0282442863125656 -0.527683412124124 -0.407910905052719 -0.152397653558481 0.193664421331631 -0.586618845263133 0.349082064378198 0.345100589786994 -0.453651371018382 0.185838269105254 1 5597.14962808948
"1" 3.01858403053602 2.57507201222205 2.46612184572994 3.94169903737382 4.96514572410357 9.99850608948066 -0.0340624340369768 -0.532168749707631 -0.290100953661481 -0.0596828265912558 0.208026376005667 -0.593733150092327 0.34464778720571 0.35123363579598 -0.450075370372987 0.166409987515304 1 5676.53780316707
"1" 3.05962658008917 2.54269777910416 2.50746374273232 4.02300096914787 5.04177958545844 9.98698388845001 -0.0438112487425059 -0.540124673131117 -0.384260936743691 -0.122383689953439 0.222310661911789 -0.597317670380225 0.331132374688528 0.35430832065088 -0.438760888220711 0.167000175119793 1 5780.02591570499
"1" 2.99984458331891 2.60010264941022 2.52102318882 4.01979194198208 4.97965366506806 9.98197306304832 -0.0471838297200686 -0.541018441196688 -0.325478606989518 -0.112177622595522 0.226757454749133 -0.598060652801258 0.326943049914032 0.355482454726076 -0.435752831537669 0.166833201830501 1 5748.25697671078
"1" 2.99814518309402 2.58839297250475 2.60363666416806 3.94626534975413 4.94304287685961 9.96657864719024 -0.0477005663816824 -0.5395015943685 -0.365398584609599 -0.0150119752836916 0.229049944967242 -0.581078366832075 0.340279736209185 0.341766819061417 -0.446470442436275 0.171146639896668 1 5578.54389142494
"1" 3.00511869424007 2.59266863374352 2.51160961519479 4.01092917442576 4.98796017560794 9.97538886318829 -0.0418154582768667 -0.53778026524521 -0.331607868125212 -0.0817669241208534 0.213358327376086 -0.591683890090954 0.326644168819622 0.349737955283121 -0.435656885646917 0.192077576093241 1 5721.397550565
"1" 2.97437159813551 2.62340047737928 2.48765304531852 3.99802514572067 5.04518787887561 9.98523963021631 -0.0314092290025216 -0.529943975147854 -0.378057947275786 -0.0855752339753891 0.200910541050321 -0.600212284231022 0.334795323254137 0.357208381424045 -0.442156662117541 0.177941957515453 1 5676.65437954396
"1" 2.95546237512629 2.64875207743649 2.51935187132235 4.00850089398419 5.03977367928384 9.99905616389002 -0.0380696207011276 -0.533427447463949 -0.389490125572159 -0.131834120646603 0.20789604743187 -0.597211554362317 0.335229522460933 0.355150091779238 -0.442104772893256 0.17486920597655 1 5772.31271060793
"1" 2.97395883631954 2.63092170490386 2.50133831567066 3.97662437703507 5.05341267980481 10.0068407278795 -0.0314712240650171 -0.528920266084331 -0.401228825292568 -0.112195878924665 0.195364334470878 -0.594492064548086 0.341484781340662 0.351776576632082 -0.44707312701623 0.183488967788199 1 5809.53348710884
"1" 3.04599733440149 2.55893112610985 2.49642199331243 3.98777008377402 5.05715853102078 9.99986756653452 -0.0303548125272714 -0.530074729392772 -0.400583602957358 -0.10838705331379 0.197218366621502 -0.596688020671226 0.340432638297549 0.353429283922012 -0.445703379629619 0.180263539577813 1 5833.24893412125
"1" 3.0253967780494 2.58575325959524 2.48937539320815 4.0407135900057 4.98869191793352 9.94225443584221 -0.0528053467983919 -0.545880482749081 -0.320093404953811 -0.043811806423727 0.236579506369227 -0.607741749290685 0.3130368886059 0.364321858239471 -0.425009849313048 0.160805917448722 1 5938.91804010488
"1" 3.01828350970465 2.58899159166538 2.56495947274424 4.05710341343258 5.02943981260969 9.94473259040984 -0.0546998989185854 -0.546835577534113 -0.400419142193674 -0.0741252566137483 0.238547290141613 -0.606751082219816 0.306114101467217 0.364558703996688 -0.419867511229463 0.169890367396677 1 5826.36899621684
"1" 3.02525668245204 2.57410585916225 2.52901945398975 3.9861118398578 5.01277221246542 9.98675536942411 -0.0433574117868988 -0.5375560580462 -0.365193777690978 -0.0939160675975149 0.223516609886682 -0.593278774699216 0.343881532100845 0.350763723039152 -0.449685102306335 0.152009130758818 1 5739.541692492
"1" 3.00254122650042 2.603411520865 2.5477737842809 4.0234618381112 5.02615576990274 9.99251206511294 -0.0465211031008275 -0.539496002854196 -0.391708110618939 -0.133992655243135 0.222121393397278 -0.593588510687406 0.332487207053722 0.351447016847406 -0.439811260086136 0.171042640686341 1 5808.49023149544
"1" 2.99133660984857 2.6191194020289 2.4988899584325 3.91391601370708 5.02467251087105 10.0323707548066 -0.0277392997901293 -0.524781835710875 -0.374836047969018 -0.108621036246318 0.187107250098074 -0.582156433173034 0.364899506623294 0.340310356189423 -0.464925373431749 0.177178965000912 1 5978.86374108039
"1" 3.00814994738596 2.58910860992286 2.51817257469422 3.99122192159158 4.98188133127865 9.9755232517738 -0.0394889456486857 -0.535894263422908 -0.330615306676955 -0.054110994786205 0.214727998064632 -0.594425662300845 0.33292018309029 0.352902196721935 -0.441074762365334 0.17524644753007 1 5719.99940708038
"1" 3.0093885088465 2.59562054668768 2.49405629675683 3.98164450098672 4.99183580142813 9.99488544875298 -0.0417440889743306 -0.537571903421771 -0.327535259457249 -0.0926117812673098 0.216536986770207 -0.597383153640386 0.331791550553319 0.354772163163054 -0.439482044801731 0.171364074220103 1 5837.1301165116
"1" 3.0778025232257 2.53660536077432 2.55840487628829 3.98497924064255 5.028331414844 9.98489029340419 -0.0504082931036095 -0.542448227128282 -0.390806115374008 -0.0844418874729977 0.225284988054961 -0.582575013847501 0.34060314780852 0.342118522610535 -0.446118907562899 0.173445629191062 1 5938.51104452515
"1" 3.0032143299931 2.61669043083244 2.53351917886631 4.03832236101871 5.04577285981728 10.0012738012427 -0.0430824109035487 -0.537548023264757 -0.39670249355441 -0.166625229506569 0.210237854330048 -0.596801068375812 0.330627975878922 0.354058062481211 -0.438147850337856 0.181187668816877 1 6044.96268973514
"1" 3.02614679833306 2.58761752480406 2.49975195811465 3.95803318094824 5.02739780392669 10.0120963574209 -0.0368347430801747 -0.533331344466854 -0.366892554142978 -0.111943518908934 0.206718764201183 -0.596134198484314 0.342641563255543 0.353814211829366 -0.447802658092268 0.166947453552973 1 5981.70008977375
"1" 3.0253030477993 2.59051485343133 2.5834888975402 4.01931483489374 5.05672223773662 9.96312067687305 -0.0514996437325071 -0.543382570696284 -0.434164982553897 -0.0627983226924004 0.22735497607921 -0.597003930808295 0.322878518142525 0.355745854281227 -0.43215893326416 0.173501058517989 1 5958.11360841416
"1" 2.98023307457465 2.62242422438213 2.51432445942279 4.03647935767328 5.00387570485694 9.92694295879293 -0.0560573218011419 -0.546068518018299 -0.360296605830259 -0.0419221870458221 0.246485154891136 -0.604712141270466 0.319449152385363 0.361212869740451 -0.430464020453348 0.145410640686359 1 5792.17786842503
"1" 3.02581425646791 2.58904179634014 2.53223247677981 4.00301532234124 5.06141235910351 10.0078313252397 -0.0364302708104264 -0.533637687800311 -0.424088754650958 -0.148354150009654 0.204916816925244 -0.600899856406974 0.336656283820308 0.357488342141663 -0.44330948232281 0.170367719910843 1 5969.14241855897
"1" 3.04962502174113 2.55740720600414 2.49764919711489 3.96433316355166 5.03783929104991 10.0222998844746 -0.033718403517346 -0.531395482661261 -0.378616958771777 -0.140992382372494 0.202677645618317 -0.590827814151143 0.349452684880473 0.348224570195366 -0.452457280519075 0.170861941053834 1 5868.55832281944
"1" 3.08893608483624 2.51067623705681 2.526891488378 4.03572254323525 5.09100510622421 9.94560754933918 -0.0441274397596746 -0.544307114022811 -0.446434961210776 -0.0392787357047781 0.234431726184023 -0.620946205759717 0.29936467813569 0.376583432927215 -0.415773617043995 0.159328055659586 1 5753.70772240317
"1" 3.03492401887075 2.55978654971952 2.47406372507784 4.05086011787608 5.00596551406209 9.96548560805936 -0.0487586609288527 -0.545020275412013 -0.316943972845754 -0.0959314418831241 0.241146044099429 -0.60847869475779 0.316072518661156 0.365722144276447 -0.427849695504347 0.148705961607671 1 5701.48794112611
"1" 3.00886298837014 2.59020632415911 2.51257620412301 4.03590214261374 5.03429136345478 10.0039933417095 -0.040514516434465 -0.53696929840081 -0.378584524381615 -0.168947472958644 0.217830727055067 -0.598204494811383 0.334817691274689 0.355199488628858 -0.441229051643119 0.164710577218172 1 5694.20907751273
"1" 2.98213176395825 2.62973960531682 2.50747443328298 4.0340114562623 5.01759566419802 9.93642424191776 -0.0584896363240122 -0.548430025251816 -0.359805022385888 -0.0307657375130576 0.243358667454859 -0.609226776358073 0.302463634878299 0.365951486283289 -0.417927022769852 0.166095579354471 1 5918.52070198319
"1" 3.08748900728765 2.52618438964499 2.5103522495281 4.04341112280796 5.01179026986495 10.0040537604767 -0.0398664356677626 -0.537268509557262 -0.35821310166512 -0.17752030712243 0.211385250763262 -0.597953347776701 0.333016050238897 0.355365482611356 -0.439741346016742 0.174325154019222 1 5963.60310535223
"1" 3.04440954660832 2.56321464691247 2.48456866539929 4.02617559776805 4.91935909349084 9.98772058090239 -0.0440643755953168 -0.539653170823426 -0.256969989215514 -0.128859043530435 0.220852837072588 -0.591621411996434 0.336103838965524 0.349511256110624 -0.442777216228833 0.170178655177866 1 5896.33644753607
"1" 3.03656902210081 2.56060241253134 2.50997432422326 3.97349195896906 5.02525491592892 9.99357071947306 -0.0326728039343447 -0.531357742366176 -0.370984900912019 -0.084050118790689 0.203041709255823 -0.592618591564238 0.341088558144194 0.34996978580912 -0.447099524940642 0.179281558981551 1 5698.89356206721
"1" 2.99081612375486 2.6061059089043 2.54050601339839 3.98203790991872 4.98774950337815 10.0089430214737 -0.0370320536995601 -0.531968474767404 -0.351391664106744 -0.125396971109153 0.205674721292985 -0.581765947929043 0.350483794569599 0.340894474096497 -0.453497112086036 0.180429752377433 1 5666.01533236753
