"1" 2.42804907982348 1.74307241726941 2.46550241519758 3.67082532635839 4.71647582126376 9.8869641767042 4.95577974727412 4.78555601164372 9.18280601066619 1 142.494949711221
"1" 15.3581224941669 15.0418518935262 2.55472091583102 3.74613272262074 5.09002261007847 9.6033945751117 -0.975667268771853 -0.447315020850815 6.3649326216641 0 2841.83719104175
"1" 2.10278175524849 2.00237855942813 2.84339240189415 4.30982747843692 5.06767327581612 9.63477992382993 4.80428050932491 4.4755759260636 4.41296209177668 1 297.188020017791
"1" 13.5480478290296 13.1528142766166 2.6984744498303 3.79514317890924 5.23675162390738 9.63538869460265 0.166932708440492 0.488648964341392 6.67137357593264 1 2799.38617289299
"1" 7.18261837516926 6.90198210272586 2.46754661468484 4.00152420039878 4.76675719639363 10.2890016165088 3.39781941582044 3.39237348180526 9.76012581831863 1 2789.16822760882
"1" 2.23434373486734 1.39756637281771 2.44429029669514 3.99793111545043 5.81164615635053 9.51067626599458 4.98413909902677 4.0812604156767 6.66618222644977 1 247.694244297752
"1" 17.1617325665722 16.770611440856 2.7125365824178 4.19773218230064 5.20431267467339 10.3441865103899 -1.39112532722395 -1.16923820916303 7.56831298430413 1 2805.04492577664
"1" 3.04253256153368 -4.09333847597279 -0.0302902656157005 3.50444129366951 1.29224181087518 9.41906702498007 5.97873068636566 6.71157200573493 9.14216649014773 1 -15036.8800978942
"1" 1.7758012762674 2.26596806305134 0.830145091564594 2.5115996041136 2.64280443945269 5.25535013958313 5.09258209363315 4.91243356198227 11.3353871958085 1 -102.143787817724
"1" 2.49569895226889 1.57024034106905 2.5951601374623 3.79424707349533 5.05064617225335 9.75275763533959 4.72142074846434 4.05891825368448 3.8507827263448 1 1051.09721622265
"1" 5.53360555934114 5.09300417263946 2.43961645178851 3.9553471620967 4.82841410703218 9.87332952889171 4.36136186778399 4.35739238259293 9.07572638777189 1 2768.71359453358
"1" 2.73936975794868 0.702539615763772 2.96069018254947 4.63812276526313 5.21513985215773 12.3188657630424 4.93150887467141 5.22338030717713 6.21879545599411 1 -482.214834327278
"1" 4.30301050268991 3.9688002797221 2.31120190948702 4.11910111964606 4.60861324071957 10.0614621352675 5.51738094956005 5.5470181115608 6.01258029331556 1 2157.13455100388
"1" 2.71115616427533 1.84522906887058 3.51349321880752 3.77648086402925 5.47689943753929 9.31341032087163 5.110150841855 5.11605847868461 5.88119726461192 1 -1066.71501564671
"1" 4.40152848434404 4.08031414151792 2.36242696182346 4.11300328207749 4.71424592518962 10.3125349631158 5.38258010613081 5.08429448096167 10.892680661242 1 2694.96450645219
"1" 6.07092609536675 5.71819287879736 2.60310878100468 3.95767137354709 4.70465752158656 9.87568038328368 6.72638078097904 6.72827555919065 12.4368149798378 1 2529.2607001154
"1" 2.18147311161702 1.17172951528251 0.0598774098806767 2.32068114502529 1.36199432133704 4.66583633276267 5.61831057223621 5.05826677564989 5.9567644758144 1 -3463.73829460275
"1" 14.3563138058313 14.1007654967159 2.48649125253288 4.16686710901429 4.96462888470933 10.3450617518612 -1.95752723144739 -1.70227445888226 5.86705358129751 0 2818.68871518876
"1" 2.80392195429811 1.47794043632371 0.0317266203965298 0.0142232391690692 1.11243159267539 2.00048199042115 5.97077507810003 5.9899663679521 6.42590380374073 1 -20492.4343303191
"1" 2.71505829713042 1.50198423588492 3.19848286967499 4.021601455444 5.70387280721423 11.6762720041263 5.05432507930897 5.11134673682225 8.15343068719221 1 -758.585902467334
"1" 2.16140147688308 1.63604271112558 2.53000769096393 4.89642800892939 5.52146167183788 11.6584737680352 4.68826193684561 4.25592280779903 3.28284484332246 1 283.968248318622
"1" 2.54376169907448 1.05416978284159 1.95094845342237 3.17208292753314 5.04445642319865 7.7975453392908 5.17646827618935 4.34829775248701 1.86640159146095 1 -165.407618297962
"1" 2.36487225625928 1.85883334491209 2.61960386929937 3.69083440660558 4.78934838106979 9.85128514570556 4.92575435602142 4.78981884036999 4.15701290684231 1 11.5386433684289
"1" 2.80029159454634 1.50979618066688 2.95094475382523 3.48513429448349 5.18057481305842 9.44208698148342 5.09449503179658 5.11168025087714 4.23729782536604 1 -450.195648444453
"1" 8.60933964856499 8.3392502260233 2.58452685044926 4.32153047874194 5.08111787501779 10.3662943993971 7.48534011487574 7.48441345397124 11.6815242286615 1 2746.35946552457
"1" 15.3956222662665 15.0205917328213 2.38683212031264 3.98352384645589 4.7925675037878 9.86390833939954 0.0112499858315253 -0.456281401298969 6.77526276838163 1 2823.15053727894
"1" 6.66503807543789 6.38222491016759 2.50841283446966 3.87822965308938 5.0125097736464 9.75765962408798 6.29973023020516 6.30056785648499 10.1360429127131 1 2737.78161493353
"1" 2.87878934526503 0.985575638932344 2.87939162173938 3.98624839571039 5.23076811556105 10.4158410785932 5.00916297023421 5.08459173031904 7.55929307890949 1 -172.345770331773
"1" 2.39108858419704 1.9084321796041 2.63745880186867 3.76197326415424 5.1369634742345 9.2805291119076 4.86327066371879 4.67943844204336 6.63251125625368 1 251.230756666951
"1" 7.33752638256844 7.12827704933921 2.56410307393474 3.82471126421294 5.14870574933153 9.53585387044848 6.16571986644547 6.15968105367802 11.572718634927 1 2766.05138137616
"1" 2.39592995011806 1.11095134860439 2.26053308020866 4.17694397112061 5.43433565296182 9.85563779512857 4.92524945857431 4.23600787806405 5.16501723447788 1 124.907899090878
"1" 7.66092193334092 7.39238679920979 2.36365006412997 4.05608970764088 4.74930760772821 9.8904565442875 6.82654353615665 6.82866937669422 12.2807009903726 1 2778.24035484973
"1" 2.79209911298716 1.35420361646471 2.90246752893643 3.09929678001547 5.21961053857176 8.80299059817699 5.05976986773584 5.1228443984861 7.10947809846521 1 -182.435772238401
"1" 2.88655501880276 0.0333724266433531 0.243118882714824 1.46304328421354 1.33771462485682 7.33360098340339 5.71399782735286 5.60618364528576 7.877315451022 1 -7072.89946643337
"1" 2.75050525161094 1.35691162583299 2.79149463167914 3.46048631609792 4.81587082605449 9.783162913415 5.14969051365665 5.23096966767474 4.31651568307153 1 -744.0247284451
"1" 2.81861993263977 1.48153370076651 3.22252087041836 4.35138447036409 5.34327872029582 10.9127195345969 5.07247856342562 5.09638368252825 3.34474713043337 1 -980.697727006511
"1" 2.79996824946368 1.45958954453969 2.74170730603985 3.53546454517148 4.5495714214157 9.58202522426613 5.22709509662333 5.25672121635396 3.69774667849949 1 -591.138250596705
"1" 16.581588295946 16.1561867018229 2.50583168127966 4.18855844819212 5.02470174284131 10.3668459772911 -0.699713349214448 0.0128741020892137 5.00326457560647 0 2803.37338445284
"1" 16.3065422599659 16.0155335743224 2.37400054175659 3.77877405808901 4.88039881740217 9.59339921805058 -0.895018690269358 -0.728086283967355 6.99729609369394 1 2862.85713541445
"1" 3.52199759932227 2.9952429864216 2.59260493857688 4.69270733166821 4.89838458444453 11.5459128331235 5.14056000344239 5.00906607731977 9.33986596969201 1 1653.01056823059
"1" 2.3148559138975 2.03729116611779 2.53541020973078 2.98028555432025 4.80918879311606 8.55761153470993 4.99393092991917 4.88120022729882 5.00648737080782 1 5.19258002485731
"1" 2.70577435445558 1.7452763928774 3.06878512688595 3.25423525335298 4.90862692895747 8.74277499273978 5.20358975257476 5.23023080038188 4.31846119043574 1 -834.726635052804
"1" 1.95141112613163 1.90568012225663 0.561509903324763 3.03250916317019 1.41531546773817 5.61611162896601 4.97484551844834 4.85565746270054 16.4586454184233 1 -475.705245374294
"1" 2.90917137318853 2.43635551606165 2.45427464673441 4.11663670158858 5.3872819287603 9.93906112927898 5.28400486538116 4.32773437948074 8.38020802987694 1 1803.08073092564
"1" 12.1290773189027 11.9080600497849 2.46359120501106 4.04813010333424 4.95316682039616 10.1495691684191 -0.283402810801899 -0.278753196761948 7.98724118251557 1 2791.7873480493
"1" 2.3828102559885 1.69333119393579 2.45837595488681 3.98072400290886 4.97762958681635 10.516306861261 4.8821255943626 4.64700036614536 2.51841244896891 1 306.507489700125
"1" 20.6730656993223 20.5136950595865 2.66088262067297 4.15124864492974 5.18347565393267 10.1231189169404 -2.05526746193408 -3.12567478140264 4.16927883634829 0 2928.21870708209
"1" 3.02784794588058 2.6319505493386 1.99378502404356 2.22477895091013 5.20134081522296 5.72689622755867 6.72539722627088 4.66037840095115 4.96824469464719 1 -459.745767180237
"1" 2.50194454243849 1.77282553874546 2.7055385438996 3.61120823239328 5.00849793575609 9.7336141509861 4.96532702917103 4.86469673225875 3.72396790023982 1 -33.0914142955262
"1" 2.50949951070957 1.72322822884613 2.62480105343075 3.3486944104624 4.82511274492752 8.91821508514597 5.00854409644576 4.89594825296134 3.98727622725285 1 68.8552636990571
"1" 2.74939320788165 1.40515065061999 2.48597185739097 3.8769376008065 4.72244147515061 10.2507037915538 5.05319893524278 4.98769898943486 5.79205524649372 1 71.5854225695803
"1" 2.88845944915165 1.06943557557221 0.0558846501212097 -0.0991407567303375 1.20394877031475 2.10618905351657 5.94979308660152 5.98228350936332 8.96570366733222 1 -20987.7559618943
"1" 2.78195465175822 1.47076517056698 3.01701051280513 3.95578996538116 5.02660627435666 10.3674680644168 5.12812196749328 5.15895775451135 5.40982561331478 1 -885.548588077174
"1" 4.90135704188813 4.57044080422133 2.31202397826583 3.95653595728342 5.21059881661096 10.1925644476549 6.34930389013147 6.32704258448402 10.2088141984352 1 1853.668371525
"1" 19.5626931906167 19.2467077270685 2.49850959280742 4.14220140026443 4.96777085724473 10.2596169325008 -1.39609364124944 -1.39408465295002 6.95447149697963 0 2945.62886376293
"1" 2.73302831644755 1.77451217045199 3.29632965965198 3.60267106504965 5.41222182869273 9.5991534168017 5.13964066797816 5.15119991739188 4.8626790940787 1 -1114.49387166142
"1" 19.0785264100901 18.6331317647693 2.59324822278276 3.87322409661864 5.21444357263643 9.65900587046259 -1.25108381890525 -1.22792585746461 6.38998397197143 0 2902.81265941792
"1" 15.0251510627006 14.7931333051553 2.45206312729057 4.19356982825654 4.86623657161214 10.4810352586141 -1.42387248568598 -0.949317909605593 6.05520598727368 0 2830.55734567571
"1" 13.6634516968351 13.3972080576129 2.63923393195678 3.85757350642605 5.37102499238329 9.76054549994635 0.386117001702944 0.383771881720862 9.21972796414542 1 2795.08058652726
"1" 18.0926252422111 17.7210972055127 2.44772976655831 3.86162245830253 4.85811959137545 9.6069408931045 -2.67204200726569 -1.585705873984 3.82988756878364 0 2966.15850267427
"1" 2.71781217251095 0.43936866990195 2.77224919473052 4.36793371157779 4.68846733042416 11.2277480957609 4.95440208322302 5.44066121702035 8.82261321055609 1 -235.013359465116
"1" 2.83313542452817 1.31230086068994 2.58025382892916 3.44626387075829 5.10495087970991 11.6600199347694 5.1911081076325 5.22904637397403 8.01123197458761 1 -558.792624876864
"1" 2.92252400743731 0.280713180752927 0.301326460766201 0.291993013015934 1.49775120607285 4.392755087711 5.69773946441989 5.61570757818463 2.29965947800517 1 -9039.69353924917
"1" 2.21076510958003 1.95719755049631 2.77487423512922 3.28188871499865 4.68292751477714 9.26299126386231 4.99509443372331 4.86408316056957 5.055278127587 1 113.000297976207
"1" 17.4404716728793 17.0888924086149 2.55382968322259 4.00714068232728 5.09294776992958 9.92860328897404 -2.1815795015353 -1.29260904104954 4.88204326153966 0 2860.79199983578
"1" 4.69758117199718 4.31192674184029 2.43206708936018 3.63005188385425 4.79385232879497 9.62786816615455 6.08883240641835 6.08589343125847 10.8490076299541 1 1919.67178094629
"1" 2.44994843783965 2.01417662208758 0.687501912241845 -0.326356469216552 1.46551977397892 2.24061014346957 5.73098854604218 5.7770561799151 11.5082366642758 1 -11650.0684418633
"1" 2.43277985005 1.88970853180589 2.83237290638515 3.51169509479384 4.7837197095302 8.48833358311667 4.97842605401419 4.87602903601192 5.62038066941569 1 11.3989666288617
"1" 2.82117014506072 0.858252945145357 2.55789595313272 3.48924735875927 4.59507672841774 9.88817980472401 5.11801433858031 5.26708034016137 4.27819955466373 1 -286.588062473344
"1" 6.04417942141663 5.69652973489848 2.63867117427624 3.84128236805775 5.2729418732914 9.65519725045636 5.46372130712001 5.46118594687964 11.5487097913171 1 2729.13502316869
"1" 2.25176357724601 1.01936915760637 2.19478759275821 4.11470667194656 5.28892786253741 9.54891406244387 5.01510739164207 4.05712199024771 4.22061711216073 1 146.538577131865
"1" 2.46144087926498 1.48345057565481 -0.0857675775668738 1.96328709390505 1.19213607877645 2.27069480122295 5.68545779968121 5.48221809241899 5.57157815823718 1 -3023.58369857967
"1" 2.02887394924518 2.33875294378919 2.67938582184868 4.76140280503926 4.67651415402934 10.1346631753534 4.66722492013259 4.49819890923859 4.52169195507781 1 481.651556981145
"1" 1.84402402139739 2.05522235016304 2.59212019242851 3.90178315116867 4.85775901433044 9.70491721762952 4.74376745929004 4.45422337012451 10.0061627714969 1 448.602259401363
"1" 2.78968054579031 1.48699426287794 3.00066964923245 3.97121366007196 4.69624128534521 9.623950123648 5.15162493934137 5.17919846773577 8.07640884796382 1 -838.180418327116
"1" 2.42638720958165 1.83138870970016 2.6622367534675 3.53323896534385 4.73813121123904 9.52829453487411 4.99251600882304 4.88001963245434 6.71846419516025 1 80.6697468607163
"1" 16.8747658377871 16.4377363188629 2.51505174476869 4.06008461953079 5.2226253571885 10.2126821789396 -1.91108182165384 -0.783442016710367 4.02733939874121 0 2832.44694610876
"1" 2.79522162514365 -0.0836605199259917 0.4693280874175 4.22636911613359 1.82708616471248 10.3711780626219 5.49281101643185 5.17951958684544 5.86093468818843 1 -3376.97229555032
"1" 2.52374251206191 1.63413345796516 2.57569891188674 3.89896559214895 4.82060545499177 10.3925538279768 4.96315486572096 4.83335380062279 4.47634438946896 1 34.9257291319991
"1" 2.76000021791187 1.12559825240408 2.37730000378603 3.47382420535621 4.89859261051671 8.86503442746067 4.94860962281497 5.01260700385838 9.58198761748993 1 147.764987922561
"1" 22.8124448640005 22.5330282282936 2.45177681247965 3.98178645199383 4.98663418962222 9.97425712123056 -3.09888493546426 -3.11100345551701 7.07819020234323 0 2921.95408876734
"1" 2.66127918860287 -0.179606209119938 1.86857764045316 4.56487806757199 4.74373582917029 10.7752897375189 5.15358388201485 4.06438816992041 6.79243870917844 1 225.006015954037
"1" 18.3687999482368 18.1590269874275 2.56186056133408 3.91597601863064 5.25529114697592 9.93696944749088 -2.42495464795237 -2.42299987044076 8.68021642583654 1 2817.67637668476
"1" 2.13065726639434 1.9011743747232 2.41682735938075 4.55559272692637 4.54007150771987 11.5607714681048 4.51335747179225 4.20552232515687 6.70828259215817 1 1094.9163678886
"1" 2.60632790507 1.10125915271526 3.1052799023191 3.37847110543678 5.33294612178613 9.39205632110068 4.91727098056211 5.16920103498179 7.6748887995924 1 -215.767506005828
"1" 7.45636165398753 7.01139473738554 2.39808895090762 4.00733547093228 4.87002248050862 10.2264447182517 4.70254465336956 4.7034247605786 10.8052493663106 1 2797.87480103035
