"1" 3.91801312912229 3.82063784024461 2.43190420856211 3.96110569594677 4.96845968144398 9.82307553642218 4.78281481694772 4.81365204478071 10.2757111714319 1 4827.75926341594
"1" 2.66289687959347 1.40902318286239 0.282714724499069 0.380155127346692 1.19966899272627 3.4953792363395 4.84138904517177 4.69716431240199 8.56873947838087 1 -3041.69477360181
"1" 2.2316313845104 1.69425301107026 1.15242648202685 -0.393177802760545 2.19374283641519 2.55605724554936 4.45798876910065 4.68329037136807 6.1355448593249 1 -9.69349145258457
"1" 2.86631146942957 0.408260340115869 0.132950056798767 2.98723071121982 1.21440279136639 9.09335685839071 4.90677670233494 4.8442802389611 2.07737814142405 1 -1284.98756296083
"1" 2.15017640523506 2.16544066793651 1.90989867817065 -0.0155656531242992 2.75917817201731 3.43432957844762 4.46478075639191 4.54942891849791 3.80111944586039 1 -121.164398320881
"1" 1.87358177569842 2.44364823903809 1.92374063052186 0.126947562435972 2.30295577352992 2.66587341757391 4.57643630510579 4.63995016446714 9.96976607425773 1 -1561.89817372181
"1" 2.29970350802893 1.95939893747678 1.67660288449556 3.10293598744033 5.07651290641423 9.09993389258064 5.0850379289482 3.56998179342819 4.41793551529393 1 3974.47302942502
"1" 3.58008591450628 3.18065113330316 2.79705961728143 3.58508694899588 4.76774084037647 8.72797809385309 4.62382895451422 4.37539257473078 6.3680419551616 1 4899.40306495435
"1" 2.96896934500752 0.548163485636811 0.014252189292486 -0.0431173319520541 1.22776190273798 2.33325650731074 5.05647073754247 5.13566685324813 1.99113649496308 1 -9180.64108738849
"1" 2.82299491904169 0.641654529712257 0.122111213064218 1.94885061088306 1.18215209372443 7.40699367496287 4.90958003049355 4.8019750104394 3.76659403943172 1 -912.902747814755
"1" 3.85104646391524 3.00552409837208 2.57281273151574 4.77404844395136 5.17780401837502 11.7335174648769 4.55229386584188 4.69283784120988 5.45616326347852 1 4768.95206470721
"1" 2.26304799038735 1.73205709974033 2.58736711140949 3.59589302092996 5.00064039183658 9.55105511997933 4.23142919743305 3.89218479545124 3.47286267972491 1 3202.87140637348
"1" 2.9171012419215 -0.498542249497372 -0.118517909601856 2.50149855097713 1.12697246911967 8.9628046569288 5.11423071502832 4.91089267866336 5.53244235283958 1 -3372.28492868753
"1" 4.29275262313223 3.57862558660914 2.2027826822429 3.63862549324232 4.43301428140432 8.97438107003244 4.78876839563271 5.01134553364446 6.4814766743617 1 5111.57141717603
"1" 2.55688836634998 1.80204818461193 0.586331591599602 -0.356494074557454 1.45926915392282 2.34071460995572 4.79714546827053 4.87931092781445 5.5911130323489 1 -5127.40464393725
"1" 2.67325720053908 2.47269032779813 2.42250228824912 4.01021102700051 4.87492683191034 9.9612452639728 4.33353077540033 4.01245678169074 6.02299531512442 1 4048.6642183586
"1" 2.9736406170322 -1.1379198676357 -0.0908336784742264 0.289087505395428 1.20291467448421 2.2696157048161 5.11709289599341 5.40559755522922 0.774589257258972 1 -5837.91444688238
"1" 16.0055112431031 15.6474846474266 2.38151862315575 3.92770313884742 4.8790281857306 10.0883323529543 0.284784579346558 0.670679100240877 5.55604647257386 0 5614.72837943741
"1" 4.03980550818314 3.74980055438654 2.57962364894642 4.20089270806561 5.12379464759347 10.5394990313866 4.83895182686863 4.8111455168073 6.00620386595726 1 4836.43055837776
"1" 14.3828259770232 14.0825419043934 2.54145411678244 4.02802398942364 5.0296482850696 10.1248383938422 0.252443225517235 0.250500983292353 7.80971447923531 0 5574.61734124273
"1" 2.30736223753314 1.90340914720194 1.14105599563091 0.00526906873657713 1.83490967778098 2.62603966098289 4.51985514673545 4.6766102515176 7.27014374546777 1 -1286.14748834527
"1" 16.2999987258397 15.978157916738 2.47589434048758 3.8915861209575 4.91359118479134 9.65813444544421 0.671307748196852 0.359493968929068 5.84463004048301 0 5639.36268682025
"1" 16.6475707628121 16.4220706017238 2.48666522936204 4.06350604804381 4.85157579580731 9.99400712931222 -1.29579127175493 -0.551788441065902 3.35305168912499 0 5628.10305779772
"1" 3.02382035876849 -1.75849914173157 -0.163061571627487 5.04700314234096 1.12366516527341 12.4151065406303 5.19511726468438 5.64185381706418 7.25495547530625 1 -5378.66920821307
"1" 2.72921588890238 0.663315823423947 0.624815566102744 2.69945881327987 1.78102657239293 8.31241890091083 4.58499995871896 4.60329393905187 1.15472461744865 1 566.799171183517
"1" 1.54737463331353 2.78284198014821 1.64746195620388 -0.0853927636721173 1.78201818338769 1.80966469446509 4.92252897141012 4.92344872887091 3.66369453608863 1 -7072.85387368898
"1" 2.83073741106132 0.372009400197069 0.311398608505604 3.55271035773536 1.39573340571295 9.50865715624727 4.78243188247618 4.61116105976478 3.25548736311512 1 -587.130027237003
"1" 2.85956255782533 0.447851964322067 0.05369007840971 2.2680180853983 1.20224661401977 6.48121209054185 4.95944597380892 4.81388283209796 3.47045277458876 1 -1765.17464641242
"1" 2.88941443597666 0.860139953199692 -0.0505534819221083 0.127870680692244 1.11665045260816 2.42424206966366 5.10121920596893 5.10677906255027 1.89423966496072 1 -9526.94628295847
"1" 2.71292416799933 1.70501161133197 0.224573502264349 -0.0953783754839262 1.21012949754744 2.21375799080951 4.97067545329049 4.929207903631 4.93121913735362 1 -7189.29259099147
"1" 2.74043705988584 0.916737551733262 0.254140265561231 2.35087851284534 1.21198647731101 6.95067153509826 4.80374800379797 4.66783584761713 6.73230068797161 1 -18.7789688256416
"1" 2.92816522134021 0.399485944546925 0.167797465357159 1.5519352862608 1.26395607015637 5.85419994835797 4.91925285619941 4.99952028158207 1.51710540804883 1 -2104.42534944922
"1" 2.26860344455676 1.65742928717021 1.53657118862541 -0.0830105893155169 2.4341125621218 2.63509747231956 4.34865855320181 4.62588064324745 6.65453476512414 1 842.67001485579
"1" 16.5159919813985 16.1426276193506 2.44814666054373 4.07176766776884 4.92959562952034 10.0830316170001 -1.82396361982825 -2.00942324211201 0.670695192880259 0 5681.24748959732
"1" 2.89072797674472 -1.62837060382256 -0.095418332482946 6.01958045184425 1.1839079815823 13.8593301684865 5.06804148319761 5.05320032865988 1.12314993555098 1 -5118.32268176035
"1" 3.00108779494989 -0.767640351499865 -0.149021664195544 0.957741092187906 1.13292627534634 4.00054330664666 5.17406146251378 5.15493223497939 2.00288569079418 1 -8561.36717799652
"1" 6.51450433341891 6.24203953311939 2.42449717964621 3.61550154993556 4.96491600775061 8.92717311341812 7.21560406477197 7.2151576310011 9.0593132496273 1 4997.29833100765
"1" 2.55994243747954 1.65949094998498 2.82353117600054 3.83376972738819 4.50110375134979 10.7068643663787 4.15386303145823 4.24994113734193 5.22527087664861 1 3083.62460421732
"1" 2.81868760055743 0.490525354956985 0.242015418745906 1.4037875980045 1.32714051902908 5.88178396122502 4.8385282521365 4.74930008821122 1.64569415173371 1 -1958.06136665997
"1" 20.6281045143244 20.3342873343556 2.40903062896982 3.78058686887659 4.83901889526602 9.41345214861117 -3.04107862355959 -3.02834204084083 8.02417292954633 0 5676.4373465592
"1" 2.6098344209978 1.51771877568924 -0.00434315069676905 -0.0464309570813195 1.45531976009426 0.796986471661863 4.95331291876399 5.23254958623502 9.13950786719022 1 -7389.48069936843
"1" 16.1658466719648 15.790880717618 2.50029374323936 3.99729110899636 4.88256574109357 9.93138056069472 -0.0419280019854419 0.548319530174486 3.92220687432401 0 5620.82534578053
"1" 3.57991894333257 3.10344180747447 2.56260015825181 3.81187690887703 5.02500285739426 9.52315203357037 4.39892627912528 4.51540257393541 6.12268820437238 1 4701.5780069476
"1" 2.63969195581385 0.628415571763764 0.51228998977647 3.79759997285296 1.5907973762699 10.8064836821049 4.58816514274109 4.32640538313403 3.37376079959583 1 433.690029221943
"1" 2.95680988777364 -1.15938066076581 0.135600700969898 4.4636921962376 1.31537969650159 11.4959134922646 4.93228297872885 5.12518360050684 10.3956835463343 1 -2141.79966097794
"1" 2.4202530225277 1.84072754941615 2.79956526155932 3.55189837906969 4.51262720578594 9.81235933673007 4.10873002043172 4.2043240105721 3.9062379060998 1 2929.6265906126
"1" 2.96275775148076 0.450847336962342 -0.217701452433418 0.490042748015451 1.03748460004487 2.47041529447417 5.22449337963543 5.22817086907814 6.40919135018173 1 -10873.2066691218
"1" 2.937768997017 2.31681753417152 2.70035353934794 3.73820486603056 5.24404447872883 9.60903062964135 4.19302722268276 3.84015098468735 4.64786410721802 1 4468.84295850557
"1" 3.02573016492096 -1.32823712979953 -0.123870121050238 1.02545605093157 1.15765215501446 4.33748685507234 5.15712894422144 5.27952168472255 5.63626304007367 1 -7779.73745041674
"1" 6.87483701059616 6.42367113773698 2.38031617998891 3.77451555175603 4.79381606996722 9.51481577208739 7.55824471342914 7.55725248743378 5.90139445375427 1 4963.90075961056
"1" 1.96609762196554 2.63340872004219 0.775490152243913 -0.179904836963199 1.29498947332077 1.65264626721149 4.99292412359655 4.99451403733901 4.25869356297931 1 -11350.7072191154
"1" 3.01277242134467 -0.497261284065899 -0.210465598147946 0.987718445359612 1.07652711033175 3.4063663335487 5.23428986257765 5.37840618155162 1.71301470704654 1 -9248.8828652018
"1" 2.60441261971497 1.60634847725767 2.33937569925207 2.34859399071146 3.74983269909747 7.72578050661504 4.29972342631971 4.38096098116355 4.44385438834067 1 2379.99749246559
"1" 2.74198897903517 0.609512130207605 0.116823108325972 2.5105190910953 1.19144356593971 8.13968915119208 4.87210745662265 4.69043837461915 2.65708642513912 1 -1016.1990510557
"1" 2.24842545617648 2.3663759323634 1.16784307434884 -0.239088468157036 1.77673979605742 2.48743634276844 4.78393316941603 4.80180231923991 7.01456692516731 1 -4180.47970079125
"1" 2.33937709619944 2.35037575650598 0.3665928570967 0.036470742822579 1.10642362009678 1.90765175002158 4.95105802752302 4.92958302285129 5.24213168458579 1 -6490.39310865786
"1" 1.82029123506128 2.66655702534542 1.70797806554052 -0.00571525807115169 1.86703632794886 2.1589561928289 4.81964313371615 4.82647262261376 7.54821463697552 1 -4388.08152819213
"1" 1.73520780292173 2.64260473281064 1.73463773475983 -0.034000820111334 1.94750084514038 2.07357908869532 4.78697857669258 4.82096157328503 4.94124942168231 1 -4465.3337559184
"1" 7.58259203580863 7.10728094995379 2.57239190580554 3.86740274227328 5.06370696496752 9.90290504793021 7.19634365614709 7.19702862347146 11.0845075384793 1 5439.63813255448
"1" 2.63419295580888 2.10645152144023 2.08196401180345 3.64312473788913 4.60297604294019 10.1726586654687 4.04799657866134 4.32885572902382 4.8194613770294 1 3625.42377922268
"1" 2.85843895793258 0.668434472444536 -0.137324859065313 0.371857381043994 1.13009366594871 2.04738127322154 5.12766764926908 4.94073263848259 6.52083131963196 1 -6495.11372772997
"1" 6.30883930842994 6.05032485422482 2.63491624757689 4.22128049110067 5.21832735562997 10.5746261693526 6.69667573360766 6.71806097563598 8.28583996760979 1 5236.93834649329
"1" 4.82202897024276 4.44751334000238 2.48167743257707 3.83411707550587 5.06888151499043 9.58090031346753 5.48932998770886 5.49774120338172 7.05960780436867 1 4916.42213868265
"1" 3.38741203252527 2.99903817790956 2.43708270327025 3.64539751432568 4.89516445096461 9.16939732284928 3.86816422503983 4.409160599992 6.84586878257526 1 5084.19341268263
"1" 5.38027849646491 5.32507616389865 2.36875299452877 4.12944983692253 4.70334717450005 9.99338986940217 6.20917191841748 6.21625968370941 7.57585279667318 1 4908.30977485164
"1" 2.91478346899216 2.64623867973763 2.6072002784067 4.09069661259742 5.24911898039547 10.1151278741181 4.06154443129955 3.91383022991428 5.36434442709262 1 4557.87323444343
"1" 2.74395511285559 1.00036000835017 0.28893537323337 2.10811114066327 1.20413370207688 6.55054059002055 4.7851305175417 4.68309434773774 3.42976131893115 1 -407.897066625235
"1" 2.64834924064108 0.890781319491533 0.46866460020287 2.41611770792305 1.39813054469439 6.9133478048917 4.66129868092585 4.45912242193149 2.01964705898074 1 -194.970198198327
"1" 10.1502915839683 9.75373517695657 2.51811672852252 4.07862479999112 4.98943654399241 10.3687521530707 10.6731135618375 10.6731205483926 10.941624829675 1 5077.60801198282
"1" 16.2093504818334 15.9160574955399 2.56285908065239 4.32079158587707 5.05621863916842 10.7702862455176 -1.24247107386685 -1.0693641884432 6.85983444054893 1 5582.28351703433
"1" 17.0884161929149 16.7756662681833 2.66128424730673 4.19050732623771 5.2517219986936 10.3649730062797 -1.22001344756714 -2.20830727344722 3.40963790616889 0 5612.32774807065
"1" 7.35569045071138 6.98791837585413 2.68732244266272 4.0162069497306 4.896136814081 9.52625488535556 7.95890666609942 7.95844030178229 9.75076695959173 1 5056.45646264006
"1" 2.43343402231993 1.4987760816115 2.8540846611311 3.47541651977664 4.51707915297323 9.86900563991321 4.05067482917921 4.23487225821275 5.99018751130513 1 3005.94846515547
