"1" -0.703069446017168 -1.0959886082511 0.292112898872525 1.53780163999298 2.4343823716452 3.15508936398954 -7.12897040630653 -8.62493157499394 3.51445656387286 -0.296271053133113 1.489483260843 6.09011238560076 1 1686.50339890614
"1" -1.7283877320589 -1.4112904638559 1.18883901349091 1.16128668866824 3.47356053533621 3.2224948668813 -5.53145132968025 -2.21814798812319 -1.1488088547723 -0.833684713926421 7.33430459674654 -6.32063397159825 1 2292.50341129678
"1" -1.73291191057864 -1.52276866062171 0.860044226754973 1.04397078262297 2.42825509393074 2.9867694126717 -1.5970212870605 -5.96196124336894 -10.1649169500376 -2.38428858169355 -3.54643219405722 2.24102953503163 0 2222.18635892122
"1" -1.75611456825081 -1.3291234980125 1.13123086179176 1.03942363009511 2.83672873454516 2.9063306194288 -12.0357209691867 -11.9416554660218 -1.67481203797373 -1.36016565527703 2.05688522369027 -7.43100978714562 1 2308.60683685738
"1" -0.552357054271013 -0.947459545225794 0.742443308583635 0.457372848397674 0.881570131846291 2.85415875279215 -8.0838822106735 -5.21927795942914 3.86464301424674 -5.17088195145328 2.40125891865096 -1.03919417113261 1 1122.8302501607
"1" -0.388508838043378 -0.872717407113054 0.0679419808319521 1.22184293911289 3.20336351946166 4.1304462144993 -1.20891403667589 -1.34235574800977 3.13497134628311 -0.702539360966262 0.0678049989198196 0.107456504742921 1 1818.19340668027
"1" -1.95999667528542 -0.653856370882415 0.484726601447042 0.855312686604796 1.80484077747879 4.08232364771605 -3.70246385539106 -2.95578326053224 4.85723134308784 1.03133783904252 0.465605578670391 -1.51131715187391 1 749.775331912395
"1" -1.13200574796379 0.243301736049571 0.294126348111321 0.320494640773036 2.94678344932069 0.288109199029303 -1.03222056309526 -1.814212040893 0.518921411049789 3.87045541377185 0.421191118263703 -0.768220686646483 1 -46.1349014232255
"1" -0.155812886441165 -0.920662193939077 0.3164893008591 0.988613515406486 0.299170119157165 2.7831383483162 -6.0171114299481 -5.36625367699865 4.28482027795204 -5.09609369741491 0.332863226125873 -0.712347527085972 1 -681.502999284719
"1" -0.319267184106279 -1.2402906834001 0.315559151015419 1.02059691519094 2.29948223010341 3.02668459317109 -2.27879582452493 -2.74751442020724 3.25711553750441 -1.03530524788542 -0.320611330734769 0.127742673902089 1 1427.40846838711
"1" -12.151790912308 -1.36219064638171 1.08611876400712 1.1413326960674 3.09368926984945 3.02394491806844 7.70371198452877 -5.47425308589953 -13.6531465023993 -16.0086003152908 -6.40152892405835 5.05804892668023 0 2219.50107251625
"1" -1.59809667408032 0.317946680012514 0.70069730453193 0.0440586445975929 2.21812534096952 3.08684074560932 -2.24036291355825 -3.3848827724389 -1.41231493963629 2.71192951323907 0.17672605767885 -0.0598334242959659 1 1831.70732266625
"1" -0.475248933965463 -1.13882106326801 0.218885661469537 1.17339682053286 2.62495616186673 3.35219248919253 -2.89320398735244 -2.9702851698617 3.30428249972334 -1.4248379335827 -0.332723177390736 0.216262428115269 1 1561.24114233648
"1" -0.496937147502951 -1.23540023296854 0.104167967296885 0.723094028363155 3.18280364969518 2.66376769501564 -4.2959067002217 -3.13694023661028 3.14054329010899 -2.9227595031549 0.825198234772388 -0.555612370808824 1 1757.62502938486
"1" -0.82232358329034 -1.41236096315388 0.0911932574726547 1.47422130441344 3.47443413778001 3.56449184454908 -6.19767716773551 -6.2729862493532 3.29258077440898 -1.84124652935673 1.39512240911667 -0.60284538796478 1 1953.83001598676
"1" -0.969270560688383 -1.23607752648763 0.315717815371359 1.5189308215157 2.60769491120467 3.10758180832684 -3.29687141757115 -2.2323403531516 3.66510081865043 -1.32732229338919 0.652952709696104 0.321324073156172 1 1725.20928237672
"1" -0.552347567096749 -1.26196525452576 0.378743343273299 0.921297457714774 2.33579055269468 2.97112347939187 -3.93726615594468 -3.55340673488836 3.38722186409227 -3.12788289262093 0.144556414191372 -0.144593313226425 1 1452.90158096047
"1" -0.405074056221869 -1.04731101043959 0.331227258546862 1.1585495354573 2.1073442279913 3.22452793019145 -2.74841143035277 -2.07902966854503 3.40888890993985 -1.61310747299776 0.656259671516721 -0.149307123968605 1 1654.82529517027
"1" -1.32120795473538 -1.24428617660777 0.84776840022811 1.31973935651041 3.76028990443004 3.36755308623636 -5.2294170464764 -9.63731788982475 2.90872375917143 0.997166699359957 -6.75680515916192 15.0909849237648 1 2435.59180613569
"1" -0.728686029870128 -1.26679756661396 0.464891276946348 1.63889681676789 0.453683968023173 3.09835048997193 -2.42564254090449 -1.54998722647438 4.20278972442192 -0.716536044507543 0.175617100340549 -0.291629223419563 1 -159.538605876813
"1" -0.12560068445194 -0.836316784723836 0.25354141283918 0.0695435156706919 2.4870116396318 1.81087033651531 -5.21523151169818 -3.64597349073355 3.1695899634004 -5.39208484604343 0.857350383441352 -0.240988393275377 1 1537.44496328948
"1" -0.756123987302105 -0.261246715531454 0.494195322688904 0.685460229763485 0.327435007378387 3.36852478870126 -2.99899895505546 -2.43244386974284 4.07954807568542 -1.07485173795022 1.24661917884106 -1.20462254956154 1 1038.19642261229
"1" -0.539986143755158 -1.08664960130619 0.344504739473597 1.1573349801307 2.39114623411797 2.69795358852174 -2.91381456722399 -2.5781848180658 3.41466727896646 -1.78474323582677 1.49159824872445 1.82540768054372 1 1625.84755492728
"1" -12.4177072518215 -1.4448421433664 2.90892692685268 1.13331591270092 6.89101368012318 3.38029703968214 7.74229400992349 -5.70849944848446 1.54504606682475 -1.52819055983699 -4.78288672898618 6.92242344860497 1 2035.0693609878
"1" -0.245061885194171 -1.19032468007752 0.321311551539108 1.43245242965467 0.34350526635484 3.75408827290006 -1.79684894718904 -1.71144048729641 4.24637703238567 -0.581040696557798 0.0899562099317753 -0.346336597154992 1 -617.819885657977
"1" -0.2491896522286 -0.966857073491665 0.374291523716534 0.651186541670838 2.47316443161039 2.43433310285857 -3.0357036012914 -2.32627154301884 3.22029530656681 -0.987039360420141 0.846942417682147 -0.0747597155101454 1 1734.90142697466
"1" -11.9055348647071 -1.2927331252893 1.15313136149932 1.16835099512117 2.86591392189033 3.13111509113881 7.59856564680975 -5.38277982457515 -9.66448343184586 -1.35272786549686 -4.76136099456322 7.99387526184917 1 2365.07354641676
"1" -0.69684795044682 -1.0694297445591 0.351995032678222 1.41961560925796 0.366131006855237 3.45759199810422 -1.58328678702276 -1.71434980339559 4.4474802768411 -0.575468339146152 0.0337912870571931 -0.54594045000271 1 -702.739524229357
"1" -0.477286854823844 -1.22131334542888 0.222086894231169 1.56200462038312 2.62951027501825 3.72885867478793 -1.83166449946829 -1.50569330211566 3.26684930467963 -0.849656596264662 -0.0568020320478841 0.224150493438061 1 1570.16918091364
"1" -1.62754169163418 -1.4559803831295 1.17641001702325 1.12374607794652 2.99033595145731 3.10170100260503 -12.6066778718929 -13.5724112365146 -1.23082258177876 -2.68185451582537 1.73202808671346 7.73465061381419 1 2307.72386650886
"1" -0.759822679009469 -0.117202882916636 0.446650632827432 0.769453843609333 1.41536705472454 2.80300353493539 -1.45893427037597 -2.04502229295612 4.11425151534689 0.486850010805653 0.288488092492899 -1.1800066101603 1 867.176379164775
"1" -0.429675876783942 -1.22465551310173 0.298651190337531 1.18282051336443 0.283766974560814 3.05787463186331 -2.69109437473931 -2.50454459916099 4.41871577530609 -1.72919331696096 -0.343582282612679 -0.367875530956801 1 -874.197317692022
"1" -0.295172389286767 -1.15830023358058 0.367832148011867 0.954231767228388 0.333063329784049 2.87410662753572 -2.93562560800057 -1.87490088637731 4.16395323715532 -1.26629268189174 0.305162228663134 -0.186365754957543 1 -509.195476956913
"1" -1.01643471467551 -1.26446107121229 0.0423307099130809 1.12483954400303 3.53324526744073 2.79525031659888 -9.89366098845312 -7.18329617626628 3.52505010909479 -4.29765542259967 3.5290286908617 1.88777933042863 1 1848.09250704881
"1" -0.168184163951941 -0.886975054703634 0.113463437488555 1.11682391885992 3.30795799769008 3.25013829677799 -3.19040727961158 -2.74693906349395 2.95820315519177 -1.36684370858462 0.550743093930159 0.414001398275008 1 1825.66186496837
"1" -0.246064274687185 -0.864505756180561 0.340141324708066 1.17922593745708 0.356159532916297 3.7170291068019 -1.74592261640351 -1.62530785019207 4.21876709963821 -0.906517061029137 0.283275961049802 -0.477202787954183 1 -544.651911924164
"1" -12.2069853462854 -1.45391576024975 1.22317159174037 1.14626495805324 3.02504598613243 3.30368988173878 7.72546387924281 -12.6784066199571 -9.73947681804524 -14.1086846142518 -9.07417521110142 0.0762396147254562 1 2128.20730486997
"1" -0.411885538855597 -0.863604977172688 0.400556289876978 0.809706600000466 0.37759563906819 3.10985549280505 -3.55224100562851 -2.25268978272122 4.2079430374286 -1.55998996732411 0.711530116862223 -0.463469188107757 1 -313.320440395888
"1" -0.524611550867911 -1.03914545588371 0.31447461731947 1.30745608092434 2.43181920603519 3.39229076709121 -3.56402543712965 -2.04509018877637 3.38833601577379 -1.10347775004927 0.998464597281651 0.24506193581071 1 1649.68471994812
"1" -0.574882047478657 -1.39180017695727 0.33712964120796 1.39916070976026 0.264737629922515 3.43148511575699 -2.02932841612963 -1.46230200459837 4.30052274491356 -0.748311217747519 0.076707148858115 -0.182734016814137 1 -328.056383381307
"1" -0.200162984724624 -1.29457759345515 0.204856263593911 0.979075987904339 0.196281668115548 3.35167428589668 -2.91937566208104 -2.24427621049973 4.62712608198632 -2.08160917275123 0.571853238400015 -0.939220517273812 1 -1179.74082982021
"1" -7.42760527090593 -1.86258746641801 1.16019475324192 1.225099249587 2.64412698212909 3.51168179950278 4.91958263207404 -0.512520818804758 -14.0297779682211 -1.03087384709235 -10.0914261435845 -4.00780119668513 1 2200.04090285507
"1" -0.179456826204099 -1.18181019762389 0.255116927346593 1.14011477497217 0.255987867147188 3.12632094340559 -2.0625857386337 -2.31946222586077 4.47694598138061 -1.91862434140081 -0.304781460377039 -0.065090318118144 1 -1172.88743350696
"1" -0.637807245493048 -0.981105227543322 0.218110378707934 1.10244409351815 2.50130948686997 3.25157399381567 -1.87184227544852 -1.8169977733528 3.47637681985803 -0.892227395804539 0.0581867892662884 -0.0754200251064067 1 1527.31563157639
"1" -1.41296183839278 -1.25536691224055 0.620672276714179 1.34983336259437 3.25289402802959 4.25066596594474 -15.2675606370865 -12.1444493392585 1.16159657466569 -0.390766439852183 -0.0390005166274678 -13.1410359489822 1 2388.00451295796
"1" -11.6658062733531 -1.49564526991118 0.936143553857458 0.909898796040712 2.31530466984896 2.56374184825518 7.17036852598052 -11.5449041611714 -11.983401049681 -8.28237665403285 -11.4929824587398 1.50789642407806 1 2182.80239543513
"1" -1.30999280394077 -0.343258648818014 0.465720197774555 0.987075563510919 0.980096399081845 3.15891401294156 -2.29602353691063 -2.07442165717333 4.57437960372802 -0.262892275374531 0.259745683879655 -1.72151818290405 1 596.575462321969
"1" -0.411892725333637 -0.433842573524727 0.334612840232459 1.48825760994624 3.00392817218204 3.24327547930977 -3.00214093092608 -2.55267724383754 3.36067891870181 -1.9936134339097 0.815374919848053 0.0185785130773208 1 1786.02986902762
"1" -12.4001926369056 -1.54557669661954 10.5108540379637 0.988680005478938 23.8878555129125 3.22100834246017 7.75995999856415 -5.33452872659656 4.1521236245683 -1.34237808630096 -2.92765329801782 8.79124731545548 1 1958.31534917844
"1" -0.285873423490021 -1.12662252058103 0.0687584163387791 1.18488929463604 3.18577711279616 3.21389886638789 -2.19233069898156 -2.3327848545204 3.04591076953763 -1.54564427711717 0.531209270630279 -0.0664398629397471 1 1807.75961362026
"1" -4.77207563166629 -1.38187069280056 1.01440016943374 1.24948664411472 2.78133786749103 2.99015990368914 2.92525834225429 -15.580897479807 -10.9818620989492 -13.9208841934545 -9.97996277651785 -3.17331171692522 1 2157.00086758882
"1" -0.410021254078777 -1.0513842822983 0.268873289389728 1.14486340050511 0.273002915969467 2.93778028029155 -2.44288843535286 -2.29507062638603 4.59933842483947 -2.0486760905838 0.397752995130994 -0.00399160643130996 1 -1104.46431150007
"1" -1.75265996217123 -1.55783103369407 0.930157772283263 1.23001865115162 2.51862264647822 2.90812089653588 -1.47122376915503 -4.37014029298288 -11.3076904845071 -5.08291283760936 -4.68968925163765 -0.816272596652441 0 2222.25243922133
"1" -1.74738299686109 -1.19985402582269 1.06872589788807 1.10715080600161 2.78513427252991 2.92966504883295 -15.2152243612144 -11.9351319916405 -1.85172683199692 -3.08512872898298 4.30326473204124 7.44414194302013 1 2433.60277271186
"1" -1.67459189122518 -1.25662018430807 1.13716285102441 1.11658292028198 2.81698454433643 3.01500880871734 -9.03777239597986 -12.0006814575448 -0.928014744511814 -1.42192388808949 0.0386499873203335 -7.89376523538466 1 2414.74854981541
"1" -0.326202773051784 -1.13957452613489 0.323544989261653 1.04957032749447 2.37962164052913 2.83652909177545 -3.86889331761486 -3.61864331827841 3.24947849279457 -2.18832145673606 0.697049612215231 0.060911938566045 1 1785.36275691685
"1" -0.559585410256095 -1.04668059595343 0.477159790741365 0.512868604916098 1.86882196471848 2.56556216451007 -3.18813551633169 -2.56121865079705 3.639111943551 -0.687031522146491 0.928235315668103 -0.136827468617943 1 1396.37596726156
"1" -0.192019388931429 -0.992052673225879 0.31334179023278 0.978081218251667 0.323287504745391 2.82802927829503 -2.81668386558702 -2.70901031483726 4.2858438566686 -1.71649473058943 -0.0660832926626848 -0.576278939683814 1 -592.698857269534
"1" -1.7946861400433 -1.45254185960883 1.08194459034468 1.13209771385428 2.80872325760143 2.96341882301383 -7.43024184647717 -17.2321081811749 -1.09857634479965 -2.50070619234647 -4.59840525327624 8.68165296518656 1 2197.50254500287
"1" -0.580245151178293 -1.20890629419702 0.42550664734062 1.36879612961557 1.72580745457853 3.87504456644131 -1.55035189887153 -1.41291410738449 3.74253654705226 -0.648015162003618 0.0419177023616082 -0.0944603745187069 1 1378.18397296366
"1" -11.1815842477915 -1.67734437173478 1.07727787669711 1.37040265037323 2.71741966294204 3.42078591072429 7.15222852793297 -8.63439367732048 -12.8670975930053 -1.02086746902849 -9.74518743258106 -2.43479614547246 1 1901.67816334642
"1" -0.778097553552462 -1.09670612462572 0.22348505051443 1.13631187961283 2.87295854480896 2.70160984302718 -2.8512387386223 -2.30126820682546 3.44115694867417 -1.31607422958452 0.285785639988506 -0.536694326518555 1 1629.03718018716
"1" -1.83329360493067 -1.45570899318193 1.12895688296597 1.12859628740706 2.95394209112331 3.35742834293307 -7.45664186326655 -8.91895247524374 -0.597830585382557 -1.38374602146314 2.51166010903152 7.78574105228521 1 2162.88677281985
"1" -1.14742841670339 -0.475266544372308 1.06822154465758 0.346334921430311 2.69585695371886 2.70686042870911 -1.42147348568447 -3.22297030462304 -1.42483453298555 3.28619973470893 0.223560448414528 -0.102550774013284 1 1584.079371625
"1" -1.66859162067028 -1.39438720658104 1.01776690590322 1.16023794147153 3.07801162613245 3.05556621530938 -11.5318833228789 -9.89741109756298 -1.24340283128452 -1.76181664464008 2.50717382923183 -7.36765016687336 1 2315.00250172117
"1" -12.1885123287132 -1.61358897443175 1.46261207232735 1.28359327868369 2.93604755500069 3.25228929949051 7.62644480384449 -5.62272924885597 -1.48212210708066 -1.67723548757045 -4.79776747829134 -4.00087065950818 0 1977.49814216988
"1" -0.307654444477627 -1.13931390967254 0.35685439043541 1.15803980513506 2.59095010037805 3.42200261843326 -1.62139447013675 -1.43110565599302 3.2574177247128 -0.67818235519741 0.219496280010813 0.0570259891663887 1 1716.70196659938
"1" -0.399830220001785 -0.708515476369619 0.379025350377926 1.00231738529404 0.331876657461821 3.03199596851937 -4.23344932147683 -2.71749610264534 4.30638059463241 -2.32170068872147 1.77444699847646 0.666663839376318 1 -173.308899598625
"1" -0.255195933582535 -1.20779651208225 0.370386420360586 1.10642241011201 2.15113515895124 2.52469849890682 -3.4589147805274 -2.8576884590922 3.30249360077983 -1.9483045038861 0.859490099232687 -0.258161758223751 1 1561.92876212626
"1" -1.03130175135915 -1.31206503643462 0.0738178237796341 0.84557567590482 3.18563540795042 2.34021930884818 -12.4767590816946 -14.4236536265179 3.56744022851322 -7.97602593703865 2.87676355838839 -0.949281423517 1 1650.89448038293
"1" -0.413202791885439 -1.06032848384497 0.269972796534911 1.15343474740368 2.7373608711706 3.12307056508886 -3.01688644985383 -2.91231650207653 3.19357215313445 -0.948399244057189 1.33884693324925 1.5309934302947 1 1690.86397789196
"1" -0.0820706417557013 -1.53899163069692 0.322972529322789 1.25067454752292 0.317963578448194 3.47233907257816 -2.50089543193022 -1.95153961053178 4.12377703427277 -0.83147029100375 0.0127335384547539 -0.299524589681267 1 -1025.92748136463
"1" -5.45869120802215 -1.17049299140988 0.880285824659469 1.33168955055943 2.37906186765703 3.04280702575614 3.64070457316409 -11.3347396696673 -8.85706963190833 -4.76982484807291 -10.1930544386557 -2.62662337145901 1 2215.73558552135
"1" -0.81874678983025 -0.787926748013285 0.377420697042115 1.0680789495714 0.369197475024159 3.22058191448266 -2.00414223435176 -1.78692717349025 4.53367532973632 -1.31881716221297 0.446710264842238 -0.555968392409612 1 -327.826042950212
"1" -0.66965844306875 -1.32928947487921 0.307144446362173 1.60964815321388 0.292976920251766 3.56566536872211 -1.0987933357486 -1.47757462187843 4.56584128448392 -0.78880744469355 0.161850179056929 -0.095993920545905 1 -825.237871918973
"1" -1.81820605874731 -1.22073586144425 1.04906051861952 1.01894738110044 2.60854439360613 2.96271835098696 -1.01814999097006 -3.8588614430199 -9.20722851349699 -1.70654224300285 -7.62239523844058 -0.605792249065973 1 2471.31628029572
"1" -0.382080339704158 -1.04420230570166 0.0504350136590894 1.59452658746066 3.33146801894097 3.81866098479635 -1.38098455631519 -1.55890569469932 3.09739700667648 -0.729112505034943 -0.00565235488408225 0.150342595114906 1 1745.20594157252
"1" -1.04947536503203 -0.85055335756525 0.39287199342121 1.13379994798691 0.350068445477422 3.06768384632915 -3.10739333235655 -2.39775217999457 4.74200501127068 -1.62897848632673 0.49914913625644 0.529759563771176 1 -623.943689971813
"1" -0.633677876595533 -1.11574536214042 0.13164718178149 0.84230716076558 3.00730047935524 2.52136986659301 -5.73441923777158 -6.64284602300149 3.39870076498251 -4.18866951908075 0.92589293852517 -2.7275746349433 1 1910.0172589901
"1" -8.59583173163628 -1.50171567923197 1.11300933747413 1.0214554808445 2.87854976450757 2.9177702223456 5.73927036277015 -13.280694209191 -17.5297626829126 -22.0255860165182 -9.49312256378562 -4.27702208413753 1 2020.39583244509
