"1" -1.64269635237784 -0.931398092755589 0.0949028859813526 0.19828946719784 1.74098594450811 3.78345779118151 5.38881380002735 1.20366233381207 -2.54977962003476 1 -253.347196139062
"1" -1.02834540356562 -1.60056507387752 2.20931039119895 -0.24663798807379 6.26083415207718 2.56657008727848 3.11534773751107 5.0791247253763 1.07180566084631 1 -79.2050209145609
"1" -1.6019034158795 -0.2308813897048 0.273381593300778 3.41338711939956 1.93315157837356 5.05294722878139 5.41144494793015 1.69432828897026 0.804538212575846 1 -82.3408667328013
"1" -2.45627141293604 -2.19119285377008 1.50318863873538 1.2324793273036 2.9928372503439 2.59006788928845 -9.37408254047368 -15.9160732815135 -0.528658736031481 0 115.213307594421
"1" 0.556500030159812 -0.490640832013783 2.49649096718514 -0.123683438849541 4.49746161663301 2.22839389174657 1.94716685093963 4.79936824971452 2.78616728371788 1 -89.0316510849379
"1" -1.88566913904266 -1.26975333930402 4.44904674836665 1.55173616399347 9.75675531594747 3.7449135722166 1.28934159283527 -2.4516171318632 9.21194909706814 1 183.511886872776
"1" -2.03137432399286 -1.91826140651491 1.45300883516505 1.1625414887983 3.02139350163553 3.14166462954076 -13.7549729304811 -19.5436159680475 -1.80361833365571 0 144.85350718642
"1" -2.74618378853793 -1.80472298541439 1.77456948038523 1.34565915121542 5.39695072801234 2.78540828667795 -6.24441848285711 -36.9994963598702 -2.89108928055684 0 123.601214454665
"1" -1.68368525406957 -2.29543173562015 0.420869426316013 2.31760050368179 0.433595039847252 4.92976283090112 5.87887661120317 0.359283169072992 7.84981952202579 1 -359.893814328209
"1" -1.79885632902455 -1.45256986194464 0.87469939101151 1.16637003830478 2.79880951006496 3.28546191454015 -4.65302751867458 -5.58516072488243 -0.260369786778059 0 179.59145386744
"1" -1.72199164193674 -1.38200772305453 1.22055796285901 1.3143096467594 3.2610279854164 2.87857835270275 -6.65759227729908 -10.5179604961775 -0.63343765809914 0 190.664924714917
"1" -0.553659812886138 -2.34186688714871 0.134084657171891 0.61773291450866 0.161052963285918 5.17420777639238 6.16444760266097 -1.65587456829977 -0.31334422339321 1 -829.819004074935
"1" -0.407533154424857 -0.264638527145579 -0.22726114517165 -0.27533208503497 3.5707007980288 4.01344110207204 3.42602002753362 3.37765193410114 -0.559525940424769 1 -116.981051007387
"1" -1.18781078080313 -1.49118469107077 -0.127659146690594 2.26645201123578 2.8482900479697 6.97738565608387 4.21284621668985 -2.44580775022118 0.398907149335199 1 38.2478006288993
"1" -1.88173510755881 -1.34329616744378 1.00856963764584 1.58818532965325 3.17210543458539 3.32939329074453 -0.917693086046158 -1.40198184282921 -7.20925360967627 1 184.833483225119
"1" -2.1241642215625 -1.73525233195357 1.5699495613474 1.79870140016625 3.28111211695284 5.75866822832407 -30.4979256952943 -12.4901271138927 1.50710775382882 0 144.077749781881
"1" -2.22271778473687 -1.67507592799099 1.92033544940831 1.44999235961248 5.59452853910682 3.45106241178461 -9.29294464677277 -51.4989340778403 -4.98712132388225 0 145.45453787807
"1" -2.42027413870447 -1.86446422901093 0.797864456523215 1.38243498023492 6.39836970484226 3.7963316097001 -12.9911163485458 -54.5200140780673 -4.03821342838015 0 127.608745013985
"1" -2.28709404307551 -1.18017737940294 1.42164363307186 1.81030177731673 3.16791976568418 4.55908765282617 -22.792328462509 -14.1730279795361 -3.92052668788738 0 175.456909365875
"1" -1.81136327840448 -1.51760817914802 0.882531165289532 1.01402229102549 2.79933505082287 2.99824490635282 -4.20597759980056 -5.90154250805282 -0.173431843242074 0 174.960945457915
"1" 0.669389496397278 0.964835212866205 3.93605240762315 0.155623280691649 5.3604195764011 1.34403825050853 2.20628092127855 4.17195360147808 1.75948888183797 1 -54.6778639432114
"1" -2.53725737354176 -0.484104973626201 1.20039042434136 0.174496595238399 2.48488090490585 0.237830965815333 0.250947792203418 5.7283719783957 -0.509534004056655 1 -748.014673808505
"1" -2.56694343935164 -1.70712179541839 1.46884868945747 2.02242762627091 2.40599662167854 4.25767469408503 -34.5729729990565 -14.4247080989968 1.57012929644331 0 133.66978344387
"1" -1.09365446900629 0.271153569363166 0.0119215982867491 0.0141741287943371 2.35414704042388 3.11628283632243 4.99602640332246 1.40305730706104 -1.52554546734872 1 -333.018811592508
"1" -1.9699455311714 -1.07321033770269 1.14418725680612 1.07057322772445 2.91356870548159 3.59722441601277 -5.71647825809215 -7.19948037735834 0.0202938795824031 0 197.985131596753
"1" -0.16322555015533 -1.12265159073365 0.163752498944565 0.458252733466762 0.202650460711929 3.42857581716303 5.8218018388294 -1.64305263719803 -0.312866003554856 1 -686.255836790213
"1" -0.535732591956224 -1.29995912102633 0.146996065759615 0.326313289139825 0.202809221175051 2.7441060489111 6.02507093424605 -2.37908812900789 -1.80324848342822 1 -682.071718729385
"1" -2.24211251498498 -0.29032322082636 2.12104131679218 -0.149611703835045 4.87853060187164 2.97699816596277 -7.08358773191925 3.48505916338536 -5.55448031737629 0 87.704940813438
"1" -1.21189276325046 -0.791316824221403 0.129300267764831 3.00136637862528 2.02486399933874 4.44634960282285 5.03049026762423 2.90480709841688 4.23870234901156 1 -196.368087767096
"1" -1.55540573678069 -1.47686192465332 1.12417267387257 1.02442735861308 2.66941052958949 2.71380755605744 -12.2785281976274 -15.3113513865846 -0.938809337475194 0 192.955384265212
"1" -0.71664447672455 -0.243758349060449 -0.116156202694456 2.533764902486 2.67725159154771 6.16882459772573 4.5310082014202 2.53303795233459 1.92127538921827 1 -49.9650070229372
"1" -2.72647098058255 -1.60659852919585 1.62508743196987 0.999202477661047 3.94759660624187 3.22830868868822 -10.5739184938344 -28.8392544456597 -0.335436439933665 0 135.522731657936
"1" -1.76675301665611 -1.53969980718648 1.94040336258125 1.37245679893588 4.08522146803801 3.12918788058207 -4.40863744012913 -14.6989169443674 -0.00858181103012078 0 176.419505938225
"1" -1.67659326922869 -1.61173655037875 0.231398818126836 1.45928349690915 0.294999830323446 3.71512443539225 6.5109796132053 -1.27393616914956 0.181617173938815 1 -553.266812161869
"1" -2.34999333807354 -1.52864740370927 1.28404015733292 1.41251323757983 3.22821931338373 3.31397014204975 -11.1532662566597 -16.2310705411944 -1.14492415617017 0 154.092671085137
"1" -2.66563209704297 -1.22513721887213 0.872718715959636 1.84176872656998 6.74712467785014 3.82549735884023 -4.37653439887325 -16.6503256882228 0.886346330795311 0 162.107710082221
"1" -0.608943320636841 -1.84724503108417 0.182151669967751 -0.476666372333928 0.239865305009322 4.14748768895725 5.83886864328302 -1.11145079954884 -1.47265511158004 1 -636.914582727404
"1" 0.00767525934667848 0.113655173059184 0.360221402047624 3.69701228346332 1.54684780067031 4.84288164788887 4.38133813252563 2.1962912281371 0.859712439158046 1 -61.5864324508411
"1" -2.00331199433983 -1.67298435442015 2.30409493946699 1.92438791045994 4.22220939714996 3.43568345662486 -3.23259693655196 -9.19532839552383 0.515512408256253 0 156.845168381707
"1" -0.106976156255006 -0.69507253141956 -0.732403880923841 -0.331503886615251 5.86409668158163 2.73825493422243 1.8843391461363 4.26543885189904 -3.14855475249791 1 40.2815013091767
"1" -0.752228552952678 -0.293316589949514 3.40540529128281 0.20163217661572 5.22701305754872 1.75670286012519 3.44128304806327 4.33953183460031 1.33878321897909 1 -22.2815099741838
"1" -2.85090959462393 -1.53776885268636 0.196012314809833 3.50443770245703 2.21465722999165 5.85969905848952 6.06736406620285 2.15157354169853 1.91645427563629 1 -89.8977065852605
"1" -0.80042804954519 -0.176596677913986 -0.132420145402067 2.57060386481772 2.32962572968964 5.06057621776462 4.77471527743172 2.56408006407234 4.3283122170863 1 -125.988454780551
"1" -2.13448561499142 -2.04111524854549 1.06016567329575 1.80550741977114 2.89163953027716 4.76919237055974 -29.0192624411993 -8.43921604901884 -0.681363494004586 0 130.362479504586
"1" -1.30015006462879 -0.0351505804711242 0.0728045451506589 2.57533333245919 2.55024011056631 4.02808304958798 5.12720357140332 2.15727843336629 3.09767001067165 1 -114.435358545741
"1" -3.211200609472 -1.40160867749993 20.4836474176691 0.974089945126535 29.3673277798924 2.75159408641786 -17.3440951875482 -6.28250188176613 0.144278430992996 0 133.149099879261
"1" -0.681407979041957 -1.87151426446561 0.229244692529234 2.48028309891759 0.23527638395958 5.27986755803762 5.7559109295984 -1.59129635751403 0.820089081593934 1 -655.695563960609
"1" -0.255317069179491 -1.3813480355187 0.267509553038985 0.324554318971079 0.336312933830255 3.59921219712505 5.31226945377279 -0.150546678710772 -1.07952990127388 1 -513.758766155264
"1" -2.22124978217374 -1.58065775463726 0.943416230139415 1.18023666422626 5.75848144007599 3.59840517217358 -12.4962922557443 -39.2449700480217 3.58160043893488 0 151.389649350584
"1" -2.07589408609259 -1.91554088095023 0.20675565832646 1.3186359526037 0.216654072395759 3.84001203116035 6.97130139597601 -5.788150936825 0.223434900165181 1 -705.26437870424
"1" -2.0247763028569 -1.38573163521222 1.02591311206941 0.971227805392192 2.2335374551822 2.62158983724144 -11.4878371184572 -15.1221317107951 -0.660936796074405 0 175.388673863053
"1" -2.15603428488878 -1.95667350859256 2.02582549381124 7.6231335409821 3.95144138823622 17.211440881735 -15.7514662687984 1.82601718909136 -1.28875018179582 0 128.609814475728
"1" -2.33317386323952 -1.47370904173115 1.16051594521122 1.57567878034759 2.90731415354872 2.82685616621126 -4.68265810180665 -7.49662743470543 -0.0189578068445776 0 160.293973576306
"1" -2.92880014110002 -1.55757816717778 4.57286188472364 1.84791426445301 9.25284959261214 4.83637644788432 0.553901515824562 -25.5971862269287 -8.99041355642285 1 127.398276428717
"1" -1.97472344784112 -1.19686575270697 0.996577446974216 1.13020175590875 2.24799202383744 2.57709333740743 -2.86307464673519 -3.79613514798304 2.22924776984141 0 191.983628512308
"1" -0.213843283227715 -0.981146046319978 0.333656885887165 0.879582511164739 0.353676823138331 2.7554645749829 5.16016778617813 -1.42051211018726 -0.0737689330818658 1 -412.89932865323
"1" -2.70885709958203 -1.53657969353297 5.18563422736517 1.10530953711606 9.88553103337626 3.07566520575393 0.297824373058751 -25.4510101776805 -8.04142792713389 1 138.493607232008
"1" -2.04993410356174 -1.42451080503178 1.15333741679348 1.26173422754146 3.76198826640303 2.36530378892806 -12.1430031453665 -20.5496362177584 -1.83818255740703 0 173.179116006347
"1" -2.24018023224736 -1.59261833144695 1.47230924190535 1.41157411648354 2.03328929395605 3.56311296670539 -4.51789444082516 -5.24666097050779 -0.439373590063646 0 154.553292303426
"1" -0.997453086912464 -1.83743338223443 0.247674535481714 4.04464210951068 0.6710915894747 4.09663618639221 5.32145790395885 1.3754280617577 3.88960685283902 1 -355.941823268616
"1" -1.71975119939318 -1.10193544922285 1.01805485031633 1.13673364389838 2.06719344418566 2.63928481196916 -1.99645926442619 -6.02634875419758 -0.756099664320024 0 209.407504181972
"1" -1.42641217699891 -1.0563649621249 0.96777726307861 1.2048881190739 2.34288434757337 2.99434742547078 -1.97795814150405 -3.46603796201791 6.03726410186319 0 225.767145069128
"1" -1.78141290813108 -1.33433085981045 0.934451439398545 1.59572961621656 2.61144092485066 3.19621365509054 -9.3162227237065 -10.6081190871635 -1.45144215247478 0 189.947125564077
"1" -0.778811739843143 -1.70720307575091 0.177697336878387 0.898411398567725 0.209018812417088 4.99170995386711 6.04085721960532 -2.33313017060139 -0.770144143797463 1 -712.581780450292
"1" -3.54660626526144 -1.43423595560745 4.11485731114674 1.17793346871698 26.1044040881257 2.28139326109392 2.75789569264415 -3.41353643321414 -4.66636039361999 0 131.700958483542
"1" -2.15723264324436 -1.96653824737677 0.194838578405479 4.38508309767837 1.01932961922822 4.95292725449534 6.04231286620231 2.30385798939864 1.2961416048476 1 -212.327932935911
"1" -1.78669840722407 -0.838926691213253 0.796970969983404 1.29867405370902 4.51394245968162 3.53511388678706 -12.9948657872141 -19.293599780334 -0.632877748584844 0 221.35151850634
"1" -1.61267135311052 -0.747424942363361 -0.0822531143060902 2.61155321035635 1.89044957082268 5.13085173388906 5.38034598540776 1.78015167998209 5.74538189606291 1 -102.110779365371
"1" -0.184868258553995 -1.19858542469945 0.162340639173866 0.423871456513758 0.211160751414495 2.84660607151801 5.78470395005552 -0.607058134985024 -0.198300482729763 1 -680.031053382637
"1" -2.91713950011865 -0.680450675559837 -0.083823008196973 2.05461412089645 2.37976801748261 2.75290193008261 6.43600881758923 3.06626482421139 0.74960585942868 1 -53.2798945092372
"1" -2.19391010863242 -1.50162462738437 0.663623140669077 1.71518761581322 0.497128888042725 2.87045327020752 5.79966594443693 1.37371585734868 2.30287720858552 1 -132.287138009044
"1" -0.739634954425114 -1.82415147626252 0.277406318795513 1.78394703253645 0.296616945434205 4.72149275042528 5.56973072899879 -1.29064356885379 0.0194902586237417 1 -558.776882442195
"1" -1.74788394784487 -1.46850211258441 1.43165502790504 1.41520943386342 3.49206439042852 2.75648483424689 -13.6305600502389 -22.8885110766932 -2.55865033061833 0 184.35213553109
"1" -0.805086064714454 -1.33059141219361 -0.0169685615836723 1.08086174882264 2.48229545391516 2.78153614126339 4.03482699663072 -6.3197647088795 4.99599937243697 0 100.107972450943
"1" -2.3379388661684 -1.46326583580771 1.2841900587509 1.37610237871505 3.35162992133828 2.56739980252172 -12.5644472798431 -20.659823655748 -1.11087532055434 0 160.796082795593
"1" -0.274508280812932 -0.248065980529711 3.84748870067659 0.372884882043379 3.89337241064049 1.55232312195321 3.07265617157211 4.51338571996456 4.67198254440489 1 -282.185104613784
"1" -0.331607704166104 0.71315416301166 0.431954072069513 3.00876985808705 1.37061294511054 2.64950217859913 4.67842603120126 1.71108230920347 1.30720699228866 1 -157.406116176015
"1" -2.68063641328059 -1.38615081698578 1.31999208245469 1.0478862207137 3.72667678349256 3.0350851275209 -11.1358493302469 -24.1724416372858 -0.751331513163842 0 152.779428193508
"1" 0.292007409185061 -1.19667338295588 0.141270683111622 1.30928086448119 0.195268827743267 2.9616469188678 5.63799527162368 -4.73677272127271 -1.1747989416642 1 -668.825591336648
"1" -2.2805387936872 -1.15469239066102 1.36631185238369 1.00423068476589 2.95855965564371 2.84417154581487 -11.9966353438457 -16.966572585818 -0.0372248831796552 0 182.884659394843
"1" -2.0358824798758 -2.04536394687182 1.63972590537944 2.48055346939891 4.25672056419931 6.57572453088471 -0.591662256981054 0.657317401063934 -9.44331786423078 1 137.297140342608
"1" -2.22620150733528 -1.38030097636753 0.0225625114238341 4.16114964739203 0.935008228266671 5.83592326540082 6.26080584023176 2.5854656300257 0.507297790398938 1 -183.136423616473
"1" -1.87718330497782 -1.55156988269181 1.50933291965465 1.40176825269982 2.74837329377705 3.4765190210298 -4.50950654116448 -3.68257896769717 1.60748794415399 0 172.773416346409
"1" -1.70923380204233 -1.32894334446001 1.17490820091724 1.85399501668292 3.99800671827134 3.46843801239169 -12.482801451496 -14.3355687264733 -0.202427732379708 0 191.494934083555
"1" -2.25329539725858 -1.86458553188311 1.18145820001854 1.70932857830269 4.41849088799803 3.55893773373323 -6.19343706852629 -7.93519707379232 -0.707177441593252 0 135.524014661477
"1" -1.75394242348626 -0.614555129124943 0.0486886294939412 3.26341461125805 2.00386781085398 4.65079867359496 5.3604458980041 2.52253100729424 2.97359238961753 1 -231.960226698613
"1" -0.235693702451338 -1.05899121398698 0.240042902224788 0.0954230642666505 0.262641627023817 1.75845588265804 5.4513619976729 -2.07663607061531 -0.349059143546544 1 -556.557624939996
"1" -2.18978748321573 -1.43487615148118 1.54338113550825 1.60649024770048 4.04553032205646 4.2794827136681 -10.8937280379523 -16.0056096032729 -1.03203187784877 0 161.507042170425
"1" -1.22900344140211 -1.12183092614286 1.13198374630346 0.96534028105252 2.60020272498022 4.09144391618277 -1.25343521906457 -1.38186123300467 -7.4502052889567 1 229.52733709018
