"1" 11.1853427486969 10.834255315026 2.3113976692059 3.99878846505082 4.66365628386143 10.0509680235515 -4.23077780752018 -2.21690719567374 6.75209552140859 0 464.137553165975
"1" 16.2237927524902 15.6335360320459 2.66442221335258 4.36193416286998 5.43420248289866 11.0631839821133 -3.02192821174241 -1.86886477427927 -0.293886850593014 0 459.282639090934
"1" 2.09809330562133 -0.0453675756001415 1.94836765997699 4.36530480647709 4.33286055389814 11.579829582211 3.6010117709253 5.46488520949904 2.86009701296616 1 232.829744423829
"1" 17.1404203543024 16.4260423895472 2.45160514177799 3.75283352194939 5.3238690537505 9.6945684900021 -1.57483071090364 -3.96780489634011 -0.319980767750625 0 478.09934879352
"1" 2.37925836231272 1.94720466753973 2.52449853626577 4.01609079199701 4.8805281668733 9.81604862763356 4.15953987296518 3.99419424551682 6.680937466699 1 228.616828335602
"1" 2.51733266991282 1.84852173179762 2.92581516991113 3.67713467135469 4.54303035408493 11.1616434826381 4.17791332894896 4.2377268853115 5.12623320342672 1 184.797975005131
"1" 14.7219316552487 14.1115843318481 2.80242456354162 4.13339749600753 5.28648384852688 10.5966659951268 -3.32571730947643 -3.33819509607677 7.59294773383735 1 528.435961941047
"1" 2.86448455304291 1.05552837518927 -0.108183298332204 0.194049983305605 1.07385644613419 2.16543547678236 5.13461154187817 5.10874865875753 2.26775604094022 1 -1076.52014770534
"1" 16.3817082638477 15.6855609457535 2.65265996472344 4.88950716141186 5.02555093454706 11.9553425922656 -3.48170465539605 -1.84029829468255 5.94465419598678 0 449.147947964801
"1" 10.9689798017093 10.6229085452739 2.66198382829267 4.92532714358975 5.16713202551692 11.8111128084316 -1.48159745967832 -0.738746894772941 7.89721773914429 1 438.974626857301
"1" 15.9446308170812 15.9155501045724 2.60106326631004 3.45111157900863 5.43496393603964 9.10082147468562 -4.76423356631831 -1.11944664311316 2.1952693725705 0 458.522221790841
"1" 2.87576961028232 -0.251644396764 0.301087420472464 2.92620365362679 2.48383770342279 9.16995625630178 4.56704509824404 4.93836950571648 0.441292058951459 1 96.2114462300706
"1" 16.5483076084414 16.3706611791824 2.33970231799946 4.30091578391078 4.60251939874358 10.595976947616 -5.01752295233064 -1.04892078150425 1.48259470443394 0 470.163646027137
"1" 3.40875852464952 2.8965883151379 2.27060027623831 3.8348311993873 4.94088491140739 9.66128771724643 4.41795491989943 4.45513058116353 4.86691572546802 1 355.188666753178
"1" 2.64313473053697 0.551310186221589 2.42499774471443 4.05870219572201 4.28068462975389 10.2689582701656 4.240425303711 4.74911125699374 1.33454563840968 1 230.622248494633
"1" 2.88013703085153 -1.00609468831344 -0.193269398584343 5.71323183346714 1.11046899021177 11.3143230873738 5.14511447972805 4.77859371332531 7.1832046997459 1 -321.446024085164
"1" 13.0491131747538 12.8473537329784 2.97932004014042 4.17784185873888 5.77195249634311 10.347300617496 -4.26004660005195 -3.82513251103243 9.8951069459654 1 458.571362066233
"1" 5.49069755358998 5.20282034838338 2.4476053092508 3.96061482093705 4.94975597314414 9.69260472282427 -1.23236475654391 -0.251991176175382 3.13113157524912 0 446.681369178867
"1" 2.82884192069366 0.21412770548279 0.221124031581654 1.83316333773579 1.32538436393246 7.40715188783867 4.85600551396414 5.06413562567205 0.856051879705929 1 -162.757688649429
"1" 4.02607064626124 3.56610734101149 2.94037962490179 4.99981745796061 5.84703940190625 12.4579416687866 2.60519591517686 2.60687351155895 12.0769378287864 1 423.10003594093
"1" 2.53031618914048 1.60825106443464 2.79200065129188 3.75202662515975 4.17701697500739 10.0266654864872 4.13942646292275 4.25293082595904 5.99198681970815 1 223.812301129871
"1" 14.8974960176332 14.5180823717032 2.56009425182611 4.49824595088725 5.23340965128524 10.7241217484273 -2.94335543428224 -0.488456211267588 3.47830593596648 0 443.201191267297
"1" 14.834388229182 14.493733593369 2.81081371312498 4.24143402514786 5.24617588854133 10.6770154906674 -1.13035993349624 -4.03503517258295 5.29571723900212 0 448.93496356946
"1" 15.5687454979824 15.1231934587729 2.47190394567106 4.67749766885827 4.87877956647234 12.0546356034246 -1.33522084217441 -2.90779961221842 4.24598287871116 0 447.500810519124
"1" 18.4559989552968 18.4775051115798 2.6047760113837 4.37760927459848 4.61032677577279 10.7489984212945 -5.34078123014878 -3.32001293012831 7.83270099324093 1 495.841963307915
"1" 2.96582985829626 -0.508554895245273 -0.0668550607548324 2.24377685977638 1.1978553108679 9.35055663000046 5.07683935605894 5.07583354872053 1.63632822435302 1 -408.2843395358
"1" 2.69460229319322 1.22774028073788 2.47409884318777 4.36138150318654 3.8381923007721 12.6858603351581 4.17859356020217 4.36358208793842 2.9303638265279 1 149.595414055375
"1" 2.73930557749648 0.495053693050216 0.511645928998181 2.214264564913 1.38505629804823 9.60416275961685 4.67304223577493 4.37953118987509 2.44920302315898 1 -112.865844169455
"1" 2.72883886109547 0.97105198715201 0.605309069037079 3.54730680897849 1.2988288509649 7.81195808959912 4.59966633300302 4.44685987406069 2.2799047431232 1 -39.6596749614364
"1" 0.853359608095241 1.14044266236588 2.68286033875818 5.14135998568881 6.00056491315851 12.8845677038416 3.66552621394755 2.82093825271033 12.3568586129568 1 356.27487637281
"1" 3.09826515570643 0.867924987408796 0.636648940812989 2.72389137135338 1.59812988750627 6.58758945660899 4.66378402187524 4.87923353605386 6.24632504613503 1 111.775153920222
"1" 3.03769511461758 2.63227841925832 2.64337155008053 4.06959916879013 5.05773101030351 9.96789539173203 1.41138885265821 1.01807558062995 11.4666305530674 1 436.267269751876
"1" 3.12539022367974 2.57151221674681 2.39613957425535 4.00777563870179 4.18749113213608 8.50041206521129 4.24228405223749 4.77574070866134 2.58458541268064 1 364.176075882748
"1" 3.13729163602643 3.03789160451524 2.29876666129785 4.12152372836983 4.92952535561275 10.7474671533701 2.16504899936349 2.08156451440999 16.5703773396639 1 423.188796661248
"1" 3.0277702038779 -0.81380078631388 -0.14535032912971 0.881980374355173 1.13847220766546 3.66031207197571 5.17999747397697 5.32956230977412 1.74796725751973 1 -795.322082531532
"1" 4.36294169315481 3.57824913510286 2.30297284689688 3.79082326151999 4.77700193132172 9.45922844075519 5.1371872238142 5.16949921324871 5.62110023456705 1 369.078869093164
"1" 2.54622487168686 1.67578109858515 2.75891845980506 3.52517404734992 3.64256658743499 9.00386840937468 4.2166037233137 4.32988137781992 3.4255997856131 1 216.447652654836
"1" 2.877111810039 0.271496870079515 0.146341737781251 2.29955636594226 1.23831090432128 7.69898584919772 4.92579811454689 4.84445149869858 1.71490695525461 1 -296.045958300808
"1" 14.9526165621245 14.8714364602039 2.40628004306332 3.80308335429255 5.10135805189866 10.1723291836568 -2.9911708829937 -2.25830892562266 10.2440872461143 1 454.018462304571
"1" 3.42710503768061 2.51889814058282 2.43358684087332 3.59249600798707 4.48304726121669 9.77332295667463 4.53907722860782 5.00365352853979 5.19970152499221 1 323.615028026514
"1" 3.61382758924398 3.42019806133795 2.26642566782811 3.60070914046445 4.75673274476054 8.68105990785737 4.64829025053912 4.73494893539864 7.2790200826611 1 362.874435643967
"1" 2.88213903458019 0.421341987468259 0.164194161920196 2.57320333097043 1.23232598485141 7.54592154266771 4.90242272579981 4.80410933144473 3.16934669534591 1 -270.588124899234
"1" 2.62796296221117 0.715851561358566 0.474094353986053 2.71488748801275 1.88247911275155 7.35413844006198 4.6331736022988 3.96591693654065 6.95086356944134 1 53.6316842271162
"1" 14.2800668196665 13.8036296027639 2.00920074728975 4.45652000006111 4.31648755765491 10.2771252571433 -4.98479307533049 -2.59005462120796 6.35515204300894 0 494.922232965316
"1" 2.76301647796467 0.31546367847412 0.178023296180942 2.19249251467759 1.28601979561709 5.95205323093013 4.83777410082822 4.56072916094452 3.69128512307867 1 -218.53534089024
"1" 10.6300225613842 10.0699852750812 2.96438910234003 4.12484323058437 6.1793644284707 10.7130714996846 -3.32340916461049 -2.5082847950935 8.65355616828413 1 435.302513120739
"1" 2.70550492587586 1.44872713140626 2.60133858172495 3.8185390350845 4.63199341971526 9.44625808830022 4.01870236344454 3.72240353290565 4.69074535076253 1 273.047634713525
"1" 2.84697329135159 0.0407818255390012 0.174229328672037 5.41603986975224 1.2215004310235 12.1958994312812 4.90074684090038 4.53516141995332 3.62571145457581 1 -127.835700117914
"1" 2.33325205861922 2.11574838544937 2.23810725082103 3.82852748479939 4.06153354319811 10.0418509950696 4.16000279141989 4.05090836875688 4.44853158661047 1 245.433872017381
"1" 20.893462015789 20.8471285741908 2.46504771038096 4.20497113962294 4.94004803915471 10.4234194446822 -4.80210838945554 -3.52600813537175 6.71253659466812 1 541.048063032561
"1" 11.9630518257661 11.6648449406095 2.54187904175712 3.79699931998078 4.97329909349357 9.99711241766638 -2.56666938205464 -2.50060715976008 7.94695786237182 1 485.624380286884
"1" 2.9514773465629 -0.151057061507996 1.00870458745368 3.14155213049775 2.22281401429125 7.13272917141818 4.46596220527271 4.55723419246966 0.756810457132861 1 114.250464210287
"1" 1.97657824568778 2.2174455591853 1.52257753625377 -0.168312664858564 2.42069517615085 1.83804480389989 4.55216138481202 4.73438665943901 4.61646720450199 1 -26.6931272520753
"1" 3.01466260557244 -1.32981698651144 -0.154258764190957 1.29040653269635 1.12904694108008 6.64773312029972 5.18779910639578 5.1150741692098 2.0677001189425 1 -587.619035056434
"1" 15.6778251473019 15.2909193603649 2.20861994584232 4.57761772606377 4.5616254635712 11.1107071360897 -1.4102075906786 -3.90392339841915 5.57334766302855 0 457.950556569615
"1" 13.3232326110964 13.3172043814507 3.05797898247607 3.8875873329125 5.7857150927799 9.86507150937384 -5.53591460080846 -1.94352592245434 6.60725731686482 0 458.92476532964
"1" 15.5997855345604 15.1061620414999 2.51078527067813 4.62686709041986 5.08401401843969 11.3373530853976 -4.511478578798 -2.24553581509593 4.32376557752644 0 465.385240913992
"1" 16.3627362607815 16.2231372403561 2.5749761570686 3.50565470579074 5.18781617163063 9.14795064402199 -1.6242603336031 -3.30360015067263 -0.22618198852229 0 475.440876692862
"1" 14.3414261823235 13.8221549422956 2.40047844929208 4.27796382000441 4.86443385713932 10.0760869943715 -4.18574522339543 -1.55937870337269 6.15155866437026 0 458.02384917496
"1" 2.71246549272666 1.51594074003558 1.86331149847343 1.70496901577896 3.43179015104657 6.59010406942365 4.34477902554169 4.47988080051676 4.14113808820416 1 190.40715480981
"1" 1.98485609046837 2.10713211208344 2.82302617383915 0.313164474070104 3.87005578245985 2.74840265514264 4.29459899239599 4.46635374510116 4.66419404657844 1 77.6835752824934
"1" 2.73882986782362 0.304006749313863 0.20008784981327 2.88867655175617 1.30405760609286 9.02611340592567 4.8134204032536 4.66580811345095 1.63022732514004 1 -138.640178713134
"1" 2.48258487466701 1.87646999577712 1.78736065914795 6.0177402806767 4.96363731144163 13.8184708801514 4.14898467996393 3.83047662761811 4.92403793365067 1 270.425214861051
"1" 13.396545568866 13.1059351488261 2.19467049546219 4.25024319173715 4.73290538140536 10.2470512284609 -3.9253363739402 -3.40079040668199 9.4436620138771 1 466.357084913604
"1" 3.80722587282319 3.75205523692354 2.27314965182609 3.62524009163804 4.54926558788057 8.98480044374687 0.843237428804873 0.743745206354354 13.5707387572194 1 444.983505286998
"1" 2.96021381222854 -1.55674994183269 -0.0727348061474169 4.69712909763933 1.21246064949871 9.51098791251668 5.08794369943375 5.59396380035424 0.662618285738092 1 -583.479405801319
"1" 0.580038582664321 1.45293505388166 2.84975142420497 4.18785040061384 5.89021780169724 9.9573502046008 2.95828602607477 3.54387285141596 11.3809162797642 1 384.369141205901
"1" 2.95915968080004 -1.12223417073324 -0.085710266630733 4.8934143827257 1.2040863121604 11.3973410789291 5.10144057335335 4.95286858207119 1.3572237436093 1 -477.25316389896
"1" 3.24426828556304 -1.84602938542993 0.19071451684631 0.937330066391337 1.39271077514536 1.94788207162174 5.18564932968739 -0.193775360908465 -3.23356414004774 1 -818.155370948595
"1" 2.53184051322977 1.63789636133431 2.78679376455176 2.8698358761407 4.26550774727846 9.52254400512124 4.23620442485805 4.34165317870226 3.11539632980444 1 183.773351485818
"1" 15.3088193601536 14.8789423468705 2.74582699855084 4.07007369332702 5.5927169565528 9.90644082118155 -5.36549935412405 -2.89018343369322 7.47770327968776 1 478.664319540857
"1" 2.52445768361567 2.00511802622446 0.700519032498857 -0.231232368979062 1.46280838453655 2.45074291779256 4.80781296224712 4.85459510401486 5.54952205722922 1 -510.367231213172
"1" 2.41654921152331 1.74976173999851 3.43604056325782 4.16527444704926 5.80234183262058 10.3490259230936 4.1864181759156 4.08170189056259 7.6325849861351 1 239.21364700207
"1" 17.6013033895206 17.4643076255595 2.64228487641315 4.76314054922741 5.56125622730294 11.9732720980757 -3.99854587847908 -1.61665770626184 0.939486423156083 0 454.89867572631
"1" 3.63471658724383 3.53174393991631 2.58008256919385 3.77580474965758 4.92005556069082 9.6118915714903 0.947923502753848 0.9226687374188 12.6850388567623 1 437.753059062036
"1" 2.786601377764 -0.442648008787676 0.21268642696983 4.47745487849459 1.43446689128566 13.7056000585265 4.79738335807942 4.64040439340027 0.95437537900618 1 -177.714197179435
"1" 16.0076109984684 15.8223772823488 2.91419495147805 4.33614686122297 6.00092263209909 10.8408745055341 -4.20797619674818 -1.33240309720566 2.57660301697804 0 441.344097849899
"1" 16.4862574614184 16.1002834269144 2.84057424856914 5.55181770042619 5.11777963829647 13.8461617603794 -4.27137424590491 -1.19216058923308 2.43458311585379 0 446.042782873179
"1" 16.9537994076717 16.3579679173898 2.71779281802881 3.42354670658107 5.2338313328993 8.52585776770856 -4.04588004336355 -1.56084284768726 -0.167673368851637 0 484.445891598436
"1" 2.51303150632585 1.10714178579729 1.06156903263957 4.12939034506425 1.91809566920351 9.82084612619218 4.43299389433646 4.32237137024402 1.59039532520165 1 105.599194335509
"1" 17.2338911407284 16.8807530189031 2.46170718339873 3.5636485988809 4.62435273489361 8.58636225963234 -5.51823887815199 -1.45128770579828 1.78270696588226 0 502.058425479408
"1" 2.54107187134857 0.582805339897832 2.07722630058551 4.66650383992555 4.78798900454831 10.7668744607899 4.26330656086206 3.36494119152065 2.620949193578 1 218.466096694523
"1" 19.5314789930272 19.6007966205012 2.67942374287718 3.87619734670336 5.06080793458683 9.34886492790536 -5.21799794158764 -4.82913325522482 10.4444399571405 1 488.270499859435
"1" 0.761182464417466 -0.101807461380014 2.80139179170449 3.96326485885051 5.43691922997559 9.96714039876401 2.24425383264261 2.40683189628995 10.3296675643204 1 409.500379146455
"1" 2.77034863093612 -0.419089807514602 1.94529973865202 6.84854212831564 5.06872334174234 16.2126970008785 4.33617713695993 1.84128441484967 2.32153487377122 1 248.37845883721
"1" 12.1440788789445 12.0252442039173 2.52935084584671 4.0725249757689 5.24313776188953 10.2104855961019 -3.23895519074826 -1.15989093381909 6.44212508809423 0 447.629516226002
"1" 12.3063901267684 12.0410196855924 2.56212691577429 3.77215558931008 4.85483680634526 9.51310933043081 -3.95515145444463 -1.64662921644203 6.97508968697167 1 462.012402688672
"1" 16.7373671814318 16.1743416472924 2.28674811277042 4.17918282032701 4.88301082405367 10.2045353824062 -3.01772819028456 -0.932314832912961 0.169836897323757 0 458.833186658719
"1" 2.96801868039463 0.301268757276849 0.153001532898017 3.75084962026243 1.14747914212755 9.35944023536531 4.93128814364464 4.90634948269871 4.40928782585886 1 -103.034578281313
"1" 17.0148586545476 16.9150528989688 2.82445753424498 4.48846774455359 5.30806284251994 11.1140945678564 -3.00091039469385 -2.37461031699704 -0.376638279401772 0 521.017929601727
"1" 2.83465159709563 2.79061062172404 2.21887168414415 4.40035228346613 4.54361005119411 10.4464443857237 4.56856344234732 4.39173723593137 6.57321456495244 1 346.992769248663
"1" 2.23388707287424 1.6924567480616 1.84974816805463 3.97190807789537 3.97454523309699 10.0479701732737 4.11639847170279 3.57339529092473 3.48541236846011 1 244.490899999122
"1" 2.4598568047259 1.3470492464396 3.05688341013698 4.05427961228379 4.93347613992063 10.8477606516524 3.99066492808172 4.27946239055324 3.72375235080189 1 250.713968992002
"1" 2.03832458079425 2.38511871542041 1.23111548889559 -0.236307701358954 1.74217798636245 2.13359486878962 4.76583658825307 4.83930134459124 5.88281316431593 1 -444.797430918194
"1" 16.6505377726628 16.0634664964898 2.58509464754813 6.30548024561029 4.98654892417794 15.4614265313633 -2.36274706432053 -1.20716359601075 0.480539637401605 0 440.340805225993
"1" 17.7598608847494 17.7818953439896 2.53798612522401 3.48938153005863 4.79213320099595 9.74414432429186 -4.41504399638011 -2.0471392507769 11.4470352247309 1 463.94064884095
