"1" -1.09276135964608 -1.37258835266327 0.383298146256704 1.18501333321702 2.55124527325969 3.50333019718311 -2.50051464030769 -1.91515145419977 3.40101389930076 -0.435127721175799 0.39090212962733 -0.0317033822050351 1 1673.55691868922
"1" -1.12905503249125 -1.91476717080012 0.301806651726334 0.987119351477097 3.49692782639015 2.78244814730818 -8.65162059670644 0.673620983501509 3.2279698191601 -6.41066775227592 -7.42788280253747 -5.4457791662746 1 1910.13377752767
"1" -1.56497499624543 -1.24998197899142 0.982860760043407 1.43621299174649 3.18499090860673 3.52450495800517 -10.1842824498438 -14.139741364408 2.80843383190264 -1.89746359265222 -5.67156608236221 11.8808728071728 1 2335.00624461921
"1" -0.642376341354181 -1.17517368630164 0.525583951688956 1.06764674368938 2.10597389301527 3.4491049219194 -2.33198894853139 -2.07121937930209 3.1075853965204 -0.69744110073772 0.316120729116298 -0.128080379786652 1 1665.91898318581
"1" -0.123184023500307 -0.615513282550065 0.444395788005194 0.641666617821267 2.34835620900167 2.05320964808039 -4.6667464950061 -4.08279605604674 2.83781370380079 -3.4234740345392 2.92298200897531 1.68131790521922 1 1969.9020048775
"1" -1.93895978821887 -1.47259431137857 1.10821344119135 1.38736548421497 2.66927173480961 3.2119214707285 -1.01723301065845 -7.33964382032725 -2.55836997620723 -1.42803540876077 1.92900490482733 -8.09364760787295 1 2203.47320093872
"1" -0.436636216139199 -1.28410180403041 0.410344387154662 1.29875549120826 3.08142392555299 3.59680781147973 -3.70473302844497 -3.02598131014748 2.82138461601965 -1.23624224735488 0.733425283068305 -2.32956505208266 1 1985.65914466475
"1" -12.2763563733786 -1.47650280655886 1.34753405908751 1.22811502127022 2.89199669563435 3.2238119780792 7.65158292976399 -9.79985557618335 -9.47606099211513 -1.3940710600352 -7.87158493061401 3.66823685415502 1 2073.77150905109
"1" -0.412903967453857 -1.19536941662242 0.379379127068378 1.23428527568764 2.74338386852863 3.74391890214042 -1.60923063129622 -1.23766775065396 2.86959546122292 -0.771442692042878 0.760250999372379 0.0978597675826198 1 1958.6575029536
"1" -1.65203229325416 -1.20003899689305 1.1448941732577 1.05310236022149 2.93093793872665 3.25948410360971 -12.3914593896576 -11.0317466602996 -1.23373007247579 -1.75275589552012 -4.0687579312156 8.00006569471959 1 2477.74092599081
"1" -0.802880565305867 -1.18416776881183 0.379011706179868 1.03546924889586 2.66919508165223 3.30984428094023 -7.38308994119221 -0.845489985474573 3.17144907140292 -2.07364681777709 -5.491361968169 -7.79426580079276 1 1985.28833955651
"1" -0.888295753353521 -1.11137376121181 0.392813675135994 1.12370825734365 2.75079129735295 3.45769873491547 -2.57003764724263 -2.41945832741777 3.2319236864141 -1.31282998026693 -0.304061510476092 -0.0865790485798736 1 1712.0707856995
"1" -0.644526727505002 -1.00397760607147 0.153677096514352 1.14625808051764 3.49537139375129 2.95264954482927 -3.17522673605565 -2.64472098313063 2.96455469852192 -2.55963573593962 1.10500823562847 1.55234313267302 1 1960.83120488223
"1" -1.7263078177957 -1.4597768700605 1.1122802110573 1.32986959662457 2.79121900105972 3.42977461576201 -2.71505102595867 -5.20171308930254 -1.27996199044807 -1.67057828891946 -5.40172330840735 -7.22942508628161 0 2263.55215197727
"1" -0.500251947207921 -1.09930256706401 0.40690971315858 1.23227876367279 3.05788609103926 3.43559592076268 -2.16563118402097 -2.71449957635942 2.99859310196231 -1.14563378674596 -0.0986171424050834 -0.311561299598826 1 1801.66560045314
"1" -1.85787329042367 -1.49338581629912 1.14227963177633 1.18292809950063 2.91291629483435 3.35244223502937 -6.14072704605598 -4.11992929314086 -2.22703746913663 -1.30543678619134 -2.58879650512576 4.50127653727223 0 2148.18918621558
"1" -0.805302157332052 -1.12321807386425 0.435382749089424 1.07975739340375 2.60016578395406 2.74818954097619 -4.64117781340944 -3.82361989552155 3.16206976576016 -2.7716032080881 1.7208792490373 2.10527786376529 1 1932.64846471249
"1" -1.66387483198209 -0.418141106942014 0.848958544716725 0.357338711907864 2.82730110508118 2.99265202893757 -0.747260437935207 -2.55046240444617 -0.605245907835598 2.76685209171976 0.469687360839891 -0.315369304161986 1 1712.66879036088
"1" -1.78270973518855 -1.48654910976392 1.13921965397208 1.44279377640996 3.31728281476856 3.72348920046586 -11.2150079138077 -9.94280040943048 -1.11278899244988 -1.28592353359229 0.0721510940856113 -7.94062129030484 1 2192.87763324595
"1" -0.440351355914983 -1.23851804300204 0.382449448704729 1.35188018964065 3.01236993116986 3.3046614867594 -2.3149376192025 -1.51524435851498 3.00453413656278 -1.335765405252 0.295236957858477 -0.0938363283161985 1 1929.24480868881
"1" -0.680106032033135 -1.23319093285485 0.419427335404785 1.16399303717885 3.15209848918197 2.90038529270338 -4.31014803805667 -3.24071961246919 3.05680618392166 -2.79661976746003 0.89877489185891 0.534050128933469 1 1799.23112216393
"1" -0.0830741450700167 0.0180973961527414 0.332935500579781 -0.430742189662416 2.30233794213552 1.74531826875 -2.94241162572302 -3.23344163649109 3.06684290280433 1.05372412125663 0.969096655915619 -1.43692477153853 1 1768.24507293152
"1" -0.656666360345661 -1.17833424524762 0.467405357095727 1.01172788325106 2.4585598213287 2.8197225779548 -2.95839543074996 -1.85702119203424 3.07214143637099 -1.45316774791736 0.360263758945723 0.121716354417681 1 1778.24536489031
"1" -0.666260648074431 -1.01555065738256 0.36128817412422 1.65619599861682 2.879205866389 3.97492684720282 -1.68706888808766 -1.73716680719812 3.08017026265115 -0.75526365925805 0.162663040402454 0.0529608441741504 1 1828.2657734739
"1" -0.456193964891386 -1.20010884898493 0.339386858539991 1.14922666467451 2.96969101880515 3.28652628444774 -2.27731867481357 -1.82184611920709 2.83437549862424 -0.958649725893367 0.381121345837336 1.02325367234741 1 1945.10060229489
"1" -0.37608706639246 -1.07039571684715 0.368994468452513 1.40969042537544 3.02979361612278 3.69301406081604 -2.24812131274643 -1.91198324919991 2.86173969239044 -1.16461716917305 0.72343105205633 0.168527274855753 1 2028.63908021648
"1" -0.538818240713487 -1.25100388020886 0.515593741580739 0.704626196395635 2.10364215582339 2.59923141063319 -3.52228916112014 -3.05159755640597 3.04599428035093 -1.67314855980517 -0.125362574506968 -0.0457736292405994 1 1891.17961627335
"1" -1.7860402848006 -1.17971753567253 1.18434370593903 1.00395044712938 3.05308547598664 2.93034696228631 -3.94716421911763 -4.15030925497347 -1.1157999372512 -2.80638913258731 5.33600951374495 -7.36649738821474 1 2425.85291431447
"1" -16.4797756496133 -1.13360776695391 1.09592374066893 0.639537759516064 1.86246116176988 2.75932078551067 10.5751659000583 -16.2603798153633 -13.3329588502761 -8.92140416974876 -7.11148101690597 -11.2871699567604 1 2186.34094165738
"1" -0.402398622950202 -1.0917147313292 0.345318028424286 0.52617005656238 2.90767294782651 2.32030745561256 -4.01465359326833 -3.37332515515548 2.8480739051497 -1.51375710277232 -0.133883726200521 -1.91293481046201 1 1902.56571027045
"1" -0.77851650667429 -1.24386826125455 0.47793798555688 1.34461622329321 2.21471729655016 3.39317737891362 -1.38731135374942 -1.84595177970409 3.15851603607918 -0.598129057828262 0.133938810012777 0.53315826380452 1 1878.18574467409
"1" -0.347718968722414 -1.42585454440968 0.348808038929255 1.69039427452885 2.70979963159016 4.35869075685717 -3.4015673105191 -2.65045092509636 2.83825677491434 -0.483830992007627 0.304609838164119 -1.98636707888329 1 1806.63690096849
"1" -0.330570621320099 -0.986492035992774 0.373897354732443 0.547866361860737 2.68093017399016 2.04351235769159 -5.76716117908342 -4.21557752507349 2.85252968812976 -3.40195259627995 2.34950845440163 1.05252000140479 1 2132.53018934334
"1" -1.73020725127131 -1.33394158103015 0.836881850489451 1.21622129102295 2.58923063747703 3.23864790079009 -12.3041365363267 -17.9749561575939 -5.11857744890865 -1.5280164992656 1.60276742556202 -7.45612332042266 1 2320.84444825699
"1" -0.51732316801508 -1.19114127966797 0.367720519961191 1.1829801582877 2.92539140858448 4.08911371485937 -1.84726221509417 -1.51496539516933 2.94528970166423 -0.853228914067572 0.0485853427337744 0.0384829513144728 1 1735.78918028413
"1" -0.750334294950397 -1.18921725328354 0.395691021199694 1.11866099311407 2.73158122015916 3.36996818692438 -2.54825304856242 -2.09137210873957 3.11560323752567 -1.31493551891924 0.603086552207027 -1.50338505366828 1 1755.76510083349
"1" -0.308537753214872 -1.16541646413105 0.37828305272849 1.05124763127459 2.89638603715964 2.93373676517988 -2.81579302621709 -2.48188814906729 2.79098634632304 -1.58482543545438 1.10328466282165 0.414465441687693 1 2088.23625510027
"1" -0.980011013957389 -0.914979665732857 0.472138675977515 1.01311633664764 2.42872852883315 3.09954318509976 -1.97742991574278 -1.7556101445671 3.40570234886369 -0.939553078086804 0.0231875673976902 -0.566638566924805 1 1729.2416676371
"1" -0.593701278794516 -1.19795187191262 0.380558465160739 1.2281799961853 2.64610654647378 3.67423476325644 -1.63558010552355 -1.56667717275494 3.05433737618019 -0.88288712011802 0.258908849753586 0.0600840534926174 1 1754.25609595001
"1" -1.0301102051368 -0.261034125709191 -0.13268436296667 0.0355387910281582 3.47773153769483 2.77720804651592 -6.03448472387914 -7.8781096011872 2.99522383259539 2.46596736980997 1.80836780713529 -5.58817500316892 1 917.434769722673
"1" -1.61827006060582 -1.30995700309018 1.09337766965462 1.18786368657627 3.020697314363 3.07899815806371 -3.14149838945407 -5.23432828059528 -0.62491794317588 -2.71599668893131 -5.06635694236985 0.685962894831389 0 2424.12863678664
"1" -0.565198916313845 -1.35379916353718 0.351647075122165 1.7109309815654 2.63893071136135 3.9828597998799 -1.42352804058138 -1.27776817533027 2.97791432867432 -0.629569217616541 -0.0208924226840303 0.0804812316973287 1 1823.07531070575
"1" -0.616276829082181 -1.08286028266617 0.298711355227664 1.21325131968093 2.71475400195467 3.59259207479234 -1.48568337243569 -1.46699257322116 3.05578945013926 -0.534560830258894 -0.0574277113956432 0.0617242232362732 1 1844.32263815582
"1" -0.843145378090482 -0.898545833120499 0.35950252930563 1.39552952970081 2.75602806718388 3.34041355577531 -1.64558457511993 -1.56873373074078 3.27871568537697 -0.910849890572612 0.489597674611578 0.410415789703667 1 1916.44511075457
"1" -0.427796125928616 -1.32517909642164 0.399979223069095 1.39409009849883 2.88030375203001 3.94639659880794 -1.60049120692614 -1.3399482359749 2.8624373097103 -0.648984247512374 -0.118113771827745 0.109695918627726 1 1897.27674337726
"1" -0.677397049060491 -1.01423577681362 0.147330642548786 0.976796940810253 3.55430896191611 2.70217346143223 -5.97459938008702 -5.72415405766645 2.97729222695311 -2.92261272438833 -0.492123393807077 0.636259019546093 1 1896.66311387733
"1" -1.77687429841004 -0.407996769505954 1.03669624903343 0.394960109748056 3.03789132181266 2.7006605440828 -0.411125182081347 -1.76018749881528 -0.577553834767243 2.80042459904816 -0.0664322828695306 -0.0100546483320278 1 1898.8684526058
"1" -0.381572338159901 -1.21264845719814 0.365376841876787 1.3302751698328 2.9868906295661 3.56306184534437 -2.05373843971228 -1.74258140524479 2.79518800184421 -1.23986576239266 0.691959053339173 -0.743133828936818 1 2003.03247785917
"1" -0.878536352770616 -1.12201298029056 0.317174031924426 0.508499338501773 2.75134474222967 2.79773593832097 -2.32660927826541 -1.87392063493265 3.20819449707402 -0.615273889849709 0.322615069898306 -0.0149337337555798 1 1828.4647707764
"1" -0.419628400660194 -1.17283009717279 0.369056410575435 1.08383513501599 3.01509381292966 2.78658398683829 -3.52140442193406 -2.34678913617325 2.90413937077027 -2.12370992877028 0.812027835151713 1.4181294834842 1 1972.69966020433
"1" -1.76859636727642 -1.43328478833265 0.996930473379657 1.30426521285949 2.72209130749185 3.21733774698288 -2.39302844951795 -4.27319583602015 -1.55098850248088 -1.29992662744235 5.7820655554138 5.8326241668455 0 2247.89748501943
"1" -1.8184635963555 -1.30709488574491 1.16158751888089 1.17222528697515 3.03563398534949 3.22759617582352 -8.15399295141759 -2.70289181990835 -1.92796133102319 -11.2350297416242 -4.79265896971012 3.85298325727546 0 2333.35019591968
"1" -0.446898508316466 -1.06749839148505 0.440732647517114 0.945205855675518 2.64143031521809 3.72281070297172 -2.06527758860015 -2.38359762736634 2.97501980090489 -0.739278118963003 0.385566786141475 -1.75702587515061 1 1899.25048094485
"1" -0.39713365109038 -1.06602721736287 0.264321965447605 1.34297044745842 3.22667049648162 3.74027521409546 -1.80651310500292 -1.4869854707256 2.85507605507667 -0.603531745510623 0.763821305354202 0.141995083690882 1 1952.04603162652
"1" -0.547582180790975 -0.893331454157009 0.353617211743207 1.30184691248488 2.85026628591275 3.3414637730743 -1.59991818014855 -1.50493679968707 3.00998660838354 -0.73909767715173 0.488463210863966 0.545171647847651 1 1806.11652637997
"1" -0.379560100228861 -1.3880669834693 0.255126025575414 1.28908750672712 3.20246464417126 3.47695857009509 -2.73475789899115 -2.13847304066046 2.76073551585293 -1.03099907522831 0.632578082133303 0.477186502684227 1 1881.98935822007
"1" -0.740545824870087 -1.4271292152055 0.384630117037215 1.3027881250113 3.01845349657399 3.57953363641223 -1.28744127319048 -1.54551596831128 3.03658904833038 -0.70984347764644 0.208196260572445 0.0339527926713577 1 1735.82602153385
"1" -0.605155554991421 -1.33625143338096 0.402669716297668 1.18207678518398 2.77973989736416 3.33356564438105 -1.76789285509115 -1.65343825463212 2.95518892067778 -0.938005271470777 0.339497783201471 -0.0367620909718206 1 1796.59385204858
"1" -0.556451460901018 -0.976943694273331 0.559522767380997 1.33656821713831 2.47097545183006 3.86771625159353 -1.4894402999905 -1.64119845991304 2.98702974076841 -0.57240820087742 0.200693502806581 -0.67858473965495 1 1866.89236521163
"1" -1.62517682015336 0.127185319415788 1.03116203225286 0.424800536293769 2.94461764792814 3.15204223038159 -0.750733237468831 -1.91113156985135 -0.644392893009432 2.57470979458806 0.284103877941906 0.231458681770863 1 2179.68278766684
"1" -12.2556903506727 -1.45455755879432 1.77262499859954 1.14024014998751 3.87300983427563 3.08261114069334 7.71037621152411 -6.12944976329034 -0.225018000607861 -1.16169646615703 -5.17202466504424 6.80592966544563 0 2117.81931820047
"1" -0.632722976701814 -1.27771784955109 0.420149402965874 0.993511208629418 2.62084112698566 2.64832357255289 -5.41665348922677 -3.04619056415403 3.06802397439763 -3.15927719979213 0.65552944202068 -1.39548802892053 1 1751.49371192563
"1" -1.6546113469343 -1.44221943616762 1.19654759400826 1.18363781874765 3.38988794035253 3.37966514388155 -5.34615772032709 -3.00731387152414 -0.332687592279325 -0.973573836270751 -2.94243656273052 -6.54680145767785 0 2297.42196041041
"1" -0.535477762994209 -1.38848776328892 0.559984259634891 1.14735723919307 2.11536495774005 3.60658528314981 -1.41009393984311 -1.67868342941053 3.03986189368081 -0.746487459196792 0.0320671345575527 -0.175008478151013 1 1799.66027175491
"1" -0.663350791845569 -1.27055877604424 0.378104841664475 1.35089206942796 3.03698352170297 3.41690575235439 -3.4891897861309 -2.80772041586033 2.98686584426203 -1.93227558972727 -0.328294602514989 -0.50285385279608 1 1695.24593145829
"1" -0.453963589434549 -1.1809880810916 0.37686861504998 1.08542019093688 2.82110152744666 3.51945944896796 -1.85568409867293 -1.89488469609804 2.88513435308011 -0.899183961048099 0.175670778192605 -0.132195056076053 1 1854.11067918122
"1" -0.486691818755995 -1.3271553300112 0.375732695369038 1.4637466036481 2.90087022941638 3.75417633764409 -1.49459923430858 -1.40948662823976 2.88848644731385 -0.544961703934598 -0.135386380860205 0.0878244806782286 1 1984.52845470905
"1" -1.00318102815884 -1.18545434496621 0.449213569058741 1.028884535508 0.316216298792317 3.77502172147282 -0.980524573349552 -0.933005246593485 3.8704354248188 0.0015416651428206 0.181574174783915 0.0579815484642422 1 1007.61783528527
"1" -0.586569917840247 -1.17542440536139 0.361096487935633 0.98290698462362 2.78123996403726 2.86384856417736 -3.85693863193882 -2.65023217138977 2.97834079477915 -2.1956817550159 0.986275427920462 -0.89995504797953 1 1763.31492485994
"1" -0.666263461226164 -1.08013461900595 0.530310698717113 0.853629219393429 2.19049963785204 3.21430921889981 -1.5614651503517 -2.23598085186987 3.10644325816751 -0.6292704721959 -0.0276547389191721 -0.78053418752178 1 1772.08805515935
"1" -1.59261470257385 -1.3072604756033 1.18049991012129 1.15130228050767 2.73068534219409 3.22385272047698 -2.42689712802065 -2.91390349517829 -2.14238540660645 -1.42700199357312 -6.33557154470198 -6.50659749464029 1 2493.44242702302
"1" -0.377121535079628 -1.16444931487589 0.395480517596568 1.19845853988411 2.98243612733673 3.35385679000446 -1.61125010762973 -1.60628423526782 2.80421634189831 -0.799750095055016 0.184315291513627 0.0831975528670527 1 1963.16869966299
"1" -11.9002159122631 -1.50667973030743 1.10498786752571 1.2781413351379 2.91187334723729 2.9762239218234 7.33408040814136 -5.93088075643147 -7.79716761123615 -2.48154552201684 -2.28817286981989 2.29905424272572 0 2026.81525199176
"1" -0.750345090805653 -1.39128090808644 0.365699698729338 1.19580970569194 2.73334956569059 3.02748110596564 -1.61342319801899 -1.42509627429247 3.09672009636372 -0.666593405185503 0.0424822170886138 0.415876992267494 1 1600.05454252338
"1" -1.69559665834969 -0.356733829246094 0.964107939134439 0.364555202448522 2.72089035726994 2.96720492241643 -0.392628255787137 -3.32023608652322 -0.9169478585534 2.75749208479863 0.385733809676079 -0.00400926169969283 1 1884.41443347877
"1" -0.736256998762 -1.25044862935206 0.411074521511594 1.36259845412675 2.50947751752435 3.16490590056615 -1.99815693414158 -1.84194648360958 3.1243271279389 -0.86729540937302 0.0409696906743227 -0.0649588103558146 1 1785.79877777279
"1" -12.1129275642452 -1.47614533009058 1.1756062573113 1.47664325842645 2.46524874605475 3.4649036257402 7.4998432223637 -5.94398685651782 -14.2687310145865 -1.21797440112456 -5.13887851565494 -0.530126460450202 0 2022.17514769356
"1" -0.474736349412048 -1.43547093073546 0.272252996987677 1.08280333151217 3.12141802061614 2.84932257002726 -4.05047382381291 -3.85245183739131 2.81671106604118 -2.4976774865543 0.00690291010438347 0.180004655237003 1 1801.17369553096
"1" -0.297819501775618 -1.06748419469584 0.396593182186994 1.12850266182655 2.70330426413437 2.81848937608792 -2.61900557467132 -1.73435860949852 2.8137220056455 -1.71368710403589 -0.0414061175052699 -0.0593893748802556 1 1832.0953033719
"1" -0.42713519908384 -1.04865609984591 0.335486668914062 0.434921658371219 2.93639967772626 2.06854479503793 -4.76761504610688 -3.72082924572472 2.84623039967128 -3.24451611317012 1.99335218613993 0.863008843995665 1 1700.36820508953
"1" -0.350292174984061 -0.930809953747173 0.392228677088446 0.960455738335271 2.80930236257846 2.80196509002341 -3.78750828752104 -3.40397296681829 2.85280633693117 -1.85795847161468 0.835896726731467 1.68130482388667 1 1928.42307125943
"1" -1.91162886536524 -1.53042134244061 1.35289351291384 1.26126934967694 2.98834521831709 3.32433062923748 -6.52791944032804 -10.6425605859482 -10.0687536058476 -1.69341588821701 -9.94514031231347 2.09954775685349 1 2097.83697111297
"1" -0.851769504085226 -1.34479101151707 0.37881817387467 1.64652180770164 2.98420721833301 4.0471170502805 -1.29245857604506 -1.53017840379848 3.15459421216268 -0.434397491610804 -0.174294832493114 0.044745062267317 1 1672.82894634211
"1" -0.389106311316036 -1.51739117305956 0.386688204655016 0.796687558911615 3.07600943312848 2.86316504995245 -4.84518681884997 -3.55190415842268 2.73482239329214 -2.82509614670807 0.130324991093609 -0.095389704969898 1 1764.74437343371
"1" -1.02036184198293 -1.16346252455467 0.459459139471068 0.886846537754061 2.57124172348906 3.0268283037247 -4.89832403891946 -6.65330083229699 3.34482460364526 -3.21842104431819 -2.08708528143751 -4.49586804967451 1 1691.26347902606
"1" -1.82126514568822 -1.4035531624869 1.10788474190513 1.02431286622042 2.88882242449178 2.77518083160944 -6.08289158176034 -2.84880401692642 -1.74944522326472 -1.85767724903227 -3.66411645120732 3.961717595987 0 2234.36748407499
"1" -0.249898334616048 -1.55318575863658 0.233209223398967 1.46449420101239 3.08540759310055 4.01496236114492 -1.61349242530801 -1.47802714390251 2.68224276402149 -0.544326598953555 0.0889625145389441 0.226239667383003 1 1986.76915545138
"1" -0.435198522605948 -1.16522095474493 0.468548468068358 1.02510399475251 2.42852084777856 3.27662289327451 -1.68197009500171 -1.48519959198722 2.93167224315168 -0.469298281093581 0.292714255013807 0.0380498865561723 1 1642.31804280747
"1" -0.610717976685422 -1.13444834937026 0.375818551168719 1.16369755285749 2.94436471269537 3.13922187210134 -4.29413004139099 -4.7031191543479 2.96295206317823 -2.33565262847727 -0.647356507904642 -3.48450911439969 1 1923.12707090598
"1" -0.681321342493 -0.830004855240374 0.361784456770313 0.782727355092082 2.52324483263902 2.94723972565409 -3.96948055532983 -2.99323666736007 3.13958845436548 -2.44483997751136 0.0654799864015393 1.11496365255209 1 1750.1014037167
"1" -12.380629954867 -1.55949265485593 1.50984907151774 1.30554291359124 3.57513078997258 3.36705531093029 7.71759060793597 -6.18253911728223 -0.673596767746154 -0.972230045395846 -4.34452474235754 4.97420220057216 0 1964.34126736536
"1" -0.479736503379738 -1.04244783792786 0.417384459133611 1.25379367349869 3.06561222746598 3.76228617668936 -1.78187493186933 -1.66950435759934 2.99797422342565 -0.68778900877157 -0.099215942342983 0.0110574819282038 1 1823.36008508745
"1" -3.87296555513758 -1.41280263135591 0.798318453087836 1.12950324440192 2.35141846857792 3.15618326371366 2.38503152423044 -1.68800827352814 -6.33760470138137 -1.551733198151 -9.72976808310286 10.2238040980088 1 2326.95285860904
"1" -0.501242483042033 -1.18552362571227 0.398744483092533 1.531487265029 2.7050779420678 3.66375831911764 -2.73237440108717 -2.12615907939823 2.96082427836702 -1.38275486865209 0.563006014034872 0.378093552236122 1 1880.90446681229
"1" -11.8561025974143 -1.32846658981035 1.58969710412994 1.14903649278901 3.89674357305476 3.13288710440841 7.43534585727776 -5.92746649507307 -0.218246244789596 -0.971200856762538 -4.71139007643405 -2.54093045302113 0 2270.70894268445
"1" -0.367116011063254 -0.921728965737963 0.421846777709711 0.601975858679952 2.51897790676908 2.37167888316813 -3.8462312071092 -2.70359321229409 2.88869775146346 -1.75282430949753 1.78784047510623 0.201457481810265 1 1956.07874588613
"1" -1.67146101410181 -1.2355724262623 1.11400717178796 1.12966832533756 2.82577161541435 3.20616722238395 -5.78526970592424 -3.26072877926317 -1.18120095894157 -1.77108137292007 6.44126548691746 -6.98908055284702 1 2448.89080310298
"1" -0.434081428821665 -1.41828399430288 0.339717837544073 1.28866057167576 3.02131466291188 3.26091294140226 -2.73730033117456 -1.61936778365459 2.84428968785152 -0.999111525516521 0.806464392971037 2.2165950720663 1 1769.82936719124
