"1" 15.1907132749976 14.7285447129892 2.57820549906901 4.03940749537492 5.1018834487289 9.97686776701259 -0.418467020929869 0.176902755233408 1.14196546756228 0 2807.59514247925
"1" 2.61560197251581 1.3622006410904 0.584935288404923 3.56611242122053 1.48729776875882 9.42276225353626 3.96107988444419 3.77458831006712 4.33779443302973 1 1696.27269198865
"1" 15.8868196630334 15.5106129882197 2.59791400739104 3.90393022076917 5.13561422293585 9.86246315844848 -3.37535071720827 -1.75611311991647 -0.65281084159089 0 2876.97258103287
"1" 2.69182093854196 0.411553812612481 2.34078492061381 3.60539356027905 4.47716049294738 9.40609645565848 3.47559318374816 4.23854710863153 6.76575491268365 1 2057.92604754443
"1" 2.34615539305502 2.16910827187235 0.904554275354122 0.0949426222293232 1.45002826458349 2.56853567944964 4.01177996702418 4.09952681205678 2.35587327444899 1 860.831846744103
"1" 5.88221286872428 5.74639816537467 2.48544961790456 4.10618702055266 4.87177234642548 10.4047842982749 6.19488536455584 6.20007315668139 6.57672441366867 1 2594.56907875818
"1" 2.49851534678851 1.46851454931918 2.4499531829176 3.93667253507028 4.18405518908006 10.5552890082592 3.49411670185221 3.67812485204181 4.57976313473465 1 2008.74054769672
"1" 2.74346072267433 1.08290218520171 0.422884465711788 1.60027340542194 1.32737198657965 5.45556633690596 4.07521406502623 4.03042176623072 1.56187082417903 1 1389.73642323933
"1" 14.8682860727077 14.4640167541166 2.44047623487163 3.89079555929514 4.87213347905311 9.93145125005925 -0.350486484488193 0.395447416221456 4.90586665555461 0 2813.96769880612
"1" 14.7881479745796 14.449945546831 2.55970335680268 3.75424743038468 5.00091658020012 9.46819387327974 -0.395844050190405 -0.393026570105825 7.26502914372952 1 2851.77364805297
"1" 2.72332469657761 0.961060426506909 0.400343979782856 3.91847736532136 1.37710229266593 10.5498374840248 4.06917585749625 3.97285041057716 1.68001706845205 1 1396.67976129266
"1" 2.65061744515198 1.26248635345241 0.143501694549296 1.15094424647023 1.14249395829299 3.56090097473444 4.18602163793461 3.97525414539493 6.92153601271866 1 1183.84051029475
"1" 2.5002301542867 1.64006671504742 2.51432396811219 3.58769661093226 4.26780871933036 9.72347695393084 3.53601190250242 3.67545624413766 3.7467705843906 1 2016.29022988591
"1" 2.85032018326088 0.56733418664518 0.422929075547581 3.40061393033376 1.3863544550357 8.20822238515078 4.10236859125231 4.05069544123418 1.88167273582725 1 1363.4330843931
"1" 2.58539985942615 1.2483173120298 2.21151244657087 3.87966882160562 3.96855102801278 10.2964305097024 3.50827513303233 3.76494197156162 4.82987075520166 1 1824.74035206055
"1" 2.90126767384842 -0.147102267398565 -0.207865940039382 2.75234726566323 1.04920681333141 7.08217881388827 4.49706311503861 4.27199288347446 8.57056683604327 1 930.595742206662
"1" 2.60422163903485 1.92207642826613 0.26189855540566 -0.0235203517418574 1.14763776784016 2.18258455038499 4.28462800999739 4.20745547232972 2.83497164350058 1 214.894272728751
"1" 2.54694482220593 1.49115735387536 0.488065170411434 2.19625982841056 1.38020378746419 6.02839811698831 4.00787173427809 3.75469810599551 4.03569249912861 1 1610.49997309657
"1" 2.58867942826251 1.59732033266342 2.61889479006873 3.7142353892937 4.51775625060138 10.1240060974929 3.54776946950347 3.66133010866036 3.66394605823687 1 2010.02494536136
"1" 2.68629074772673 1.81954784130336 0.157994893091256 -0.0891880416256487 1.13845768811361 1.99313473446592 4.33129782212917 4.29851577091633 3.93175597590399 1 -384.704389224378
"1" 6.4083367159336 5.83376729989292 2.62595395678349 4.57335501792396 5.31626338556346 11.3231867366879 6.39720786288333 6.40484178530115 4.27464922127736 1 2587.45178142942
"1" 16.3032193934813 15.9158565125998 2.7184504924948 4.11787303059096 5.22318441674452 10.5049634407282 -1.38050905091183 -0.232636860308478 3.42575132278112 0 2787.55714832631
"1" 2.55753672160043 1.71413064028281 2.68272292785206 4.38771939378805 4.57693875085085 11.8895518536887 3.56269203365552 3.6458064454685 4.03269511365217 1 1841.93553835833
"1" 2.63732126485232 1.33325065878803 1.23051583381697 3.40273211208426 2.26074659555476 9.18536471247759 3.71848554568364 3.90504542233773 3.78050171560545 1 1820.90484997131
"1" 2.69676376380671 1.8152267825469 0.139080892462093 -0.0971784865053197 1.12132435490752 1.89513484157121 4.33353041050859 4.35811629776031 4.31088301272365 1 -655.354074472593
"1" 2.68127212762049 2.76611269695647 2.65688780460354 3.75552577830162 5.34360073078137 9.98832753652006 3.5403748044361 4.05325474939262 3.89538051481923 1 2325.0200812644
"1" 2.67411205981619 1.49411777195759 0.0140669295675855 0.932117465542272 1.61932721381909 1.14176917308296 4.2341150873784 4.14886953718039 3.5883555473899 1 211.952663359676
"1" 17.2121515795521 16.8202816282268 2.48728939987947 4.11832412969129 4.9538086165798 10.3919335841267 -3.30316065458538 -1.34403694941503 0.620814447479877 0 2860.39259935896
"1" 16.4490078918504 16.2008719835068 2.70211108869897 3.9928411207953 5.3721084636255 10.0274286558974 -2.72769552504585 -1.05359988112817 2.04317950641127 0 2800.36415864533
"1" 3.03935829660483 -1.34900592795032 -0.122690121289279 3.60618516271785 1.13956686379046 11.0180577450192 4.47672632560266 4.83469388860481 2.28608660250176 1 479.306068331148
"1" 2.60603301958065 1.30979778577398 0.41204683561365 3.34667230455991 1.34458633670445 8.35373380843556 3.99065140149466 3.81723453224179 2.19065405513272 1 1749.19790109534
"1" 2.69945519142215 1.82415064674326 2.69475123597455 4.48316376675703 4.96580653486468 11.0940904246861 3.62965519375748 3.56116553682616 2.30334905608362 1 2079.84780302981
"1" 2.47964744507305 1.65536045331371 2.72955521197231 3.95094372579648 4.74206756149974 10.2781749239266 3.51052595013986 3.64697478086157 4.40737456640903 1 1961.05972821885
"1" 16.1148787369536 15.8850370272135 2.41238964218502 4.281622481989 4.75862171619668 10.2389483117304 -0.488909036415337 -0.782303767271118 1.01407900369202 0 2808.61173030988
"1" 16.1319749130954 15.8070565911217 2.6746433803924 4.02808214586674 5.3318931074573 10.1329225077274 -0.636956255396391 -2.24074552138728 2.11329061645531 0 2792.65913875327
"1" 2.71041703911966 0.949207013574768 -0.0442402804460444 0.804409010556283 1.09547516595001 3.06173425309038 4.32057503878238 4.11816174020631 2.42259940775719 1 729.233400783301
"1" 2.667798578185 1.24935150609762 0.454574869699505 2.69922721533169 1.31776822938927 7.59547280715054 4.03164563146598 3.87045399734868 2.107967106249 1 1387.05953883738
"1" 4.08068137321904 3.29192272591919 2.59862598463606 3.88047361791955 5.18119012168025 9.78495471126207 4.01721344715815 4.34097976015527 6.5018350826037 1 2654.57258408892
"1" 16.6073952475111 16.2809376760572 2.45567049666273 3.91488078295825 4.9364380373229 9.80640211451812 -2.55027860166235 -0.94522932790596 2.46511259393734 0 2824.43210029852
"1" 17.240158787837 16.8217823005416 2.77161424965761 3.83469330924555 5.53680005923391 9.7209961923293 -1.39357698787593 -3.28017451737322 2.3648246426165 0 2868.28707526229
"1" 2.80120570371881 0.950967778459394 0.225713918027596 2.67094112394062 1.25218077710561 8.60598172662203 4.169094471106 4.07237394155064 2.26532615004553 1 1487.74366270104
"1" 2.85778371599517 2.60872838089273 2.7743018377757 3.68049526390932 5.59578559691521 9.27982248127798 4.66552912921986 3.53415364504225 5.05899025304684 1 2497.78977406501
"1" 3.50359512704566 3.14158144635175 2.71159057275211 3.70961210670909 5.22338923694028 9.37698617719496 4.87018924259915 3.98645188967119 5.91073535867258 1 2738.65127387822
"1" 17.4711172730389 17.0118639882498 2.47948837631315 4.28725313278239 4.99713560558339 10.3361778363071 -1.90516945047638 -0.769748579070053 0.700312297018084 0 2833.09818553667
"1" 2.32898200307156 1.82975417813083 2.46662621900919 4.525573196924 4.71437747488585 11.244079000504 3.60561791543903 3.28484577194442 7.94948703354844 1 2148.6059413214
"1" 2.92792403902478 0.188905723248708 1.38752165381652 3.6588600316732 3.13873854416021 9.34737007923591 3.68938056732041 5.25045580451982 9.83485227368135 1 1831.90946594578
"1" 16.9532396805685 16.8738991710136 2.55770235869044 4.2105787438787 5.07559609204413 10.5177486465143 -1.07049765416863 -3.36217155606872 1.57922101861758 0 2843.9083483668
"1" 16.328613455876 15.9021179062989 2.40058677724047 3.82935744425043 5.03559696531675 9.70571981776141 -1.67478076251686 -1.75523030876865 0.184671385596273 0 2884.19079386171
"1" 2.7020528940228 1.04014704017859 0.276463562163781 2.73375485625879 1.26685980597998 7.29563414803022 4.11494319225722 3.87672197786473 5.17180493943992 1 1450.82083147059
"1" 15.7746796433508 15.5175526905358 2.52575659413434 3.81607858264525 5.0091057819167 9.43948506579999 -1.5536733055998 -0.290156341557383 1.4929264747784 0 2830.41200775824
"1" 2.82635989129073 2.68083121753003 2.55311913646629 3.8155691043826 4.93889283025526 9.32933256465069 3.5523454869833 4.17857840877307 5.33472286104405 1 2500.34913408733
"1" 2.27579180601547 1.86756234114999 0.156543751072762 -0.142577083816829 1.56277511375151 0.909865283987963 4.09569627485225 4.53279594849683 3.73706810640221 1 700.365670190634
"1" 2.5893549576139 1.38771442416002 0.932091810409745 3.16489192342737 1.83640625628006 8.01933051366457 3.8634363756955 3.65623815633184 4.88939642599439 1 1860.07866121177
"1" 17.4862139172827 17.2677338221465 2.59884407269309 4.10575127493005 5.20451059995414 10.3202882494672 -3.18944769244144 -1.21951707445028 2.21546818384351 0 2916.77727177405
"1" 15.9183154795564 15.5715232488758 2.58886522966648 4.21105188495674 5.2168808557212 10.3738482215721 -2.43066491763189 -1.82394481664841 0.138343973636576 0 2858.95703509104
"1" 15.4708023791564 15.183017782173 2.41005135181008 4.25434934874155 4.8645028994647 10.303597961077 -2.12680841807096 -0.200997848382501 2.48288784258646 0 2814.26557126137
"1" 8.73440831757418 8.3376608767572 2.40498175326377 4.031690029437 5.05277775095647 10.2874372139029 8.86755636990173 8.86780471756386 8.35503439860959 1 2619.56855743836
"1" 16.4433172876085 15.951228601447 2.36690882428753 4.44928156734809 4.81165635365951 11.1499016752639 -2.52213726329751 -1.29322966586747 0.541951214548474 0 2845.26403900294
"1" 16.6562031518293 16.0846706290094 2.53881273427056 3.70657265165022 5.14343129763265 9.39646262403456 -2.15096521949249 -1.25843423112965 0.400755154957287 0 2877.02754931596
"1" 2.89403691609647 1.05645187605935 -0.117208939959665 0.220428929502006 1.05918355708639 2.1914927256614 4.45573805064913 4.45773944348476 2.46697049342582 1 -976.103247523896
"1" 3.25639929802969 3.26569776909675 2.30911977800452 4.30418388766043 4.67500343318359 10.3432844578351 3.59406334713095 3.92922837513062 4.16297103473815 1 2628.66756340046
"1" 16.7856668460249 16.4171409215646 2.4026150858884 4.00201344505753 4.8759382138272 10.0120065037196 -2.67073824267635 -0.710928345696215 2.45200474926734 0 2847.68800416965
"1" 2.6549993872738 1.24842334283851 0.410974251503013 1.86929373541717 1.26046395836059 5.89022437465877 4.01903739614737 3.89840118305012 5.93527400769957 1 1635.58601483283
"1" 2.75455876332695 0.472135420874535 0.00218747141116252 2.09159555251364 1.16937081283213 6.24908414659157 4.27850995721068 3.97858282309022 4.00031224986246 1 1098.75670000172
"1" 16.5620146195943 16.3323685527303 2.40003324968563 4.21251452093039 4.8357630837221 10.5365087113765 -1.6052102389627 -0.996770207464655 1.16081298903899 0 2807.5903528422
"1" 2.51538495236672 2.3445795462339 2.52311867875481 4.04307679750457 4.82336131746682 10.0595188709948 4.01148570552339 3.71000850543925 5.72496433870561 1 2387.87873905579
"1" 2.63477151896078 1.50381574149342 0.037758304987333 0.380611255479283 1.29489029343624 1.34540950452707 4.38941315066896 3.91076496336056 6.05924632544359 1 979.731194428799
"1" 15.6482241371496 15.2321445529792 2.61897969566077 3.95326367654257 5.03126151375453 9.9374961967586 -1.03321781553773 0.0198425872076367 2.22723436993979 0 2813.74843712052
"1" 4.86785940334686 4.46676092136298 2.43407897011222 4.60777207379631 4.54353737816015 10.7654535756448 5.16386479306848 5.19862871143888 4.46053581258942 1 2627.87943650388
"1" 2.84396882373353 0.394787926236228 0.0160952593557934 2.52677673877472 1.18632704735104 6.50680185300334 4.316089582091 4.26404301326465 1.40820270896958 1 963.943283705264
"1" 2.62567435892923 1.17838241622095 0.712383883891261 3.37477591512146 1.68009066808386 9.17973356585688 3.92721208178296 3.88183026473946 1.21220804202322 1 1659.17591260948
"1" 2.48141213049014 1.64489155808005 2.77644579118571 3.94114029915927 4.77643143556418 10.2545000414775 3.50511005477037 3.66109774107237 7.31925686470199 1 2094.02635869597
"1" 16.2234882418521 15.8728108384406 2.72983126584064 3.9561629252888 5.42598161531635 9.78080901399809 -3.68574485255768 -1.10912816580302 1.31798305058549 0 2819.4419312456
"1" 2.46279232186838 1.72629036510844 2.70932577748627 3.642574609564 4.62487258678653 10.2537916026436 3.52924132797545 3.65039958102999 4.08474292816884 1 2022.39587346835
"1" 2.49918891288756 1.54118916254858 0.385807017223593 0.219056771443925 1.29466635053742 3.20902115264634 3.9910364206436 4.10741208136354 10.4563332564841 1 1409.9491666855
"1" 2.45621224977603 1.75601488460219 2.72018374604137 3.41188343001096 4.50085976121207 9.28337026027258 3.52334395521682 3.64866510950834 4.17394995088639 1 2027.07937645373
"1" 2.11055902995347 2.29260092101967 0.208491646617789 -0.199462293759546 1.75320368625586 0.860433719364048 4.27064280412404 4.4308545882836 9.28216174365355 1 111.203008382439
"1" 5.02119557433142 4.74990441332843 2.3361095148083 4.04964274629578 5.07912484972537 10.0687388873162 5.23553000427035 5.29916507501917 7.29350704900858 1 2661.29782260701
"1" 2.47745096214648 1.75781020888833 2.59993598296656 3.6530834791951 4.37612120947604 10.2554708442296 3.54976979182839 3.6569116621965 3.86362367213587 1 1983.21449499488
"1" 2.81887428955845 0.124477781435181 -0.188410184661667 1.57136656405828 1.05472693436822 4.78788387190058 4.45022190450802 4.29766506180111 1.74015374844898 1 415.409271825519
"1" 16.7380397351514 16.5027271914884 2.49443734545774 3.86852762402105 4.99020701496214 9.67781414696214 -3.37569741343133 -1.81988819392617 3.15609996041514 0 2878.06837952091
"1" 5.05828942757998 4.69346508602742 2.63105318412851 3.66017833659007 5.12353451461478 9.02858747141732 5.39438375540461 5.37161276469731 7.5877463240991 1 2596.04614437431
"1" 4.03383841426836 3.69286520353415 2.6803186665193 3.83311832192144 5.17523007597126 9.25017450658441 4.62027059362719 4.12706901167889 4.7950308233151 1 2707.29224854303
"1" 3.81562702674706 3.47367353478104 2.48418151082836 3.51718487191262 5.02263584308513 8.98107929628613 4.20905811083778 4.25699862998751 6.84886002260802 1 2568.94230725972
"1" 2.88221716686096 0.238541641882571 -0.237469044427551 0.997121115919181 1.00832491755931 4.30236768151814 4.51844002458584 4.4087578569826 2.29473584171834 1 454.718875723972
"1" 16.5895299225608 16.2663415867948 2.24448037352479 3.61439208961461 4.54324133965585 9.2135092766121 -3.40911114079701 -1.7380281581819 4.72736597230022 0 2922.26840425112
"1" 2.73700511696604 0.615684790769164 2.21616765650819 3.83959716045979 4.61599254473856 9.68844607228539 3.54414135457251 4.35557517656517 4.55874846422756 1 1923.16302999989
"1" 2.50539025148886 1.6472316274814 2.73842910591319 4.11220408566702 4.66695779271854 10.9590247065574 3.50620943030725 3.6286723846652 4.95971180778059 1 1977.9845798989
"1" 2.78224298168515 0.611304950131172 0.18831077001543 2.99810827618308 1.27146620977279 7.60679984189964 4.17341029586469 4.04183554006452 1.74474460764205 1 1155.01014597341
"1" 2.67586983866767 2.11501283660778 2.31927200910339 3.8929963975359 4.69126973765885 9.55746133147109 3.81258339378306 3.71640038561742 3.16594880948031 1 2339.46729935212
"1" 16.8614452930497 16.6223271512691 2.68240678065225 3.89754129144978 5.38854628790851 9.9898299567271 -3.16491034140283 -0.895775422650499 0.729831318506736 0 2852.44671418125
