"1" -1.76311425544169 -1.45712693121725 0.961696809602446 1.20228882254862 2.80117174925755 2.79527120283797 -8.47536157378068 -10.5520063481507 -7.53338173428028 -8.98838394576779 -1.10690742776341 -0.384025115166628 0 1112.90387441585
"1" -2.67622723778728 0.310984686764984 1.40670006465137 0.251792563844565 3.55084490661245 0.288717804682899 1.1328918524352 -2.20864271297708 -1.11231156738446 5.02556098480022 -0.557736159641994 0.166925641151333 1 -3171.40737086895
"1" 0.462503661549189 -1.04805758996008 0.197395472325362 1.72077799072647 0.314707802301121 2.86647640125409 -3.28440487352685 -3.45348350467029 5.1599587315701 -1.90165526968379 1.04107213191239 -0.930435506654844 1 -3362.10611407191
"1" -1.70615229162194 -1.29559911276197 1.019835556218 1.16293274974571 2.32239763093073 2.94812202370106 -6.97134772060684 -8.96678919019778 -5.10104888075426 -6.56446561043975 0.251833304323002 -0.072828061295808 0 1192.48066972903
"1" -9.97830115901069 -1.58407196329046 0.993920948584618 1.09625136529745 2.38459362044344 3.31392161215567 6.26962413706699 -9.77138986268408 -10.5816893654327 -14.0178830759914 -12.961611680181 -0.611175858108486 1 1077.01029566425
"1" -1.84224373490594 -1.38550915673675 0.900601811458994 1.07040414146023 2.65641828424197 2.97168037371345 -0.823233646151601 -4.63540174781225 -10.5274856240877 -6.1554524974922 -3.37775672845447 -1.97168440510838 0 1169.81221026302
"1" 0.0452521666289356 -1.1547041228075 0.480722691230374 1.27354157027334 0.487125689956188 3.54832149898135 -3.35905414587167 -2.86724420395485 4.6304932333498 -1.33095577958131 0.0735952734146235 -0.119358167765921 1 -1536.0271932234
"1" 0.763847721472492 -2.02470114339171 0.211094545370135 2.01872861088106 0.225127100475456 4.3793531576917 -1.12703324329187 -1.58866576798725 5.06401014630224 -0.845015655190473 -0.11289764230342 0.487387230756135 1 -3308.48604156705
"1" -1.7612905232209 -1.26942301724798 1.08252070359035 1.14363933152917 3.14224934564998 2.96609686095606 -9.66402170591313 -19.695487322134 -16.5692999371557 -15.8503299151662 -5.30577131861249 -0.518866236066538 0 1188.36512682593
"1" -1.716729670524 -1.22517699596669 1.07138566994786 1.04945752500648 2.4283569529267 2.71537642069238 -13.9403412051058 -18.5232809623643 -13.4416220662446 -12.1129109616132 -1.83909470814653 -2.39909479182531 0 1217.00470712635
"1" 0.243154155194735 -1.08700610685019 0.212896547696884 1.2420011285436 0.309155765988201 2.50590581447465 -1.69769035479603 -2.15964811855911 5.20245354926573 -0.287980732637076 -0.0812906057487672 -0.513840947764314 1 -3518.40900296084
"1" 0.853755249321046 -1.27623984195257 0.255008699637522 0.986051844657025 0.303783813062764 3.18938484199626 -5.20303227059764 -4.518989501863 4.90151936276509 -2.61274395044733 1.49018251253274 2.93142769731983 1 -2947.5307927141
"1" -1.61781486475623 -1.09593857393471 1.07316351760332 0.994021645168322 2.76860557226265 3.07185671245362 -16.8738583364338 -15.3715648489515 -1.11633976316953 -2.13410166351882 -1.56002467330004 -7.80924769764442 1 1284.89109408512
"1" 0.649195008922505 -1.32867061492194 0.184111880728326 1.79847284849016 0.27899396258446 3.97695024474479 -1.08929588823066 -1.047680722045 5.17195100506449 -0.513101274293597 0.12232484767683 -0.394958361906219 1 -3578.37135428481
"1" -1.04658355697155 -0.801519862928617 0.173089790862393 0.37589204279875 2.41693271528916 5.25638189978062 -21.3619156817324 -12.4874650134812 4.53843539841104 1.34701481406358 1.00623677418858 -8.45104962542312 1 -654.207774697978
"1" -1.48074279651996 0.144542870892432 0.874762640353797 0.200049762163822 2.83509093946466 0.250595104830621 -0.613002943462345 -1.94897782223854 -0.447752629589189 5.37942483606426 0.178664117869707 -0.12027294796338 1 -3306.38737411569
"1" 0.198927700852852 -1.21891228868173 0.23648212869237 1.22806574719768 0.278953864618988 3.36466714559095 -1.32932952040244 -1.92472710730099 5.22081572455257 -0.737872719523749 0.175834072099204 0.000398866108531148 1 -3215.14552432937
"1" -12.3769680750969 -0.824748882858653 1.8301941187467 0.653220995982882 4.40227142239891 3.61020022602975 7.88135589898637 -25.4050138476556 -19.1249625715234 -0.924486305440947 -11.7621153998164 -1.03153557897399 1 1108.41342257522
"1" 0.058177890717063 -1.35606281688907 0.240885976003955 1.81403609853976 0.289467190398693 3.69627455517186 -2.42705704104668 -1.98810836304672 5.28289736598394 -0.746306749481756 0.0948263480405471 0.0306720406753402 1 -3204.28991666962
"1" -0.463541579967343 0.583904702065193 0.127661393565179 -0.192921140849518 3.33026302340143 3.39954342328534 -1.13686473653099 -1.97989085470202 3.35772967795874 3.48736399926306 0.391588357416079 -0.380809754664014 1 688.595585498209
"1" -0.300641867823211 -1.33536528185455 0.25959470190627 1.2148589188922 0.321423760144344 3.16738865141723 -27.0113290091551 -23.0119654494765 5.4047040923874 -15.449546627706 2.51800227724426 -0.954431028910743 1 -2965.70132236258
"1" 0.0840966089306108 -0.82886816194033 0.214077418991337 1.11160197944529 0.278400435483754 3.26074384443886 -2.0605778751734 -2.44692835980263 5.41152365380819 -1.55756426220943 0.498600469477749 0.0950663455706901 1 -3285.68876549946
"1" -12.2179177074064 -1.24303691034515 1.70294687654868 1.1134347624119 3.96129834632519 2.93849819277658 7.63641801540044 -5.04339057845411 0.0642120334430454 -2.64424122169446 -2.95111101618077 -3.27490943844485 0 1120.3876675095
"1" -1.42344288257587 -1.06587078067375 0.61092088766701 0.956643060659278 3.73422453443464 3.1192638031148 -12.9522963409499 -14.842596285837 3.49414284163251 -1.16817236180106 4.91097651093636 12.658743978904 1 1158.79006761202
"1" -12.7560359715449 -1.45938274242594 1.15798620494177 1.25585165997705 2.48134638342656 2.9405687505404 7.94353232289994 -10.1642905379584 -9.35400460650284 -12.0021736070942 -8.23001779067902 -0.081773079323211 1 1016.37999229421
"1" -1.64413011503672 -1.21769418746432 1.17114523603852 1.16543004256193 2.75389643212688 3.00880411148421 -8.91886654678365 -9.62364684370796 -0.676547711118916 -1.16132079121143 2.93908765176914 -8.6833014174691 1 1231.06774508022
"1" 0.756360486894556 -0.785917263185945 0.160463134761082 1.08977568514669 0.222136437764248 3.35627462281365 -2.85612262715939 -1.99047193115773 5.37248686583834 -0.826483081546291 0.600564275577599 -0.0438190100797341 1 -3701.66152511467
"1" 0.510075424524489 -2.74949654472422 0.239401597926444 1.13639233920805 0.283652244437581 4.83391421913326 1.35882856426026 -0.384740594871304 4.97850314630088 -0.181822154170207 -0.400749924986145 0.447137664363558 1 -3024.92068083776
"1" -2.34966539651752 -1.40010321555192 -0.0325403640322166 2.61495031025749 1.93473053873788 4.39790992631121 1.19836746175969 1.55564961695026 5.83992123260375 2.63916954816471 -0.313059288426439 4.93998954068677 1 -900.114230913838
"1" -12.5094500739741 -1.3901204892844 1.19979944036379 1.10614139323717 2.63837927990229 2.82978861910081 7.86241476819617 -5.07828242183257 -9.3174289879531 -3.9030587101824 -4.23893018166637 0.532841694659539 0 1047.98430762468
"1" 0.653193286650342 -1.03610876851503 0.158738157214323 1.15184716572073 0.20777905797178 3.06007974771454 -3.47799040373562 -2.49713025046496 5.43174349059454 -2.15741219393006 1.20894525568356 -0.0189788450226491 1 -3696.56619424869
"1" -1.75864147070142 -1.30636120923856 1.2285012783372 1.05215070345307 2.84046195122862 3.02491167029875 -12.8366310706509 -21.3861350861064 -16.6053030650182 -14.6209064491924 -3.82648379014848 -1.94702256669095 0 1174.58849069133
"1" -1.63306978854503 -1.34994538319492 1.05425776781908 1.22316928025092 2.75227732469062 3.33186241159382 -8.01279222584209 -8.21996846230016 -2.34778501823079 -3.41296840299568 -2.80700968748296 7.13033905498665 1 1191.98120567482
"1" -1.56904678592203 -1.23016051508047 1.08652365909684 1.16661712230026 2.62312349215902 3.09000204917489 -12.9479731421869 -11.2823551978465 -1.68988498908193 -3.50756685843743 0.47561721703021 8.22446525362644 1 1258.04073334375
"1" 0.568112449999449 -1.31168981918437 0.193607238857244 1.02862286824953 0.256059535014078 3.21713533441477 -2.92324760457147 -2.07818365252285 5.20956403815358 -1.3585120075684 0.667866793698548 -0.0207522544590272 1 -3521.89869654337
"1" -1.76058150734534 -1.26690943197772 1.01564760949113 1.02867111635179 2.6377339751067 2.90303215161028 -5.22466798123346 -9.28397756089267 -5.90745465634052 -5.4954080328835 -1.78875675937381 0.213601530129447 0 1184.18265197554
"1" -8.90326600077542 -1.36765303974609 1.29083324364407 1.03099847126032 2.84008259378401 3.0347554448183 5.46849188035609 -11.020243254607 -11.953911709411 -10.5896260990044 -9.56886164487782 -0.538486126934839 1 1061.51745088986
"1" -1.69371656433338 -1.27099375240928 1.10189744816584 0.969895274615783 2.68903445317903 3.0361485821825 -10.7445326628995 -5.75067417771808 -1.17461658553875 -1.75859195039877 6.2090502371119 -9.17435816538308 1 1189.86642588029
"1" -12.4545589472798 -1.58111447002671 1.55205305844709 1.4635959247942 3.19513843362638 3.47669662367146 7.84035213258026 -5.19004801482365 -16.0550499732597 -9.33815481299754 -6.86974715442989 -0.366656837944859 1 981.224565451208
"1" -1.51300779941963 -1.3453866896783 1.05268561628109 1.1546005128944 2.74775773390859 2.9173024992704 -10.1846080375327 -2.46770949908349 -1.01135380749559 -4.10523435810933 1.44430773780436 -3.28448840421312 0 1235.57259735324
"1" -0.017538832296062 -0.502260108130604 0.186772981163602 1.35706370103049 0.263799873268226 2.79302972241109 -2.43105329707502 -2.41983214504782 5.59018912573427 -1.42877620543389 0.59401967038524 -0.275444431240754 1 -3449.13018394287
"1" 0.789258852074602 0.123307945741319 0.208579378268424 0.778922378916534 0.240365191494373 3.46042338699154 -2.81475134587849 -1.93702241086907 5.31105386944856 -1.13643289189405 0.0759014189316794 0.0178052563466183 1 -3406.24006242536
"1" 0.353950076669673 -1.10584983026092 0.231781904744852 0.931742881436341 0.276887200049229 3.16273210345921 -2.55805969108023 -3.09034734022002 5.16442795766426 -1.83954621582315 -0.0533967326230981 -0.034378971951332 1 -3261.68501179572
"1" 0.265501291533829 -1.26815736044788 0.231253799985418 1.31451599723023 0.26900350229786 3.57392109604734 -3.54903542190105 -2.59849475192945 5.2104461161836 -2.2681087111219 0.345750325318388 -0.0171877192883203 1 -3210.90851348985
"1" 0.412480189685603 -0.308713890789362 0.210821682953322 1.98248659821741 0.356718731732971 3.57118687120316 -1.56853440517006 -1.19421216147528 5.15575063875968 -0.495953835996739 0.501477631233558 -0.463534770447429 1 -3184.81824522089
"1" 0.0849187883372287 -0.128685473964577 0.256923378250481 -0.202681287778116 0.321210156408451 4.62941129474214 -1.53528953077213 -1.31250846900084 5.3917926030378 -0.609439106812684 0.129396658127435 0.386968381552306 1 -2671.47150164232
"1" 0.211879103080463 -1.29724885501916 0.177783243582264 1.66254845620548 0.200802825122507 3.710566934811 -3.13157025860642 -2.24996699751796 5.51613089250901 -1.07829755696633 0.136519467015865 0.106512401211943 1 -3766.17979064066
"1" 0.331845926248034 -0.99895178776809 0.214426400686218 0.747003379262415 0.227879418130611 2.7299027506162 -2.22726527851416 -2.60481452870505 5.27826207739999 -1.06021415680178 0.395771360381121 -0.0896907055914815 1 -3282.03727355932
"1" 0.550142971785925 -1.20455590375334 0.145565564071761 0.419874859534854 0.201727006960148 2.06698130496951 -6.52399876059368 -4.01389282651308 5.4954425722068 -4.56072571382075 1.76832972096757 -0.815041894125652 1 -3885.318738408
"1" -1.35308163090087 -1.27782075252572 0.514557085857992 1.47059686845671 3.00783606469728 3.77555885896916 -18.051745218014 -14.2321187846101 1.44041589513744 0.360217736667885 7.05938862910355 13.1993464596427 1 1186.65342726756
"1" 0.147411388957969 -0.788739065694524 0.184655647726685 0.816047934908162 0.240473482809376 2.71004348270835 -2.91487188313231 -2.63502802290896 5.51624555776761 -1.87218731264439 0.310631666627513 -0.27631616532865 1 -3759.36102138688
"1" 0.799759109551389 -1.69364614571558 0.215710676142956 1.24909999380958 0.268133774482404 3.42416520811818 -2.86659147197094 -2.31832672027837 5.02208544765456 -1.64711521508972 0.0308274807811481 -0.00619094803226695 1 -3488.30112009793
"1" -12.425772684751 -1.41271074332295 1.12743945219593 1.07427442655118 2.82840048717833 3.10653809763015 7.8460585992222 -5.00944298051749 -13.330762686855 -3.13400397765611 -5.69402037862634 0.269295525272882 0 1058.37332213244
"1" -12.5314809098351 -1.42815814145185 1.20638136755828 1.07991806826017 2.93973536707492 2.78147395254308 7.86251556981414 -5.11393002495063 -19.2104199839179 -3.20513311349826 -3.43671274201189 0.626332795034203 1 1021.65699367033
"1" -0.148952796203079 -0.993071455333071 0.588306784537136 1.41995803150836 0.41132905795238 3.63583419076559 -1.17657478346857 -1.15546842620837 4.18250598158066 -0.347641889165697 0.176139265765262 -0.0748292530774337 1 -548.651744090501
"1" -0.186230212935756 -1.01338828308475 0.427367920438135 2.35166002536861 0.410335222547467 4.06562077061082 -1.7072997047123 -1.67204361392333 4.89335859756798 -0.38092304424365 0.0628230610812206 1.00235863882331 1 -1903.94774730881
"1" 0.540501421934759 -0.988454091364382 0.255944755285646 0.725817223727965 0.319325306969665 2.40201999690968 -2.87365355111361 -2.34562164714417 4.98179867340319 -1.25018312880705 0.72239698887051 -0.0799946057800047 1 -2876.18485020641
"1" -1.77762449427588 -1.65704467356041 0.918025072912144 1.34284260752024 3.07125905434461 3.08594993110284 -13.2199104343357 -11.6022694195162 -0.890617139464015 -9.09595507641734 -0.826410853792455 0.120589073495932 0 1025.64925570454
"1" -12.4269497312947 -1.2721035671192 1.24640158078877 1.08800268714662 2.41123746180461 2.73738873492706 7.84836925070518 -4.98751903138253 -6.11540598792715 -10.8732943155112 -5.57434675176575 -0.278270550195305 1 1110.10425005524
"1" 0.481300396861852 -1.43681085533125 0.21364761583324 1.66562500645231 0.270788356186404 3.96900370455932 -1.91194505836535 -1.69160922863129 5.14804160188449 -0.818743509381849 0.069402294413788 0.0168150471205708 1 -3331.87953332163
"1" 0.253681575352292 -1.64087090581033 0.164313872850698 1.23183202707086 0.19162463631105 3.34155911382277 -4.39857837769844 -3.12069346634268 5.49625988878251 -2.84556621945091 1.53665084683666 1.44664695735372 1 -3740.19829114567
"1" -0.109824800628687 -0.738163347991681 0.223117130241771 1.37986133522544 0.258602339963643 3.14383584151845 -8.01621921149659 -5.85237086749129 5.53145259480382 -4.78025059582022 2.39949381142133 4.65923606526673 1 -3197.11878546595
"1" 0.0263456127301604 -1.30881031401284 0.161576893854021 1.50318237560142 0.171152511565685 3.98764099543324 -1.4439403748616 -1.23221750784343 5.63846666698713 -0.556500556059145 -0.169124949170665 0.37440601350407 1 -3550.52319439158
"1" -1.73696428484329 -1.4236059230915 1.10998787071806 1.27119137632172 2.54229119489231 3.31664786202038 -11.9427172543963 -2.43064642548366 -1.36024214122409 -18.9252369153059 -7.03386670724918 -5.1252531463922 1 1142.25613100635
"1" -12.6550672145464 -1.6187871355317 4.57561045707955 1.04757397143235 10.7104552388098 2.79084121113944 7.88023296302201 -5.23172285208618 2.73432679219492 -8.09446471756008 -4.32202538182699 -0.122855724283726 0 940.62571230725
"1" 1.81537931614423 -0.742954122666234 0.148819843139183 1.33686108568594 0.177491488471626 3.04015198706212 -2.05438617121115 -2.03885899744924 5.2208044534807 -1.65842859248884 0.0401477542464769 0.156251245923282 1 -4040.44748665309
"1" -12.6355171064129 -1.78836725580662 1.22769687337026 0.964188485510933 2.83101171941982 2.97058688226916 7.8705906313164 -5.24617353508567 -10.0001814519467 -9.74912176497434 -6.34245895528522 0.0326404808930934 1 863.848747270764
"1" -12.540219826296 -1.56615858449736 1.27297583013384 1.2084383591456 2.94376895066606 3.18091678463752 7.85863169344926 -5.17540243429818 -20.1394170721526 -7.78879978294125 -6.01099586506793 0.322034808136137 1 968.972031239013
"1" -1.66355346144821 -1.39836536345087 1.02039023202797 1.32747252168043 2.88327499886147 2.93216512111092 -4.75494511064006 -2.66256331261254 -1.9422354982 -3.21193060751908 4.16106432418437 4.22749152496278 0 1174.35225458644
"1" -1.63152572735921 -1.28590837016397 1.20639008641723 1.10239752640133 2.64972845154339 2.63393926215192 -5.84116922653302 -5.70900534098209 -2.24292973643037 -2.481214668202 8.44159331201984 -5.93057802581975 1 1220.72089086697
"1" -0.0515317475877059 -1.31765346431658 0.219319706628268 1.1672775917279 0.27776757518508 3.01218998946315 -1.47512316354801 -1.58466428900348 5.40061482482537 -0.693304450600057 0.138480225076951 -0.0495156214973141 1 -3293.97912996406
"1" -1.68300507984553 -1.53215047528662 1.05788280925821 1.26006805187116 2.66732934075846 3.2460227246662 -11.8956726959362 -11.3534128180288 -0.923553807003445 -9.46385723616577 0.458930580800011 -0.233487349546855 0 1102.18779267793
"1" 0.551151149715951 -0.942383486834943 0.187226604880603 1.10404414511952 0.19578684115371 3.09421317425073 -2.15803307011155 -1.79472722103829 5.3043477414981 -0.983756433638679 0.647558115195345 -0.0936306651639442 1 -3144.78844194421
"1" -12.4316286316579 -1.32206665512015 1.2748677543543 1.18421581554382 2.72646884435581 3.26060145119253 7.8450079500651 -4.95837032054618 -13.6880958488636 -11.2401210070825 -6.55475105935961 0.010446560921556 1 1086.70184165883
"1" -16.0555946283464 -1.06033585500687 2.2466226608885 0.66464640090434 4.69259919265574 1.89242022914776 10.337184561667 -19.5983919985692 -6.80681411623509 -10.6704595983443 -16.8886916549845 -1.04642015212516 1 838.968885173264
"1" 0.730777188271451 -0.873369174337888 0.236450895230928 0.998492597017205 0.296162420750374 3.14846103626907 -2.17731347372186 -1.71633536233651 4.9870098220718 -0.681142236743688 0.448658486148407 -0.12114175254169 1 -3013.29331779936
"1" 0.206148104239793 -1.05969318548549 0.200755763270924 1.27150647537998 0.266828474998251 3.1111698541539 -7.38147209777361 -6.58648890824884 5.37549156763228 -4.14608162582573 -0.870749416266127 -3.86686619357746 1 -3353.88499299578
"1" 0.512424148405339 -0.83232882096697 0.223756407807731 1.00318612927327 0.290081166590501 3.00382597376682 -1.4496175874604 -1.6880671979694 5.16267001051358 -0.516042975457617 0.187146917920479 -0.00408065032143289 1 -3357.5459477236
"1" -1.84751191286973 -1.34196421358189 1.25453316609938 1.1431040557988 3.13179576930607 3.08586730807959 -5.43351942294123 -9.72581605006243 -1.80334804529932 -1.32506696172834 6.93471024082596 -4.51361355235949 1 1133.04728096639
"1" 0.340224917821018 -0.830613368488616 0.22847227702568 1.36785418973582 0.301335403057216 3.43318795020249 -1.86078546863355 -1.77343714318454 5.19474260013306 -1.22678809935924 0.505019623865976 0.0581481928048621 1 -3002.14828863951
"1" 1.94153330419842 -0.832106139652731 0.272633632529435 2.06890767808967 0.291041333394605 3.51438114450378 -1.87139741694661 -1.95784295679551 4.52299750394046 -0.780388868987641 0.419357625907108 -0.0644704974034068 1 -2639.41282750995
"1" -1.87146268149211 0.850719784072804 1.09962657947703 0.194798374185436 3.06423412248068 0.21799983158227 -0.36655996510681 -2.34708886426251 -1.04647965146322 5.11675221036314 -0.0132500844952994 0.0415948820941683 1 -3391.03363570309
"1" -12.5345616199349 -1.76110412267908 1.30993312812888 1.34260764952919 2.83755732233816 3.35844638851039 7.98176743380388 -16.2141699592718 -13.5305578880043 -8.43815332470863 -8.93796830297314 -6.00160015009272 1 899.852711697284
"1" 0.624866735472874 -1.29193868706788 0.247431890882022 1.38403045849415 0.268861264852962 3.97231941666654 -1.36883428538259 -1.30812368675318 4.96655523312422 -0.622087986374325 0.116141328637307 0.0398724438893133 1 -2918.36040800381
"1" -1.60569085775752 -1.42831138725531 1.07376586779521 1.37755723342674 2.41931018070666 3.53109626208443 -10.6881398873059 -9.57770864691865 -6.78760689437584 -8.44471641764704 0.156349244619037 -1.29648068749175 0 1173.55076142502
