"1" 2.97247974090799 2.65292468625321 2.64325669700961 3.83707152778283 5.22307747879785 10.0366703959223 -0.126332781166904 -0.565088823148125 -0.537046973011427 -0.197539821537576 0.421219788251008 -0.673847026496262 0.210504285269274 0.428237380522075 -0.330230976359908 -0.0633824552326879 1 2864.71061376969
"1" 2.99160150236774 2.62895099800199 2.58001230163151 4.10684666536544 5.0162317806862 9.92462371271034 -0.0568781081894916 -0.544216508518594 -0.399706197302763 -0.0834276582371491 0.236399787953843 -0.595364113941904 0.334810737077948 0.354092557083865 -0.436880373979707 0.151928530459045 1 2995.61521779345
"1" 2.99240024184299 2.61209418551789 2.40370985964954 4.14508420561302 5.04623231872067 9.99948901763474 -0.0368441924458704 -0.533313165853439 -0.328551786455007 -0.246256335459471 0.208049221249612 -0.594925110437052 0.341841862964208 0.347337399391287 -0.442268067269357 0.177739735510397 1 2879.59860270475
"1" 2.95603690386612 2.64912011884169 2.39191480875092 4.02848520736085 5.05038767855421 9.98764476214998 -0.0109326002472995 -0.519831574843505 -0.329122847789929 -0.116383227563814 0.170910636933273 -0.6281243943207 0.317808561323276 0.382217532019508 -0.429346520735202 0.186793290112099 1 2938.63578634172
"1" 3.04303946662204 2.60032416967127 2.46981978040546 4.05582976349077 4.89492203363405 9.84171301530963 -0.148180387986667 -0.590876266171563 -0.306702561147107 0.118848906303637 0.395818125202062 -0.506152561757556 0.404976680829634 0.266994369102102 -0.491573885683892 0.0077288697717319 1 2996.29976294058
"1" 3.007055026688 2.6311749882019 2.49542298980433 4.08678522235261 4.94164679109045 10.0491301967299 -0.0542678961617496 -0.533517621841575 -0.242390019863367 -0.34357501050582 0.222440357534172 -0.534570217714217 0.436168500029569 0.292740814107668 -0.512570957926401 0.116495223282113 1 3011.10408221932
"1" 2.99059322460382 2.62077403695099 2.49070750748627 4.01527925095624 4.93806138352163 10.0182753514406 -0.0162474483078625 -0.520689189961608 -0.239598738094842 -0.187457147663279 0.177871930527185 -0.59996587907252 0.353716853084474 0.358447844512346 -0.453280670713013 0.174482372936259 1 2955.75513263093
"1" 3.15918683335632 2.75892933448637 2.84936604323014 4.06503189479826 5.52811959424732 9.97285726373456 0.622106514051803 -0.11791921378956 0.324809070397478 -0.570848727491569 0.0298136160824698 -0.647783571914246 0.739302545151428 0.673308858751317 -0.992750309536376 -1.19093583356866 1 2892.7468074284
"1" 3.04601840261214 2.57880481908138 2.53557496154569 4.02191705191694 4.94106094831165 9.92660045698391 -0.0501184550293694 -0.54224775544474 -0.327198231017713 -0.00199717071906683 0.226048292287434 -0.582386848525164 0.342469997424665 0.342072630928374 -0.449395926533124 0.168488776697732 1 3003.06150396862
"1" 2.88331603169595 2.7157278914618 2.50419226039043 3.93735600085321 5.06013695015494 9.97697777990044 -0.0273238519893909 -0.52340385680194 -0.411914710650906 -0.0209717278262353 0.199817883976327 -0.603856591158369 0.354810586342707 0.361242336862223 -0.458453753789739 0.141153517192669 1 2844.71458063093
"1" 3.08871618793317 2.52341278553501 2.51307630252591 3.98791995085583 5.03185257877385 10.0225336455162 -0.0247592552272233 -0.525255906848407 -0.383108180676169 -0.162391129683975 0.176748726176239 -0.587537677610729 0.344167416502544 0.345851639777613 -0.44840540515576 0.209668877032384 1 3053.91701030421
"1" 3.03365953727141 2.57839204142399 2.55349334550423 4.00396906664545 4.9367396784922 9.95982910110861 -0.0535171559082383 -0.542360343362253 -0.315192781254636 -0.000804279745868668 0.227749718869679 -0.575865776606083 0.348867503812256 0.334094299978548 -0.448377319207814 0.174606492066981 1 2967.1578733088
"1" 2.92336900328628 2.67946225944357 2.52635534762471 4.00163394395377 4.95505114890797 9.99144470602887 -0.0315235797505223 -0.526990836108938 -0.313857416729627 -0.104598597202801 0.198791973730752 -0.598201314696128 0.346284136728686 0.359308346607245 -0.450231327910345 0.162994338578018 1 2867.85115549453
"1" 2.98291795190275 2.62342619101972 2.50821405363677 3.94427195587715 5.0169263421303 10.004470371598 -0.0324687474337216 -0.525418261235635 -0.377715126910742 -0.0672621587267249 0.187750929953958 -0.56485606480942 0.371892953737986 0.323585362642993 -0.469578873429856 0.195740215182354 1 2931.04514160706
"1" 3.00855470874203 2.61399441764757 2.58247953258149 4.08749282835427 5.0434475131082 10.0048170480319 -0.036855441682637 -0.529626956278494 -0.406088277714482 -0.191011760668565 0.203292050366817 -0.591836783175307 0.359259375904131 0.351139496122701 -0.457284488882039 0.153795495935273 1 2989.98011223421
"1" 3.09256199054541 2.54415569205928 2.55602328962274 4.02816783008779 5.06855777692828 10.0134002695363 -0.0707390687427291 -0.548563487724066 -0.340372702227031 -0.154731653955436 0.257348657210501 -0.538039128929476 0.409178744560696 0.29508435351618 -0.498391120250781 0.111682145422535 1 3036.98705332095
"1" 2.9828133264052 2.61454354809614 2.54628808156068 3.94427256990815 4.92598518453814 9.98981610152141 -0.0646385881515682 -0.545289411348316 -0.265789070196635 -0.0421550812900486 0.247540243920895 -0.566150881233728 0.35192942790218 0.324327057779403 -0.456093734284515 0.162230154515051 1 2863.73403207376
"1" 3.03381040666702 2.57312886998139 2.51072306281655 3.9444275472671 5.04196948838412 10.0140974937817 -0.0225615989054285 -0.521995123207428 -0.405615248653693 -0.127371693037967 0.178212190322505 -0.57994962084196 0.366706268098613 0.337742394887984 -0.464981477530295 0.188457630782754 1 2938.48847871012
"1" 2.97836706593242 2.59086406948312 2.61700422621779 3.94599727175645 4.98968842525321 9.92431963933609 -0.0471507017026737 -0.539609696243878 -0.21823081561413 -0.0899872141096686 0.294048572098482 -0.654541825276445 0.305997832837168 0.403070945676311 -0.420672094905033 0.0181752467106391 1 2805.15055432334
"1" 2.95648332483731 2.6408383774842 2.47913185326843 3.98232156106531 4.98563974230936 10.0202391440763 -0.0180554096081415 -0.520589900688808 -0.297540229790637 -0.156633875264095 0.176020934315642 -0.597622522472782 0.344484269949969 0.355440501709777 -0.449335997212854 0.192393133462166 1 2815.6611072965
"1" 3.05601492296155 2.53402687894104 2.50796753759162 3.99571558039219 5.01870946469035 10.0008315060114 -0.00470933503452614 -0.515714458960555 -0.368682409789438 -0.126410014501761 0.163340265140874 -0.605190900708855 0.342790092978015 0.361593518034868 -0.448755195978372 0.19505915483716 1 2737.90847119013
"1" 2.99496556421467 2.60280947803694 2.61328481797418 4.00964608453276 4.9007440710714 9.99172053256802 -0.0363950604565339 -0.533901511317258 -0.341113433058585 -0.0868425149576195 0.21751192881701 -0.614629077168508 0.326595180352182 0.372678629677415 -0.436930295740817 0.145124646287964 1 2849.99838396066
"1" 2.97740818772725 2.61088131160392 2.53056436343885 4.05956015701483 5.02786247780555 9.96575698589054 -0.045580080160315 -0.539659064560176 -0.38925305021205 -0.100145794854033 0.225455046558559 -0.600348588399508 0.3205727214328 0.356762119560656 -0.430455844944187 0.175128813347317 1 2751.41839113761
"1" 3.04945804883974 2.50387566852165 2.51885999017464 4.11145542450937 5.01748552040507 9.99894131061409 -0.046325812297736 -0.546079251894489 -0.328705227624319 -0.227202946629176 0.247180546582891 -0.597632528664281 0.307242095449768 0.352946059923606 -0.419018412558409 0.179859510616915 1 2625.48152328084
"1" 3.02962652046047 2.56618997158081 2.58720134261235 3.94649557926947 4.98421852340068 10.0583383160128 -0.0306944115152759 -0.524879585939231 -0.367352978665944 -0.204291541272437 0.189743548436253 -0.560232015093106 0.380516630254206 0.321698098951881 -0.475083861056291 0.186911834627314 1 2772.00252022727
"1" 3.00971010958948 2.58919685450055 2.48489411496739 3.96446014102229 5.04839185977284 9.98299901869182 -0.00869105681996973 -0.518425371035725 -0.358816417295075 -0.0504191424401151 0.171125934213184 -0.619710706612318 0.325773554095995 0.377093604794177 -0.436001320644104 0.186158181722855 1 2850.06968686075
"1" 3.07778109710641 2.52417900256891 2.55164750598653 3.94555981316715 4.98681335544874 10.029387685256 -0.0299365563079241 -0.526166964904203 -0.404977575374464 -0.141933672115986 0.187627523089649 -0.551211705311328 0.385432255677923 0.312568017702296 -0.480063996895006 0.196038692868707 1 2883.72898796035
"1" 2.95335168814538 2.6468908136696 2.51642246455202 3.97413004524929 4.94434261002757 10.0401477963468 -0.0296130230785692 -0.526168387492663 -0.336526177215008 -0.186548790322337 0.183870132902812 -0.573748335374092 0.35265330855323 0.332611458941234 -0.454864817360565 0.213316401391885 1 2847.48251762169
"1" 3.01391981161533 2.58808476694173 2.55784667707033 4.02613904360575 5.09460711174163 9.9658006991088 -0.0368090365273409 -0.535216204008128 -0.441257546609846 -0.0738456437435395 0.202226168223161 -0.595106550146719 0.315110296251258 0.352075754067435 -0.428090288463708 0.214778923997673 1 2859.15872486826
"1" 3.02769241716093 2.57343279728752 2.55675206171765 3.99989704596255 5.07129841437985 10.0160866647971 -0.0411504453216245 -0.53729428018689 -0.447438965147889 -0.152724982783364 0.225616418568954 -0.61064877400387 0.328220584952385 0.367829961420879 -0.438881887949356 0.141512525877032 1 2845.90821581013
"1" 3.01204680072948 2.58817937523452 2.45258129438159 3.99483815226529 5.0565040583283 10.0124762156685 -0.0244830870525509 -0.525571860655282 -0.383695429659211 -0.127902235453084 0.180705744428144 -0.58946738785903 0.338686858299728 0.344690824841677 -0.447180104907535 0.211235840914268 1 2862.2202618306
"1" 3.05615321001505 2.54384797528795 2.45991305788462 3.93621738389606 5.06547664605542 10.0457223987302 -0.00537596518710832 -0.512689613387957 -0.393485724887409 -0.143711386701614 0.153687428508589 -0.589764005524877 0.362018830979878 0.346419946744115 -0.462325724209663 0.202919714165831 1 2831.54323524921
"1" 2.97961690784887 2.60257333362882 2.52718144418594 4.10075087381164 5.02573924907755 10.0218603226916 -0.0996892337905057 -0.578275999535845 -0.304883654576361 -0.27285550556671 0.352894905308072 -0.65775060938723 0.216977677196913 0.414880929166494 -0.361917596928746 0.0552610414714101 1 2782.11927514222
"1" 3.00539087569073 2.595712181681 2.45540518693454 3.98467764976401 5.00395352796425 10.0036765277346 -0.0261642320586065 -0.525890528283939 -0.29234535004193 -0.128016169663356 0.187765123823553 -0.58853222537302 0.352506396758703 0.344436331377841 -0.455012020102262 0.186578073845461 1 2896.31193147779
"1" 3.13416369360664 2.46786733631517 2.51244524722532 3.94543205245899 4.94806307789907 10.0318413689546 -0.0342688927694612 -0.533478508542738 -0.342968541541195 -0.145407806288035 0.214390175072627 -0.588166208510744 0.364109073522679 0.344275346997123 -0.461882298122519 0.143511670423294 1 2898.94478334853
"1" 2.96652968232247 2.66383777348814 2.53025057799531 4.06858836848282 5.06311256380249 9.94046049069526 -0.0304504169354604 -0.529714977471022 -0.416431684811653 -0.0875148947709991 0.193721303382833 -0.614968367401234 0.330350361326066 0.368396020859466 -0.435289292821993 0.171739897727241 1 3089.13508371414
"1" 2.97309746471315 2.62745193160147 2.53854881258941 3.96161070720087 5.01248867014331 10.0326105448699 -0.0138374396756751 -0.516902193739864 -0.355356977176901 -0.14700088947386 0.165229972612389 -0.581691274157832 0.362891600276779 0.34279191561008 -0.46258807164326 0.200526166675789 1 2831.40017878575
"1" 2.98489628971744 2.64158308475464 2.54361867924661 4.03315041109424 5.01686454498197 9.98672092494823 -0.0258455470779196 -0.526415779640481 -0.374205895984056 -0.197087523931017 0.186073456249531 -0.597407195878584 0.34986503157232 0.35566728338939 -0.452635829166177 0.174890165283051 1 3036.16343037749
"1" 3.06096429221062 2.5432031031936 2.51233779825731 3.97465581639416 4.95820070204829 10.0252124968014 -0.0535048681082206 -0.540079610446319 -0.295714261222732 -0.146114288497624 0.228983233321446 -0.565405476886505 0.367353937108668 0.32351087322945 -0.46629663037172 0.160192214406213 1 2906.52035120143
"1" 2.91838531268007 2.6707757485559 2.49483600748439 4.00763307398084 4.93757135692508 9.94605280017081 -0.0609134912536043 -0.543910334172452 -0.257463291840072 -0.0501152353483293 0.257171059559383 -0.592523216333415 0.341127939529161 0.349732503535866 -0.446579944170888 0.12206277591282 1 2814.59067747612
"1" 2.89642167323701 2.71168013059425 2.49513496302508 4.05730092661196 5.00215171877322 9.94119725952717 -0.0377133060869865 -0.533264400761724 -0.333277889421892 -0.073098640453225 0.205017186353662 -0.599933066437167 0.324049196115609 0.356971916590474 -0.433110418880506 0.191119685342777 1 2926.20266897604
"1" 3.05056332373628 2.55455740070393 2.50583030586113 3.97216151664266 4.99096402445959 9.99845205020921 -0.0298366651805885 -0.52683181334569 -0.360297845460569 -0.0857849797469626 0.184411779135581 -0.572080071803773 0.357235879329092 0.331028190205122 -0.458536597490783 0.208529211526183 1 2941.30403159649
"1" 3.00486067474338 2.60423296766147 2.60426120562076 4.01052986175613 4.92569136098102 9.97268130146509 -0.0872046093015464 -0.560066690021321 -0.273448237120338 -0.101737487952927 0.277636167186531 -0.56901311756087 0.325838691051969 0.33012521378073 -0.434814010688322 0.164402750190951 1 2911.10393052872
"1" 2.95040758960597 2.6483012168645 2.53045275287347 4.0556613353507 5.0061243720286 9.96475151308801 -0.0543809503919861 -0.540648596820232 -0.361138928261453 -0.106243976030198 0.244599890737 -0.582683793576066 0.36575188526538 0.340395346225974 -0.462857767040949 0.116825399943629 1 2847.43133697335
"1" 2.99505255145259 2.61740375156462 2.49803470509626 3.96364350144524 4.98777714643807 10.0016470800223 -0.0163415315081161 -0.520549581353143 -0.314089997157909 -0.0704373070105724 0.17214284108678 -0.606964278736934 0.337843807404622 0.365855023248286 -0.445501548956962 0.187965830942141 1 3030.11086312689
"1" 3.07406658084497 2.53556602859019 2.5312418842501 4.0251582045454 4.99183007057076 9.98556872229652 -0.0305866237139765 -0.529423549965586 -0.330009967400289 -0.114846626463053 0.18348600555482 -0.576410467328645 0.34405442156003 0.333545740822115 -0.4465047892569 0.225008699378607 1 2974.99081615093
"1" 3.00531982697443 2.59258772305426 2.51967214530903 4.07338293989269 4.98758383945582 9.92831162645244 -0.0387605204549855 -0.539562322154519 -0.369855065241487 -0.028559513937915 0.212806962705656 -0.614638416604803 0.290203452700906 0.369008105902176 -0.410774663965999 0.20753311036686 1 2860.7248241908
"1" 2.97398670934945 2.62483720371463 2.52407426328591 3.98565242506902 5.01315628871574 10.0148199689614 -0.0106652900561592 -0.51575776433414 -0.356894746292623 -0.134049779844302 0.164303099786471 -0.598584133200794 0.350138857283824 0.357014340696167 -0.454661263115412 0.192553822357926 1 2821.97233154406
"1" 3.06840387683842 2.53952518908725 2.52504259601564 4.07366749482828 4.92029660172571 9.95412391479461 -0.0416314467807352 -0.539445653939469 -0.285005017423653 -0.0742867808363936 0.213466107041305 -0.606948342967005 0.307072811716484 0.363586104824055 -0.418864003519969 0.196899395927536 1 2951.77995615265
"1" 3.06754112488378 2.52796368428224 2.41561283344521 4.00590320681941 5.03587165997847 9.9976273869817 -0.00712336026073872 -0.518396852590173 -0.345756584068077 -0.106716477435905 0.163704543446218 -0.606734639074966 0.334049148156825 0.361845211085212 -0.440439827200831 0.207315814778857 1 2823.6944139338
"1" 3.07204486545613 2.56132216146392 2.53709691524507 3.9820579584122 5.01941628906228 9.94383083064111 -0.0277526329481307 -0.529175810363506 -0.394800560035687 -0.0185444129572856 0.198411179724581 -0.627608563371422 0.322678467238477 0.384002640536906 -0.433931553296709 0.149346488416759 1 3072.52344401385
"1" 3.12694956281537 2.48471497405157 2.51482011627002 4.16783887081478 5.05075847948125 9.96116817147015 -0.0485323571519243 -0.545983949187466 -0.385612400277498 -0.19532123181451 0.217198429510698 -0.586712024142991 0.310213969375669 0.34386242231761 -0.422492584352776 0.223650693000288 1 2943.71523618676
"1" 3.004467557305 2.57820344934903 2.62257123547914 3.98375739460611 5.00448433034429 9.97097673432156 -0.0531770011065693 -0.549524910668078 -0.3779598253604 -0.0903109301989323 0.2531944468647 -0.626770354490172 0.272255873323175 0.38700297796968 -0.401032464693412 0.159667279241629 1 2742.80680930272
"1" 2.98913336169824 2.61768176903071 2.46124354610506 3.97331923023022 5.11321648504417 10.0118024651594 -0.0201309706588293 -0.522994324567289 -0.435351677258292 -0.119319153452312 0.175377708401026 -0.594558514121528 0.343285902691576 0.350167913215379 -0.449164564755309 0.201565376052111 1 2925.16734198659
"1" 2.97508277812816 2.6280034970718 2.56538791487255 3.93065947562941 5.01713411984324 10.0094745162747 -0.0255747562339515 -0.522242881126497 -0.384664660208686 -0.0582769880692633 0.182367950376205 -0.569101353157082 0.374472849491371 0.328781813806587 -0.472457420689207 0.18830920073941 1 2886.77808356947
"1" 3.0101739171774 2.58893550875813 2.52206899900682 3.9166980152325 5.03459311561354 10.0413972835892 -0.0156587544361678 -0.516612674855658 -0.410318262605384 -0.14167945953228 0.175821902785659 -0.579961518751631 0.386904309257286 0.336084766978691 -0.480697685215308 0.161677515867951 1 2840.13227813667
"1" 2.90349434207026 2.67442786234003 2.46195760163828 3.97145336592829 5.08454508051248 9.95340135244187 -0.197186138933837 -0.574477947450245 -0.0613447958789188 -0.287527605450188 0.499270527278577 -0.471621927762655 0.504159125274308 0.202052372182907 -0.544663374416209 -0.284858669248569 1 2843.14531433421
"1" 3.04706638176338 2.56510279893585 2.521217841378 3.93313327371378 4.97551142537812 10.040818570853 -0.0112383020189584 -0.515631362594426 -0.346070353464285 -0.134399721125357 0.153758078104822 -0.577325219711181 0.364491921278901 0.336224894932668 -0.463913509696997 0.218366619995116 1 3065.79163553898
"1" 3.05709098477871 2.5453843800122 2.4760109535748 3.89791729261225 5.07638731069815 10.0093934580698 -0.0197162196283253 -0.520001376442672 -0.413788706546764 -0.0697335704937854 0.188408218398272 -0.589401560238631 0.38202134590083 0.34524649812736 -0.477544215687708 0.139837677040198 1 2895.41067583574
"1" 3.04043440083885 2.55516832446739 2.62113716469266 3.99232333800605 4.98351706993723 10.0119880778311 -0.0412895050455314 -0.533617785208696 -0.402141107532542 -0.153863026678053 0.214066634341586 -0.580423401050416 0.350081502934679 0.341232780545183 -0.456076606666952 0.170971908081745 1 2802.44498288307
"1" 3.03347502676389 2.57452112254261 2.48516543495417 4.03855946176702 5.00220395135634 10.0301737887982 -0.0279063748174065 -0.528640165230059 -0.343683514950258 -0.208765869270254 0.19239224833957 -0.597048137737756 0.339788208590518 0.356755231366121 -0.445863237053677 0.182226953441624 1 2930.33354853562
"1" 3.09185959504661 2.46823459146475 2.67915283410084 4.04779118714176 5.25025430878292 10.0901358573305 0.0441485944013694 -0.441705269017908 -0.236679520470103 -0.311686047240222 0.288918470599989 -0.815268099610337 0.499109860799125 0.481033664718402 -0.491207223805779 -0.552073816526504 1 2812.81721611826
"1" 3.04297390521843 2.5491321057986 2.48627364772477 4.09055964663854 4.96788098358103 10.0044393342479 -0.0566586914638747 -0.548722099707547 -0.286286013811409 -0.249352068565963 0.26269705600745 -0.619789377170815 0.311481780949263 0.375279057321477 -0.424129560275774 0.111977858792713 1 2823.63504873197
"1" 2.97320478747016 2.64118014748142 2.47573787170508 3.94878375678978 5.0375272269065 10.0076025094764 0.00036810360075538 -0.510192712587667 -0.367850865336093 -0.0734222309554369 0.144821527534225 -0.610268987927306 0.345153363839374 0.367134251133241 -0.44886755680153 0.20169596399556 1 3095.9499474519
"1" 3.06671469403235 2.52526893044269 2.50983671942392 4.1841600053607 5.12633702954197 9.92886429107408 -0.0204010449585247 -0.532336435714949 -0.42854613170784 -0.131987486467979 0.198964407005745 -0.643981830792852 0.275237648042155 0.397627449751927 -0.39445878008925 0.194480564108557 1 2782.82888701559
"1" 2.98944912052562 2.60457464338295 2.52184359525375 4.02411037550151 4.95276504038552 9.98648544193173 -0.0422010125212039 -0.536369820735651 -0.31830617875627 -0.130769012673261 0.218180196139748 -0.591561628959256 0.335499454074656 0.349901703674167 -0.443010926661499 0.17302651732159 1 2817.80280433374
"1" 3.03379525401172 2.55712635609514 2.61764551883508 4.05734502247706 5.04444837301999 9.94116705234839 -0.0355609943108807 -0.534984005764214 -0.425417980682263 -0.0369305836506703 0.210701783954212 -0.606546168699156 0.310820308420024 0.364420001521379 -0.424654933857122 0.191329624699838 1 2781.94788467791
"1" 2.92521202977785 2.69186746445274 2.40968044411599 3.98899403902175 5.03105267321502 10.0041100308825 -0.0329273090290165 -0.528436453853261 -0.324907276382944 -0.112001888782119 0.190583988922965 -0.601107369965984 0.329450405137081 0.35710381545275 -0.439499792100657 0.194708221182983 1 3038.14332793151
"1" 3.06883627142078 2.52121674203908 2.51109849152618 4.00289556681888 4.89110222003395 9.95247291462396 -0.00991765723166665 -0.518918393412425 -0.218060538952103 0.0163872829181558 0.170909584091417 -0.587729300804693 0.353484909506601 0.346481911509424 -0.453198921801156 0.202486473545412 1 2833.97888707901
"1" 2.98777022104829 2.61044477348582 2.56170760303109 3.99571464714537 5.037887272778 9.98334078619648 -0.0264068121186578 -0.525984477700006 -0.389446949087855 -0.102180711297817 0.185640370855851 -0.590720627088677 0.338289738360868 0.349067772161149 -0.444379520319369 0.203845563367434 1 2830.88170908022
"1" 2.99650385550117 2.61442627506579 2.51546357636848 4.0739865294069 5.01284444108114 9.96850722349826 -0.0275474783300878 -0.528638454133114 -0.338661747798932 -0.11489429535042 0.185668882401557 -0.595575615806551 0.33112608745433 0.35347018768997 -0.437070998854852 0.207884117838137 1 2956.75535960391
"1" 3.0199616612309 2.58197350067732 2.50884407932589 4.01902424259891 5.07260418408531 9.99050368228666 -0.0180502092989369 -0.523673076023328 -0.380113737830543 -0.111048371382192 0.180259813512121 -0.60884254104306 0.330374772243919 0.367144389383214 -0.438109257849155 0.189492087930269 1 2863.49217733211
"1" 3.06493072374572 2.55259482902407 2.58262451823916 4.06838143371991 4.92425069528272 9.96374037617703 -0.0193738222141733 -0.536362593685275 -0.256569024287399 -0.0596215864380787 0.221808119414174 -0.68754001890635 0.231298061899758 0.439047337100717 -0.365898740259302 0.148540237780192 1 2920.16098139165
"1" 3.05829198078066 2.55710446945137 2.48822233758749 4.09842585744086 4.94819988306487 9.96021148788747 -0.0435763821238353 -0.539362482517312 -0.273777020848216 -0.106016206164518 0.219135939661203 -0.591637772072518 0.339046580495669 0.348145289978028 -0.445175100147603 0.168616827807345 1 2982.37050374043
"1" 2.92823652520532 2.67443567442754 2.57385792624339 3.97980527293904 5.00212155660078 10.0298622186111 -0.0424669403878609 -0.533110508695575 -0.353188950391644 -0.167071288159308 0.202340795885351 -0.557033153857181 0.361166272098473 0.319799950345265 -0.461569800365674 0.207462086056929 1 2850.35929942299
"1" 2.93536045700005 2.64593749692201 2.53261719724424 4.00918324824574 4.99320988570261 10.0126182608839 -0.0195647494316271 -0.519018551130181 -0.319348735694554 -0.18193985326039 0.180242438151375 -0.574703492814176 0.364656791701325 0.334890043013436 -0.463673893785069 0.196186029309521 1 2667.40278741493
"1" 3.01897162277868 2.5711963784712 2.52919392264429 4.16135381136657 4.98843474465562 9.95488673311475 -0.0533795836479596 -0.545919777581932 -0.297204738795619 -0.165937555976877 0.242042826421606 -0.586501367329132 0.331962911220922 0.343277838250516 -0.438771711834985 0.165317346937063 1 2809.7937759416
"1" 3.00337136315221 2.58068777937663 2.49427021353011 4.10162757813663 4.96324639038138 9.97284178462318 -0.0488806516185547 -0.542211567439949 -0.27301463578899 -0.166261456447563 0.232915677108203 -0.581176138550995 0.338200768160743 0.338476591191728 -0.441810840197539 0.175846560173023 1 2773.84926412202
"1" 2.95532841481039 2.64441734862762 2.52322582184809 4.06552092929959 4.95604937517789 10.0090216975128 -0.0334439033222773 -0.529564651264255 -0.338887709961819 -0.211554334773246 0.212679127439882 -0.598368472649536 0.354814368560077 0.358650170266625 -0.452751381786165 0.139038156105801 1 2837.50607376043
"1" 3.02255059763578 2.5788613608621 2.55619397938806 4.00928541440044 5.10154707174814 10.0254645490752 -0.0363952417460525 -0.529239893000004 -0.440989990130719 -0.174533655795897 0.21409751927595 -0.585154424542173 0.376150867613706 0.341081770021138 -0.471753445944186 0.130187761699914 1 2834.75669434925
"1" 3.0662399273654 2.53067067724041 2.60494572126659 4.03083084485825 4.9134153728074 10.0205955999693 -0.0375194620290921 -0.532114074422418 -0.302062059611993 -0.191772426104578 0.209044080766883 -0.573540210174707 0.365142902646033 0.33457731296844 -0.463910457546769 0.167808763399217 1 2829.17045483929
"1" 3.02647667597676 2.5804776757065 2.4559468632326 3.94243908470949 5.03292903351009 10.0220285248513 -0.0117573486349211 -0.517046165326748 -0.348822319732979 -0.0964036026987537 0.165040513090645 -0.600179567581669 0.350156905938403 0.357755360727099 -0.454621920441376 0.189884224700773 1 2990.57796782845
"1" 3.03625824539955 2.59345538654942 2.56547757867876 4.007616194929 4.98174199120934 9.95293987724307 -0.0455069229082697 -0.544895265116418 -0.352889297825257 0.0181098317466462 0.222434832104955 -0.615081466832576 0.297090001018528 0.373944865745861 -0.409968408288767 0.186573118982649 1 3007.89582163354
"1" 3.01636988880664 2.58805998265522 2.4182542501022 4.04126036299838 5.00859676951544 10.0064409464465 -0.0220085251148198 -0.525971519335622 -0.27754643280175 -0.193322868744519 0.196840473594438 -0.625047854674248 0.328231129918152 0.381657514498727 -0.434829417786401 0.149678023716247 1 2893.04046218432
"1" 3.05152911072772 2.56049627072865 2.52969221302782 3.95541068620136 4.98242127606693 9.9949784447936 -0.02433371042039 -0.524178586884115 -0.334651823542036 -0.0884146913991393 0.179245286047244 -0.584968970113479 0.353182989168709 0.34401370896853 -0.455946433108783 0.196998965944702 1 3025.03390301465
"1" 3.00174514127422 2.58863984304265 2.50295941392848 3.95034577872451 4.85137729783733 10.0109742344442 -0.0270581226683316 -0.52381457902859 -0.163625933784759 -0.0839135237322803 0.182100753265438 -0.557142297747609 0.367421565971501 0.31826040440514 -0.466062931433724 0.219208156880484 1 2809.83353117095
"1" 3.05931709423079 2.53675675790818 2.46928181769128 4.14174130940886 5.01525992607282 9.92326116891748 -0.0840254919359567 -0.56279597291733 -0.357442237396061 -0.0975837926080394 0.290674785048571 -0.57498960455723 0.347382474072938 0.330941788929505 -0.445878451049681 0.113004745807521 1 2854.72034428748
"1" 3.0955544149087 2.66811968538866 2.54480784158892 3.9066073354407 4.85927691991369 9.96363775187886 -0.122817399794861 -0.597581339313011 -0.168240702157992 -0.0841601458684914 0.385669735132562 -0.675695251205709 0.148914351791519 0.44550918561118 -0.314206903457907 0.0444736740683342 1 3100.30509722929
"1" 2.98261556363239 2.64049367886248 2.58936132003104 3.99259570579133 5.03324284006498 10.0424134665669 -0.0531456546224263 -0.538713411802505 -0.435019412719149 -0.20090782847713 0.222614839656372 -0.574015640912691 0.359769319841949 0.332317792069151 -0.461092945438229 0.162734592284981 1 2995.87849816307
"1" 2.97918222109449 2.63223001102595 2.52814873245753 3.95284256596243 4.99812686830079 10.0328923285399 -0.0242027289465312 -0.521558424376826 -0.368335690939033 -0.140162938779445 0.166780473068524 -0.572012976879908 0.356235107111241 0.330193287150774 -0.459018548359059 0.226858364186079 1 3054.43954252934
"1" 3.00923217432214 2.59763604252756 2.62875909709406 3.91727309969559 4.94892552050162 10.066485342221 -0.0434557590614919 -0.531743748303853 -0.345613892299884 -0.172731606117423 0.21344415304511 -0.567748681099364 0.371522702575169 0.329242161758733 -0.472467456972012 0.160230647440848 1 2889.37949860028
"1" 3.04236610801331 2.55599183791519 2.65649551339944 4.06578883111974 5.0134986698263 9.9856559432072 -0.0491053692094863 -0.542450697820126 -0.425786327891301 -0.149425832839705 0.22644087234579 -0.584925133300302 0.336317118969762 0.346317894338573 -0.441369158117339 0.174023692087051 1 2821.78175486801
"1" 3.01674072257115 2.57794632264535 2.6388721940972 3.98684134394085 5.01080272127026 9.95906877941838 -0.0417960155475674 -0.536420263432126 -0.392981171642985 -0.00825553121851521 0.219394101798464 -0.590633621497528 0.337322059910413 0.349602592903607 -0.445560401659208 0.16912466312767 1 2826.47013729892
"1" 3.00317244722446 2.60561915122616 2.47327955144545 3.93258788083573 5.05650953326601 10.0340417293028 -0.00939228190177655 -0.514099708256368 -0.371708163745287 -0.135279943804729 0.155672449224401 -0.584854238119194 0.364899357415771 0.342303120980577 -0.464305028641894 0.204504318057988 1 2974.12142947165
"1" 2.97102226012949 2.62595687005119 2.48084774516582 3.96927382555407 5.02103178553275 10.0223778983643 -0.0290619837479189 -0.52782300540882 -0.3407009099656 -0.143185759876982 0.193206098652489 -0.589312336598827 0.343726129790146 0.347597872145445 -0.449416193877328 0.189971832806393 1 2824.05164202476
"1" 2.84054542751803 2.40983394408343 2.73554892540999 4.19054482443815 5.38359632527403 9.70684210654977 -0.107796978237303 -0.633041089045255 -0.0685997923217288 0.132201737881424 0.667001234349424 -0.437894482915798 0.408888164926536 0.300998453380392 -0.508789816046329 -0.552427039300495 1 2719.03509840649
"1" 3.01693331068886 2.59053144689353 2.50477908188228 3.9278269977928 5.00933963417979 10.0273660343591 -0.00887471275108827 -0.514440982253354 -0.345742649031143 -0.108808396762167 0.153907398566764 -0.590444773261181 0.354467931815921 0.348732622471996 -0.455808021590733 0.211790030895472 1 2975.5361999643
"1" 2.96177184671588 2.65662876476596 2.57700030672978 3.97992399120146 5.00744117767473 10.02439218527 -0.0319951598350329 -0.526475206857006 -0.38696736536578 -0.146359550201061 0.188700592102065 -0.589001437306852 0.348754028006242 0.34919492439426 -0.454681600414348 0.184591268503839 1 3016.98298550854
"1" 3.04198150067126 2.56376085801758 2.53865833658504 3.94984888689154 4.98042369011299 10.0110623570679 -0.0282298089149066 -0.525141270018092 -0.328397794034517 -0.100471370277743 0.181046712449503 -0.569772264829376 0.361563215416012 0.329615389764628 -0.462370803447155 0.208022988433336 1 2948.470767733
"1" 3.1235710688717 2.46905907855348 2.61080870829812 4.09796401405838 5.01568279477566 9.90851396340472 -0.0523970492845351 -0.545102819063628 -0.327885112347843 -0.0420706125732864 0.261951746663888 -0.607309510531121 0.341541477262177 0.360850807443852 -0.448229246462511 0.0905554364373719 1 2851.56585270126
