"1" 2.94969676943315 2.64900021264261 2.5154726687414 4.0120650360347 5.02920987754174 9.97844930776692 -0.0213884470245638 -0.524520165322743 -0.374997991970178 -0.077858944410192 0.184343482311242 -0.602576392374024 0.333737321208214 0.360703647872202 -0.441503515634719 0.190936818597765 1 5688.38254624449
"1" 2.9960379523484 2.61688841978294 2.49792147951046 3.98106265285891 5.02226534143353 10.0188237808969 -0.0335940566078792 -0.528878262011977 -0.35763679516021 -0.159874309167214 0.189015597040482 -0.585154102012823 0.342486517676213 0.343594722880916 -0.447485641304391 0.203907227757685 1 5960.50199784878
"1" 3.03025375144901 2.57439907756617 2.62208847011275 3.944375154772 5.02677186105101 10.0170154570983 -0.026664637290575 -0.524016462874679 -0.440231908765966 -0.0881448632475367 0.18314715741258 -0.571574874505815 0.369025878661303 0.333229647010477 -0.467868981329896 0.190105726862709 1 5792.8267796929
"1" 3.01799106594942 2.5910834538239 2.57332609271913 4.04784589435423 5.00895746966452 9.95525161573616 -0.0402104726910192 -0.532280236210691 -0.380852557961727 -0.0750155206029688 0.2153753362012 -0.601907164839071 0.327475816097383 0.359061958808958 -0.436594001603784 0.170886213024383 1 5842.49721176346
"1" 2.96336905463444 2.64171424715874 2.59206700934303 3.93925818807037 4.9636081972419 9.99511409745286 -0.0428734395836062 -0.533538850487509 -0.361165261733737 -0.0536592289104469 0.204223907686643 -0.567567165396975 0.355950777341588 0.328690517314068 -0.458009823473207 0.196382983874064 1 5832.70616760103
"1" 2.92421058028781 2.65898981828487 2.58557171623784 4.06323226637521 5.01486109791534 9.98168424389105 -0.061836580214122 -0.549994462314405 -0.419207963598651 -0.153689265843666 0.260774114279024 -0.607537061023951 0.307863617260488 0.367278225186399 -0.423948168815384 0.137119179644238 1 5488.18447367237
"1" 2.9908898836403 2.59130441031828 2.52065164651366 4.04885278788733 4.98965748547918 9.98407934359168 -0.0411639664679425 -0.53607560845153 -0.362225705548851 -0.148769445304401 0.217489883058624 -0.588790591314165 0.334394344023749 0.345197968904887 -0.440892822013136 0.183270189694297 1 5448.31539491776
"1" 3.00243163292403 2.59037504136107 2.52947323280567 3.97106307422357 5.02316867827179 10.0169164009398 -0.02993389820008 -0.533190768830339 -0.377613186815001 -0.135866223510922 0.204218051674826 -0.605248574048755 0.32190481370279 0.363172655450063 -0.433160744322527 0.183489191526004 1 5610.81599296278
"1" 3.02438914140695 2.5718499920306 2.50544771282251 3.96777087939188 5.05160156733464 10.0287572329746 -0.0195498059504183 -0.522149657456724 -0.384422948761865 -0.155057091271376 0.178820678949291 -0.591754152898555 0.348222686215279 0.350303173236346 -0.452049114482206 0.193652715244754 1 5594.73619612741
"1" 3.00886090676434 2.58352534594065 2.55247453497794 4.09921014733906 4.94891705294631 9.88879686016334 -0.0710421078521052 -0.554980562037255 -0.325778800453301 -0.0715855222104306 0.275513714776033 -0.589995495436733 0.328263454524249 0.347548131086079 -0.435525177463316 0.127367977396784 1 5708.35523135788
"1" 3.00552214977949 2.59372792724863 2.42268720266282 4.04809369451104 4.97801380338676 9.95028612192992 -0.0394188140037647 -0.538680423732258 -0.283065148893927 -0.0586543018867346 0.230233902355882 -0.626956811821731 0.311946760663203 0.38245736921403 -0.424448498135416 0.134220317889519 1 5770.62725990178
"1" 2.98222642207 2.62994481532042 2.5040764083211 3.96891041998356 5.06215521029757 9.9728049993529 -0.109305469505353 -0.571970587573537 -0.394348410338943 -0.0304409899945308 0.332499794839931 -0.560939037993388 0.353035003981239 0.318694066754355 -0.453297113447132 0.0767406088192573 1 5815.90493442341
"1" 3.05182459980119 2.54508304331149 2.53272767255792 4.08090568700084 5.0340228063045 9.96426439148791 -0.0438112562043503 -0.54262205334319 -0.36648608038059 -0.123121694279789 0.23113637205213 -0.618708949593912 0.300045020826489 0.375960917890551 -0.415221866177811 0.165290014821954 1 5693.16777517492
"1" 3.02212891397668 2.5829926246992 2.54342717252006 4.08864260177196 4.94400775216316 9.97599369502299 -0.0401031181736486 -0.535985533660558 -0.324152002843799 -0.17260584168197 0.223469784689484 -0.611882495229633 0.326800353472325 0.36802525620538 -0.436712455998978 0.14560107458036 1 5779.90704822587
"1" 2.97412561416241 2.63625742563343 2.53395262391697 3.96240890231257 4.98210299505952 9.99990196535191 -0.0353916741773846 -0.528973413423455 -0.33493716303617 -0.0821147345194527 0.194724433725789 -0.578642249559452 0.354135459314717 0.338456787088145 -0.45749792493109 0.189833089425164 1 5940.74099773015
"1" 3.01381815249581 2.58593288013903 2.49562272985218 3.95606531320479 5.00608855150823 10.0264029243452 -0.0420366793685367 -0.53915859941749 -0.325919396530758 -0.117366882894016 0.218774161066988 -0.582218628303835 0.33232974264787 0.345822007008495 -0.446520968194819 0.184435727430113 1 5742.04522848451
"1" 3.07473155418121 2.53484554337279 2.50594061869662 4.01032971704559 4.94534539044571 9.99255551080627 -0.040534304485268 -0.539622420086632 -0.318950844512672 -0.14871140715243 0.223742263779672 -0.60544734746211 0.331664334094626 0.362539451898356 -0.437610877914788 0.15095208242938 1 5889.65451786131
"1" 2.99723775662086 2.61580330734516 2.49131266789979 4.01618113778647 4.92796647722973 10.0074710994476 -0.0716988017760269 -0.553555861401308 -0.25368781487106 -0.164713764185853 0.272355314878801 -0.591595985661772 0.338361651946187 0.348762668644361 -0.446324387222629 0.109543575329063 1 5890.58157800225
"1" 2.97766143830945 2.53261668979612 2.58868873550116 4.04132203560047 5.08558724082753 9.95013307948091 -0.0139349726223483 -0.578177351983616 -0.249676282784908 -0.0751790810942951 0.400581154469991 -0.638288152225594 0.248248827556915 0.489668934782137 -0.4171863685174 -0.194666296315815 1 5653.15192485522
"1" 2.97339015213336 2.62849708049582 2.56303438174182 3.97292913436688 5.05426975910139 10.0140740654142 -0.0443273726632706 -0.537953537150757 -0.442745838437781 -0.143715403675456 0.223224603662276 -0.599143696365825 0.331978960995709 0.356624388619871 -0.437879436998625 0.162139242727155 1 5709.05498156585
"1" 3.02682939626019 2.5708981188458 2.56521005507526 3.95578662966309 5.04026415286646 9.97047104260257 -0.03998181034626 -0.537280317297552 -0.425872281510731 -0.012288086797341 0.220894038178768 -0.600550612934417 0.330307875786186 0.359135032503726 -0.439848709981793 0.160991032342024 1 5720.61836051159
"1" 3.02932500597853 2.57873352055906 2.45981230256812 3.92946330001863 5.00411904693608 10.0086475464993 -0.0271762988329197 -0.524289661067067 -0.320159596176988 -0.0771829789338693 0.190310495750516 -0.579536016731137 0.37460014920165 0.336811608729481 -0.470523169005765 0.165959483719318 1 5928.24233429019
"1" 3.0368972367295 2.56467922892813 2.51915036867249 3.99548345038052 4.91586336636836 10.0209391911365 -0.0450406509231685 -0.537653898027814 -0.255817878184866 -0.162483162745125 0.213198073201353 -0.570918204144395 0.35154602666289 0.330141535646806 -0.452340133857116 0.191787727046284 1 5792.09684542081
"1" 3.00134964466835 2.60688867407435 2.55540750902213 4.14684066950232 5.04942522596379 9.94437410254012 -0.0710261238017779 -0.556507039441154 -0.422285642496688 -0.162346324714905 0.261667523621152 -0.617634725459065 0.272338707964485 0.374438346128583 -0.396071452838385 0.175613318102219 1 5796.26059250256
"1" 3.05712628611628 2.53642779893782 2.47445801836581 3.97999469934612 5.0247577406935 10.0068961400934 -0.038694556184717 -0.536360207920618 -0.36872624773736 -0.133739993912197 0.222422922732158 -0.607404969341452 0.330087731843886 0.364501493347026 -0.440878361756719 0.147685964609206 1 5658.28138204465
"1" 3.08705083745818 2.52223044274329 2.51123943854639 3.95125215728101 4.99600193000113 10.0150911957451 -0.0308838918877751 -0.52745200679164 -0.33330379170805 -0.100194071531662 0.190351708457226 -0.575320538532808 0.367565010236779 0.334272254974609 -0.465411584393505 0.182176133319335 1 5983.69523879673
"1" 3.04727615428184 2.54308382426266 2.48989474496675 4.00592021056678 5.00236150118113 9.9679669894983 -0.0428238737100328 -0.534320955518614 -0.344075575133673 -0.144808270055645 0.274339459795734 -0.565182300410991 0.337695010181887 0.352321230053605 -0.467674053872175 0.110129343384214 1 5740.43010225995
"1" 3.08793520112014 2.52082703459469 2.49479224113016 4.09487285526107 4.98217539276897 10.0041742957698 -0.0544092776324374 -0.545373990911173 -0.314360021731605 -0.242636508970951 0.240608410563273 -0.59097991767441 0.339051161525277 0.348558974232874 -0.443438882750249 0.147331049599128 1 5846.02129616821
"1" 3.00563233125538 2.58071687622404 2.58821768574787 4.0361473135057 5.04709009498318 10.015641837146 -0.0512370934629681 -0.542572888132064 -0.464767641650022 -0.224760393342901 0.25039061036737 -0.607275473061195 0.332861138525713 0.365121194810495 -0.439189412496036 0.115145494802424 1 5518.44068114064
"1" 3.00875558931531 2.59793088322941 2.49228990538631 4.02734824874655 5.0606390891885 9.99310534010133 -0.0373414431046016 -0.53553365313507 -0.387557345814501 -0.121601558583332 0.198395217754688 -0.599721144137157 0.30781333052007 0.355969635973104 -0.421209185706413 0.22303865254394 1 5839.76961789883
"1" 3.02147205244958 2.58810598586923 2.55704974762865 4.06364662314257 5.04938125033917 9.99884550873821 -0.0452148514790132 -0.538417736405954 -0.430274997387842 -0.202753022879152 0.214854840443973 -0.591621409693101 0.33133975128427 0.349567706210533 -0.439085709205539 0.183699542910236 1 5841.97586895818
"1" 3.02354586707949 2.57183997067493 2.5302818041187 4.04675440884268 5.01640095271754 10.0348554171503 -0.0427279299731298 -0.539691868815047 -0.3701759230607 -0.246748026304339 0.221284577798444 -0.603831410225281 0.311934013489011 0.36165085991229 -0.427315766616093 0.182268812661518 1 5624.99815668065
"1" 2.93564897217365 2.66296532024482 2.53419664651971 4.00678541451936 5.00082201641461 10.0192595419671 -0.0417365983948348 -0.533718955681724 -0.366704962384242 -0.191776975445481 0.208309204077106 -0.580615143027754 0.343733720455705 0.339208004557507 -0.449122463026188 0.190009953341773 1 5659.48333815122
"1" 3.0283352367989 2.57279410018202 2.46583648834877 3.9753282919711 5.01937321430781 10.0359116045204 -0.0216342211379873 -0.521821462913769 -0.339981437233585 -0.176655220757964 0.178382935169296 -0.586286078623226 0.356279170298401 0.344002580915063 -0.458766949744506 0.191792393412781 1 5736.98264217222
"1" 3.01871138909517 2.56592453183941 2.49538440630621 4.04017892976053 5.03627635257467 10.0312481711353 -0.0347886959513306 -0.533606034197799 -0.400145046354477 -0.233013687764136 0.217906132915869 -0.601058477545746 0.338631223720996 0.359526940062741 -0.442718033164502 0.153322815824268 1 5471.66053619529
"1" 3.08249869117358 2.6164109602644 2.51113291575351 4.0234861216837 5.0145556293838 9.95945752128779 -0.198436792573978 -0.551980301217766 -0.230807740952816 -0.0856936686971519 0.465285523740414 -0.693429667419448 0.32955598849871 0.333025728005052 -0.330555933550506 -0.142253339502609 1 6024.54319592882
"1" 3.08957110921281 2.52503861503834 2.56559110816858 4.0383503969107 5.01269712107299 9.95941835986207 -0.0479987308114983 -0.543691389976237 -0.395263395354667 -0.0932769264111764 0.226872023445961 -0.60640285654922 0.315150903221229 0.362302272888954 -0.426932922397341 0.170837909803463 1 5987.35758579888
"1" 3.00173125073048 2.53058903385354 2.63562264915501 3.85641273862747 5.14956377101665 10.0393832796872 -0.0951287557669755 -0.53880998392362 -0.585023828601017 -0.132044541980039 0.399524589436638 -0.638771418418936 0.298947237943118 0.366179543820771 -0.38706039897199 -0.0323186651356496 1 5582.73196911997
"1" 4.19177659778759 3.78654545019524 2.66286272209601 3.63377572226292 5.39736650061279 9.77891591653259 -2.55648098792429 -2.21494587615214 -0.18040160893505 -0.293850119133424 -0.31278074445815 -1.00937313996652 0.060322266845369 1.03355149511003 0.631009170200198 0.0626181815340048 1 5852.46269401785
"1" 2.95654418305624 2.64095380334345 2.54614449744682 4.01199620678997 5.04081423469922 9.99783122521601 -0.0369691334172135 -0.534798944532564 -0.409530679553102 -0.132670611538023 0.206106177361769 -0.595427185079326 0.320625343208852 0.353234500158798 -0.431577149035949 0.201720044906808 1 5660.18914192148
"1" 2.94684007058621 2.65637104542139 2.51106287577106 3.99335787396414 4.98475958666472 10.0120532159321 -0.0365074548787542 -0.531634624077564 -0.369545705129642 -0.167419445250117 0.205448063111251 -0.593480322083624 0.33958161049056 0.35063823679764 -0.446068333921169 0.177667394086592 1 5771.06647207349
"1" 3.00660239669336 2.59214471352865 2.53952009781397 3.99019422565787 5.01394042893248 9.9744315777747 -0.0574568738252543 -0.546711273412174 -0.391487255503205 -0.0665313089059187 0.241489286753111 -0.594495109583284 0.318797729879789 0.34988762290373 -0.430783427847405 0.171371420591719 1 5741.79907991026
"1" 2.9890478518641 2.61679502987414 2.5024344300251 3.93591356865091 4.9918705879171 10.0431548383315 -0.0373964713529288 -0.527937467662086 -0.342113267258894 -0.159502098915423 0.194492881935341 -0.563488114394453 0.370149136089121 0.321180959669442 -0.469407972222702 0.194107843823368 1 5835.3670369754
"1" 3.0015393012298 2.60194233139508 2.49836994385391 4.00914215469569 5.01177508202732 9.95175738978846 -0.0469371249457479 -0.541174162216303 -0.349004780074472 -0.0482195780407628 0.228855263156789 -0.602819506692772 0.322676613677026 0.361655559513097 -0.433517937491295 0.16024781931785 1 5812.49699100315
"1" 3.04978190187254 2.54524629298627 2.49308911700103 3.96708042558096 5.00721100779053 10.0111143283995 -0.0241158910549824 -0.524539332222751 -0.340450019485231 -0.0986527777352756 0.183286973946255 -0.574962931163691 0.361034576714864 0.334045217365969 -0.460744266377024 0.199336003165717 1 5641.69955533753
"1" 3.02354255025924 2.57051073689005 2.45779667807122 4.07293287761515 5.00423858402618 9.9628580024048 -0.0339959336313907 -0.536333846113034 -0.354980520826843 -0.108014035246848 0.203856255248652 -0.60909445480704 0.301637632721005 0.364728708287049 -0.416033738035624 0.210946377082631 1 5657.26405006242
"1" 3.0124536644695 2.58378552711985 2.52634541032882 4.0310240925157 5.00383762695373 10.0171998028449 -0.0462544369426159 -0.541606947726021 -0.369387985477589 -0.204901941576961 0.231073266908913 -0.600813476770971 0.323442254789789 0.357821684540468 -0.433258121217132 0.162853130309414 1 5674.85980453399
"1" 3.0066786086096 2.59540504313846 2.41382652468985 4.02176383118922 5.00313888206171 10.0297520675936 -0.028405087945861 -0.528813306048671 -0.292438912824203 -0.203068065809595 0.190338545287191 -0.601849080352714 0.327571550908059 0.357768159678516 -0.436985597699781 0.197359439214756 1 5780.56011196921
"1" 3.02267925406213 2.61664315988826 2.44663897373045 4.11390732667242 4.81743122331277 9.87338071330661 -0.0322585098885972 -0.520508955658971 -0.152852934855597 -0.148556804108146 0.353315339918968 -0.645953956107852 0.372756180889833 0.409673764731872 -0.456729109411101 -0.168273670943036 1 5863.04265733595
"1" 3.06678417719475 2.52584530793187 2.55119461323693 3.99582172436029 5.01971857236026 10.0250027833332 -0.0192437665529652 -0.523180368261778 -0.403319895986518 -0.17673274668181 0.183556227786337 -0.58938060889057 0.355100361693847 0.347728704372466 -0.456419924969915 0.183608706017909 1 5573.38576025673
"1" 2.9956039486303 2.6100563162532 2.50957331153625 3.9950777575309 5.04609871963576 9.98147859890009 -0.0397729717899958 -0.536193572523259 -0.393493600626814 -0.113580394867651 0.209581945068159 -0.604812594589947 0.316191665437752 0.361951686922293 -0.429043890968087 0.187970695377571 1 5822.79372329116
"1" 3.01177233286644 2.64765936331027 2.4723909330227 4.11433826231503 5.09104227604687 9.97795423560351 -0.0626884684259143 -0.549121273894065 -0.408104258117343 -0.204845876922666 0.325780219201593 -0.602928951696162 0.400647923620824 0.368163073810463 -0.498318853034661 -0.0994499928171395 1 5920.21114134301
"1" 3.03630338780218 2.57177452771526 2.56508333271139 4.0202274083467 5.06269973874162 9.99473398414412 -0.0357775713021704 -0.532406302285768 -0.457893469845172 -0.159469690744415 0.205382001545606 -0.589635625159859 0.347651972450973 0.346618614034417 -0.452613640778963 0.172135356798892 1 5818.05786135315
"1" 2.96437146419721 2.63323748179112 2.54582945247114 4.05444119459275 5.00733520228841 10.0012241753225 -0.0575508445678283 -0.547810606036895 -0.33883602640615 -0.224644640630163 0.244062828666678 -0.598529419401763 0.31117577735092 0.356398844307743 -0.421232950726333 0.173476521581587 1 5675.33863520629
"1" 3.0199169555343 2.58287658385437 2.47782071073645 3.95144846418069 4.97879125855241 10.0312616496164 -0.0268256600068196 -0.524538727158145 -0.318318256002593 -0.161151383883009 0.18999520736703 -0.583634884526164 0.366607122450667 0.341682066037517 -0.464438948024354 0.170599555869529 1 5810.65034179408
"1" 2.97868566748096 2.62532625333824 2.48049016851194 4.01023242517009 4.96321966331191 9.99436534812266 -0.0370579082922653 -0.532550756929757 -0.302843238908132 -0.106836463448425 0.204458293415847 -0.595274498391725 0.336742112836045 0.351013462342492 -0.44188503491345 0.182700463774193 1 5826.79824020429
"1" 3.00845044762225 2.62070785312542 2.55503854785658 4.01462349737524 4.98853165039438 9.93257482588517 -0.0693570495832752 -0.530774450614982 -0.352593652799318 -0.168687576265092 0.307307691199421 -0.589113543187673 0.358828146441014 0.344628174318942 -0.451401275357757 0.0498062997025368 1 5835.59311558178
"1" 2.97103173506949 2.63493544031104 2.4982744952509 4.04083519180831 4.99114935924531 9.98338112892669 -0.0216872541946594 -0.524594881732531 -0.347176859753183 -0.140242826097231 0.181568322532398 -0.603757073587463 0.331305728457293 0.361360034375851 -0.438361584490871 0.196720747783636 1 5834.11497070477
"1" 3.00375320565858 2.57749559393196 2.54640736114345 4.05014358715117 4.94686128338668 9.95771792975742 -0.0717818567301018 -0.558762789123576 -0.322008650694481 -0.126233197670201 0.282208994318849 -0.59998143510342 0.304171451698746 0.356369582815168 -0.417366596013846 0.139937362994106 1 5619.32745879247
"1" 3.02522676669222 2.59033154477466 2.52365282815282 4.03281370025364 5.0212430219189 9.97431952582047 -0.0461641688588318 -0.539712459721739 -0.348663944568489 -0.097433823868217 0.220832170310923 -0.596730648050319 0.331118452415348 0.355833492678276 -0.439790034144114 0.166793401484898 1 5945.07125637019
"1" 3.00476417367229 2.59384108950558 2.51735026807386 4.07584419057134 5.03232337169809 9.97769740343519 -0.0399131559431401 -0.534622241559607 -0.383674772429365 -0.154547655686108 0.210672366124655 -0.593788606487357 0.333563449884669 0.351110143137963 -0.438973449636689 0.182714765079777 1 5681.91198908339
"1" 3.07226050423379 2.54371634795179 2.51938419633784 4.0739207803029 5.06105536600236 9.98086316720504 -0.0449919178691683 -0.540943069085471 -0.381347732135316 -0.148431867310315 0.223057644366995 -0.598636011940891 0.33499850772146 0.355170708435985 -0.439262424602867 0.160236829993897 1 5927.41548981246
"1" 3.08246553573206 2.52462475799949 2.51440450270407 4.13398377560538 4.9901811855399 9.95574341772167 -0.058460040172536 -0.550284679077608 -0.309228319690279 -0.165553915623495 0.240932869740167 -0.59535873693588 0.308342690707337 0.355265376457153 -0.418763569921053 0.185360019603334 1 5835.85246017875
"1" 3.03351598744618 2.57791567533477 2.57747210732238 4.02192566875063 4.95716827929962 9.99530570978787 -0.0605577125485806 -0.548131062343413 -0.339126134647945 -0.148380671083429 0.243238189556241 -0.596476353470534 0.320261798003149 0.353213923671889 -0.429527820468974 0.164101077021614 1 5871.50698417618
"1" 3.00875095372844 2.60332481323001 2.44609597885491 4.06260342953607 4.97867039884547 9.97454680869553 -0.0284971334785381 -0.529484970583126 -0.290923166417035 -0.12267169786372 0.188351379760075 -0.599301155659721 0.330579843063372 0.356235171195619 -0.438678258992865 0.19884234635246 1 6003.10336870793
"1" 3.00993638127917 2.59391135383294 2.5055529464058 3.95686943179089 5.03711074340453 9.96231102916494 -0.0295284035871155 -0.530769882687922 -0.363791590134442 0.00176730400382047 0.192294972260081 -0.604630697750824 0.313752205719069 0.361774630351109 -0.42748853111528 0.209230340909295 1 5826.62815591519
"1" 3.02867984721916 2.57146993138615 2.45016356583887 3.99829447051124 4.99942125899897 10.0168710329029 -0.0291904814169184 -0.529030220287825 -0.322111171573265 -0.147488029208881 0.190136380151285 -0.58711574012709 0.34105182616319 0.34357337012719 -0.444574124500953 0.204756071112019 1 5759.38036291144
"1" 3.02073971870232 2.58876794307528 2.5308685398006 3.98548676891708 4.95804897763073 10.0028095709434 -0.0444382313884175 -0.536653955458366 -0.327206395643433 -0.108747845160296 0.210836863200515 -0.57516644324053 0.35086141025605 0.335364929688455 -0.452325548455924 0.186411918690295 1 5892.08228038781
"1" 2.96847156230638 2.62855174980627 2.55130127197268 4.06993147859922 4.94285434896647 9.9469596568105 -0.0441227582702621 -0.540874199804553 -0.307420057831306 -0.0823375822189787 0.215281453210473 -0.600550787119383 0.295634887254414 0.360763188529308 -0.411791737541393 0.219360697361322 1 5699.60546344691
"1" 3.01034839951879 2.59478405302596 2.46812431180713 4.00151156179834 4.95932132767882 10.005394634712 -0.0499708509693365 -0.542620301380043 -0.331515776556972 -0.153337886736109 0.226350675080797 -0.593618415067704 0.325548523519125 0.349727194428581 -0.434200626819825 0.179179659549668 1 5843.22707260717
"1" 3.00082753044448 2.60634910017127 2.51150268135561 3.99464277214733 5.04262034554192 9.98126327762906 -0.0427645692016534 -0.537289889620624 -0.377831881041318 -0.067065659886646 0.213557607735463 -0.600098890665966 0.327004285186992 0.354986071909051 -0.435930996151596 0.179174651148979 1 5878.22521483942
"1" 2.99990908670021 2.60248883336305 2.51496418693694 4.00925485794753 5.01148924290833 9.99080892279098 -0.033481122196235 -0.53336031695224 -0.348119939340842 -0.121373124311034 0.205199617637386 -0.611163212592263 0.31848746541786 0.369192758927362 -0.429975483629198 0.177311115523106 1 5770.08786425529
"1" 3.04616625066229 2.55619471201145 2.51880690063395 4.00537853121862 4.98885577958145 9.98490904986601 -0.0438399118669329 -0.538915193739478 -0.352230005827085 -0.105775179128649 0.215166510187681 -0.589652846037814 0.32631400384867 0.347789339491776 -0.435587488325744 0.194170173135731 1 5803.91476513836
"1" 3.04619685877386 2.55374393702135 2.52419136250079 4.00345179749676 5.02066272766062 10.0007619601186 -0.0317629720287922 -0.532485340600099 -0.374400116155123 -0.113685594942868 0.194144755449685 -0.59318801404797 0.321496704045482 0.350803178023306 -0.431916457677929 0.21677078650678 1 5737.8059322685
"1" 3.03612628123459 2.55223474409153 2.55497713404117 3.95680507067973 4.99140988514638 10.0259486209332 -0.0615440236537941 -0.548336132485931 -0.369128204116833 -0.211805837112549 0.255826135141756 -0.587596514369592 0.334368356658847 0.345524317249169 -0.442235921327104 0.142122088775066 1 5597.24555872011
"1" 3.06707632954029 2.55345857198837 2.57465501936768 3.98803957054244 4.90651722363693 10.0311619328947 -0.0498074586967911 -0.538481562436239 -0.288985712311039 -0.173317939011032 0.218019245722047 -0.574016713975858 0.354597903910784 0.333830182275776 -0.4571627690578 0.174111119279533 1 6041.54993675697
"1" 2.97500781382193 2.63426573732228 2.52828449243835 4.01617080135701 5.00045854593894 10.0000578744965 -0.0654354319697401 -0.548151444533416 -0.360221806319638 -0.178402786848186 0.255965412240989 -0.59535272698374 0.335535849375452 0.353131420597731 -0.444225984544894 0.124819987464716 1 5830.94569344341
"1" 2.94101943483648 2.65462629351656 2.48465723161531 3.99053565833762 4.97982613721315 10.00494282073 -0.0551607937753551 -0.544517580704886 -0.30520547846429 -0.143674872880895 0.243015954207569 -0.602884702410817 0.315386492014178 0.361747333463165 -0.429975826512838 0.15451068187967 1 5668.40676919633
"1" 3.00211881338921 2.59541350936392 2.50938112148085 4.0423283966325 5.01907315970313 9.98133849149295 -0.0414987183555528 -0.536397101251258 -0.365489696757676 -0.141376095614145 0.213459222976279 -0.589800990581243 0.334161237521956 0.348046092192218 -0.441523073815005 0.183582262669399 1 5685.44236276686
"1" 2.99555689611503 2.59647814337477 2.53998501123977 4.04896431916306 5.03218128825381 9.98817684352068 -0.0530733593147958 -0.544209114221825 -0.426442519002106 -0.217458881729095 0.243905906593733 -0.584735151856325 0.343159146262478 0.340363680716495 -0.448544015874104 0.149140135500575 1 5641.98259580808
"1" 3.06770299278329 2.54780392257885 2.49771794285543 4.04215267565533 5.03383489815794 9.97422870310761 -0.0455998984905086 -0.54116671025545 -0.351545877481249 -0.121783997351532 0.22730113717097 -0.600020992134164 0.337168579600139 0.356822633984118 -0.443432994548487 0.147608778823749 1 5946.82891357609
"1" 3.00642937892936 2.59162562872228 2.5874757329952 4.0162785334984 4.93212931109381 10.0014718562005 -0.0352073855090504 -0.530391700501269 -0.334574108853797 -0.142242095840866 0.195879161355721 -0.572712257966007 0.351867991186545 0.334069351717798 -0.454274553814678 0.202222243388191 1 5678.11327190441
"1" 2.96757689862094 2.63886887370618 2.47026482053076 3.96209103069072 5.04189508606242 10.02221479243 -0.0206485155021602 -0.523352033364571 -0.364270006873453 -0.12708765834494 0.184457114290927 -0.61185840105223 0.333095106058127 0.369401364734344 -0.441914646117095 0.175306671094299 1 5833.43180730799
"1" 3.05104976450337 2.53666627212763 2.51439615634795 3.95560263831116 4.98405015210952 10.0044341304617 -0.0457601706936215 -0.537490278138424 -0.335082666370937 -0.0892991711987809 0.221362060761665 -0.575010380748382 0.349766245855914 0.334309234159889 -0.455519917276432 0.175232316238123 1 5534.15932256821
"1" 2.95457219642339 2.63261547547548 2.53702786106448 3.95653394526985 4.98188873262429 10.0321914372559 -0.0574674672860937 -0.542755081765426 -0.335234259837444 -0.173238964867488 0.243538534139009 -0.573152160977215 0.353236448588569 0.332277868832549 -0.458070020710415 0.149977918357133 1 5534.72130887173
"1" 3.03096483272215 2.5768033399134 2.48365013724405 4.01494729699127 5.0697717493219 9.97787271868308 -0.0284898317423677 -0.531595338145605 -0.374959451818137 -0.0854777126001646 0.20738039338244 -0.631008898144338 0.31230529009754 0.385517235467264 -0.423398966388362 0.152970993203653 1 5844.67712694283
"1" 2.98130475069856 2.61443939874995 2.53738218658563 3.99228484657633 4.99323116609755 9.98280502840028 -0.0431307433885467 -0.537312723897787 -0.337199636312369 -0.0806538704735238 0.216456942599951 -0.589939593539509 0.328202583706734 0.348391453670062 -0.437142355139023 0.189050858216767 1 5680.13541939484
"1" 3.03362464374306 2.56738983454019 2.45405394091239 4.05593593662976 5.05395046097452 9.94845423396664 -0.0577482393973098 -0.551048173870123 -0.381832373069217 -0.0759898608789078 0.258667534913872 -0.614226293954524 0.312160321764624 0.369029992504529 -0.423047859479325 0.128298442754138 1 5774.56671285295
"1" 3.00356722071399 2.60412580681752 2.46012070557611 4.01148111752534 4.98148606100103 9.99217873520027 -0.069100313027575 -0.551771606657619 -0.317466010369676 -0.142374425946714 0.270638541636403 -0.590931172541747 0.344682481260438 0.346025792100705 -0.447425021646597 0.10779478396694 1 5825.48734604364
"1" 3.04804031242093 2.55158612235082 2.43073115082138 3.97757429685646 4.99460737434377 9.97703079445169 -0.0219646166015246 -0.525588848625378 -0.288648006584123 -0.0445483425714964 0.18776474684872 -0.602107934850178 0.336799171744464 0.360272258051481 -0.445318781076011 0.182584687701772 1 5786.42552684134
"1" 2.98557720451492 2.66599498898031 2.5197613490908 3.99688763334476 5.06192762422455 9.84167020350751 -0.147432599804462 -0.621043954526292 -0.532186068187481 -0.0566824139149193 0.551502284668326 -0.437656404408206 0.395190767251397 0.342090720691171 -0.567537068142459 -0.375133732244206 1 5813.37121233837
"1" 3.03809327445089 2.62472643392533 2.55751420169563 4.04399261189827 4.98114427733252 9.92367674181385 -0.135291618967232 -0.575018252057449 -0.287831517452786 -0.01493521042843 0.423009376581483 -0.662878724366919 0.300288555493515 0.401634514622265 -0.391947073823722 -0.158836195998263 1 5897.64400921319
"1" 2.99836765032527 2.60690266932542 2.53165795786336 4.03259753216519 4.98954070978484 10.012331632949 -0.0406839646366408 -0.535225508963612 -0.369687107926137 -0.170376032628463 0.202520277754021 -0.588565303824357 0.324515910197725 0.346834119177603 -0.433602278661325 0.211968706393421 1 5802.19508200877
"1" 3.02139322822655 2.57436922701382 2.56941242778182 4.0863796293707 5.07656876515465 9.9857569211452 -0.0316396673156697 -0.532487244277433 -0.441144300089824 -0.184505066940898 0.204880943320512 -0.613305334765611 0.313939744598071 0.371039543511014 -0.425588841083238 0.181602802171505 1 5578.80472407645
"1" 2.98780415700785 2.621419681835 2.48444747130773 4.02999244735027 4.92366949416021 10.0054246165349 -0.0718411508086511 -0.551809723484239 -0.239942545658442 -0.174566648916471 0.27149819792677 -0.594000377909638 0.348480788968611 0.349847036910362 -0.452332296865876 0.0924256641270468 1 5871.45343252617
"1" 3.13312037486204 2.46676241077934 2.50382450508835 4.0247106125657 5.00650081066398 10.005052899101 -0.0481196992689813 -0.545338323661535 -0.344355023805157 -0.171928964407025 0.233929572598866 -0.601480712603656 0.31590375669569 0.356828400662698 -0.428065053887755 0.171395932288527 1 5774.21864035937
"1" 2.97033482836759 2.62031581744275 2.57399531146758 3.99516062751907 5.00768630991973 10.0513957221867 -0.0253714890854206 -0.523637004860106 -0.380180363578813 -0.227006430966663 0.183064131040168 -0.57427310819939 0.35711799955997 0.334556516122338 -0.459040754882128 0.204580373638275 1 5447.51304090284
"1" 2.96994649451474 2.63791832019866 2.49742984351676 4.05668228394012 4.90769192517115 9.95671904444207 -0.0649220680149318 -0.549303043526044 -0.250821465974006 -0.0907944044874661 0.250987372887412 -0.596086937671675 0.316689880796057 0.356035765019999 -0.428924655069251 0.157132855883371 1 5869.95026265006
"1" 2.91788937567652 2.69700176474427 2.51372342936506 3.97632150205205 4.96673496864971 10.0255270657953 -0.0427446390048955 -0.534162406193029 -0.317579400203933 -0.156715076407563 0.214310263701464 -0.598281569033559 0.341826955755693 0.356894676471971 -0.447523364596951 0.155259330242011 1 5952.63795829422
"1" 2.9630985679622 2.64194944943799 2.46619029513894 3.98800168211784 5.05670675471686 10.028053044689 -0.0176275247618683 -0.520315599500998 -0.383405977714749 -0.179041935138758 0.17216871251219 -0.597635654242812 0.343923022361895 0.354576570761001 -0.447885938424936 0.198569143970004 1 5784.56601594142
