"1" -1.86575307534833 0.10374706606817 2.08399491871242 -0.0756204256120941 3.54813597153302 3.18378241486896 -0.332385177680062 -1.84612824528495 -1.04261650109413 2.74146226325826 -0.385545831585092 0.272957533418821 1 122.201867829408
"1" -11.4218326850167 -14.1098883205347 0.861804055778288 1.1701458820006 3.96865748047188 3.09572782378072 7.2514111275198 9.34130002769681 -5.4897519820327 -11.7831497918389 -9.19149914658891 -0.449007188707335 1 111.038748872457
"1" -1.40428737057272 -1.41892492771567 1.31774069585523 1.8715928311437 2.73872357276076 3.44185966492488 -28.1446082888471 -24.931986465003 -14.7817126959798 -13.4180949899769 -4.51104326732167 -3.06128160461037 0 205.594351907903
"1" -1.55183523552585 -1.14917997385337 1.00001777599476 2.09508627257864 2.15913260313667 4.73146417394211 -18.8514859963242 -21.3044531988874 -14.0756617577633 -3.37144080783716 -3.28672316650184 -0.254496068242843 0 207.216975076271
"1" -1.33021358996609 -1.49833709884564 1.15694063915903 0.911210947428454 2.27777344946938 2.86120578831143 -8.03716148601925 -8.67259399959837 -4.16185427455971 -2.90297662608361 -3.89466244891351 1.05392753218036 0 204.689949898588
"1" -2.64378330406571 0.0933066521882128 1.08290179441341 -0.0819205740744503 3.50468888095616 3.66883165666245 -0.12132982091764 -1.02553055391383 -0.768989827064815 2.66064558841249 -0.212870884822367 0.179243267892962 1 101.442230738729
"1" -10.402985657188 -7.51286967130277 1.27888341499791 6.70615714145048 2.29969589815336 16.1986960847109 7.44105379357502 5.32706075189402 -2.25188733407536 2.61438142084209 -11.5354359445241 -0.484030318083033 1 141.061662645166
"1" 0.400238665936739 -1.67892719939007 0.125612565931603 1.53613392270034 2.87373900873086 3.31833460424178 -2.5920466854041 1.05871766576685 2.78492140011927 -0.560163195561618 -0.437454435236252 0.174824608731313 1 188.249645822497
"1" -12.5017680446677 -1.24537530189904 1.46784818525038 1.10858862883019 2.39441813064517 2.44080237285691 7.83873064386287 -15.8584641201994 -9.80094140929474 -15.0062816017141 -8.20574596123046 1.4631166215313 1 191.74919090589
"1" -0.0215080233800297 -1.22830479994393 0.0483944876551862 2.21415383126365 2.89392603503994 4.46843133693447 -1.45179596297938 -1.24885947866448 2.90468453811745 -0.66138858522756 -0.00349057970319208 0.332185972896524 1 143.873469821647
"1" -13.5654842218186 -1.40311747664948 0.823356478597049 1.34970442535385 3.43666072299029 2.97278468359907 8.07665356026218 -10.6066569589017 -9.02764741945629 -5.87317076269135 -7.70200910009061 0.197042754802205 1 146.987923232999
"1" -1.55807075105107 0.598705592251638 0.783185500037561 -0.0831032229381263 2.59578884439373 3.80718060666866 -0.136150825390605 -1.25363909396051 -0.252762782323061 2.46698608641089 -0.0514051557105635 0.173631410674246 1 200.640606206552
"1" -12.3972970023652 -12.8691754869566 1.3556026976571 1.75968325256813 4.1603316349893 4.24414998766663 7.77872213384595 7.87380325473987 -24.9629578490167 0.0627499239009416 -0.179005608947377 -0.0790743593921823 0 126.210755264904
"1" -10.8235852888226 -1.4908907043041 1.56157759747461 0.547661169265403 3.74601415071515 2.38559722666094 7.04102181889588 -19.977545433422 -5.99182770262056 -14.4663249880843 -11.114999914203 2.01670262296992 1 147.008703559512
"1" -0.0586837941147695 -1.46586458821137 0.0510812939181077 2.62483821859117 2.8791467420089 4.47845748388416 -2.65903704738962 -1.35596477233055 2.92395092666982 0.10056341576791 -1.41173281652353 0.121563522789741 1 125.386253529048
"1" -12.4970599856821 -1.0286779540943 6.44701992711019 1.26309863755348 14.1267942356823 3.80311102233219 7.87233747472609 -5.5761340155305 2.5008237904662 -5.95694040834749 -5.69729920535901 0.722535639948802 0 193.878933615118
"1" -1.55977009584807 -1.59103716801436 0.81614893313681 1.46562372810398 3.72942464104636 3.23571553293137 -24.1958979546432 -19.104593862923 -14.0846541868175 -18.1429609219362 -7.2361341237611 -2.42617997264337 1 183.271242856959
"1" -0.490273388135902 -1.01339469848377 -0.063902184155535 0.725913458458329 3.0830029225552 2.82317319909339 -0.919738577913959 -2.28978953437471 3.23912769053887 -1.10598772946404 -0.643118523191291 0.0217775369308724 1 132.348920878438
"1" 0.458978692277338 -0.297827387852696 0.342135485173075 0.25641752209654 0.370949461872077 3.07497717805426 -2.16288098197921 -3.12508933374957 4.02002671490888 -0.102580742763769 0.934030775161627 -0.0169684021297445 1 -32.7831307229071
"1" -1.84678100660824 -1.99438636311485 1.74784303612838 1.07604841945096 3.19514548598259 2.75086583325897 -10.0637174192633 -6.44248554652844 -6.48787082076459 -13.6108023249788 -8.67877655996524 -0.0450302133289873 1 150.185541948862
"1" -0.100412967826931 -1.18485784374707 -0.0155916652563601 1.67709132523575 2.98706394093289 4.47951742602005 -3.44679235047779 -1.39304823143481 2.92443210909405 -0.395356414679602 1.40131842652136 -3.20336348169374 1 148.282211257852
"1" -1.56779930022013 -0.968941700755331 1.71037106016955 1.27142448541743 2.85854535053319 3.31173231992004 -9.8427403666734 -19.451258311309 -7.9458466203909 -14.8847392427882 -5.98175027402301 -2.46966294865031 1 226.125622224417
"1" -0.260689542484632 -1.35060271271807 -0.0602384006784694 1.03522488684791 3.25762690542188 3.42071375350891 -2.28768757107533 -2.13862072523821 2.90725043806402 -1.22396441658421 -0.458399707031281 0.209295499975827 1 118.649694758064
"1" -2.24204733328744 -0.267078651023023 2.6724511824329 -0.0538314980888745 4.86102455472448 3.72535662158077 -0.200541459805837 -1.49543509293036 -1.82874903145586 2.84772524046861 -0.215708211767873 0.210764876519793 1 102.953845421322
"1" -8.13755920003229 -1.30130835571616 1.0651869211363 1.31535285688331 2.50343560908057 3.22930606429966 5.37672386978615 -16.4603605675921 -16.9598215059147 -9.54953478490598 6.23732053075986 -10.231952457395 1 187.871089367773
"1" -0.743835435210255 -1.98970935163366 -0.0797291065465337 1.62859707982532 3.60553959150461 2.77177794351604 0.00606876691995012 -3.83167586231214 3.22314113780947 -2.72434413674534 -1.46771391214885 0.141468304719811 1 135.536919930847
"1" -1.36135672436004 -13.0133954840076 0.958282043569282 1.134607256197 2.29379927375248 3.2249617669766 -23.6254989325785 8.00927002103131 -16.3006941872841 -17.4375149981602 -10.7337683714249 -1.02748750962005 1 171.700401813765
"1" -1.66458496274278 -0.916629449915465 1.23009747190664 1.22006033213746 5.57780145885213 3.48366075741247 -1.40882099356689 -2.13726576712025 -0.9425248555032 -1.32191259218915 6.72688755479381 -8.24189217193989 1 224.353865518868
"1" -1.53121188562616 -1.41863336204506 0.971868265088339 1.39343234697345 3.1191046174568 3.7879039470133 -20.7212861142942 -20.5251273141614 -13.0617329681481 -13.3550514898692 -3.16214443813558 -0.877100842425268 0 194.653717532246
"1" -13.2047197953913 -1.67289332008416 9.92854538668035 1.21906159891892 47.0193629438547 3.71866555273745 7.75738231824197 -10.0024197938447 4.08148773326719 -5.0772626086313 -9.5572382923221 0.493369030297186 1 150.342466983281
"1" -0.020444372153526 -1.36387658453993 -0.0641433100269722 1.44625604717555 3.15569214426453 4.64736409601517 -1.03178876303894 -0.964315829459794 2.80263821441021 -0.841568767345957 -0.100152177878675 0.168122593887579 1 125.026413069215
"1" -13.2879013116608 -1.90733426806857 336.203560770867 1.24189538691356 661.096793623774 3.06849193362329 8.05135262037927 -0.595642480639937 11.2403437109676 -8.96054172765162 -0.118158532059429 -0.162855590408639 1 118.039020839005
"1" -0.633991444966329 -1.7908058045371 -0.0740961413992508 1.49297998835395 3.04213442763231 4.12491810044066 -1.01560323371603 -1.17378443298542 3.22478010295157 -0.779229325884939 -0.308711473048502 0.227664615848724 1 88.5273366492652
"1" -1.52602999018263 -0.0407955587198097 1.1915081975914 -0.064100684657598 2.72628280977722 2.99057138990322 -0.981727999742466 -1.86365690503285 -0.875980840004985 2.8893441046167 -0.259088460510236 0.137278047571841 1 140.320578606568
"1" -1.80208913647062 0.205290054201696 1.15228104333621 -0.0549855152203053 3.32671100329497 3.00096765199946 -0.175402128395087 -1.38609780019274 -0.770887172911471 2.72917266733786 -0.173784047592723 0.207126060801716 1 163.508421167351
"1" -1.4595024566358 -1.47118999494176 0.983541682281752 1.0928983636148 3.00767711403011 3.7661115203421 -14.204793552648 -11.2270221993521 -7.6703879047316 -7.68707300905384 -2.30104541123866 -2.05409122796854 0 195.444535380479
"1" -0.386432388724841 -1.31715219695738 -0.0750736008220958 1.51494317427225 3.51575069724707 3.38790005427049 -2.51399664360426 -2.66169584254985 3.0179376980827 -1.17667270331053 -0.573560320648813 0.0953407158123654 1 127.428334156111
"1" -1.31065291984316 -1.30688324754746 1.37614929213431 1.83796810608346 2.943347641696 4.23962807741778 -39.855126510221 -35.9195721651852 -25.3504359816047 -10.4945279413245 -4.93692841199888 -6.06705303865866 0 214.274256112441
"1" -1.80402392953131 -1.81233368908859 1.28687303739767 1.55689083804043 2.69054105113818 3.24429222153018 -8.21532315553393 -8.23324462580313 -7.42331809292855 -6.62053373100374 -7.62254744277944 -0.737961884595375 1 162.428825165016
"1" -3.66214745709342 -1.99354641360404 7.4467164081599 0.975682956797369 17.4703991397196 3.63886354347609 2.64720174750533 -7.1182645319288 3.51913881662698 -2.25375820151809 6.76292599916203 -10.9734386861111 1 168.809040733733
"1" -0.385325049858169 -1.23149849013757 -0.0586574568836084 1.29389665171361 3.40599105559298 2.678981416681 -5.92048969114792 -6.3955716948716 3.02967194584543 -4.1309075880643 -0.633221094040698 0.248627593977855 1 142.201114890659
"1" -1.33839754632845 -1.49366607935057 1.28240280597993 0.843056254725105 3.18416155729118 2.78635214677702 -19.1608191400029 -17.4341835004583 -12.8315420269833 -14.3342602532271 -1.42143503014202 -1.12422472475578 0 202.6270778366
"1" -6.51898971927466 -0.711407468811098 0.954767749739386 1.51973231471148 2.82592954795617 2.94062538743383 4.87528788111856 -0.319417129798646 -27.346513542558 -17.4104125819453 -12.2208715100394 -0.900140647169192 1 219.906507436493
"1" -0.140203743822718 -1.531409310379 -0.0598350840706232 1.64301249746805 3.09924786780254 3.30427088007267 -4.51882751651059 0.0690934005589686 2.88970955233734 -1.28778441138189 -1.16776532223745 0.171829406223959 1 127.192717270224
"1" -1.08636010085683 -0.102759152105723 1.15818271575412 -0.0639269500111317 2.74298326101993 3.40707874982464 -0.932856332542731 -0.787720673802451 -0.549620693763378 2.86991959934516 -0.0954478803644719 0.150206488543587 1 175.568585677473
"1" -2.64198160692656 0.117699114548861 1.53635989096098 -0.0587347483923664 3.34365040738415 3.1760975086949 0.367540662608161 -1.79174559946049 -0.933303343674881 2.67085284005348 -0.320280992260241 0.172765208401377 1 118.724509079741
"1" -0.243844489564616 -1.10800765560562 -0.00561992827665504 0.0622710799077242 3.09602655421744 3.06864143410666 -1.25412476818375 -1.13725120037621 3.03794136202831 0.629081768154324 0.661335365199053 0.107683686257357 1 117.739998944284
"1" -12.6809740397116 -1.26738327931515 1.80532983215151 1.46333150649135 5.05053595065303 3.61946302814955 7.87878487447275 -5.42342422999536 0.253284099413768 -1.76523471803985 -5.24027471540154 5.45747192978242 0 172.140446618328
"1" -0.409674136813387 -1.71838684985861 0.120862016679666 0.951569111253274 2.62006452752268 4.45908437233853 -1.33685876417694 -1.70753062228276 3.23073928997458 -1.09381815821044 -0.376556360315077 0.0803991005265457 1 104.423817594757
"1" -1.52318877995609 -1.32624394608828 1.10157870892873 1.08054799028037 2.64274238368955 2.44474095553552 -12.365266616444 -14.8740984640304 -10.67904509849 -13.8500896487944 -2.02344009928038 -0.586620543847536 0 204.647152471351
"1" -1.24544756771905 -1.21303538357297 0.989638065390207 1.73894282072613 2.69781869037417 4.95891862375161 -14.5643395652302 -13.396021192851 -2.41224315030297 -2.40139917946084 -2.05668096518785 7.20647156394152 1 220.096091271947
"1" -2.7817987042919 0.294926839455983 1.36751007429374 -0.0648032619616073 2.89354869576998 3.33812143404296 -0.0442584486868701 -1.37203232108312 -0.502570601406872 2.51633262571895 -0.052774807266507 0.209610595332325 1 135.75348340969
"1" -0.232494130771831 -1.23693193493563 0.133832661280873 0.453846728778269 2.845397064215 2.98529320293012 -1.09821595447691 -1.80117183275959 3.12262040536675 0.160698684952874 -0.230399682186153 0.203683718436824 1 106.12876726542
"1" -1.09166248935828 -1.09991244372446 1.12349088625445 0.949351748642804 3.05415979517042 3.86839075863292 -4.9108640774084 -1.41833883247814 -2.72094916516608 -1.1612160012549 -6.06515156761893 -6.81794853003231 0 244.826190894486
"1" -0.750606859288842 -0.952801747049808 0.00517959847921033 0.805344013515466 3.35660254540509 2.72147606256915 -1.77604918573227 -2.54839009970064 3.41146984459199 -3.85154308811089 -0.796934840106707 0.0781595580441043 1 138.533303026221
"1" -0.421327375810671 -1.03078779218284 -0.0838277610551904 1.64394899976291 3.52929547352048 5.29675996090923 -1.4948969283533 -1.74618953546748 3.11084989503218 -1.32107077765055 -0.00859334187524747 0.272231398654574 1 134.873631550312
"1" -11.4478425458636 -1.52364131505165 1.95211133663808 1.04469981811023 4.249351419422 2.7348889275225 6.68159581693557 -1.37287257978512 -0.590099007957796 -3.46469892217573 -0.0926194066826932 -6.58168530211805 1 159.217526203717
"1" -3.04642086425096 -0.322607359682847 1.73129938892533 -0.0562022224301258 2.52380439502379 3.80538413557773 0.0639751211221052 -2.31478098376013 -0.933136220456274 2.8193435639699 -0.564829911373596 0.21237865355238 1 99.9976438234585
"1" -10.4643031723573 -2.74660461343146 0.707631254497403 1.36936944526975 2.09012298969957 3.08684640238344 6.7435217862235 0.47290701128534 -10.2632646006869 -3.0177101548092 -11.808276334992 -0.450315799757068 1 108.03589584974
"1" -12.6592996868599 -1.49528293171405 1.81683293779174 0.725070598047452 4.72095445913067 3.8859191376659 7.89125951914865 -5.70633972685808 -13.4989916192602 -51.7377676859093 -4.9360029130912 1.45611880739857 1 155.410207072198
"1" 0.0332673304716167 -0.925888014057149 -0.0374201492383922 0.614258982004232 3.07482802315136 3.22677338315723 -3.60728346776977 -3.35990595280428 2.89458303424458 -2.04045530533888 2.14145154672586 -1.65723371751746 1 115.628522059752
"1" -0.867456768414542 -2.1548437506096 -0.172367423910835 2.46237819809674 3.80022274471079 6.13327210005076 -1.64960492856175 -1.83628516465168 3.1088996084679 -1.88853797076486 -0.119624014714664 0.19770308404485 1 112.857612217756
"1" 0.0474444401619764 -1.18042095040077 -0.0791984014147296 1.25208666506199 3.4913947812006 3.4737505818741 -4.04631375205249 -1.79154650322081 2.8187347624221 -1.70885765761857 -0.141997311752203 0.0733333269332921 1 163.57587725101
"1" -0.212488272696988 -1.14908457229675 -0.0590733409624096 0.482794047622325 3.05335495388754 1.9637528496668 -3.22312829919906 -3.30896373354067 3.02334475114737 -1.45167397567588 -1.1027454322644 -0.129176934932181 1 113.627366386288
"1" -9.43976550968412 -1.56733810027619 0.555312757911976 1.28723116936379 2.44809702526196 4.08941888684064 6.7004540370923 -1.68652600708882 -14.2402183468317 -16.7874637446614 -13.0534740188861 -0.494438161066464 1 147.27962638367
"1" -0.0733038586205576 -0.9870723411624 -0.0252156187545486 1.33268368522665 3.05638243215776 3.28160907380293 -1.31860005733656 -1.21557543373952 2.9390689100206 -0.0194168694437357 0.0685187769028953 0.217281167553275 1 188.138723951977
"1" -2.02257211378651 -1.57398461399483 1.43978692391615 1.28971029965541 3.74088536688265 2.69809314418893 -1.67433469225468 -2.40247534316153 -1.22256050321619 -1.44226207012631 6.92564255368813 6.85243374725887 1 168.70485467328
"1" 0.0644629040123644 -1.50176699570877 -0.0760400189183677 2.38802417940925 3.40459948563029 4.19865560657612 -1.63462033779767 -0.978745550276979 2.80464619371097 -0.535603845267488 -0.130228784998832 0.169421850743981 1 134.999757364964
"1" 0.204014975778812 -1.23101215803818 -0.0678627508987834 2.03853078003704 3.32673497947443 4.34543426000211 -6.52914232453127 -6.52636869151209 2.62907076027645 -1.36523152318345 -2.36111715811376 1.51288561477941 1 167.643746870577
"1" -0.473648688900157 -1.6168058595706 -0.0605493119732126 1.82943042374354 3.67219764986525 4.13910981461441 -1.38980024910118 -1.32261144937245 2.99783238033447 -0.830067669755238 -0.225579214309801 0.103999669145856 1 98.9938568691327
"1" -0.471943993102871 -0.831683803525114 -0.0169470497927169 1.69165741674557 3.21678129381657 3.91817313282782 -0.375865978445943 -1.44881987285693 3.23857196738145 -0.662351878110835 -0.259958945354736 0.242771328261839 1 159.758853641174
"1" -12.7580985967052 -1.41052520697207 2.08972298358576 0.856598256392379 9.5880962906246 2.6975998509337 7.90451794242973 -5.67122443936941 0.518906323020999 -5.94535362884922 -6.5153815262971 0.299679094938944 1 155.015265424197
"1" -2.39998570640285 -0.201456017281051 0.906979246195988 -0.161730233516104 3.08361158730267 3.68967930902693 0.0385475466379715 -1.71950906219288 -1.20541164884271 2.68103795738437 -1.13347963717528 -0.605487118679062 1 123.443995732775
"1" -1.4517843626283 -1.64653140374167 0.833477345411262 1.28091730781771 2.89697716116798 3.32296255390531 -10.9333781642943 -10.7545797467328 -1.64376016006618 -3.52374300011492 -3.06259442690971 -6.58793699877719 1 186.111459259251
"1" -13.5365072158645 -1.36736496149417 0.768104292121733 1.23043154716347 5.1577110331983 4.87094577378432 7.92441260718115 -2.15409334255106 -5.58509750310112 -5.9368320798979 -4.44546226537838 0.279915620752077 0 144.909486104232
"1" -0.387188435693374 -1.24773381419044 -0.0549389759727544 1.74802680158687 3.14630467144561 3.37358876224941 -1.96357245398579 -1.65088837142169 3.0824426132968 -0.112493645891068 -1.41992550244984 -0.0496089666558318 1 130.08320690001
"1" -9.54111338104553 -1.45730255197788 2.43528440331566 1.23620709305086 4.26281594272629 3.0734892227037 6.09417803991252 -8.87087616539206 -0.385450403219465 -3.77576556917792 3.55341665519085 -10.9580799619091 1 138.486269560472
"1" -12.6956899130876 -1.7695169605906 0.919541917246857 1.89449862224547 4.12853867694669 4.01963237664043 7.86981579254409 -5.76456833558553 -11.1490028692938 -16.9650693661717 -8.01911125813396 -0.322859654871238 1 136.430357242474
"1" -1.3600990572465 -1.73218582180513 1.05313899135309 1.42136918355883 3.01314651004757 3.03385339579754 -22.4527829985678 -9.75263649100519 -13.8611283767254 -16.095058371469 -5.62367376881553 0.426327893813594 1 190.701253889203
"1" -0.452041947877902 -1.11890423999679 -0.0919283396413815 1.43627528081535 3.40219830254588 3.6798254041975 -0.966322802981876 -1.59432056421479 3.12708101909168 -0.675471489601019 -0.15375767992235 0.200848709541792 1 144.823139453881
"1" -12.8488991931301 -1.17827373811201 2.92387088474315 1.01284882965283 5.80205547789751 2.69309869731235 7.92220977862161 -5.61263092796645 -0.156341516631071 -6.93652197653674 -3.97551089935506 0.133497493469848 0 172.56162262717
"1" -1.87073073479791 -0.0282712410494502 0.644858741897709 0.0536861958162008 2.91123937762171 2.93209270720708 -0.574517282076059 -1.03968332110837 -0.210593383433149 2.83758334711144 -0.173104368900561 0.161657422474069 1 136.144765879363
"1" -2.01351230654031 0.259731532968398 0.829737577894009 -0.0843761454552797 3.54660806986747 3.82504798535343 -0.689649917146148 -3.18401339685467 -0.787485088800239 2.49830325752743 -0.539582691914509 0.10295468297024 1 129.712729787769
"1" -10.1038602407326 -0.564556723922556 1.45177236476231 -0.292293338475944 3.48464089252825 4.53787140859339 7.08937522433799 -4.46706094297911 -16.3674187466793 2.57233759835992 -11.379843756923 -6.47887284226339 1 201.264290338329
"1" -0.808452463408811 -1.02844600150081 -0.0627110803279119 0.609939294633266 3.09896620538439 2.37805580613094 -1.26245289722886 -4.05943131386015 3.42565291401963 -2.22885480711071 -1.03719750190189 -0.0863896550277123 1 114.242612133104
"1" 0.0273224865813137 -0.878689394011929 -0.0863897029587298 1.0196954403303 3.24032334801339 2.56586787585902 -3.83218339493096 -2.96937829588586 2.92544407747 -1.93413778586539 0.544838322663802 -0.147389031134936 1 169.855175935688
"1" 0.165072606465188 -0.734096328111576 -0.0795600011756763 0.812877508345375 3.35642244631116 2.46426605901456 -1.29521795659811 -2.02273924160431 2.78670880727061 -0.70135116732528 -0.183266301744685 0.161691147463127 1 161.967650904636
"1" -11.8169308089939 -1.30932857013208 1.43177953351725 1.30837223537883 2.83916721447498 2.97779880089071 7.46725239371039 -13.5365388321447 -4.70453955721102 -9.11428216654778 -9.14963855318947 -0.469418527419469 1 178.74653208655
"1" -12.9141884902596 -1.61036435760979 4.87633318319197 0.86236539261293 28.204631909302 3.43327174987702 7.92947596519901 -1.1538117658863 2.30605049631757 -19.7361651927708 -0.0968132256506403 0.475001097918036 0 144.548735205827
"1" -1.18011695715094 -1.71438962958792 -0.134910923609324 2.23208307043432 4.60856013622749 4.67285668858073 -2.36087778953778 -2.15143066959641 3.36267271096454 -1.32597671667794 -0.823620998636783 0.408179705588379 1 88.0564048781498
"1" -1.16893432048643 -1.2859975576246 0.838227693221459 1.716406276169 2.43585302253188 3.56895668160025 -10.2483605092579 -8.70167604341498 -4.69139984252491 -5.12503537257229 1.84178891935393 -1.71648804932126 0 223.754282703483
"1" -13.4744271413991 -1.60554847807852 2.15888285494834 1.31266848007089 4.61253923841672 3.54276106753444 8.02512987544482 -5.94309238542524 -1.18932497137616 -11.3210206852584 -5.01005472044306 0.532943893330629 0 128.092182758862
"1" -12.6679684280815 -1.71084087882503 1.36331865918113 1.88766771710784 3.26226309658776 3.14858789302525 7.89236649458809 -11.5568526166398 -6.08529543335286 -6.66409263392122 -10.3751338449698 0.790411739606343 1 149.230314703742
"1" -1.15158910275815 -1.3496731509788 1.03601458132953 1.70884182287858 3.15850767629766 3.78794420329163 -11.799446317267 -10.8144569998261 -3.11477741604489 -2.84243525751815 -2.67737238868638 7.49335569681182 1 221.726957494671
"1" -1.21737259882733 -1.02967349125711 1.08582680970252 0.898291887297921 2.79112768940453 2.61065122645796 -12.2560937125068 -12.7361881498928 -3.20782836155188 -2.65803770035588 -1.65257201441667 7.7953494476795 1 237.67277179636
"1" -0.119131246004532 0.497829863294599 0.0134540704164388 0.115948980573291 3.73351194804038 2.8030979226577 -1.19401720511112 -1.18743879466215 3.21894968245635 2.80628568299551 0.143641958721561 -0.50412654495851 1 39.8859746974795
"1" -0.707971418506747 -1.41682469975541 -0.0812595157958365 1.37867936276816 3.50362441889494 3.81283283649246 -1.00953568610416 -1.40453269250234 3.18696236241538 -0.732144716918083 -0.130573363510692 0.238289105421917 1 103.342043444035
"1" -0.432015165594309 -0.5909320553321 -0.0567991587114866 0.877807029156532 3.21862505314446 3.19679461529299 -2.25486571367072 -8.59375194768988 3.21134173118944 -5.27769805799332 -2.62820793986791 -0.0859155933076732 1 154.214743521105
"1" -1.66982206205251 -1.3785890334023 0.623490693705218 -0.0490138638690267 2.30707267279182 3.12574757812039 -0.769321838516199 -0.991650027343114 0.438575481151692 3.79404361658244 0.782486208485391 0.537947387161878 1 85.6782702705345
"1" -12.7241724717311 -1.42990402351675 3.96886714266549 4.35605949649436 13.9883421166551 9.84326213975769 7.71005612201343 -1.21210166989541 2.39255879770214 1.6119069942723 -6.71693877622918 -6.46164748115103 1 172.744314672731
