"1" -1.67923800522588 -1.39820744130531 1.06944390871252 1.46023685618848 3.27956415471132 4.08079089316194 -13.8783102913444 -13.1390555488777 6.72041181094217 1 1153.78240989946
"1" -1.86105391254793 -1.56839314823906 1.14008508789263 1.46906287163377 3.22670765380944 4.13790367565793 -1.01386993592552 -7.3609677584668 -5.37888884768297 0 1083.97031570052
"1" -1.47416587377999 -1.17725876202519 0.600033534676807 1.57964595435198 2.78009392993612 4.16952278256229 -3.2579019584004 -7.00781761343815 -1.68666188920494 0 1277.54034896444
"1" -12.2459164351059 -1.28920920769186 1.38653012809157 1.31245566624318 3.51143680760511 3.7065751701204 7.64300544998404 -10.6760886805822 -8.35343765206163 1 1119.11238919347
"1" -1.62754779932062 -1.28342774569899 0.934731805111007 1.83621959777168 2.83881420934836 4.3833389154569 -8.79615454166148 -2.755854685857 -1.98655189432138 0 1211.21398445259
"1" -1.48357337329714 -1.24112005914745 1.2778704310164 1.4679068164676 3.15681411030786 4.12560262790067 -23.1413046174256 -2.67608013055708 -4.65861024269792 0 1288.38568086794
"1" -1.67321941966856 -1.42080265455973 1.07280600864624 1.33072663412478 2.66478013838908 3.78506932927849 -5.85206609649531 -1.82251835423861 5.90651601601447 0 1170.8800331232
"1" -1.73347762462058 -1.26967380569072 1.03592346944357 1.39836043253689 2.81394333746311 4.06325045436859 -10.8270041401708 -12.8659218174987 -6.37005430369205 0 1187.5841792896
"1" -1.66485582967342 -1.39360840648743 0.843845284078754 1.39551151214909 3.294513097417 3.93596647336465 -10.3499072380843 -2.26104516461609 -1.41053891245707 0 1166.27153250406
"1" -1.79894982527318 -1.36545539112994 0.991168082277091 1.61296618279576 2.754785388876 4.37091142675012 -2.60298025136122 -2.66725728764519 -6.81768500622254 0 1149.24665775891
"1" -1.64352928719318 -1.21331051995129 0.850716583986558 1.4409861457531 3.00756379447418 4.06026073501305 -3.28565335387071 -2.94526573774176 6.32048745556921 0 1234.09836481536
"1" -1.57681832355099 -1.55600195357221 0.953406476152045 1.72537295172152 3.1795674345345 4.14440585247285 -3.44252629768774 -1.91608590233356 -7.34591479262678 1 1154.17003062503
"1" -12.2754214172148 -1.5785848114912 1.45789289505517 1.51960752407348 3.41678294115945 4.05215665096421 7.61435581708864 -6.13890192147029 -6.13250708322018 0 955.213124366455
"1" -1.83184067338324 -1.52618348617986 0.910663705645268 1.36831214014817 2.67474279651318 3.98072687869666 -2.54107966441262 -2.71357787469631 6.53786632954087 0 1068.29202919882
"1" -12.177444457931 -1.46081104402826 1.34077842191944 1.67069905621257 3.47988279800431 4.23997747869286 7.74691629133603 -9.81175491052345 -9.00588214252759 1 1040.63542185177
"1" -12.5666907601069 -1.42963572349009 1.33240173771552 1.67125545301268 3.22271814946189 3.90231387755689 7.89027320560013 -8.71689779678628 -8.2207484628557 0 1042.87444036635
"1" -12.4698081356038 -1.29810933375248 1.6364520923604 1.75269153846971 4.16376383652375 4.17495389493975 7.83663098096475 -6.99282230205804 -8.71793474876078 1 1071.91810967512
"1" -1.55497576235986 -1.10622684493461 0.920617262793691 1.35306985023169 2.81954497207089 3.64042283592894 -6.60162047519846 -1.54668144404601 4.39990195288978 0 1333.08805448628
"1" -12.2863310481389 -1.49555659110489 1.49354025890191 1.54412534887412 3.62255541205605 3.95710805200638 7.66149752017806 -7.45487674168014 -7.85748458059978 1 1009.60305284374
"1" -12.2809814524825 -1.54004998879757 1.270021877857 1.49076509078982 3.25387302536023 4.13462954224434 7.6138945483237 -13.1199403698585 -8.94249548929374 1 1000.58151868615
"1" -1.68242925576952 -1.63114587168254 0.534134044826414 1.71202730337554 2.32641824883552 4.85624915432504 -4.09439228992462 -2.0616905787533 6.32584243359728 1 1036.95184444631
"1" -6.35021417437964 -1.40832044738151 0.769989232212322 1.66686882173362 2.55915133911633 3.78092080010878 5.44515987863071 -11.4432162797578 -12.2711094401609 1 1149.81450228122
"1" -1.79036104351812 -1.41219236601824 1.00856108485678 1.49790336366338 2.63758719591247 3.64870921369183 -4.88856490969184 -2.82335686752546 -2.49359862276268 0 1130.83040798509
"1" -1.71521851880207 -1.36785311863992 0.754849762464545 1.41849596416233 3.00726311356851 3.82738538729876 -1.83527459449913 -3.17478818486146 -6.7750447895678 1 1176.18740304424
"1" -12.1523969764131 -1.50689936028986 1.25196837635573 1.23582605724551 3.2982584721216 3.76058268368901 7.60762992420051 -6.04037994993917 -5.83142076620387 0 1022.0768661154
"1" -1.7826714841501 -1.26576083606174 1.2171432911136 1.40611641217836 2.88475928293439 3.848752840695 -15.4894768108811 -21.1485531899973 -0.337773488817735 0 1182.7161984125
"1" -1.66495313447318 -1.33657891413862 0.871324751858021 1.76663073032394 2.89609796444204 4.41321759145172 -1.07520127827679 -9.92866048343425 -0.596939571153945 0 1210.2307229204
"1" -12.063270487669 -1.33450808356275 1.17063391865136 1.71513295268527 2.95938281167237 4.36476917284011 7.46676960643089 -13.3179736581594 -8.81147624759743 1 1108.07412280164
"1" -11.2988625011662 -1.35784996777768 1.38007183806043 1.45919944078505 3.23547645674773 4.06416221415842 7.01006653650015 -5.76281940745444 -2.03120266526294 0 1124.3600985706
"1" -1.58511605591781 -1.48963232570313 0.853705236152992 1.29348192432235 2.67319029917859 4.11128662287982 -1.90669021408279 -4.05012276302764 -5.37205534038717 0 1165.96086683783
"1" -1.50589940789853 -1.49683153182319 0.553964628213419 1.33371957265356 2.42301682399056 3.75799180772174 -3.90457771614006 -1.44841321362959 4.35193356048897 0 1165.31253493765
"1" -1.45784185937347 -1.44401920769286 1.26229946098586 1.30585685180269 3.49100626267101 4.00332105540833 -4.50009066738551 -1.98129003606899 6.74189822129763 1 1226.19176346348
"1" -12.6141983923446 -1.56932906766882 1.22461489681862 1.46821604156904 3.32411098612061 3.79728782274103 7.62756640603732 -9.944707995555 -8.37434422195011 1 894.92873703824
"1" -1.70655504862203 -1.37780828092812 0.975184525833923 1.21262305639422 3.00069764686107 3.63297889706442 -13.6970141313427 -16.3234351345696 -6.80531766752761 0 1154.19512775917
"1" -1.72510740056297 -1.49416741938355 0.896100697669792 1.49885398844612 3.15061032312347 4.00090419088971 -2.61679898550424 -1.66277154343429 -7.10285602416827 1 1144.85693601528
"1" -1.64718335442596 -1.34097523780694 0.8484583465382 1.43385625497182 3.14605385742952 3.82445548752089 -1.47387044288289 -4.44275288519836 -5.85210884776743 0 1214.31680789467
"1" -2.57365827319604 -1.34887629267641 0.961327132827701 1.45062953138137 2.87760680276798 3.90883496507078 0.993184244746337 -3.28397283532323 -9.53512202005095 1 1253.2119695584
"1" -10.1770874177059 -1.47935908439786 1.40213018603085 1.29234860174991 3.32844834857873 4.06419864535523 6.64123063855305 -9.06307108747062 -9.66641327428579 1 1011.08363769331
"1" -12.2490265046595 -1.49865641346579 1.33224320389147 1.37076542339968 3.28136311213741 3.87237220305605 7.63470608595034 -12.6047053017689 -7.77641840319748 1 1036.28286126884
"1" -1.44401478877463 -1.27872924800325 0.720278992109859 1.35394114174483 2.48870864176428 4.13815771719426 -1.68441261626639 -3.68698548807459 0.268937835482962 0 1274.59130230787
"1" -1.45295622781761 -1.25025515093725 0.9850384109951 1.23361500751391 2.91567718701581 3.55828425429622 -13.1963726548516 -2.11439038645106 -3.0291366365728 0 1299.78043878306
"1" -1.87120203707756 -1.21742943488483 1.05982754272214 1.45883960242416 3.31377609591599 4.19261330179611 -11.8766950378441 -17.7443511503779 6.05139102283985 0 1168.37702281965
"1" -12.6429300349223 -1.42515121522806 1.48733413157789 1.31057919344603 3.47292125672651 3.62299377594011 7.61877944694752 -12.4643993277363 -9.09533569786786 1 1105.47375494887
"1" -1.77045390562538 -1.38931366461648 0.652863088808064 1.3543873948319 2.72330465697803 3.65408008732095 -1.07238369516978 -6.90641914729794 -5.60628385927305 0 1155.49170468772
"1" -12.0575416511489 -1.44762787085149 1.21206234115473 1.79189263628516 3.6512094421327 4.91045029609291 7.41574431797162 -5.99095635152247 -4.29804483887043 0 986.405276627175
"1" -12.5318308742234 -1.50659929232199 1.09366233366689 1.62598772851397 3.39221713138555 4.42105012084107 7.88995180502904 -7.69447680043643 -10.307040449158 1 981.059924797456
"1" -12.424264710019 -1.49674253842073 1.18274761532529 1.36302243422827 3.29959650908542 4.12852372365788 7.83955630611971 -10.5022221585072 -9.00955563130139 1 1050.7054549042
"1" -1.85283075427446 -1.23028805464947 0.990611180980764 1.54331207487515 2.98989695720821 4.30517183035653 -3.63295588871111 -2.05860590028293 6.51464766492794 0 1178.56215524144
"1" -12.2551560803568 -1.47283994885128 1.10046351260486 1.64453906275171 2.94971781330455 4.53867017524557 7.63934677943072 -14.1180793546499 -8.84816172785611 1 1043.6866403304
"1" -1.72215072471634 -1.09512996379898 1.00502197809309 1.55308234520448 3.26714378299032 3.77717914451571 -0.844572136131142 -3.2678279552779 -7.1873269267202 0 1334.75078072539
"1" -6.07174144630543 -0.813636100168102 0.825384287249594 1.20920509098043 2.53390775050878 3.26362726297913 4.30381094491109 -9.34592479233941 -11.0663739023328 1 1243.38793014093
"1" -12.0135695140604 -1.43579526603193 1.06729477886111 1.70263546331883 3.37049839649634 4.1903362711745 7.41057425704001 -5.95339874259437 -4.55281777338814 0 1009.32128183073
"1" -1.81063616739791 -1.26670897115063 1.04617501074428 1.35390440096302 3.29112000974953 3.71978645172077 -17.7123901708792 -20.7968684661538 -7.45019970657608 0 1170.68050385145
"1" -11.7826428280075 -1.2398346698566 1.25790282949482 1.58650244661777 3.45465963479872 4.06117831880611 7.43156862689821 -5.80502194933155 -5.30163223791002 0 1176.31441557605
"1" -1.54578707383304 -1.51435226744226 1.11612388763618 1.39410556423978 3.11736336866432 4.03164345053759 -6.01077895559737 -4.25053094752376 -2.14389015153133 0 1160.51893219142
"1" -12.4333613613121 -1.57345035546289 1.13282048707691 1.2860636655153 3.22367766071914 3.54936693079105 7.81042765584002 -13.7227604262776 -9.90253536220805 1 1014.27163404879
"1" -11.8379622387199 -1.30106527468824 1.09072003816028 1.49976399380402 2.84751828834993 4.0257874086141 7.41298464182163 -5.8017291625429 -4.98730245621082 0 1119.71928206618
"1" -1.60514324914146 -1.19520004155348 0.91018742265881 1.43052227378313 2.7360335601697 3.61127884919729 -15.3376893434969 -13.46337794165 -2.46852712970676 0 1256.7301637435
"1" -1.66332679080793 -1.28171049080531 1.12836801426021 1.22662361691211 3.20584498800606 3.83978460047365 -1.66976042010625 -2.73800480228545 7.33827860224081 0 1224.17361389497
"1" -1.56066225490348 -1.2209086178592 0.723563434064371 1.57414972302277 2.72199988839504 3.97140447340804 -2.54166177142229 -1.46584615950323 0.131829521506156 0 1279.80929396574
"1" -12.0205539003598 -1.37910555389417 1.01594547553181 1.77885146813519 3.13571597093028 4.43586573527956 7.4756247888546 -7.86526392557509 -8.35200698660626 1 1069.14020012544
"1" -1.48772476630226 -1.2821585598726 0.546325412337502 1.66936591565727 2.8077069960341 4.51547171796507 -4.66878748599539 -4.25934774798477 3.24190343584871 0 1218.4760455547
"1" -1.57522995981178 -1.06383532035828 0.803081348359444 1.29615611259124 2.82271997757775 3.46485331829129 -3.28465693840191 -4.40983903796551 -0.463330812785825 0 1321.43907245483
"1" -10.48325779415 -1.33565850168428 1.31430689676024 1.11851765500961 3.35191087222437 3.24079860092423 6.63690813105736 -13.737164387118 -9.8272595042455 1 1074.54357677179
"1" -11.9300785704584 -1.61794860004875 1.15972744539893 1.73587639763608 3.1004573285424 4.63056806930377 7.42533962862886 -6.05531550455027 -8.06097565275672 1 971.24312932355
"1" -1.80495874033813 -1.37556165173968 1.07371303514243 1.38971023499414 2.99555670694876 3.64918952427552 -0.773510948519258 -4.35873386922159 -6.43533690855719 0 1197.33038137622
"1" -12.2275668200537 -1.34680444670342 1.19811333743379 1.46449201930712 3.44320049506458 3.73582086634105 7.6436993975051 -11.0773511138165 -8.41364421096212 1 1104.42278359819
"1" -1.83231277389821 -1.2896422355296 1.05156966968445 1.6211384283427 3.23078647690037 3.81461412642237 -15.1258898956655 -18.2455667125874 4.11418696923865 0 1154.90438448006
"1" -1.41229644871611 -1.07369984988767 1.14880790031728 1.32510986838262 2.99317360404421 3.73246639996382 -2.73873262344258 -3.60504195583073 -5.60832347975558 0 1388.41074555094
"1" -1.74390568635557 -1.38886916042395 1.06764626249786 1.62435227876599 2.75189812142136 4.46944785080529 -15.2607814089874 -19.0342401541934 2.0376429300592 0 1133.38868377714
"1" -12.4425050335235 -1.66439780658883 1.35972055159456 1.58636404327834 3.6557176464246 4.177466746816 7.81658835942401 -6.26995732564822 -5.560797893626 0 949.871304793112
"1" -11.764981241483 -1.32751375314138 1.20892850192796 1.54994734499464 3.41038255078681 4.04617980971214 7.30715643242826 -17.4159562076167 -7.152217155041 0 1143.50330545392
"1" -1.74139250479133 -1.48996923986436 1.13806014986832 1.51315875019125 2.95571066196516 3.95696683644395 -4.70848485110236 -1.86018519763993 -6.59451436770498 0 1130.48827972979
"1" -12.311403086117 -1.47368784212821 0.933447160318185 1.38946710605517 3.15514912840368 4.11304824838404 7.61027981239383 -6.02784360942517 -6.62735426910707 1 978.157405763936
"1" -11.9316544689958 -1.61027999991437 1.50913909404658 1.42185064595548 3.61854838865688 3.92086004517477 7.43316383160397 -6.07925590966259 -5.2140124722993 0 984.245331691365
"1" -12.3641369228989 -1.50740773136361 1.2314036285563 1.74624779099991 3.49199587734556 4.52618099730714 7.83586012365213 -11.0190770308608 -8.9859321074085 1 1039.99864941745
"1" -12.2798594972998 -1.48835713568136 1.3302053795318 1.42569341187334 3.87549715524245 3.68748931919172 7.78908593874905 -6.12979354993682 -6.21747248783331 0 1055.95890406235
"1" -11.1180914191089 -2.01546855579951 1.57807922673873 1.52942821515955 3.48624769613734 4.08814055245122 7.05548278505568 -3.06955582420434 -12.3130533893795 1 970.647764425793
"1" -1.51810551756226 -1.22643912099135 0.849546263896963 1.61217016631945 2.8417440754192 4.30428765877476 -1.51981935575557 -1.9816865899659 -0.412303478444246 0 1308.91730601804
"1" -1.84275580468011 -1.38120096821162 1.04479554087535 1.58826921003261 3.47704880689842 3.84303637629261 -1.893335859268 -5.7324051561725 5.88754170048146 0 1129.01589526784
"1" -11.816828437943 -1.41650434662081 1.22439721478082 1.50620015629845 3.33166975462759 4.30989744069364 7.40174810334048 -5.52743663052556 -8.3108533062763 1 1073.09279948923
"1" -10.121826231617 -1.2463371302618 1.24310473514015 1.53291956697327 3.10286736246643 4.10124563255149 6.88289815434023 -14.0556764556349 -10.1298287113439 1 1074.63352538775
"1" -1.61651995092274 -1.28799905181924 0.817242335008894 1.43369341393477 2.89456248344609 3.79127099347021 -2.69850149166471 -3.14056326712604 6.62203121743323 1 1215.75698735133
"1" -1.49138903890239 -1.19957339494148 0.899141619427038 1.27919193123049 2.82989622817453 3.53065796385329 -15.8857040466454 -12.4480664240933 2.6883505848793 0 1288.63646289925
"1" -1.40172575647959 -1.24361102878847 1.18659248416489 1.41721391856498 2.96657562262691 3.63699666160174 -14.4655034960512 -17.3269556684098 3.84827572893395 0 1312.49315098023
"1" -1.62148972631165 -1.32308439270825 0.738724503321858 1.26076063246669 2.87062815663376 3.37139746579926 -1.89268250688441 -2.27451126190486 -6.60296113568405 1 1236.18510047316
"1" -12.2677731526019 -1.88234300992508 1.36836498080393 1.45320083014019 3.18662141251188 3.89450269565756 7.61987752876067 -6.26858872650678 -2.71773840822848 0 871.060316384845
"1" -1.86284597428485 -1.62427284508764 1.06069462132697 1.74046677019226 2.83082261866049 4.23487722902105 -1.27884843898877 -2.86172705986616 -6.97719402637422 0 1067.74252308979
"1" -1.88964535526041 -1.68378739823939 1.17772717968426 1.49571833535802 3.38444707912383 4.13563221565986 -6.30193837211001 -1.89449501973739 5.55747624088517 0 1008.24252340547
"1" -1.77125142432632 -1.40911532429027 0.760545543905618 1.77284196341498 2.58011157338378 4.5206884586164 -3.07524527493309 -2.75257778181573 6.98071311033441 1 1109.11427837605
"1" -11.3743106506202 -1.46649773372093 1.24653800086749 1.92144319053811 3.26073313107178 4.58550767498346 7.81286326392492 -20.0920558778044 -9.62336589850749 1 991.915608740094
"1" -1.86919890692595 -1.27064211620971 1.15946705944935 2.05939738744257 3.48627462142925 4.75319398489359 -1.71529030439348 -4.62390145394443 6.44086646471849 1 1152.05356552334
"1" -1.36741321863729 -1.34277213812236 0.773915244934361 1.49182370490058 2.67689803152939 3.844281517169 -3.10843576568463 -1.92603224241208 -5.96203234735473 0 1297.80742907957
"1" -12.779432573818 -0.574448827391765 1.68214688186954 1.66363777843555 3.61821905168674 3.86803822060987 8.71951890748018 -15.0894487226956 -11.8075621366454 1 1136.54489725636
"1" -12.0075180021951 -1.50214231372883 1.39648965449022 1.37658008718632 3.73391545947031 3.8287750639533 7.429204664263 -6.01044702786832 -3.22073933475312 0 1004.59785636648
"1" -1.87923028233284 -1.25125312614925 0.990647035175229 1.35638368589946 2.92074109976705 3.70130342750571 -1.34749219390043 -8.27328673835221 2.11350203345473 0 1185.84490410395
"1" -11.64858601292 -1.38438292229023 1.00255307743921 1.57259685681617 3.28057557522572 4.09165550789369 7.26296735425315 -5.84390258463215 -3.61230070737837 0 1090.28810457296
"1" -1.6794267708616 -1.40003038178762 0.794502764226192 1.82915307642821 2.61215436138413 4.43417626498277 -2.13434509158275 -3.01964786967292 -9.93184630919747 1 1162.09897587107
"1" -1.74068243758777 -1.48017491191997 1.34751401456066 1.203932785025 3.58839985091041 3.46929634201866 -1.3985364011928 -5.51853883373829 -5.77138532705979 0 1145.37792231153
"1" -12.1459113959463 -1.48442095089655 1.17562383119897 1.60291841127594 3.5086091781856 4.06379640167579 7.63939876283782 -6.93016012900728 -9.52758540010125 1 1043.6758178097
