"1" -1.42122072628838 0.485777661033698 1.57461606494412 -0.0203786911263521 4.31562023564385 3.35315166080097 -0.392074335436413 -1.6513725292916 -1.4601456075139 2.50529444347885 -0.0338798547617985 -0.0834954729192846 -0.0376914727501491 0.271594765487129 -0.0957661761819374 0.147967132392811 1 202.709706767527
"1" -1.55599752242009 0.079090179334411 0.737583098771926 -0.059585078449883 4.20583637183526 3.61931646520814 -1.13446758488709 -2.0886584061492 -1.48047235450399 2.69426939068936 0.82055936216136 0.363263897747686 0.527358804479555 -0.314904971835934 0.295169119163441 0.0496631995026728 1 151.570420513402
"1" -1.70272517229729 -1.71208064450164 1.26749741120946 1.82505175343376 4.13025149751399 4.62544115649406 -3.25526852882916 -3.08626776325827 -2.32781945102959 -1.36553003938078 -1.34797721076558 0.214394936163613 -0.169380392985078 -0.00222584125461006 -0.213327430294135 0.293497084391253 1 169.832339789127
"1" -0.416730629595883 -1.57145044717576 -0.0318136186841713 2.3726112889518 4.31361185717135 5.49256504693646 -3.96881508061123 -2.65376864214414 2.8611506016507 -1.2250905038954 -0.233440616235206 2.30031517242231 0.217044552778765 -0.232948723160107 -0.101497419861114 0.427482217392001 1 131.9067146753
"1" -2.0585052128338 -0.292845701364504 1.36081944411663 -0.117050154043783 4.32220144428569 3.30377839202147 -0.57824351758903 -1.27691712174996 -1.56096697747893 2.9967790108705 -0.161747329777343 0.139155840898884 0.18221843256039 0.242700045748304 -0.60902181921422 0.188910672439545 1 85.6560579440265
"1" -0.724379859466715 -1.05898034065737 -0.106873765235565 1.72231822136201 2.97596618525592 3.8975724574547 -0.550004130582522 -1.93507867047116 3.46013899592706 -1.07560442074184 -0.444440014625658 -1.47018363843467 0.125857905517566 0.338658106869082 0.116711294266481 0.309186773749979 1 93.2839792935392
"1" -1.78084880850786 -1.02854403770015 0.65719075134601 -0.0311813766813094 3.28322868756832 4.72606152193927 -1.45072376777941 -2.2321419171153 -0.513186995106428 3.20341357948175 -0.264856174705118 1.06971118988149 -0.0592718676335597 0.145504069141975 1.28059863828284 0.0817041977961518 1 135.563066657273
"1" -7.93679015208456 -1.49432630969434 -0.887946694119503 1.76899964678072 1.46342169016982 5.38341464997366 6.30855697510567 -4.52023197487472 -0.316859994016465 -1.98358056844366 -2.13622749477201 1.61741133563038 0.000173877355551097 -1.45202963411239 -0.162103016849459 0.275387765315657 1 137.817232956256
"1" -0.520573256533182 -1.80411812997403 -0.0781684867950384 0.630115380837777 3.80397697281022 4.35046794634985 -2.35015077357907 -1.78892998923908 3.00308114282081 -1.36270835278968 -0.311915220989898 0.822668866403497 0.187119689051479 0.198738311871264 0.62192612017612 0.0738532098158464 1 109.619697079308
"1" -1.91050014530268 -1.07402790881191 0.865136819068093 0.186598816174251 3.85026175804481 3.41883868232864 -0.540732340488327 -1.41393130034474 -1.16153814907546 0.583324970888594 0.519236526573585 -0.0100037162058898 -0.612735711107792 0.183308988399591 0.496503831664321 0.366049009110385 1 189.316955063765
"1" -1.946551191637 -1.68829881439046 0.734892196569111 1.25204070526736 3.03976785969583 4.05490935624682 0.01800183319585 -0.541246755323666 -0.324824147866142 -0.0837944674778136 0.11290160807314 -0.645605453175984 0.330092295738158 0.327849928343367 -0.518772556028521 0.202904476533873 1 172.940511877268
"1" -0.228751757991663 -0.684099867281002 0.127534672468854 -0.0407368079426598 2.4654707488402 2.59730800972031 -0.882999595812113 -2.27239578960716 3.29793306166555 -0.309983465334741 -0.292909267748512 -1.57790028921594 -0.134940394581445 0.398587331114418 1.18732265489514 0.0178079241182032 1 112.237544600324
"1" -1.49255463777189 0.0140407834797179 1.64766066826582 -0.12793336806577 3.73345035149263 3.09075646586801 -0.590248148410926 -0.990883715349997 -1.1457780497365 2.76669437160494 -0.199503946451589 -0.0106791305338514 0.39590196857112 0.191436511096577 -1.15077560547373 0.319718725464491 1 123.853059162726
"1" -0.787964808673409 -1.52660768167137 -0.0610853263033161 0.903386550797506 3.51631550064997 2.76330599399765 -3.75552378377789 -2.55333120091195 3.23001816142425 -1.68681402361726 -0.513868814003264 1.10539968779288 0.101647212241443 -0.0838875751391435 0.955014238158524 0.176739862616631 1 124.124457282245
"1" -2.43207960682822 -1.7057125852315 1.15109048231228 0.967382060976963 4.37332850699266 4.03731049080769 -0.280008477130535 -0.621707571500787 -1.56633499998111 0.00286973989769344 -0.542870781212 0.161949627688024 0.0102162822912083 0.23402146713402 1.23654093302318 0.158483181688428 1 165.917212154059
"1" -3.90130739734674 -2.06480801693474 -1.10519374706095 1.57998074977494 2.50348743656494 4.01455943807642 2.36425400998198 -1.35439633153038 1.07948459428363 -1.15488049582819 -1.43872598901524 0.300214934944052 0.0656525395016218 0.155136902928885 -0.104663251468618 0.178409583372677 1 122.852274266427
"1" -1.56017797272187 -1.43421238237353 1.1711310482132 0.985530271541194 3.44479018416202 4.0373969342961 -0.92447768357812 -0.860851017564233 -1.07240005154657 -0.157353055816186 0.335906470064103 0.0040170186309151 -0.518359229360874 0.00943423419189617 0.616380959584756 0.516070780423265 1 208.324462006567
"1" -0.282778612023759 -1.26969614231726 -0.0352738246817541 1.56946655792829 3.95887316845224 3.61068555196967 -3.20005277663058 -2.3714774646178 2.88869813716148 -1.24393151139065 0.153773894813894 0.95973197771661 0.330863277842629 0.0314598024161502 -0.0211161126007988 0.218926616285495 1 147.114268599315
"1" -3.3814828059795 -1.06062225641028 1.56346933645945 0.817665696856937 4.27460705839149 3.3830688218601 1.39136065306639 -2.50930320579338 -1.72581036082478 -1.1885499110389 -0.922290285963164 0.474324540299037 -0.33552534507242 0.153466680807301 1.00269745379108 0.0697624555208284 1 202.002713872434
"1" -0.329402103803368 -0.991335230396286 -0.141706587984326 2.10143090126772 2.99203336698048 4.27967871192062 -0.732114586146027 -1.17718583835353 3.15128400846477 -0.780085481396929 0.0150683178291567 -0.710014536072888 0.255411816306613 0.38985622317948 -0.160960531418564 0.346804087633601 1 145.251337639993
"1" -0.309620312232883 -0.847121396502309 -0.228782550929438 1.06233171332077 3.95934422247328 2.32496364305642 -0.34572644877711 -2.12946447776974 2.97766754487894 -0.878523349939318 -0.591074648713662 -1.48734825129118 -0.0467499481846399 0.404583454982087 0.722329720845519 0.240444541031103 1 111.25537124946
"1" -3.05006650109075 -1.56309902981027 0.922640021276559 1.6671802913874 2.52073306427855 4.96932684660838 0.809336381266843 -2.17475802472798 -0.937202736496362 -1.60961547576057 -0.919925759331386 0.742404883802366 0.162564304554026 0.0762267149180938 -0.107083075617175 0.122596588023078 1 157.630708784442
"1" 0.0755803502937589 -1.16763529345488 -0.102325847359033 1.02280122853448 3.3915458867223 4.63199308625689 -1.64528677263024 -0.886431147232701 2.74902545882613 -0.642558323339751 -0.199952226048728 -0.86461405259984 0.0284268930138882 0.283075380149766 1.17075536890358 0.192102572919711 1 138.053511082187
"1" -0.500273178887656 -0.929527713867399 0.0940209852304319 0.00471313898348373 2.83729578323172 3.38299340513447 -1.69460101017151 -2.08575127820378 3.38127197120236 1.48687095358898 -0.330452198718329 -0.717171474344897 -0.0111995438833543 0.325144093338932 1.18695213019834 -0.272786173298033 1 86.4587826087482
"1" -0.933498890119155 -0.221542225914759 0.0463662369624699 -0.0997845519911643 2.87324052768878 4.08161959827394 -3.63131193428 -3.57053320679579 0.646050079665122 2.8223333082358 0.0774426124777654 1.03413150863081 -0.0289628282002906 0.0280947053409215 1.06698820710825 -0.0621148404860793 1 142.519063311393
"1" -1.79245082202022 -0.55829351702339 0.914427272459358 0.0151682724155392 2.94105023848658 3.40366714156992 -1.20647941859962 -2.26662986935288 -1.1901502355713 2.4975087983901 -0.465836513501438 0.775428444292903 -0.0176408954252416 0.119561227245612 1.27317727813066 0.202119454700507 1 140.854671692204
"1" -1.77692944123259 -1.90091877257077 0.713701075738451 2.81156391362922 3.52122337410052 4.06006712906655 -1.00669028415554 -0.00170402959626811 -1.20574114950672 0.191856833994473 -0.462085922691684 0.102577261060277 0.345549386407561 0.250010096800487 -1.32442360455835 0.247268118800031 1 190.160017966229
"1" -4.86992499999078 -1.59788792922952 1.25334004805857 0.657318094164865 5.39952645474133 3.97191716218869 2.81275643722329 -2.25970509579946 -2.22731667601225 -1.30407967431909 -0.979339074661334 -0.0685076857482813 -0.0395502566952979 0.279405714788825 0.827243597526023 0.185070523900777 1 146.423342709765
"1" -0.265587798269445 -0.917839144440645 -0.0613137316274196 1.92540450259984 3.98062223424234 3.87683513756747 -3.04727922978396 -3.25998821135141 2.93561252075841 -1.62156318008659 0.0200152073737182 1.65830812106548 0.199947404527062 -0.22962707647442 0.0260679772669291 0.0243517260328903 1 171.126307064311
"1" -2.1201258001829 -1.7055688491645 0.629568774818815 1.32511653172455 3.15986818169394 2.73544094295639 -0.807210076690527 -1.86565434235198 -0.865284965384052 -1.14318877328437 -0.66657807022836 0.903652913062096 0.141428912913602 0.142507727941736 0.142839047077401 0.200295088715034 1 164.351062017668
"1" -1.25094793916036 -0.539283856782787 0.739416084880932 -0.0672309263081458 3.82322251543368 4.15876990115791 -3.33652595445824 -1.87293286682613 -1.78663582421088 3.00086365003252 -0.245139405133324 0.933916842451272 -0.336443720929556 0.0297101055544384 2.22567555520562 0.0612594433339203 1 150.821920532844
"1" -1.37802195423113 -0.53120090863723 0.758289031148474 -0.0715186105946564 3.57362210469408 4.28082698402245 -3.11275841697556 -2.04402593893432 -1.10230302307378 2.98092039048418 -0.261274259710265 1.19943444667909 -0.426663126295852 -0.131489780773756 1.94906673063692 -0.141695428904846 1 154.510068422351
"1" -3.56573999512976 0.00537600597109757 0.185228208460673 -0.0609150508965641 3.64233860959567 3.75650397584888 2.31940400496817 -2.17519928224819 -1.07839664706465 2.50767853685212 -0.83510193150088 0.70041670137161 -0.0959428608938852 0.121915922310976 0.160083222575816 0.152431990712168 1 150.111627099839
"1" -2.3515085496569 -1.70441792146145 1.20663742051221 0.803027078912562 3.48024523486032 3.34685008314641 -0.453715805691791 -0.837067850916722 -0.849556438634883 0.27280763361332 0.641289213413868 -0.267046388782282 -0.138286936737606 0.766271579902439 -0.161366395149199 -0.152198049322832 1 157.949486426377
"1" -2.20985571901812 -1.35312614293003 1.19221739595188 2.14972832871172 2.73713678472182 5.20515854778458 -0.257160716983793 -0.984631701836082 -0.403784550338547 -1.38068032663 0.213574525671092 -0.252011847614425 0.417972877838794 0.54894590824934 -0.269641884534191 0.388602527973637 1 194.644547340874
"1" -0.687657927004597 -1.26640280846254 -0.102584252505763 1.35599916881506 4.38539438888284 3.50947963741016 -1.92620732110417 -2.85000913087719 2.92981560134478 -1.86283767068662 -0.497132452974307 1.29168976696707 -0.0240515489543063 0.0570854059881931 0.160446482846695 0.105253137373 1 157.204268805785
"1" -2.51051250507074 -1.43353614155661 0.93639414337418 0.701680259045221 3.16981728766938 4.45964004561663 0.0984943815937573 -2.35778170549183 -1.27813195913139 -1.7062940082478 -0.70532913117442 0.713921226919234 0.2709902474866 0.197429026651075 0.180161570503486 0.177996363924132 1 170.167649318009
"1" -1.79787598524222 -1.44574430736248 0.863563689396854 1.89736316605266 2.98561681419899 3.71775707421386 -1.40626223601797 -1.27754474762127 -1.02345493085464 -1.08865184245305 -0.80351235574023 0.936067332781476 0.149366053225632 0.0179589134953568 8.23642182580816e-05 0.165550281785047 1 195.673440473137
"1" -0.576619495683319 -2.07632329715667 -0.00574524996242186 0.518132523449201 3.44488315929864 4.66214478185284 -2.29260168622903 -0.713834685802528 2.72032548348977 -0.39845551290143 -0.549755166217043 1.83596194428073 -0.133444794766309 -0.638384663658607 1.33094735867034 -0.33532161786711 1 129.290463826174
"1" -0.951729378910103 -1.57442821563173 0.0431042603952336 1.02735849858857 2.5807963836837 4.72101873420774 -0.111382375808475 -0.776801969486779 3.63548203599067 -1.17116629858913 -0.424849809524684 -1.67522231722401 0.173660192299268 0.278585367052294 0.604929753698749 -0.0196119894755949 1 53.9284958259441
"1" -0.972730406638126 -1.97729893623289 -0.180101196688878 1.2228590537323 4.58689268673078 3.644514047688 -2.29985569633674 -1.25894730417816 3.07984099112124 -1.28924353196644 -0.590638309072098 1.30182510358883 0.111587662369388 -0.14949613235394 0.700131049180708 0.246874941556236 1 114.649145696474
"1" -0.447229383284331 -1.08735010929128 -0.205093779003765 1.52115889449527 4.35981701968172 6.26506449098542 -2.6299785315247 -0.713283995017531 2.97144992445735 -0.343534715561708 -0.180089451169495 0.50221188045438 -0.113691182793559 0.0794191780406922 1.95881806447885 0.269061452705428 1 154.605943883761
"1" -2.06555479428889 -1.87228906859003 1.58392190761989 1.84481458708912 3.53985464476145 5.20831573298751 -1.10652771165816 -2.16479361193734 -1.56885608958536 -1.55340455460958 -1.17040756547624 0.387572886996796 0.210441170619019 0.19609382268027 -0.304097376981366 0.170307165460708 1 152.726198137839
"1" -1.61076477757571 -1.15637699891299 1.45842309509793 1.3951122305901 2.95152950708464 3.91710028205908 -3.53876025738391 -6.47331447652766 -2.88455571223976 -3.28312450119738 -1.01529609782896 0.667697857760827 0.00205771725560143 0.0406024047884951 -0.211583691000096 0.0183192910076516 1 209.71342077551
"1" -0.271258935563367 -0.729261097885631 -0.12202168050098 0.317161888083427 3.54668019873751 2.86358806627044 -1.54412655444319 -1.99914424747343 3.05623952140201 0.601269195376316 0.075067825706435 -1.10137385971934 -0.112636532434515 0.292727086309015 0.878346074276111 0.0726735922435175 1 131.193046924727
"1" -1.41556603238232 -1.11030762886042 0.753395247327443 1.15040786557857 3.46547927655331 3.04442139341973 -2.866723488194 -1.6923136375567 -0.00231399718738835 -4.74709920317205 -0.80457881913093 2.20210209968276 0.272398705371841 -0.627144386585954 -1.35074394221265 0.0995952376521366 1 224.366206902983
"1" -2.88206668545931 -1.60346155261795 1.2963108089517 0.840624275558612 3.20772188350314 3.26322274493218 0.473160583383236 -1.97599616665705 -1.21242915861405 -1.02204492008171 -0.678720604639408 0.534133917842216 0.0613024162272309 0.0932726699578074 0.871444306295406 0.171740552726181 1 155.944573053262
"1" -3.50773023232389 -2.22130411029541 0.265406015774631 2.428984406565 5.10441798373684 6.08484367217309 0.648547848070723 -1.2054180144835 -1.53907170821132 -1.86079388482124 -0.715576829628143 0.738063961231258 0.234032587367084 0.232529677516974 -0.0750916699614345 0.201633442523405 1 101.044931182384
"1" -0.571820116441127 0.400289378330113 -0.100418949873708 -0.0550146390685979 2.25553730574037 3.27354492499826 -1.9206350604533 -2.67977177568636 -0.84815376199926 2.65965554167344 0.207977476887706 0.810648869133606 0.0979813124336715 0.0910456942072677 0.234107109862391 0.0801151291133486 1 169.07368944583
"1" -1.67670150050546 -1.40523801162204 1.00630767143417 1.6415828307008 3.18563859196119 3.83050234972213 -1.35518135179765 -1.77687929615246 -1.12214564730176 -0.935109887278188 0.858021359021471 0.492260906071116 -0.0106956094765523 -0.317272227066532 -0.187892781294656 0.423460744802234 1 196.74674898975
"1" -1.57825010041375 -1.40003898404095 0.461575142434164 2.40530268430733 2.81179022174121 5.69222879620565 -0.586302260391384 -1.32973933406825 -0.091708595247961 -1.32042205903281 0.995484143252746 0.0225378509375753 -0.575268119000516 0.632291014282077 0.109161542299691 1.20030091556876 1 190.111873917131
"1" -0.245062307644727 -0.358424581845633 -0.139402780693822 1.10739003835805 2.94592543148793 2.96595062444349 -0.498890291315892 -1.44211834668793 3.17368603176394 -0.871927465369929 -0.268235889780405 -1.72458074311984 -0.269809197468875 0.640128321994135 0.284322803589741 0.228175479940316 1 158.487487320823
"1" -2.82160705053358 -1.5601275918344 1.12652679775758 1.61398387823237 3.83608034944932 3.68326929250396 0.602220624471655 -2.33436000294558 -1.42445179539154 -1.27781146809567 -1.03311343012594 0.534866365078518 -0.0268483668862341 0.172949340983205 0.297415581369632 0.328599167321104 1 165.764115607572
"1" -0.0142377134356572 -0.908852671955556 -0.0924361729015334 1.50345409511795 2.93497666993067 3.84959290658251 -0.8582661381845 -1.92685370222327 2.91291556536225 -1.19777674795453 -0.30512209008611 -1.570424914295 0.13700724971481 0.37522608904425 0.350662644564381 0.155024931072389 1 94.2477007288498
"1" -3.28510623520012 -0.95707900803474 -0.156373177713082 0.999095488892587 3.67808263810791 3.89876522487252 0.858000199163041 -2.82824671346305 -0.898101236500627 -2.00354275662167 -0.72717228334436 0.940057643183569 0.133559845181095 0.0627229330258727 0.208233436589287 0.214578067073956 1 186.112566960578
"1" -1.89754407331603 -0.215048104226664 -0.113554613636788 -0.0638479545930068 2.53689644937564 3.38795041076243 -1.060643613686 -1.89916813830855 -0.0747467800183814 2.92678598172611 -0.25023553786713 0.212184705848895 0.193657793969596 0.145997188831391 -0.156085983281229 0.076169002086874 1 96.5533638512757
"1" 0.271098651133523 -1.65097804440468 -0.0899068955720294 1.49095497482783 3.34776712615594 4.44947901664279 -2.43846586356385 -1.89174039700376 2.66065022169996 -1.02065985153916 -0.229075314986581 -1.32151217041104 0.275245393016224 0.280181554422347 -0.156327276342633 0.218148341083363 1 119.301475650548
"1" -3.24026734926292 0.0390913620801404 2.19439778964044 -0.0557778715712772 5.56832572759054 3.53544252397394 0.83465276077542 -2.6306697209794 -2.25542846492347 2.69334207625662 -0.601911393630291 0.538960760273021 0.0241605984723269 0.125152477517508 0.725679800201366 0.243845310510897 1 124.715707102604
"1" -0.666604651733212 -1.20641353239308 -0.109426676896201 0.925348621770037 4.3930488049368 2.58975017522937 -3.0916129970884 -3.31784602734977 3.05335695322108 -1.97063838341689 -0.230487482058583 0.58877361656779 -0.32349792934156 0.096760038837658 1.75765064192491 0.273697115904249 1 141.574552165452
"1" -1.05354107256615 -1.51044104816949 -0.329426179251642 0.422395532620971 5.1499128052378 3.10166258269763 -1.58707307241662 -1.72297578208145 3.31857454125671 0.582652729106918 -0.438580458709066 -1.11275023659835 0.105521147570425 0.347543107055844 1.07176596556207 0.0922588250389255 1 85.5902687808957
"1" -2.63976930842557 -1.34718290434659 1.43262923561294 0.944531848524274 3.52078374258292 3.15219464365485 0.526894849750934 -2.48920018594063 -1.25812981007768 -1.20711507919613 -0.919290290527035 0.636671322028029 -0.331729044561221 0.102973160286882 1.01531368278513 0.2041190909771 1 184.634729271296
"1" -1.16827671568805 -1.45011287926697 0.795495908023183 1.77511547175428 2.81007173410082 4.86214555856071 -2.70834959605303 -2.24293604064528 -0.223846794973433 -1.37683657081689 0.00475816220295024 1.3883862746891 0.271902044272858 -0.494438606230499 -0.194287440678839 0.428354678746054 1 211.812977570353
"1" -1.46175520134972 -0.0860731512250125 1.42579893391207 -0.0623575054490804 3.77141209072427 4.09683736596233 -1.99694389788058 -2.2222622664854 -2.28881351105482 2.67896506384626 -0.595331732465333 0.877398453107081 -1.05568419301861 0.134105629967376 1.62004864929334 -0.250429565306194 1 180.254568653506
"1" -1.88787518522312 -0.306171697056823 0.530874335831281 -0.108978166105413 2.89774945333135 3.12730840137432 -0.431022007824385 -1.23234632741866 -0.518198091312486 3.03407504716814 -0.0880601858061607 0.0197807668923252 0.200191289765561 0.228090886741401 -0.726692408340942 0.161833526710792 1 99.9778381146798
"1" -7.70826523645784 -1.16200724288055 1.30650746203235 0.746953975393006 3.6697998858984 3.26440761535678 4.77073436864544 -1.91852118659052 -0.967157574625041 -0.385869464069588 -1.60726506605142 0.817997083069638 0.0990274535916494 -0.355139065229239 -0.0211581653374268 0.0826344780330445 1 159.750231874779
"1" -1.57712329215628 -1.32977690359704 1.53156393907902 0.913042193582645 3.36082894524494 3.36844705117579 -2.54989874655651 -3.29360038600725 -2.03547123937249 -1.83350881840937 -0.356975075477064 0.201276072690274 -0.750238072380458 0.281024524680446 1.43420334986122 -0.123331434350034 1 201.578418895878
"1" -1.04887254402075 -1.56804187432617 -0.039816427775552 1.5552335398915 4.35883487947248 6.05714126292209 -2.7776277713642 -2.55085226426325 3.29904671191726 -1.95047052953521 -0.518336401315181 1.03782024356535 0.100238777830061 -0.13604414378436 -0.565106376310455 0.224508658786725 1 118.610954975635
"1" -1.41154075022422 -0.665528622493919 0.029839606334968 -0.00559519388941492 2.77610937514122 4.59272047508221 -0.811662500474468 -1.29822212011806 -0.0566815629682231 2.9526890838547 -0.359013503702702 0.0171849739964576 -0.0200664375766109 0.263583656800495 1.39781146615934 -0.0343187639341963 1 146.639555168018
"1" -0.169911879131387 -0.617747155115706 -0.115234660453292 0.199217835310653 3.23829605234865 2.47808349518085 -1.73156446918148 -1.93130324998316 1.98453501758599 -0.250487518426765 0.137230094283408 -0.623109620029854 -0.161299908888896 0.301309437745623 1.21707657093007 0.0617046814850968 1 187.453997514735
"1" -1.41207205579548 -0.772016437457563 0.716104535712159 -0.0879699355630521 3.15212385728852 3.66778702159697 -0.904412688559094 -2.70520971880231 -1.1080842982366 3.21051925017845 -0.255095963048906 0.524032865135099 0.101905185279955 0.117399112796913 -0.263122907957876 0.0673262033492964 1 148.548904144719
"1" -0.307740051516969 -1.73443748074627 -0.0359273875807304 1.14850724355888 3.80194572231029 3.72986885976012 -3.3886772734479 -1.91579238570958 2.84929555945565 -1.37156042961197 -0.266130935754702 1.2487402143435 0.0861499033619555 -0.0569378564222765 0.456069290861005 0.178952240504947 1 125.156709813158
"1" -6.79626054589577 -1.34147707637471 -0.00642001375978368 1.27863354276882 3.62345498827539 4.34759280151176 4.45029902816629 -2.76427436438256 -0.119913316642214 -2.39155623960933 -1.18153129487307 1.1145387946986 -0.0479217701066569 -0.694609354980223 0.353503412517492 0.568484814052188 1 163.621438216279
"1" -0.92036678661234 -1.19410343797756 -0.184687756097236 0.990778124398675 3.5936095030232 3.55171557861425 -1.65459309151448 -2.58253366096435 3.05410044134123 -1.28858426205967 0.354352798619711 -0.283405363044553 0.142864628401849 1.09967058268536 0.909654528570589 0.942268680842047 1 128.777266838185
"1" -7.57604412897461 -2.03175762627562 -1.53375197928608 1.22640526698117 6.11314529301691 2.99753351298452 5.340078559502 -1.69017525082316 1.37166741652592 -1.39214959221278 -0.882644755624096 2.04457568825125 -0.0838720248428862 -0.977467676286297 0.424308174897783 0.0787008016803292 1 147.672371464316
"1" -2.2357507708532 -1.35009634455356 1.10993998961206 2.04274888389578 3.39838258266464 4.51753848428294 -0.467159789215275 -0.953558367302229 -0.93331864843692 -0.53965851687228 0.359327083894368 -0.0467613165480082 0.0665030012638894 0.652262816261359 -0.830335057334493 0.0382832731716197 1 187.545713265961
"1" -2.06486752011093 -1.13228070124421 1.49495990556056 1.26090515483544 4.29010344886665 3.61720487934014 -0.406508677936292 -1.56418873886056 -1.26630981201069 -0.778865129666422 0.485562465406395 0.262143048281172 -0.00983288481781465 -0.731327451578821 0.0313551928674649 0.500011012235101 1 204.999711670204
"1" -2.16635619118279 -1.3372048221305 1.17563797368482 2.79785382005395 3.42446527422628 5.83723010322087 -0.34021362471784 -1.34514461340241 -0.99469861963746 -1.55073164408272 0.412069703606836 0.116440372570017 0.997517447131088 -0.0734346930314615 -0.215124237713368 -0.178543178564121 1 180.578364316796
"1" -6.63890039030576 -1.76430671697069 0.159894527152106 1.75996744131258 3.31212261874104 4.96664734284662 4.08593089512753 -1.70292832220548 -1.68450370082878 -1.51068970597892 -0.397692190985581 1.36310121379708 0.0138212300007492 -0.0675309833041378 -0.13311280535846 0.371095641618975 1 131.052241940567
"1" -1.97088266393616 -1.66491656121075 0.861691702706546 1.06994413630355 2.72433752488208 3.25302148553079 -1.114036123651 -2.01798917117235 -0.793296607887843 -1.1689902591435 -0.678545919221894 0.916057896569039 -0.0320911249338445 0.0124225731870929 0.723118915404395 0.100183138644916 1 170.328443565774
"1" -2.40012511125422 0.415187445212282 1.29964838860928 -0.112739075104196 3.62778668162946 3.45270566593542 -0.230434192653807 -1.20183077260268 -1.04009641552148 2.50690418724418 -0.18411165293138 -0.0808056373407657 0.255471473123831 0.191570897822921 -0.617529416228377 0.183829076777878 1 142.880613331136
"1" -1.34916904399703 -0.269487084476542 0.271302811747255 -0.0474488877843551 2.55627735784635 3.48030265281775 -1.41948583476144 -2.06637619899492 -0.455234189709414 2.94037070594 -0.171922018223758 0.851012831160491 0.103226578018646 0.107470017678675 0.21126864283476 0.1538341779232 1 115.286016319737
"1" -0.99681171237208 -0.678556167317321 0.489918816377115 0.608677021142532 2.62705535678533 3.43186962808204 -0.94044447977778 -1.35138120392779 -0.49285209488756 -0.247535207983694 0.699694036619007 0.10960019991116 -0.594364398208656 0.26189158892442 0.365353172369822 0.0764413674575599 1 258.4416891832
"1" -0.398482941242278 -1.32679218511094 -0.175632570993269 0.581328399252895 3.03675190696551 3.56436047703564 0.133375601528258 -1.20154360221135 3.09499946017353 -0.474303073836755 -0.418522678359572 -1.57223241117966 0.225740451479537 0.359256326859583 -0.0575713453490421 0.18257117362568 1 80.3226827919661
"1" -1.53539323479607 -1.07712885926015 1.21002949902265 0.692849475265555 4.00764726167417 3.60523928858222 -1.63335772452662 -2.45497246041533 -1.80448278289321 -0.633318439078684 -0.016882313911825 0.353436383755714 -0.611473553124307 0.148983109978468 1.23830127213745 0.00273081327193728 1 216.750362244044
"1" -1.91724778378894 -1.8067216991104 -0.268175940836654 1.45052608536883 2.47861614862563 6.80055910762597 -0.6329165502254 -1.36870192580958 0.221112483474827 -2.61704300025669 -0.0151562470863241 -0.306662848261988 0.531177230566529 0.408179530334128 -0.442339161136216 0.394318853726593 1 137.476274067588
"1" -1.05769641237765 -1.60526836434858 -0.0391709472412918 1.12117326446512 3.8401527441259 4.34465072918651 -2.52460628412959 -2.57398278320481 3.29324088778514 -2.2381124037812 -0.463699321151105 1.24328196222199 -0.0196254785274423 -0.318319051254054 1.23994759702452 0.116074747171604 1 96.361082175154
"1" -1.90786927267046 -0.158649393763169 0.378950495669717 -0.109454488184185 2.85440974934942 4.27272666036623 -1.24056108036712 -2.62111441181927 -0.208681057081436 2.66438249165582 -0.368882373238167 0.6625260353596 0.177936894651304 0.105219678360077 0.27693220257506 0.11072890311224 1 124.987695525818
"1" -2.14411685367982 -0.0708766887045712 -1.80255673495452 -0.15012143303332 2.03820209294055 3.71169174321085 2.71709819561376 -1.68521621734526 -0.860422539445454 2.70036126397514 0.382263355825504 0.523598047957234 0.275741513033867 0.3304311258799 -0.997551550650323 0.230977460643894 1 87.0360262712488
"1" -3.63787780791905 -1.71999448836074 1.60215069727768 0.94220034025591 7.4116149734781 4.28396068097973 1.10544955325339 -2.00673353526417 -3.26027310120142 -1.47862521927198 -0.792435481520736 0.573988178579255 0.233859091713084 0.221592490452423 0.259497976070753 0.183174342045282 1 131.689834360496
"1" -0.770547658406876 0.397947183897683 -0.720610837170681 -0.042538165338766 2.3659690437216 3.3220889283892 -1.95465123015212 -3.58951864654772 0.450265983950241 2.67550102398615 -0.110062082013257 0.712807354822112 -0.0699312478511573 0.0318024143652974 1.7845997666566 0.0644303484547048 1 146.182110017266
"1" -1.63434712636347 -1.60331099803346 1.72265075908247 1.26020957902266 2.88266970102243 4.27280696304982 -3.24371554780381 -3.26683062370004 -2.05483317216961 -2.1676771280248 -1.0692721228825 0.0223242594136638 0.329688958501784 0.307177338767248 0.336878279965962 0.386903104208558 1 182.859428927906
"1" -0.33407042608696 -0.767857077492861 -0.0291534829723457 0.339228106965341 3.44018767284752 3.21230078132989 -2.35008095367793 -2.20640222073784 2.33943008758369 0.333597613886793 0.274046416581521 0.278587765539619 -0.204971996169882 0.12523747755767 1.38695572381141 -0.118622905223805 1 185.775154732018
"1" -0.64591514533126 -1.31968189215352 -0.156431743177752 1.75636423489746 3.91436493762703 3.33850422110791 -0.648135535618503 -2.27745163738285 3.12018957862203 -1.01894372811727 -0.748778539645923 -0.91543309723431 0.226421793283042 0.357678907231685 -0.748029018917911 0.287315975703194 1 122.433310315149
"1" -0.468221230316137 -1.21026326726332 -0.0901087848427072 1.45063969981675 3.9135281278232 3.22428397363861 -3.25721802718804 -2.96379296436106 3.07310904667013 -1.60846593547198 -0.14876339666771 -0.215299429491698 0.180212949296709 0.228103969811783 -0.36162948643617 0.0925569271319128 1 141.591098696801
"1" -9.43874332626384 -1.43360525742317 -0.0628002297729194 1.0035080681634 3.01640254708065 3.5504707251756 6.07703164582953 -2.82433684635109 -0.474026100199667 -1.48622497512763 -0.793587450009442 1.80329777712144 -0.0208975120290473 -0.425388991729868 1.00124277646015 0.275552019473982 1 145.540911071152
"1" -3.19203619534741 -0.00589359759701253 1.12611428137552 -0.0977435122515946 3.17619341522195 4.09783042451912 0.595674858858058 -2.79005535042224 -1.13103830458317 2.56432876196847 -0.663708569104629 0.698961868396265 0.0606254094903979 0.116538473523791 0.54345573109215 0.234276695376271 1 128.081456639148
"1" 0.214151007108986 -0.738716729990912 -0.0352331554498738 -0.484660273518409 2.90672030112117 2.33834583200343 -0.166966192603245 -1.37977705394818 2.83214629335587 1.44760610188157 -0.336247796287693 -1.92730126360184 0.162496289179543 0.458195889435149 0.439241321444866 0.0768207375094696 1 62.5325729882356
"1" -3.04934343961517 -0.0313280982369769 1.22736981348185 -0.0660907862714735 5.68948824116606 4.05261469127352 1.33607004761045 -2.83469054351203 -2.34505107776101 2.61912792385552 -0.988842467188204 -0.234785407878018 -0.812298109340477 0.215341077240379 2.46434546849323 0.183984340790478 1 127.276941105225
"1" -6.39188058258027 -1.70355255022381 0.209669620647176 0.524757452797893 4.3578756460786 3.72171883082873 4.80266222223845 -2.21096836889704 0.100240951859312 -1.08216379560523 -1.4710067654293 0.833264384469833 -0.174954692082905 -0.467450443117675 0.655476558756835 0.144471835033379 1 148.516808327884
"1" -11.0460963750914 -1.63539178682817 2.04561475646208 1.64211969547344 3.33137062397849 5.34739517754763 7.08403884041355 -1.12605845215376 -0.125687175085044 -1.66456457608304 -0.308179921140469 -1.28537659218147 -0.0570630364540278 -0.0287960132076064 -0.973506526138306 0.599259046642405 1 164.428167799136
