"1" -0.693441476010939 -1.93111231939212 -0.0558453706477528 2.54180060418105 3.66733492090497 4.91558787380508 -2.35042355385815 -3.24516277144109 2.90611639100656 -1.26219290152044 -0.569081332845045 2.39302346781126 0.319335479738208 -0.421972477390243 -0.338524695881658 0.424863355402212 1 135.085302248919
"1" 0.191683375113104 -1.65037451297247 -0.115989649315127 1.77368145294033 2.76840083864618 4.24196937134048 -3.60281091697722 -1.0649533768205 3.30837656512149 -0.893531122888425 -0.535141106326429 -0.753442419319109 0.206046920912404 -0.292275097756113 -0.0181882677591461 0.155383641074326 1 87.971831771838
"1" -3.60484065717213 -1.48522658661062 1.13069311456394 2.201317679861 4.46877353743519 4.5491711166177 1.64871405254372 -2.37054298391984 -1.67166285352749 -1.10344631074232 -1.0703446418222 0.315957750221087 -0.00291293823474902 0.240175247595564 -0.228772535236154 0.225326527129433 1 166.387703789427
"1" -10.9124349499461 -1.54200857857717 0.791070230054907 1.20004417176617 3.37385436158316 3.65442812224548 7.08154903788529 -1.79253395797979 -0.422018483388405 -2.56092158580001 -1.24172056026018 1.33498865797125 -0.122894258827714 -1.44064455354941 -0.0854157623342988 0.380593471170976 1 152.44441663472
"1" -1.06982900869765 -1.46318947003804 -0.128490491793254 1.86935163988266 2.88090208591012 4.38975378646251 -4.29152423719427 -2.16478033341363 4.14586864732549 -1.01577917754985 -0.404101275084223 0.666436440381482 0.202236434894613 -0.518145968346381 0.216191718833494 0.952550176412574 1 91.20830143274
"1" -2.61318664151315 -1.00613798152274 1.0309885432375 -0.303982820028983 3.87583242102024 2.71883453573694 -0.151227664384546 1.67343983864708 -1.00619829520053 4.20558754012057 -0.0690603518740368 -0.312144481272283 -0.0328338098759144 0.0393168896134714 -2.60286500959529 -0.110867004915918 1 12.3437308065677
"1" -0.693795882566489 -0.899346073069693 -0.256942587532251 1.06023990033538 3.01015419490166 3.04916867132615 0.180519306919792 -2.80617988853118 3.94585541378616 -0.874708946686421 -0.550580612723763 -1.58044943588234 -0.487253820293254 0.316765670579767 2.40330277113525 0.201549290692923 1 77.2591276769581
"1" -2.85793033458531 -1.49756941611053 0.381036815229794 1.59702507299605 2.69396322278811 5.09265734142765 0.604940199401654 -1.90799910877001 -0.475588337145879 -1.42177194410531 -0.657105658644501 0.831845913350012 0.244391795952585 0.1883892255103 -0.326883080547807 0.184621836957083 1 163.550166065115
"1" -10.5751863658217 -2.2151127124168 2.99656399509502 1.41056869702119 7.07080367499077 5.38368085553954 6.89728313901596 -1.68983823558459 -2.66349693112713 -2.00253782607582 -1.19296630358188 0.655022169640165 -0.00581475895935837 -0.0323839445987174 0.268511117897738 0.231154969775386 1 112.013002513751
"1" -0.270608237459379 -0.180762499249844 -0.506223525863959 -0.105140492093882 3.63236655031253 2.31288113434395 -1.86781332581971 -2.96638187771799 0.409436042751225 3.95696348778756 0.0940561727255291 1.20866434362176 -0.747206709045061 0.366866466605156 -0.948815089703708 -1.42052075168399 1 115.975012392415
"1" 0.962585206710438 0.527698967963859 -0.334091200132907 1.33877401092228 3.68965429405666 4.05678229148236 -1.95077594136204 -1.78557615158043 3.1422311529113 -1.08833403620047 0.386500378478278 -0.609072641986005 0.0641885456140527 0.634992466541057 0.929099633417658 0.509465864316883 1 152.678403379958
"1" -0.40816126804741 -1.04221473833501 0.332224120565743 0.46193928002781 1.46600936439255 3.68609640754623 0.232987120068327 -1.94742019001692 4.16694474194611 -1.03431010772987 -0.215470545020279 -1.70284257985647 0.263080532751955 0.605526215386013 0.205606176229058 -0.187491673153846 1 -1.95115775182239
"1" 0.252978451946935 -1.70502591620909 -0.197665953049103 1.78450658225486 2.8216911556155 4.10203001114969 -0.464018841583155 -0.735191274263466 3.27280154037064 -0.626834980677059 -0.103606652314601 -1.37236372178173 0.229098865807514 0.368775176935306 -0.102400443900911 0.168087565623694 1 55.4943818873144
"1" -2.16970515192922 -1.76473101227421 0.710864318739491 1.1620988827202 3.16963009252942 4.08581379203307 -0.0747193798258397 -0.578611045576991 -0.427098479506561 -0.122242412506288 0.127883775148951 -0.622805236028601 0.328835871363379 0.32595472804514 -0.529383860271268 0.201175061977218 1 151.790900196767
"1" -1.77744981088327 -2.20146281220075 1.16277577298249 1.62411719542199 3.78386316473859 3.36715432026438 -2.2736443238382 -0.879245526167958 -1.67033006110934 -1.2658609951129 -1.06772078689185 0.606121527670157 0.149902739681783 0.0867357666548184 -0.0226989620050202 0.113709378476461 1 155.912440546474
"1" -2.12761705067766 -1.3191897081933 1.32740866504137 0.931392319932638 3.66104981364102 3.43270833276559 -0.329943939634493 -2.8514723486535 -1.4052912642724 -1.42396802689489 -0.619484027643202 0.915068673623965 -0.313078714459709 0.0925163248938616 1.41127012089114 0.143616246217726 1 189.734413710585
"1" -0.214799672592035 -2.5448845632301 -0.102240236094741 1.74871787068004 2.47904439118212 4.12248738007136 -0.411701761492217 -0.718035472366963 3.54042614154662 -0.806204834817265 -0.163199526856854 -1.49840268523475 0.213876712680481 0.274812248977328 -0.0279280878100674 0.211536410200043 1 5.79634077928313
"1" -0.199073438436551 -1.64108884901672 -0.22607939000159 1.80959643746681 3.50119021373755 4.15521578318352 -3.97967743516631 -3.49899437640368 3.23528143867704 -1.46287130007959 -0.224533316020314 2.81132937396356 0.0914344760540272 -0.245903743652084 -0.0722331719283088 0.211881938464116 1 121.491328415823
"1" -0.610597510470438 -1.03844290167419 -0.157478325045129 1.49769368689965 2.99698185380322 4.36615899317283 -1.28378177471469 -0.715659540524428 2.10149111105556 -0.936837623861257 -0.248540679406176 -1.35986846814078 0.278594987039231 0.294703949285517 -0.192667261117609 0.209111473735439 1 129.635565775323
"1" -0.407406674041979 -0.850218333777232 -0.56332780820575 1.45340945414688 3.45026013559398 4.83023283074833 -0.925635011919775 -1.25543399102846 0.513692557166017 -1.41773307943972 0.135671139827053 -0.837406705835475 0.290836684305761 0.36534209829567 -0.275339933758562 0.194002201726741 1 204.029981746125
"1" -1.42615083533274 -0.714625985067997 0.467471136869283 1.25318615807563 4.1633750104459 3.76452749167413 -1.13143163515432 -4.29104632572175 0.676844090151593 -2.88970704423471 -0.215958732802124 2.36985244032257 0.286008617859926 -0.411009352260758 0.74249579175293 0.155705156180809 1 245.114014455032
"1" -1.52585623318521 -0.236547092767904 -0.301275681490735 -0.239994873753581 3.68259753506549 3.0995721492515 -0.311914871656321 -1.26589309306229 0.0698537666903121 3.4584519259487 -0.497466566621028 1.26918938799183 0.426130073343552 0.0573449016708082 -1.21040968800669 -0.095032504009661 1 87.8473552357755
"1" -3.15010674099053 -1.67735210131526 1.11177604159218 0.799081453096062 3.66630864897238 2.98565825783207 0.884380114122112 -1.74675053885183 -1.36094467503429 -0.5413175513935 -0.746333556912735 0.472800261899912 -0.00440362875706193 0.19257382624471 0.799108260538732 0.17151313951257 1 150.756701753169
"1" 0.0127685116440482 -1.17689280096894 -0.260512789140716 -0.121013549628352 3.42076563108276 2.20598883644577 -2.4063329567407 -1.6333273795111 3.28741552877513 -0.125533149828687 -0.115657299907029 -1.28656316611434 -0.106923221411731 0.461152433065316 1.0678761648058 0.113975563489357 1 100.297270076426
"1" -2.20306329241435 -1.22968414013503 0.586482303696073 1.55386180991485 3.22537089401188 4.49476597897119 -0.208641304930124 -2.61237206142972 -0.954184496280143 -1.55826820037982 -0.608520855939273 1.02275232737959 0.101535290417568 0.113383520385067 -0.036471293602544 0.161911088258948 1 192.04220517515
"1" -4.64210180492426 -1.03266193310149 1.42429966386377 -0.0797040280307584 6.07477430246452 2.75294332736904 2.87759152228237 -3.47347397439732 -2.43191418992277 3.98771965601411 -0.732613777383489 0.332258805211779 -1.09395186750411 0.116366238850328 1.0394617406705 0.28818890962672 1 60.6675464094606
"1" -1.55669219664557 -1.23066201461242 0.709404310227867 1.9251442298401 4.07862174575921 3.84415555325629 -3.81320334391408 -5.2601643248714 -0.84788525751118 -2.59855862407139 -0.262153609923721 2.42579323400782 0.317296338305056 -0.318003589654059 -0.154675462535437 0.150562566618761 1 202.566869571679
"1" -1.32238904238895 -1.48950818862793 0.431342277423232 1.56772315642565 2.96290306215855 4.15300276148167 -3.14314430868915 -2.95411953118966 0.544507651265099 -1.82899815673505 -0.247634106832665 2.25512763427108 0.130534593111594 -0.432668214008714 0.375100707426364 0.158204408106646 1 189.711816130655
"1" 0.115726557913914 0.24474577618468 -0.592465536824014 -0.230720768560955 2.48791036249595 1.25811597945024 -0.526181423396795 5.0776028318709 0.00384323796465324 3.97879046036238 -0.25765429401486 0.259976488533373 0.226092835373153 0.344821637315475 -3.39388216558128 -0.311016150822831 1 -1369.21053938302
"1" -0.796278220285299 -1.06424854236139 -0.118093797691431 2.33688853175217 2.81530150083924 4.80810436322018 -1.91505955376126 -2.7229732121177 3.99480841594691 -1.12000376919614 -0.406017394692319 -0.716460970848734 0.149393050856587 -0.0546647177565914 -0.439324413681301 0.845718633900482 1 83.9948882933331
"1" -0.890214352895062 -1.10420986364372 -0.0112328190486408 1.10846168222882 2.34914673089761 3.84094879672847 -1.90507100591058 -3.19888415275892 4.16942314739083 -2.07501172804691 -0.155725359416203 -1.66260290892745 0.0278846373705049 -0.076625519328884 0.9881408435739 -0.0125070148164169 1 105.474512361221
"1" -0.139645226894651 -0.402972700222988 -0.164249955415359 1.91882948118452 2.70230339244793 3.91968029012929 -0.970895957811074 -1.56238887765501 3.70924716970582 -0.411930829982028 -0.0713480560156285 -1.05886723182886 -0.158333085680064 0.496015843349385 0.0225841473617283 0.679589996407429 1 93.7054976932013
"1" -2.08220201077747 -1.31653701535763 0.268518105962843 1.25947677523844 2.80296265820183 3.59684495029827 0.315619029840406 -2.98574419932141 -2.56728278087099 -1.8867258032379 -0.888691481452487 0.582847014525959 -0.182096939313011 0.222734472110739 0.40844144221648 0.0996447325860441 1 200.997358190996
"1" -1.64966343039003 -0.398239752146804 1.31807452305237 -0.252145679096548 4.16516620171958 3.23612147464524 -0.714843372609459 -1.27112522256262 -1.58357771173273 3.54278211293116 -0.164708573713523 0.15045373397289 0.363705485665709 0.243317020463393 -1.35994871152182 0.249154531239021 1 72.3397923993707
"1" 0.444920069548147 -0.553028363402317 0.0470191233676334 0.447947493517349 2.27472720935007 6.19207598913107 1.64189187508648 0.00164217784972837 3.35854027726916 -0.763738720147374 -0.251035681760311 -2.21013081249294 0.436167353152178 0.290037923191613 -0.991398915610855 -0.632388526270276 1 59.5887384412126
"1" -0.19906918465124 -0.152632391789057 -0.235406216647559 0.839092587908343 2.96121663464547 3.13611396859584 -0.864423625142009 -1.70219132407345 1.32260252473699 -0.84479055525646 0.389686253742834 -0.859789491251955 -0.0352751543936062 0.426003561664157 0.356108518184012 0.208124079176527 1 253.566280932717
"1" -1.69501411125488 -1.70179342916164 1.05403944488085 1.13048718180427 3.00895828994542 2.85456589511308 -2.52873155427056 -2.76997803408781 -0.899302795503576 -2.10348018392521 -0.422932088949245 1.89945965770083 -0.403638444305468 -0.34926072247347 1.5544559084798 -0.210984905381431 1 175.967030575843
"1" -0.875366702185993 -1.64621897700393 -0.180615167984646 1.84783477170319 2.81194587376799 3.79409653258697 -0.911285465717408 -2.42772561082557 3.99503697165834 -1.37592403879577 -0.708119062421166 -1.01847790503025 0.150582230091805 0.317825030794597 -0.0160691268595147 0.499741482813648 1 62.1961773938947
"1" -0.568720872316269 -2.25902921044544 -0.134199646560251 3.62004549029894 2.676569676401 7.45632015571019 -1.47196287624867 -0.411785839296693 3.73929472164968 -2.89870922987 -0.386018592623424 -1.24225376822122 0.225055244712953 0.480752813889128 0.323284098868282 0.337048013444084 1 40.6458491221401
"1" -0.806857504177948 0.769172565750182 0.0117848918822925 2.68898011117998 2.03843102565362 4.29456494564203 -3.76141709016382 -3.08212550329569 5.2338481406686 1.02824729737869 0.295747438934796 -0.0660434930732722 0.137215576133685 0.133450471712024 0.096495013359557 1.87182326942094 1 -141.72443027846
"1" -1.26718002629437 -2.1557897014868 0.893161707495479 1.28917614481271 3.94958319536974 5.40998835812964 -2.94579091952554 -0.570837582809728 -1.98127102240075 -1.93184660643834 -0.650444710522741 0.923258696089498 0.352789831118612 0.12554783893991 -0.111338127856806 0.136754784815313 1 184.653509888192
"1" -0.0198320441029613 -1.50132099090097 -0.244060220392825 1.51788510182821 3.21229048819666 3.7702593557521 -0.910151112539172 -1.19180465237834 3.2752052822345 -0.769404852718692 -0.142869677077872 -1.29193266811266 0.231046430215992 0.452881582783292 -0.0335179682063377 0.206240544100498 1 77.3835049926147
"1" -2.02172062699145 -1.74806286316731 0.845731999717211 1.1335747494755 3.16930777596674 4.12794432653536 -0.0260926343371199 -0.551439602538214 -0.446252426053926 -0.125953378602391 0.121308711910813 -0.590312966229417 0.340114895560261 0.320809480343259 -0.561928186750783 0.202437265341317 1 156.678390325944
"1" -1.01900846218635 -1.70168686966592 -0.328175152127142 1.83634179357586 3.54072491201655 4.31014804458604 -0.672169710057534 -1.96140438788258 3.91886586448202 -1.49421344616414 -0.243870701429092 -1.46289619773416 0.181031401710107 0.419093757996362 0.193873170032309 0.270114460615859 1 17.8794591375281
"1" -2.01376774181712 -1.54532206890628 1.2618351981002 0.935739378073655 4.29513771770845 3.55313006387919 -0.969105516581496 -2.68361081935999 -1.79689894392266 -0.958520938433635 -0.667891475802118 0.801285606047999 -0.640521362310124 0.13849644469381 1.85402499453858 0.238589423583775 1 172.344877581441
"1" -2.21911883252788 -1.25223605396482 0.839068728005212 1.07580014988749 3.09091071314253 4.06980335854194 -0.0700884314892966 -0.479549142846026 -0.390111947175047 -0.0558617336650454 0.109626542498431 -0.596165653553457 0.335843459387495 0.321858679854766 -0.575549602585216 0.202230280587585 1 200.894015838585
"1" -0.963453243925735 -1.3809069611965 -0.0629921299842803 1.25340210000621 2.57565134253007 2.95703493861018 -2.6558097282879 -3.80425487848081 4.1261953806629 -3.12883645767597 -0.489812980157299 -1.49978153341531 -0.132142423944283 0.12260548479962 0.645618246853438 0.157592655498654 1 83.1480723081022
"1" -4.16063579326287 -1.62252856289536 2.90155005109718 2.24703370481242 6.5966370318154 5.17458386556387 1.41813082744175 -2.00219935820086 -2.85065437382941 -1.45676929266794 -0.642548732936666 0.917628192911823 0.155906136768363 0.156454822216737 0.0703106454008974 0.192331868010549 1 126.21111002649
"1" -2.47424744099388 -0.584324227757317 0.496385838309277 -0.174943329135574 3.07963127507453 2.85980924188771 -0.014251728929679 -1.36070139142251 -0.626447679027366 3.6975525745724 -0.183979851508195 0.0333454212138461 0.356721382876236 0.238401592425122 -1.48810827115668 0.182353673153593 1 59.6649099641618
"1" -1.87779317291471 -12.46057389224 1.56290857051268 2.43210910371693 5.46899229564919 7.53987039994257 -3.68808033979588 7.56175660431406 -2.25550755167813 -2.99011153966215 -2.28447280565411 -0.0936244981618997 0.341692238046824 -0.0161338532846645 -0.557369193596663 0.254730007240583 1 109.974821014634
"1" -1.300114577572 -0.122056376325513 1.67308725381834 -0.210868687138633 4.23647552708437 2.95728603797128 -0.959150042864578 -1.35176460629325 -1.11605484138958 3.48273043221521 -0.0667576411549992 0.0876835981319339 -0.0917359749365108 -0.796636927388041 -1.89137604717844 0.494881523388921 1 135.321704484229
"1" -3.00594206564778 -0.0627697160238646 0.638054773198432 -0.174792135443408 3.18794461976628 3.02597134907401 1.84496134589362 -3.41887483359051 -0.736620881221552 3.32859363099996 -0.676640529777789 1.03788276969559 -0.181855313349013 -0.0215698518071532 -0.190233211645734 -0.0684185005509061 1 132.573083401607
"1" -0.665461397923505 -0.10650942127566 -0.374417604179705 -0.150394794061752 3.07089561627257 2.62343394801108 -0.717700887752867 -0.641432180379728 -0.159697431360005 3.57110809044786 -0.0694747326047124 -0.17661821138731 0.599041087346949 0.235074477466008 -1.33262067505691 -0.158193437686539 1 93.9585157447891
"1" -1.91120227439348 -0.212311099101083 1.38927073250142 -0.144315399744062 2.9449302834262 2.61466428787201 -0.740236440174332 -0.587433505256288 -0.914361351004119 3.5582995977216 -0.223365604709596 0.265909602876182 0.375458878395402 0.117089429065245 -1.32770889268899 0.411759242942183 1 76.5868946329338
"1" -6.66759031426555 -1.39029035183958 -0.199707883697117 0.480645513435821 2.38893858430872 2.95565337164382 3.97865328423943 -1.93213730981718 -0.45816783792215 0.296851780939925 -0.748991992107037 1.26479369215954 -0.242155781031964 -0.193317190554523 0.938053141685861 0.308741821324869 1 130.04143425212
"1" -0.733802427209974 -2.17634128665043 -0.31881532377136 4.2462920257891 2.34943907756022 6.47799577783619 2.19978160379318 -0.830452327313922 4.04947937057958 -2.6823751967168 -0.163931922413032 -2.19981539081248 -0.174586146271712 0.358179905918706 0.702975183181728 0.191413313788298 1 -70.6610318193907
"1" -3.18047406958289 -0.557159890827377 0.282887814569999 -0.148823512588837 2.70782234300493 2.86677112049302 1.51408639502073 -2.32066077763176 -0.566608564402914 3.65928472205642 -0.623071383537205 0.806887735421768 0.0280176652176774 0.10945434577539 -0.462606791747939 0.141828543815526 1 56.1496157861638
"1" -2.02901908076241 0.229355167223896 0.221701409049642 -0.675266179477012 2.88703436604524 0.904084273300569 -0.266961756737169 6.14744233842474 -0.747890752176329 3.68831899544331 0.168848439700217 -0.306452497600363 -0.0438776866052123 0.00283831993366234 -2.7135957434168 -0.0563260129036781 1 -1200.37590245995
"1" -1.92806929675807 -0.172524144387125 1.16790821680099 -0.227475168366189 3.15002895613793 3.41718288408001 -0.174871715754569 -2.06064278278194 -1.15920796005323 3.28796469048399 -0.606263044728558 0.988431676837971 0.160320957613699 0.125214300547508 -0.201312722085377 0.187299411456161 1 108.700635893614
"1" 0.498848293647605 -0.535149967089418 -0.129221149094771 1.33398539437252 2.99211756744382 3.60743923664384 -1.42946355673963 -1.3676814934846 2.2767709161058 -0.664748549351592 0.189741381208588 -0.899498196817522 0.218203164479353 0.369140624192199 -0.182933654969859 0.20369363181345 1 172.567296972276
"1" -1.29284741513058 -1.6422798723748 -0.134189117247223 1.77945936004781 2.9858422054154 4.22766800174416 -3.57232698223376 -2.56876494858132 4.2619388954596 -1.65955160405639 -0.482267396509189 1.44062325254944 0.222646326093296 -0.0165559521482516 0.410662953044781 0.596075127589134 1 77.4708136585814
"1" -4.48571512321865 -1.74040238675076 0.82498696740826 1.36513733017564 3.97992480484497 5.67096690114115 2.32016595829705 -2.07490569421535 -1.44204526919134 -2.44027204586409 -0.957449619933494 0.603166636253484 0.336505577535523 0.16056473543094 -0.310588403218842 0.190743115924909 1 134.990070535861
"1" -0.588198641206419 -1.10514187855469 -0.182581027467019 1.7863139747563 3.06769908195515 3.91082183104915 -2.96498894382661 -2.1225229479998 3.78020527980066 -0.972133712100736 -0.165307331240585 -0.589329810947868 0.23686109917422 0.578094327845309 -0.205832470123308 0.546567902185132 1 98.9317708233793
"1" -0.825391829759604 0.404812881418874 0.844216900001127 -0.204672041354443 3.12492101559304 3.0873387082906 -0.886200239106326 -1.44107578588049 -1.02447829339908 3.2077625896675 0.318754831513305 0.0407563909402727 0.298895806703488 0.233750639614202 -1.15628306998084 -0.165264183329376 1 170.104309818842
"1" -0.227068398721377 -1.18663909535361 0.038446136175849 2.13415969122982 3.03202385298121 4.64380656312307 -3.55094378683803 -2.03089952799114 2.69961456335037 -1.20530271588504 0.453699436243379 -0.636394713221676 0.254951719268685 0.297047030198856 -0.255920597634056 0.150009772767967 1 164.630990676569
"1" -1.73253003522322 -1.31116541594396 0.820603839737267 1.2906674949442 3.84221287006766 3.2379971847561 -1.99675289146227 -3.52852858196142 -1.21288866988844 -2.47191045719691 -0.471532965487882 1.29290781532996 -0.0881691310944522 0.0684967642981274 0.431634322884389 0.239004496072134 1 195.288440359293
"1" -0.436218345052426 -1.3292093110762 -0.303009552253995 1.75258260338018 2.22132907532037 4.01767279342743 2.56502754123488 -0.9001304052942 3.91435308194276 -0.370221105568731 -0.0711235504888357 -2.14262828154353 0.221433941981195 0.0304993995506522 -0.740656913108738 -0.0153194578223883 1 43.1893866083828
"1" -0.153535299089373 -0.703144120924284 -0.186534136355101 1.81360310260729 3.08236553958567 3.72051020829973 -3.60144491044848 -2.47561587548489 3.56272056305963 -1.41380991711699 0.332315513300581 -0.511476069494631 0.208513419502731 0.627031992796974 -0.0611567804236351 0.264751762169853 1 124.256220235597
"1" -2.23927513354473 -0.567244939658816 -0.16122259968443 0.209919679674707 4.03756426537978 0.263362242792437 -0.465009373686542 -2.57742076931013 0.757336771420526 5.64363075843136 -0.580537766013875 0.0473239680677683 0.34973764503706 0.295410385763107 -1.41326276476134 -0.81864148091991 1 -669.669527451088
"1" -2.10596682125524 -1.25913379582966 0.995197536051143 1.02974799610261 3.85799824954144 2.90260695774124 -0.314507015878795 -2.67920479736732 -1.52889920220013 -1.65035331758688 -0.596833009791682 0.816453197442997 -0.218345215465125 0.188692041089339 0.944550301534503 0.101976786978007 1 196.238764290598
"1" -3.54938589868973 -1.2691725673531 0.856789843950598 1.08963042493107 3.59379717627068 3.75171186421397 1.70126966658065 -2.58640864739795 -1.28082796524884 -1.60634122637142 -0.918329238120992 0.640132748684576 -0.146113295985199 0.12257120565478 0.690979887746299 0.279574453029572 1 186.466355133523
"1" 0.221749985809268 -0.56585624135929 -0.170362472999242 1.81143845464273 2.76551928769366 3.65749918040706 -1.18114705653966 -1.4270564116877 3.44964445702641 -0.650958112530546 0.114754044039928 -1.09008085813576 0.0914030800731663 0.394874723060262 -0.0753545742396329 0.270187009816912 1 146.294274454358
"1" -2.33706894593188 -1.17594859664647 0.766608754899298 1.11225004694467 3.44919981944114 3.6047765978324 0.0954697959478635 -1.82287296383579 -1.20219617045469 -1.15308515218309 -0.754960040881864 0.7180271527034 0.0906084965745771 0.15491351008254 -0.277493606497542 0.188855715870555 1 200.142460763416
"1" -1.30867129551919 -1.08752495958325 0.931404955087393 0.961609848776075 3.30400241763318 3.70215735425209 -2.20900226984247 -2.24796595737306 -1.41268835869828 -1.29039857234515 0.445102039480274 0.647373262699574 -0.160206389428103 0.0778304652289285 0.819802841011753 0.214616538264789 1 229.079742872489
"1" -5.16107353463876 -1.19077726834025 -0.670446780926793 1.41719279680904 3.82285232397454 3.30607748013778 2.44601073680004 -3.66105235690977 0.489981798111231 -3.2549247610815 -1.4678962422966 0.478092520325549 -0.0550692727427854 -0.00817268013731445 0.208862006984646 0.33633385652807 1 157.182529782176
"1" -2.06032568101089 -0.912744468126287 0.532225039770355 1.51188282234984 4.06529985118977 3.79579256401105 -0.147751595991297 -3.29391768897671 -1.13339863240624 -2.33070577752012 -0.787950171592822 0.998102369134729 -0.135293929458968 -0.0113701151878451 0.287734731529371 0.0354095550633841 1 223.060001713025
"1" -0.857112176971271 -1.55663263789449 -0.22534537897139 1.67391122137433 3.40313449692084 4.52554949113854 -4.39382055024232 -1.66165282229722 3.80751544065185 -1.16474351384999 -0.0805707236345902 2.31494637686522 0.370632269548679 0.0323673562826628 -0.154516091991447 0.526422232349637 1 93.5849406251164
"1" -2.00526670616626 -0.629799553361668 0.564652301869147 0.857824824204768 3.28466399759138 3.55823200555698 0.0408185918091921 -2.59264877651429 -0.951935950005594 -0.767086440101091 -0.454796757575165 1.05747290858606 -0.587891768131096 0.068977661861877 1.28475444024032 0.104803810548075 1 247.164762331631
"1" -3.85746175091576 -1.66403461582857 0.804194976838602 1.24520708778835 5.02273542950425 4.32841086132096 1.46290681652328 -1.97946110521999 -2.02268136106291 -1.43639167877795 -0.823580859292798 0.653434863499652 0.20054528272934 0.203801144869311 0.0774014995865076 0.186827403156405 1 138.774162775971
"1" 0.0634957381739549 -2.19624608570293 -0.234718909083763 1.8195597133141 3.54169222056915 3.33012541518982 -2.35128106591007 -0.168281021616101 3.01226195276179 -1.0020992518857 -0.360935309701324 -0.0418328993747144 0.472879006782648 0.296299130884769 -1.48186386761507 0.141404704413742 1 118.639477389486
"1" -1.37444767009239 -0.986001218135889 0.868097688063686 1.16930006623956 4.50896691281965 3.68722854051505 -2.89629600446822 -3.3552212315491 -2.33643085386467 -2.51599503376076 0.455705945976282 0.718563807257522 -0.10279624250285 0.0066966035363306 0.906296950973696 0.0856362704065654 1 229.511150808352
"1" -1.72154525057526 -1.82238811517339 1.05160157889314 1.49702537643755 3.89261502601122 4.09517452325885 -2.46563016408699 -2.35439231710142 -1.18015490733111 -2.32708110601194 -0.454840796621423 1.24750596008221 0.238404852109324 -0.507533527047534 0.865847304871272 0.314306223643265 1 165.995626982452
"1" -0.408203058648149 -1.6147706968368 -0.26742511917781 1.44763082201887 3.22340464782839 4.93014863825934 -0.760615929596009 -1.40938197823739 3.58742234486071 -1.4941644441076 -0.179471511877443 -1.13652944726366 0.323945135076406 0.30155812426498 -0.354246671467939 0.213473651127035 1 54.1020145635375
"1" -1.12131440145495 -1.51733855270404 -0.131612039433505 2.87733922957337 2.30445032306422 4.59870040502641 -1.55829461715638 -0.448855498250487 0.500814378146578 0.0777441222957324 -0.344372466137291 0.155785187293167 0.408912191417502 0.174985118818656 -1.58358269062199 0.232826522869046 1 183.898865514546
"1" -1.57605867812482 -0.863271914598383 0.749836612645293 -0.125468451494328 3.60571767551644 2.97788176848555 -1.0702885385856 -3.37556200724486 -0.965641330298735 3.93452382644341 -0.0340854086435784 0.257807068842806 -0.01555870818976 0.382967799175054 1.45257398155115 0.118168024718728 1 99.2904801761215
"1" -0.466530395378628 -1.13005932630217 -0.261720921474955 2.25600871137652 2.72274428556038 3.67682290241523 0.682657907975553 -1.51870468385062 3.83221879851974 -0.646960007171251 -0.184672248397084 -1.76217538896043 0.0770601689451597 0.403691503206404 -0.386189016604311 0.0878516764906263 1 48.3673992073582
"1" -1.74976705921024 -1.33673428033887 0.957710199253307 0.719472183293135 3.88165273934289 4.29266415358915 -2.12261898055153 -3.30163308108228 -1.64800886683079 -0.532625887573589 -0.349266189222165 1.32593329671043 -0.732094270118943 0.133914341240232 1.7704364583446 -0.204819528026473 1 188.245233189553
"1" -0.450507373444454 -0.938495743063651 -0.201041181087316 1.3721879056123 2.96119979237073 4.16610744413967 -1.54116797206354 -1.81214362317632 3.7579864845392 -1.14332545954008 -0.205246040238645 -0.983269232162599 0.186356249194206 0.371404963810384 0.0263184355660719 0.529936886295307 1 86.7000615638663
"1" -2.34352403958003 -0.647375277072593 0.349862448763276 1.26422743007854 3.41674535035062 3.52979935012999 0.506932417625947 -3.03720976514035 -1.32714460182931 -2.02564312160737 -0.698556870831868 1.03824679196454 -0.121571528961551 0.0195619134775526 0.220633427470001 0.158038755408254 1 243.94160893628
"1" -0.611063679791152 0.459956659836626 -0.139455196383865 -0.169961790227946 2.9893120447484 2.89853225058161 -0.914538321545089 -1.22253350374309 -0.119869726816476 3.26986964246548 0.26560716768221 0.0295416232876848 0.480145614634827 0.203111658712356 -0.912179453302589 -0.393088635987719 1 153.088375195697
"1" -1.16404262679289 -0.434525802149081 1.81724905886972 -0.186753003036586 3.48611446436281 2.99369950571483 -1.31034187861888 -2.54612007470087 -1.47948298144543 3.69814953268809 0.192396371840173 0.16469223677301 0.186176746576215 0.0345991687126754 -1.275506331782 0.424743427614707 1 121.868177492453
"1" -1.18616345059243 0.239828750841923 0.322215763917073 -0.181877270153236 2.10300181856805 2.90660748542701 -0.394648019587516 -1.25502954333221 0.0952807643781024 3.29689988745927 -0.195023381424175 -0.118183751708112 0.56726471378641 0.231716365815055 -1.03166281728197 0.301814716107811 1 124.108571937653
"1" -0.513200298451448 -0.904525132531442 0.288859601532051 0.656280970706377 1.67283330291061 3.60063739469925 0.497403408194678 -1.65637687265221 4.19682397193813 -0.872974261390161 -0.177024610588842 -1.99961815746375 0.189017428637785 0.155262323510746 0.155837330932288 -0.47075206397882 1 8.43196318074479
"1" -0.117887629070321 -1.53312915202936 -0.239575111785668 1.08132681157604 3.09385960682295 3.81526751835215 -0.789246826507034 -1.43032242842574 3.34157318183657 -0.967719675681674 -0.130065973259235 -1.24232941288295 0.294897182532349 0.373766402309238 -0.0325105748656471 0.212775244261091 1 59.8026759806507
"1" -0.330107670127842 -1.32141797866748 -0.0587305158813072 1.16754815484387 2.88286695179775 3.28520822446746 -2.04609117893417 -0.871248891996175 2.01860984368321 -0.512543513509169 -0.364082601013635 -1.58030725251196 0.180214867292462 0.391882806742153 0.018998472398777 0.228269411486602 1 141.003974743373
"1" -1.22088886010721 -0.37920270124122 0.908845376507658 -0.120031262238483 4.47957929927668 2.88895920221942 -1.76076355155474 -3.45632310718745 -1.93329602325864 3.66026154673803 0.0998197916017174 0.341182102021033 -0.262535062422038 0.253210224770616 1.5885208496393 0.29188222189214 1 123.178545804612
"1" -1.59825469140275 -1.69292216830816 0.524902615550383 1.38008692636958 4.89747310664085 3.9578526649954 -2.96936592809817 -2.88214861267963 -1.95119692237699 -2.34585793719424 -0.372086604635924 1.03187371784785 0.190695759869903 0.0459647852614022 0.541393307249645 -0.0598959346895827 1 174.465844817756
"1" -0.963774884542943 -1.92256148018422 -0.153343132839243 1.71786400469927 2.9081452599278 4.55332399406264 -2.45499210555368 -0.930188918678939 3.99491562936101 -1.1862106260042 -0.642512330292579 -0.588604971185869 0.266085046105682 -0.0833140423963844 -0.0948961166582122 0.572389129029291 1 50.4946231344547
"1" -3.52737679145511 0.493330304173615 0.603938129311618 -0.203564010314676 3.1251052055295 3.21426178982689 2.08140222315419 -2.1545843271377 -1.00014272267645 2.99326298451551 -0.807200439306634 0.529590101855764 -0.0255200628588499 0.15199246836509 -0.382197945265019 0.175084398431784 1 129.102147723836
"1" -4.6131050444244 -0.877707253009337 0.257743975213539 -0.162031023190767 3.42949734147829 3.82536848645502 2.78516010011367 -2.32375122582403 0.977248148534553 1.53399022438386 -0.903378265414283 0.860460700324036 -0.78120031686693 -0.0031299397273185 1.62553581690016 0.0405094970715939 1 165.526122520503
