"1" 4.58287223251912 4.25628683903052 2.26018718960877 3.37174221800263 4.60308287491404 8.19177734306582 -1.12222251580041 -1.7005587448507 0.811062482374646 0 5833.23190685705
"1" 2.65063281051043 2.31281516286342 2.30481893893085 3.55873882663748 4.5437875087011 8.85858941783597 -0.682088975059556 -0.58756488351681 -2.96457624746709 0 5723.82159970153
"1" 3.43829426212036 2.9976036361409 2.66271993180513 3.66036985962283 5.27017872391298 8.9944445750948 -0.130909285728757 -0.827310172391779 -0.645145774493309 0 5782.10471938414
"1" 2.70070528547652 2.34271562720517 2.57546809217304 3.89919747433768 4.90807118649992 9.70279347165022 -0.462138090376756 -0.531346321585754 -0.0255626369919404 0 5685.57609364337
"1" 17.2484549697351 16.8414195032155 2.34103357596036 3.52269248582228 4.6071151602527 8.65770530537483 -1.1611433192721 -0.943211400201427 -0.378191133749088 0 5986.89569997849
"1" 2.99969993599496 2.6492421404521 2.03387485652258 3.11847364485837 4.15970183040456 7.62841653270126 -1.29939404868775 -3.03985190539565 -6.88741581907115 0 5775.12868945808
"1" 2.2922590957032 1.86454343824612 2.37175891086637 2.83767552959784 4.51296425153116 7.11377437235426 -1.21835275845059 -3.94260060023916 1.45487992032264 0 5611.99679901305
"1" 18.6382086604249 18.2480996191236 2.24404321951181 3.53539652027055 4.50501146275202 8.76775387109829 -1.03771241325106 -0.748475188291268 1.30826298811605 0 6126.48997449941
"1" 3.22656868955767 2.86627189833399 2.40997634469811 3.51899546841677 4.72716047868372 8.70184466839245 -0.962337391178996 -0.562482969256244 -0.642210273332411 0 5774.76408933557
"1" 2.75285990895568 2.45506480511604 2.45166333054438 3.9082832240751 4.87166322745229 9.8694661826151 -0.553762606937842 -0.307265827493393 0.171564147017635 0 5722.24538050799
"1" 1.93156713562647 1.57824691581636 2.03802280044254 3.31771103666925 4.14898109568198 8.25527546187427 -2.06453269810471 -0.8740544070547 1.13390132518695 0 5543.6603230266
"1" 2.43326633152565 2.16356920286336 2.13484334289812 3.83613571580064 4.23257070915923 9.35393115580948 -1.46746801314991 -0.343086848256559 7.50206141650123 0 5685.21037534452
"1" 3.35606248371654 2.90087516101105 2.35641452260592 3.71881375805221 4.81713507276246 9.39898683452575 -0.740216988243956 -0.441297654959309 0.168993303718945 0 5793.31054614108
"1" 4.06257922048503 3.70078078662948 2.40132152242439 3.69585238439602 4.55812834917353 9.28898467299271 -1.13223734088725 -0.569976106894248 -0.0790457450657045 0 5811.94669763484
"1" 4.74578614608406 4.3463044261714 2.30561696015232 3.11347749830777 4.59171842271517 7.82328454950101 -1.05647252987621 -1.62924294622754 -0.789419242848707 0 5861.43776335161
"1" 14.3257784762758 13.97951012683 2.12793362359624 3.60727091874614 4.25158622933048 9.01190927002653 -1.28151047050456 -0.547575829431844 0.0020078844219265 0 5924.15267847484
"1" 1.60687288520635 1.10469200788825 2.08838550660698 3.91893401346135 4.16404701152641 9.45222190770576 -1.17356576331806 -0.424716727989946 7.32543863970211 0 5397.86168393923
"1" 3.64567111509155 3.28006603738104 2.35910558968205 3.3407588189882 4.71632445601286 8.43807756588072 -0.909147431066088 -1.36161154908853 6.31742038375413 0 5803.75413046065
"1" 3.01949900535708 2.66362882794457 2.39508982239744 2.96068675770612 4.69133628837408 7.41162650605085 -0.61489306197939 -8.48172461131867 2.05751917275581 0 5766.71870495839
"1" 3.18214896033661 2.80571846448772 2.25187236701316 3.14937827933474 4.42587540384809 7.82417223337364 -1.0249721699447 -1.5981149023973 -7.38697875812081 0 5789.57090792291
"1" 2.1592659745657 1.96618516258986 3.16556141820824 4.50699987858308 7.16864097776344 10.2739089322179 1.18855886474365 0.286431690372949 -1.96843506770967 1 5579.06157479529
"1" 5.5445130683277 5.12019801866373 2.43572758399492 3.09452854550804 4.76166827013899 7.57395394762913 -0.500120897742738 -2.28615487829911 6.62932187592734 0 5900.90525919994
"1" 2.85589646802599 2.92644189525642 3.64335310434919 4.5276850909636 8.22326692828214 10.2612162051952 1.68309115250394 1.00732555283481 -2.72156470323159 1 5618.59192317726
"1" 4.3780451353099 3.95405682278353 2.54415337306662 3.71507432187606 5.0573720653904 9.06167459223654 -0.25045488884819 -0.601277500082277 -0.614456362082368 0 5861.83242572306
"1" 9.17828539266476 8.74846391921786 2.1774986282438 3.19476711198027 4.43855286503586 7.82040880867445 -0.952279854158427 -3.03516942571137 8.21462433314271 1 5908.28143672075
"1" 16.785854074253 16.4571388018112 2.46772322128414 3.76950466554395 5.10746683847046 9.35032801591572 -0.186975685596697 -0.459360840495443 -0.344568071389616 0 5965.03512331398
"1" 4.58989266298532 4.24585723187674 2.29847146021431 3.39852236511367 4.59521258361367 8.40133558589172 -0.986180008823704 -1.32393301666792 1.45090259102533 0 5842.78406096546
"1" 3.747002114329 3.35914639944573 2.38478104615116 3.29741506587522 4.75550968633516 8.12989709880027 -0.490457325852958 -1.65904563863106 0.243429989885962 0 5843.73712013579
"1" 5.52859829949244 5.10038523523122 2.4120276049 3.60494259369485 4.77736229282764 9.17980573814796 -0.797731276611755 -0.455276701038457 7.08451395006 1 5885.71689021998
"1" 2.81759213808336 2.4693648778018 2.40947267053651 3.6540074682455 4.78438944555124 9.17231505431385 -0.741867385333056 -0.652336457243641 0.0344792998159798 0 5719.55927835341
"1" 13.5883963259257 13.2158982511492 2.25377001690494 3.78988430814447 4.40525387894063 9.4826483090889 -1.53895303523328 -0.39474584269947 7.42353796354866 0 5880.67101036634
"1" 4.32364393963861 4.13122700040638 3.32095883637431 4.92421182249657 7.50490322758559 11.1390681463322 1.45919237861334 1.01553707890404 -3.13505784100926 1 5689.99276520811
"1" 4.5317905902629 4.07913055418043 2.29648632542442 3.23274474331758 4.69103344172745 7.94220453438456 -0.647367537857875 -1.91305177518494 -0.283890239577164 0 5872.98719866097
"1" 2.97887372139323 2.52769850542725 2.45904547590769 3.45760232902338 4.89726213413462 8.73323582652091 -0.741733853226254 -1.28704750127061 0.275846364300953 0 5713.47927177962
"1" 3.48581776542643 3.11797565570646 2.32269993584578 3.45893399176943 4.56547834830355 8.53067991700756 -1.08576308675439 -1.12168296411246 0.0481474183879958 0 5784.82267849843
"1" 2.84604420298112 2.35982281881029 2.67040140208751 3.52738494490888 5.20568968071639 8.66324578379836 -0.240709272855743 -1.02582701167752 -0.167453091570506 0 5713.43817835526
"1" 3.43132342059281 3.01547481220939 2.24229987868188 3.59627532998235 4.54109891005193 8.81833125364169 -1.18573875035492 -0.554668379466515 0.351312429503982 0 5809.75020282614
"1" 2.59535089576211 2.4377625761446 3.19584093530317 4.48801549204717 7.34966729780277 10.4068610905667 1.45839998338314 1.17439392854011 -3.41053497486638 1 5547.16155091837
"1" 6.37381170589495 6.14242620394455 3.16585347848857 4.43839998163642 7.33830130839419 10.1227722743024 1.33482052794258 0.619411430614006 -5.66547498685238 1 5796.3499802177
"1" 3.01028104113789 2.67068457168428 2.62354135636778 3.10746062121857 5.2432580505599 7.84399475860726 -0.0735869413574777 -1.68207353542853 -0.249174882672645 0 5784.81773058891
"1" 4.70256961736446 4.20894862206823 2.29612372061069 3.67932934467779 4.58250679286874 9.21615404344909 -1.16683099509574 -0.420609889407163 -0.648554852218939 0 5853.40966045516
"1" 3.91763914434797 3.48715345813384 2.24180461967765 3.34609435273719 4.38057368977237 8.57143643581027 -1.25584018338622 -0.836145480011818 0.628701422452894 0 5845.48975130643
"1" 3.0725923484359 2.64797179763661 2.4180606303072 3.67610156717874 4.80580269404563 9.08642894100413 -0.342464970257562 -0.750910020003551 -0.401883762514002 0 5781.3619065336
"1" 3.98297053229576 3.66185364868416 2.80961879162845 3.71525281806021 5.58177535617074 9.09137274373234 -0.0451596660893818 -0.301686430361101 -1.34035122713279 0 5816.75157216828
"1" 2.55697111093968 2.09752346003409 2.15460426939531 3.41116351222939 4.39928851221316 8.33840883457191 -1.11211544297242 -1.76839316833287 0.924509412036562 0 5671.15358901928
"1" 16.7231841433727 16.2959100566607 2.21699329778692 3.52812638099969 4.45747291458829 8.861968470354 -1.21005023993529 -0.797992404939672 -1.04651593955015 0 5960.95259224976
"1" 2.13532404124526 1.78733955445153 2.33316480392584 3.51009491577569 4.58682481867753 8.76579656434949 -0.855298929832581 -0.722805610447469 -0.765567879834236 0 5589.15040741372
"1" 5.87051124497169 5.60229022066088 2.38144658485322 3.90322779522011 4.80055940024166 9.70883862783256 -0.539224186607723 -0.312920535188777 0.319473070833586 0 5897.95646395512
"1" 2.64621660769421 2.17843474995129 2.25495551934278 3.47900092603312 4.53790544524315 8.84955097685566 -1.32988375932123 -0.755774989228372 0.668487573431301 0 5682.09980054664
"1" 9.36669167931612 9.01470519945741 2.13556620990112 3.59090551640708 4.18943942497556 9.17866936671111 -1.66636631554533 -0.771056104544685 6.29768687563405 0 5877.80413447789
"1" 2.01291124162347 1.55347829109537 2.26904451656382 3.8374996847192 4.51460112673627 9.76963512266371 -0.906341363227268 -0.31530439703418 0.255769080002206 0 5549.6429411081
"1" 4.04268262978145 3.73960492914448 2.41374426553499 3.65489569897376 4.60030530512047 9.07500388462206 -0.750294145855451 -0.618151054676548 0.470805732572669 0 5842.71759311648
"1" 2.8559811643596 2.39016608588182 2.27826282926194 3.37027110184581 4.50371293186417 8.28141942091319 -1.21206625360363 -1.09577516269816 6.28443469613103 0 5727.40621088701
"1" 2.34020491858779 1.96019035691872 2.37453574906047 3.63365173772442 4.74388899259336 9.17179984007604 -0.32599575001794 -0.269177394827603 -0.671308888482659 0 5690.81833225417
"1" 2.67280145021563 2.16785156526375 2.08498441682758 3.69329281204376 4.27037101178797 9.33683042474298 -1.3440642359572 -0.268369063398722 1.2169325852542 0 5739.85890102004
"1" 3.03351687894994 2.6455764485568 3.36920608360872 5.08311969480748 7.68075243985102 11.6221879494753 1.37310053975341 1.39286774500814 -7.15503916726905 1 5584.58140226904
"1" 5.33432646024324 4.93589058900575 2.53457411298151 3.36116063425158 5.16595583131853 8.4627766248374 -0.20826254139347 -0.896969905810559 -0.253132008969524 0 5903.43350787272
"1" 2.67995843223014 2.23815082918232 2.5376787164838 3.46379694248945 4.96855861093203 8.65175871901644 -0.514354273259753 -0.786553175070125 0.221608632774732 0 5704.37090931129
"1" 2.78452039782132 2.43726519282269 2.37705310457145 3.48602048652557 4.77908265894681 8.77140234153377 -0.797324692002622 -0.531094410257667 0.142481270965216 0 5741.8704587701
"1" 1.84658344383103 1.38597762662745 2.26214580021421 3.17392011697268 4.39950395100611 7.94131763100604 -1.03812019255795 -1.18977016915439 -0.0750355846640859 0 5504.58631089427
"1" 2.05231460613393 1.66370642426905 2.09849155034389 3.16663760234629 4.1336357774841 7.83375481411824 -3.94555722493671 -1.65343128102201 6.37563306528848 0 5529.7110149097
"1" 16.917549733932 16.4947752780152 2.21809388874841 3.26474190917114 4.33009896837119 8.21789997898658 -1.24947365452462 -0.819222437979475 0.426788880147657 0 6001.03357764739
"1" 2.42376914212216 1.93982228431459 2.16698182774377 3.20033981395322 4.33307342067323 8.25429227710467 -1.17439280981611 -0.994657009357877 -0.137380852047426 0 5680.85438095382
"1" 4.07997181430648 3.5907999377288 2.21317010812808 3.85759056468917 4.46941764884564 9.83643810544859 -1.02519744893313 -0.375420111640795 -0.121689608859442 0 5847.56589578159
"1" 3.02171698970394 2.70927792323646 2.32765547257774 3.83469253487341 4.77951359341908 9.68318574024965 -0.532580294429477 -0.352637488266484 -0.257166462841255 0 5775.95308609999
"1" 16.3740046187669 15.8911582830471 2.66191980899994 3.6655488990797 5.45013020311689 8.97896808896501 -0.0453208879115308 -0.678737831665738 -0.815099717883311 0 5938.05340795389
"1" 4.69589389654506 4.24522627338533 2.51403461488477 3.99492312204304 4.94630970921408 9.93624072998187 -0.512116362260958 -0.198824288645746 0.721150942989162 0 5864.62238625332
"1" 2.97880894767237 2.7367231058156 2.53906690822288 3.9114169350415 5.00483732852882 9.65821290820103 -0.542032357097009 -0.165484906487866 0.557004795444181 0 5766.1059213196
"1" 2.45818094524672 2.06740447190888 2.15306417824077 3.70202711270798 4.32909041645237 9.2150600706675 -1.17134702777949 -0.636742719496885 0.29916919188158 0 5666.75340519142
"1" 3.88331039337429 3.57777695991558 2.66242455571798 3.90569577516913 5.25649615438989 9.61149835209396 -0.190515142343668 -0.290731295025095 -1.91989226400097 0 5802.95529244952
"1" 2.4561231952073 2.05354182779387 2.76413516272676 3.0482173321974 5.54139421134239 7.57495433103393 -0.274276893201347 -5.02489802599826 -5.78362129540944 0 5606.23965388597
"1" 3.2999762894486 2.91623375292042 2.17155380058432 3.49907504492417 4.24852516480873 8.61162323148857 -1.24950748678938 -0.578147901837822 0.0506157851036391 0 5833.54924894254
"1" 2.92633152361804 2.53560207408301 2.48745094831438 3.87705142517571 5.11809942468777 9.68103989527212 -0.179835981539191 -0.374903847855261 0.0544863539543039 0 5768.0579157324
"1" 4.23130170183049 3.83769831447207 2.40824795452725 3.86240094962895 4.79616002450985 9.63673628133242 -0.524893318640481 -0.638836406101178 -0.154237694407831 0 5831.63235510826
"1" 16.9162020413652 16.5822471175905 2.19074617331626 3.37977754627678 4.43930407544712 8.5926002398388 -1.50901997904062 -1.05518027006934 0.533067606245509 0 5963.80819057971
"1" 3.93633039737793 3.59013549594854 1.95312822640686 3.71187825034967 3.90874423175671 9.48973180648496 -3.58136848424203 -0.069897561055887 1.95214073474489 0 5879.89264100337
"1" 3.23616748505729 2.77093775634948 2.53956413122796 3.47581189945265 5.08616424950577 8.68141143228705 -0.475517681289383 -0.692494465754673 -0.446213193609179 0 5772.29213603991
"1" 4.65712843036867 4.23033760430281 2.19678526617039 3.20675040730735 4.41792514578836 7.99180872896425 -0.880798354909448 -1.22681162803061 0.891950446316335 0 5913.76679417657
"1" 16.5853353228925 16.2492330918512 2.4499145781888 3.67759828086971 4.78980794397299 9.16032965149112 -0.447081293143603 -0.571126634872747 -0.255731972482955 0 5982.53428935082
"1" 1.64911445366398 1.27276296393243 2.00179942816386 3.32291483302192 3.95921234088014 8.45609645294684 -2.88865267331176 -1.10015937775283 0.712959911477568 0 5409.41689063565
"1" 2.81835900637654 2.4244706173938 2.00607016980944 3.77683178754082 3.99839894243645 9.51881948065363 -2.08574151608384 -0.443784395968119 0.311711877001023 0 5739.88457326068
"1" 2.22391308802725 1.84114729406958 2.22971912904871 3.69587387623614 4.35280206992218 9.17398811701736 -1.26169148530635 -0.40790804996281 0.651655608084548 0 5621.7705536752
"1" 16.5827077425562 16.1207912173403 2.40386099376761 3.51555635336076 4.84013712327909 8.75646626451862 -0.521021956679537 -1.01236184812937 -0.276619710354554 0 5940.49040745972
"1" 2.60945395973791 2.23877648665653 2.64900541809187 3.57550577284843 5.52353741825346 9.14797472664767 -0.112775136737962 -0.663819634584166 -7.37569122957391 0 5656.89044629676
"1" 1.97173692611743 1.4616395522459 2.22125365339428 3.70234967833681 4.60741178364497 9.46392609831396 -1.00143338248713 -0.469400741191275 1.71495976759902 0 5516.56573106842
"1" 2.59940032831054 2.21539176778063 2.34643083996312 3.58108020075179 4.60980842974789 8.86865550401197 -0.82134205919049 -0.516757451127876 -0.391858512757535 0 5708.76710050915
"1" 4.21641441199077 3.86941423555101 2.64421580094337 3.25894750063119 5.34845465949104 8.25440206435963 -0.163462933849897 -0.830930418958811 -0.064419772724199 0 5882.87003819559
"1" 3.76171920606101 3.29545149270663 2.36074099340842 3.60534660198105 4.73536056402499 9.26252859553928 -0.87531148224852 -0.480358155321917 1.03155577713308 0 5828.31408607602
"1" 4.03187859564156 3.53723688314968 2.30415434715328 3.61011099286617 4.60268506185587 9.13739167995259 -0.64102963289509 -0.430421164071223 -0.164548294661393 0 5882.98998705045
"1" 2.61934677483112 2.31384441952278 2.34187153043645 2.99815646026967 4.68639148726945 7.23876877476493 -0.483367565884441 -3.43523523457997 7.20914283396189 0 5741.40288366639
"1" 3.29003630607693 2.93935381227921 2.69827570826098 3.65118687727652 5.37599336515368 9.15949698830192 -0.220459976625746 -0.64609382769055 0.00683206138491785 0 5769.08144131791
"1" 3.09672666698254 2.68368883252688 2.63605445825293 3.48774794739105 5.04102220368422 8.87609178673912 -0.456025903291216 -0.986390946026735 -0.0150051304507008 0 5737.11973238966
"1" 1.93918607654531 1.5002525148354 2.30843051856568 2.9688619455233 4.50210972569614 7.40921672575367 -1.14345780159247 -3.28228016788118 7.38301630313459 1 5505.87570218943
"1" 2.112625209713 1.75059154581673 2.30010512854537 3.51650879383018 4.66919320250126 8.96416743579147 -0.902333649334571 -0.684642403343966 7.40404121790126 0 5581.53592961382
"1" 2.27902211324616 1.89200655376767 2.30746018241417 3.613678582619 4.49160156027999 9.12165603349516 -0.980929602925017 -0.568476542166764 0.254432564687986 0 5626.78452560404
"1" 5.03941499730957 4.57985138547348 2.57646214967558 3.72145470607659 5.12064825327515 9.07024072407492 -0.329164051212791 -0.4498288576411 0.287078321002526 0 5888.94802451344
"1" 2.66216012830882 2.21827406569319 2.5644337467078 3.80661766064783 5.22237678599867 9.46136740132716 -0.330267974680346 -0.309310740563305 -0.217257623710263 0 5699.18498609607
"1" 3.15531204758517 2.68441533108491 2.15930333116691 3.65673406205304 4.37831367823866 9.22189668480075 -1.30081270805471 -0.442638115805236 0.480269707799326 0 5791.02681935277
"1" 3.20899531344453 3.1262991272608 3.21287122261601 4.55823309065851 7.49100702948721 10.8982939223426 1.35544102890484 0.646950263962671 -2.99107717037518 1 5644.21650972936
"1" 3.23969235056155 2.9167607581801 2.38136673837871 3.48868370946879 4.78743065003862 8.74722126316819 -0.651504297831826 -0.572707792830624 -0.251808217430704 0 5806.4787407889
