"1" -12.9592563601341 -0.981849252473199 4.72098972568563 1.92950320966195 9.32428401681958 4.96662445972369 7.96635484028727 -5.22174651522456 -2.91277137497702 0 171.782263449856
"1" -1.76988917042282 -1.69545324494687 1.02920289773228 3.19160690339839 3.39922927061645 7.038884338936 -4.49719828836085 -5.17008668225055 -1.60477884580966 0 157.919963022506
"1" -1.68524722714247 -1.22915312761899 1.14519724193034 1.65608031972458 2.59156947443534 4.80821201492677 -8.66463146847708 -19.9606551360716 -5.43196459178056 1 196.392035569278
"1" -1.33309433361952 -1.16000330525991 1.06343487047217 1.10988620073138 4.2368175896514 3.81971326273206 -14.5050668941649 -14.6391316095434 1.26775170677561 0 218.822122999841
"1" -1.24768483938472 -1.08642996180488 0.719910884391773 2.09452654889174 2.5434757506668 4.79845326082157 -14.5100425546378 -15.1634101678386 1.44279769082482 0 223.322072963779
"1" -1.40782489892584 -1.315888265125 0.820022754552004 1.20377294842335 2.94592704731184 3.71451420692804 -14.1313455618042 -14.3959071813901 -0.0107365924510181 0 206.370042967496
"1" -2.13623046544448 -11.2982380302397 1.26205905904204 2.01181193490573 4.07693732570377 4.24840948218542 -2.41080661203325 7.59930751047321 -9.11039741776447 1 137.049581784283
"1" -12.8311361293943 -1.60922146580567 1.03750692782705 2.18759459855961 2.61557058699414 4.6452102496656 7.94739489789328 -9.28979696175207 -7.60971525483221 1 146.992633086126
"1" -1.59230999414741 -1.42449511825922 0.861587521163233 1.2634421187972 2.39386711407398 4.47075663656507 -11.8487203248085 -14.4429176243144 -2.8165469618477 0 188.886634984056
"1" -1.49867716124584 -1.50707793718343 0.807368950705797 1.03050360784903 2.77309822280514 3.33484640752705 -5.30459494947882 -0.743865128194598 -6.01042487115831 0 202.226816199781
"1" -1.70475927066256 -1.44118794040508 0.66213118838834 1.21497721185188 3.79302681847486 3.73442424912744 -4.51066709832893 -7.57935418164142 -1.92250403095225 0 181.964706026604
"1" -12.4281697951391 -2.03494259490885 1.23237615619674 1.57500447602317 2.8425163981731 4.73152378592358 7.83562403788769 -5.33016694200565 -7.5750501171473 1 140.322459401071
"1" -1.5813721391087 -1.5812973808284 2.29627421243925 2.08894472837997 5.22413857072021 4.99974448059688 -10.5829429901687 -10.7259847260131 -1.67110006264193 0 173.621963145294
"1" -12.6041642185486 -1.39354505494445 1.52698986030932 1.26517493942827 3.69287477112819 3.58879999337232 7.87800938504276 -5.16032832017045 -4.41705688871022 0 164.831578597642
"1" -9.74181227776912 -1.81967307350174 1.2896084161454 1.30977491421908 2.79783826150472 3.62833019888656 6.25676062474932 -6.16292914586826 -11.0139141188758 1 124.402298226664
"1" -1.17831546378295 -1.0666077253847 1.36660486100666 1.87472676795619 3.39541537627871 5.00735398766082 -15.4825023189916 -14.8366644795723 2.67460571237731 0 231.573337171099
"1" -12.7396462614385 -1.68884951727481 0.823772661331225 1.30685819027553 2.4694687410637 3.41520140263661 7.77728762040058 -11.8249048524944 -9.02244324351604 1 141.707770668973
"1" -13.4137122524245 -1.52991685952282 1.30800612963481 1.28722655859102 2.88801740588834 4.39033914801926 8.04286764277964 -11.4152919877943 -8.31204719615262 1 137.840603181895
"1" -29.1392109058534 -1.52009605655234 35.1498091161653 2.32536165546827 102.881020656604 4.99206695124849 19.3628450590541 -49.3162658678032 -11.0206216366093 1 103.851796461578
"1" -8.09958293244512 -0.946937336871325 0.644960249343556 1.27222108680154 3.04446640816805 3.53140756702589 4.88362097109801 -20.8980069423926 -9.88990674051678 1 182.035995546884
"1" -1.37901559713095 -0.989567183071574 1.86063698315745 1.34727969222493 4.27082749721527 4.19260327507862 -10.8316681976936 -13.251611959415 0.463877255225449 0 226.123137613721
"1" -9.71353028615144 -0.981748797082083 1.07072756703392 1.21736391570107 3.09183852411247 3.06142232138487 6.2675150450377 -20.7337582450406 -10.1357161275832 1 202.472938240734
"1" -7.42289311975008 -1.80250727326913 1.56737467725887 1.63185622413306 4.35446157847355 3.78574339243318 4.63921018442334 -18.9575122940097 -9.32867282781383 1 155.716747275585
"1" -1.72604086893142 -1.38575557906754 0.646272325462738 1.56309208797906 2.21408656711756 3.58448398200866 -6.81221381461932 -17.2130767297382 -5.75981376436158 0 184.349635587411
"1" -9.33052736520467 -0.923561501909196 1.90128870257434 1.00329370688609 4.66631280386124 3.89876543224924 6.95713117467542 -20.3509779106533 -9.88088310246442 1 173.587809397973
"1" -1.44330128822804 -0.939444019130561 1.57304360075509 1.08746253525864 4.20089029825535 4.2280168418694 -5.86537088418316 -8.61196756866114 -0.468137362441543 0 226.557188493852
"1" -1.63285919354402 -1.35965175662385 1.60936799393277 1.37117882122313 3.99755665812444 4.18876216003389 -12.2852380821721 -17.2267254585826 -3.46519697329243 0 190.816226019891
"1" -11.4321336149359 -1.33479876003468 1.32916382808957 1.4525698569064 3.56140491420093 3.92485731716183 7.0667014442597 -11.639377408234 -8.76091953486012 1 164.144539294029
"1" -1.56324801629457 -1.2129195830915 0.910440775013176 1.37044945259483 2.82965670358525 3.85522504097957 -11.2472241940797 -16.6854636738915 -1.81167482946783 0 205.267586750942
"1" -1.70280454031542 -1.29251939111595 1.23641469921035 2.14516761450708 4.12934219687035 5.76346411328622 -11.4776318975397 -21.4611307361794 -5.08847004496153 0 184.984145867998
"1" -1.63040344341621 -1.50585103567235 0.977587152459832 1.64436823711943 2.73514007070533 4.95284030875574 -9.88977481235397 -11.1030298304914 -2.37489898664925 0 181.391765772499
"1" -9.89502975202224 -1.07339519806053 2.52462986840471 1.5787750052938 4.9296859530957 4.09416865302711 6.40580261229964 -12.1913507420343 -9.04017042073295 1 190.377713615085
"1" -12.6518541718396 -1.60158043583716 1.35636530497661 1.24182010983505 3.58880646934087 3.04356301690869 7.94292439173294 -14.0210253767376 -8.36651653281863 1 161.15870283775
"1" -1.73757190388141 -1.92567939118027 0.435436290237248 1.59178442916751 3.56347105653316 3.26726912200906 -5.21420688539041 -2.89208242241566 -2.43361496881917 0 154.512785334554
"1" -1.31668372366714 -1.29411849906665 1.5510281541791 2.38410947019237 3.08680288211849 5.8022446347273 -14.9496432206509 -14.1025048142274 1.19048029253668 0 208.587695194309
"1" -1.304131942139 -1.16100003515526 0.92190988423339 1.81885157067466 2.64495592303642 4.81955688117042 -14.2907222642985 -13.9821337908899 1.23764460990492 0 218.835883900286
"1" -1.601241288212 -1.216372722227 1.39938342430777 1.82904291049791 3.53977276873074 4.83486502929504 -12.4766744140161 -18.6400118754923 -2.47907790859471 0 199.582107489597
"1" -12.6185755852471 -1.22128137998725 1.03814092008311 1.54585941512779 3.16260389218032 3.4023474674097 7.87611386932425 -15.4948339465621 -8.32937783572178 1 187.270805172872
"1" -12.696223399093 -1.45485245092758 1.17738174102957 1.9543706102904 2.55529764093611 5.30810128063928 7.8883396564064 -14.7672792779701 -8.3696091229154 1 161.41320906933
"1" -12.8182377029021 -1.14937375127579 1.17621597109845 2.11845426573736 3.65406469263626 5.09852389429715 7.93044281916817 -5.07716411260946 -4.06474493863425 0 168.042712607691
"1" -1.60157097805108 -1.59037005591117 1.48678501908469 1.54408820100414 3.00907820509064 4.00680090417099 -10.4444220336501 -10.1953165201129 -4.4339871890988 0 182.564648693292
"1" -0.911073833227133 -0.85890378481602 0.139489984881706 1.00439839768102 1.81574346792213 3.38276140454716 -12.9514315602988 -11.5178824522429 5.286297452049 0 241.397335688703
"1" -11.801525074943 -1.470057476713 0.901359643584062 1.28565889459013 3.43579834095151 3.63018456723122 7.57781698136218 -20.3561535605914 -10.1741148538329 1 189.474484320187
"1" -1.48712167072867 -1.57242351542125 1.06564584231292 1.72297121448861 3.15403676111544 4.22523253005992 -6.7676119907961 -5.99350330494619 -1.05554859738296 0 187.839075555255
"1" -9.27440094990618 -1.25380379943141 0.651667028657992 1.01703403030069 3.34966506340829 3.31736387689306 6.78922241504363 -18.9119537858992 -10.4791276637708 1 163.290881481978
"1" -12.8162756956727 -1.26927382820785 0.999918833779311 1.5923638215898 3.45724069273724 4.22600473207493 7.93990754446097 -14.2994433818342 -7.6918683431086 1 173.663584861434
"1" -7.30182080416239 -1.26028273984794 1.07747184661481 1.73371185034578 3.42094079020962 3.56577140917772 6.2595906011561 -26.4702363333781 -12.2772372548611 1 180.266567340618
"1" -10.4218590531519 -2.44199851007046 0.525960322380023 1.2987801964901 2.63460875030608 4.03856316152049 6.28727656993103 -0.0852728464305448 -9.51568852683012 1 101.70081366168
"1" -1.00629029208508 -1.14832595079558 0.798942286820428 2.33544403421466 2.72238725128278 5.96523385997724 -14.4576539136796 -14.5001798435481 3.26133004077422 0 231.425515079124
"1" -1.12202579549591 -1.25173633094678 0.334609660158387 1.15989522045527 1.89071696483061 4.16960905006366 -16.1032021286201 -13.2729266453882 3.15999085183316 0 213.097677599518
"1" -1.65619998080621 -1.70753581898045 0.855842875512395 2.13075447977564 3.15490985301413 3.80667425218397 -19.7063023879491 -16.8540288126471 -8.30043900814814 0 170.782110044437
"1" -1.30523247917927 -1.46819211190104 0.805171025027615 1.91882058710659 3.28341902096232 4.71679288228604 -2.29566341585761 -2.12685721131526 7.11722622287644 1 202.171132022081
"1" -0.965788131209763 -1.15865021887207 0.891786778931099 2.30482756676082 2.9374033657876 4.56343793559429 -14.7782516748214 -13.2624922164005 3.50202674310452 0 239.204985117106
"1" -7.75449377249023 -0.318039905558928 0.779074037819715 1.891183304963 3.85103868923544 4.39682671876828 5.88302135086193 -20.0534639961271 -9.97526900916699 1 209.32164881052
"1" -1.5443525530391 -1.33711054580384 1.51670758769922 2.47813525505735 3.68121993487752 6.12874596957533 -13.3733096181 -14.6347743965474 -1.27039518300407 0 190.315811736592
"1" -1.46337055604585 -1.05978132483013 1.12188059496254 1.80166546513873 3.04022805452243 5.48160112019346 -12.2727393660816 -14.8000076644544 -0.602581708137488 0 214.61081852169
"1" -9.10572052292644 -1.6141327504501 1.44204351175757 0.340383925361604 4.6354376059746 2.5411130447223 6.56644331246487 -14.2222077403394 -11.6484847001782 1 128.979981531141
"1" -13.1091102490303 -1.55317359231082 1.60084679676974 2.10510716808516 3.68679722540464 4.58960509248062 8.32633550475408 -10.4802696599959 -8.97506882049922 1 149.598207302336
"1" -1.69664802928944 -1.23367678584893 1.32909824385229 1.34177294285042 3.32586990750784 3.91420270053989 -7.65578352653237 -18.9788673715108 -5.52951975465621 0 198.206529354228
"1" -1.87750905459374 -1.71714137208627 1.0910681812775 1.89744142317673 3.32346492235788 4.44580812019061 -4.14070617432525 -13.9524134110355 -7.42007781563367 1 158.559931805891
"1" -0.98666706269083 -6.77940601382187 -0.0542881806437351 1.19157977017141 1.64781220709288 3.2147898474743 -59.8385779529845 6.8851788817386 -16.7947561358617 1 130.055074489307
"1" -16.7930371354805 -0.795069587005583 1.08078510814844 1.24012502225144 3.55854571454732 3.91837558965919 15.4646146977081 -13.9824142158456 -16.0103704598705 1 116.830819354926
"1" -1.5870588046792 -1.16887246247154 2.37229277378559 1.86912335960763 4.42666966985151 5.2193738406727 -7.44877644924447 -1.34760850178434 -2.92118493807661 0 204.408266750958
"1" -13.2590181940603 -1.09527826573702 0.0613664076188603 0.613156351261718 6.69055673828729 2.3817409267588 7.84346098167337 -19.9073095190044 -8.8160549082672 1 157.394824078666
"1" -1.50164769496469 -1.40489352205966 0.492426441209912 1.68793636839599 2.3564788515855 5.40398803391277 -13.8574981644571 -14.2826624288428 -0.629559891580065 0 185.931459920236
"1" -1.57333129910874 -1.57906852850081 1.11275337424952 1.93151871181128 3.29808484002134 5.03267138634474 -13.6000546397952 -12.6568194099439 -3.15969804688202 0 179.8012368964
"1" -1.64778414158302 -1.43486748503357 1.30161127189526 1.35876716100198 3.06962149280354 4.39062907917527 -6.34426649319706 -8.21813751552939 -2.2867516641482 0 187.342955560615
"1" -1.78019842500551 -1.69680755647516 3.47111965211898 1.83502113304221 8.38277190887225 5.24107250981232 -3.96102351979029 -5.47222498982846 -1.56287878478894 0 152.307838335398
"1" -13.5315712101628 -1.53514145046276 1.21818098428647 1.29285070684237 2.08538108601076 3.49252301779808 8.06987026982023 -7.20203058304578 -7.78768019827749 1 135.665987451885
"1" -1.23877963820285 -1.51670750994256 0.926785809856155 1.91629494289892 2.89147831728844 4.66555823009959 -19.3989702562249 -13.1190039446182 -0.363542658765287 0 203.680569115876
"1" -1.52256461617086 -1.41262852524623 0.479385506927013 1.28612182307987 2.72710114036785 4.73359970134777 -11.6014262204744 -12.4554086775033 -1.12354090025734 0 187.145655310479
"1" -13.0057502213812 -2.14717982486587 1.48855266798803 2.00533619306922 3.46274384932373 4.95155446094698 7.9344117702331 -5.51041700039533 -5.71707209798984 1 107.49564994037
"1" -12.3899555097734 -0.982805964941681 1.44931406994132 2.02637089941171 4.4448046307775 4.88434961032763 7.85557752963465 -4.96292076697253 -3.98441679599285 0 191.830551871297
"1" -0.913498976892215 -0.890304265399459 0.596660795925503 1.44355671304425 2.98613926212126 3.47276301660107 -2.30006226493494 -2.3134790770302 7.1242115983437 0 259.282418245063
"1" -12.9097869601241 -1.01646388338156 3.33243190887594 1.64016562449045 11.7942959020319 4.87467330909702 7.95684519751708 -1.99881665017053 -0.206522033290448 0 172.580961234416
"1" -12.6797873236329 -1.52796535640008 2.07550674479637 2.25447573075189 5.45683025070316 4.87899728393785 8.01272426085335 -7.31018096324016 -9.17604270026153 1 150.619126231067
"1" -10.6795109711428 -1.11785251464992 1.36961644272516 1.57589701442965 2.92555352494044 3.79466174411444 7.01758574603911 -20.3853988402091 -10.2993661863215 1 191.290675953841
"1" -1.07472931935918 -0.754034535295218 0.513188329008172 1.45965746729573 1.95913930257269 4.13578213103685 -2.10259345311558 -2.37098176459804 6.83038746089193 1 253.044870707389
"1" -1.67022202573928 -1.10012733482963 1.96872655257943 1.6182013045347 4.41313761795945 4.71732238645819 -4.5219215800556 -15.2221143895485 -4.46085282595361 0 202.205561196372
"1" -1.77041513203062 -1.62355896119415 1.43111797881518 1.70444745520589 3.8917518678863 3.81545546411622 -9.2911685469901 -13.3478099700777 -5.81438923094105 1 169.964823342098
"1" -1.12626741212554 -1.65734355240682 0.806527280427965 1.01547714406948 3.37550081727095 3.91201582995726 -28.5279141940489 -13.3916536076008 -3.36994815796006 0 204.224712032362
"1" -12.7138625019651 -1.4523538898227 1.57830323465075 2.30405476832439 3.2267039655069 5.53708882311752 7.90033747709064 -13.7817116366093 -7.74361772486257 1 157.832198785653
"1" -1.61802951727713 -1.7576536119714 1.63319145841961 1.93178393805399 3.90983862177988 5.89020433103295 -16.2458843238617 -10.9058640780122 -3.94114887982128 0 165.827542620175
"1" -1.72137192513386 -1.37305239864801 1.14607902484833 1.72249107215813 4.7921997606331 4.68054990970758 -8.77006384143587 -17.6280184658491 -4.95915545184241 0 182.343689992117
"1" -11.6849479122294 -1.46450463785608 3.00355593273739 1.52750613856271 6.75554771269397 4.04720035322119 7.22697329485776 -12.966431596042 -10.7176675766308 1 157.372065881965
"1" -1.67103723154463 -1.15091799466402 1.60793573264452 1.02734052070671 4.93718889259306 3.56073114703686 -8.51310686392617 -19.8570081939145 -5.29509756546154 0 201.394476646444
"1" -12.7274143278913 -1.33436158175841 1.25272016418825 1.42014934120122 2.54117307909313 3.8791527227184 7.90416987263501 -5.06901513972286 -4.56184754733067 0 165.702126865156
"1" -6.4047404830216 -1.55213955378683 1.79994614293031 1.39797480791421 4.00306541640529 4.04245439898588 5.44603935747803 -20.1475996304095 -11.0642114380868 1 174.020869006587
"1" -1.7282687439551 -1.38066356229053 1.27356390125235 1.42274210139887 2.88132806372516 3.59592684573471 -7.97095634885201 -17.4839879601527 -5.63732498900607 0 189.298934299145
"1" -12.9017762063502 -1.328213476254 1.16796814785754 1.24944092695301 3.96457769726445 4.09179896135095 7.93780106168974 -5.19575036419395 -4.13385402411104 0 158.265656444436
"1" -13.2714611853673 -0.991312112437086 0.981732260926106 1.47604998647318 3.84337674160556 3.81373368852898 8.02204280356974 -14.1833576835969 -8.4681652330572 1 183.818249865176
"1" -8.05618910195695 -1.26670506074925 0.983883800697439 1.95469063189368 3.57680848457494 4.83872895514224 6.42122140555741 -19.3218360015721 -11.3736136915983 1 153.193358829233
"1" -1.80164383307976 -1.55389427984087 1.44459360005089 1.34756875686177 3.56089810256741 5.05712308087142 -1.79830034751187 -2.14207689786471 7.70211754152593 1 173.721071186718
"1" -12.6305225647159 -1.14803534994142 1.16850707359662 1.68414100508485 3.03226730809273 4.43608309517162 7.89627739743443 -15.8518354110647 -7.68615106894806 1 188.335696510031
"1" -1.58408902203643 -1.14957508466495 0.566310908081304 1.51413397417615 2.827968522132 4.49647319446121 -12.1502648718249 -22.7311218088163 -4.87769571138889 0 202.063223058266
"1" -4.22961502396621 -1.57436647532771 1.79103177600645 2.56192265988224 3.64205888709279 5.63398012661774 3.13122651944889 -18.8188407556799 -10.1709998141828 1 156.639754588202
"1" -12.8625903323962 -1.47130206643108 1.11199248064011 1.58803372600526 3.22342646628963 3.87547808621774 7.7792127598024 -11.2048675375028 -9.18890103194416 1 154.345721471523
"1" -1.88386048601456 -1.80213063592226 1.0788394504995 1.18204255426711 3.35615751490229 3.95620381397858 -6.27645273033632 -15.3336005523506 -8.37643357188847 1 154.863981595244
"1" -1.78800710063053 -1.70468778814837 1.40779766495503 1.51298622278344 3.52661222445089 4.04732150295536 -5.60763455666761 -7.73770906352663 -3.58183709034282 0 165.106856165999
"1" -12.611035752895 -1.39361313279494 1.7195924968273 1.31089201356006 3.70842827901419 3.95277278937627 7.87901251249538 -5.15885008744531 -4.10570862398481 0 163.275516687766
