"1" 2.91592515040184 2.67886586205144 2.4337108616926 3.9851055644714 5.00727732421317 10.0681084118009 -0.00908241491635342 -0.513059932120688 -0.317077124295764 -0.226310970000851 0.157869408763351 -0.584539112294422 0.364093029197594 0.340876804816039 -0.464531863786403 0.204474399466396 1 432.503030368389
"1" 2.83683451806544 2.77072785065999 2.44120837155308 4.00673241235835 5.14997835739406 10.0371434499464 0.00162509081226432 -0.506864296868395 -0.459023648691667 -0.181895926369965 0.14304317832552 -0.608260037812041 0.35527056522892 0.363075022669285 -0.457359505991759 0.193352176412936 1 460.555515174701
"1" 2.97479320454817 2.58669165670446 2.44745481875454 4.36730978976899 4.97390995940044 10.043224182816 -0.0189588145622139 -0.545162156416334 -0.198115508041281 -0.411873170463511 0.268082352457457 -0.686436864207095 0.253869730815659 0.439088924716442 -0.377472547154443 0.062671840400649 1 438.902692685748
"1" 2.86700178315376 2.73950480790522 2.32016443864795 4.11218999434025 5.09144439640052 9.98539663645227 -0.00593214007706139 -0.51563722463644 -0.335726444440771 -0.163031642591609 0.16383325694801 -0.630425482645019 0.323736373830913 0.382689045374081 -0.432728864866295 0.183710862911454 1 466.7918832541
"1" 3.0078013784593 2.60091234497388 2.43583466131727 4.12825144115742 4.88796455742942 10.0060365342217 -0.0404785575398981 -0.53897412875354 -0.114226112689465 -0.160846859966243 0.220382810024903 -0.563963608409455 0.376232327212309 0.328783045608396 -0.470180733732945 0.153927905151978 1 468.738422913571
"1" 2.99523557644878 2.60002469093713 2.56462428362401 4.27172709062673 4.82278609394753 10.0518006310067 -0.0436458656244176 -0.542860941258129 -0.197281292180525 -0.40348963951266 0.227638573399355 -0.610960243366829 0.315931923381252 0.367636800305421 -0.423641577703876 0.162682469635688 1 450.254467872548
"1" 3.24180048426373 2.43375339861615 2.54601077474523 4.26619067782711 4.73371763973249 9.85491271178253 -0.147051488141653 -0.586806675385573 -0.185468406115776 0.353326203725088 0.428350756606171 -0.398531527119864 0.585639073066396 0.163890324471063 -0.619326900831738 -0.73457378075152 1 491.272395721682
"1" 3.03554072261272 2.56861953296044 2.50507017305216 4.05174721937322 4.94292030041947 9.975225978076 -0.0247763642246138 -0.526346198900514 -0.284538059688777 -0.0562071551312745 0.187059031487824 -0.585817100541514 0.356210187531267 0.343727453815048 -0.457606636061473 0.18475924865223 1 469.446134120795
"1" 2.75703492917926 2.8092431962074 2.26948284248482 4.2919298699286 4.94292486228443 9.87865099870843 -0.0610834418295162 -0.554734389653214 -0.0956624100346087 0.0270945515249599 0.269089283574906 -0.670430827902101 0.260207601064014 0.416649670412568 -0.3837627009144 0.0924468182886314 1 436.929960763058
"1" 2.96822481044988 2.63831020282998 2.29581440604919 4.0087601329407 5.18729602514046 10.0097113884848 0.00698598721239209 -0.508218099962676 -0.421502604750011 -0.119593557197817 0.141521020443068 -0.627894021367856 0.334061985605573 0.37950353016193 -0.441533503042704 0.194898190275633 1 479.868983739796
"1" 2.86908922402518 2.71235206003957 2.77270883244647 3.85704400462873 5.11942301137134 10.0456521496571 -0.0185562978936349 -0.515614558123723 -0.601256978635831 -0.0455928174754123 0.171581313717985 -0.557186336966378 0.379197987486141 0.319956486317346 -0.479489877493149 0.206558998285279 1 396.382860325002
"1" 3.1024351901621 2.50645755751737 2.60733823419577 4.04546091797823 5.1122829749503 9.99037495012137 -0.0206447752213977 -0.524505421258247 -0.510960667139771 -0.0964988724247453 0.174122991504734 -0.591732270645279 0.34316664854338 0.350041465758468 -0.446517271133499 0.207331832150666 1 471.665551373542
"1" 3.17051527789341 2.42728606955118 2.46384249577495 3.90113102201935 5.07225641708254 10.0409455788961 0.002785445165677 -0.507832986290821 -0.396608121641459 -0.0740306777272412 0.143379937653883 -0.58316889071041 0.379868966868488 0.339806181872138 -0.477662353292625 0.196277383932922 1 448.248888651167
"1" 3.07722814084921 2.4955816119584 2.37731564997885 4.05948365914145 5.19009335323556 10.0381470684584 0.000707558583529962 -0.51438828592966 -0.461766675337886 -0.219700482354815 0.167432534139844 -0.620608621959781 0.339911552936601 0.370732168664744 -0.443226547354302 0.176858184246177 1 383.823575679269
"1" 2.79762346333113 2.84508908114224 2.83471987998263 4.24473729332855 4.95062141176728 9.93893426873478 -0.0903133488390059 -0.562936771672855 -0.482761651300645 -0.141866681972274 0.258897811273664 -0.58377570884721 0.305136148529769 0.345695768469595 -0.419938578582111 0.188137008823639 1 488.042927196786
"1" 2.91313450152417 2.68999693121149 2.5292061893713 4.12094915498149 4.99769635290449 9.95074470318313 -0.0121760852078694 -0.516215873197257 -0.342910546549918 -0.0577081382178881 0.175394352944457 -0.611672967349949 0.345555023743539 0.367685871067691 -0.449693239917895 0.169029496554523 1 457.233726726552
"1" 3.0476362664287 2.52343890773835 2.81020570863652 3.99567867384842 5.03112994657524 10.0174397209098 -0.0223412192995034 -0.523058468261082 -0.538326464787421 -0.0968332708597934 0.190484681433364 -0.559549888553948 0.380360835761109 0.321722718989494 -0.476791675390561 0.185518609765524 1 406.319428988625
"1" 3.28342477374662 2.38630601734272 2.53842012633723 4.20033278652668 5.0409261891522 9.83513587852019 -0.0505325180908814 -0.556620152067097 -0.4043703776677 0.179955563929403 0.240470000888924 -0.645875773296918 0.283438011300049 0.397971855543176 -0.399398292895424 0.135984198410878 1 519.61152872984
"1" 3.03383526852846 2.56545712722771 2.32881857032573 3.98419371901237 5.10833184509904 10.0108977353827 -0.00303826884238629 -0.513602663177939 -0.363775645823373 -0.0937393853496669 0.155896752395022 -0.60684772531218 0.347218245221235 0.359797288489805 -0.451709544177082 0.196396524888016 1 458.387322402525
"1" 2.77251338783524 2.81271323158378 2.68414881093429 4.1900613058243 5.03190747476439 9.85842944111954 -0.0547760762799458 -0.540634888512965 -0.451137323225588 0.123830375848463 0.236728190159657 -0.598077754695739 0.310535019604051 0.3580961367589 -0.42545925339943 0.177254668219984 1 435.20812383868
"1" 3.06026400323854 2.46369993485758 2.71476077359834 4.31709044823544 5.08926400999934 9.9524429707444 -0.0207334774147546 -0.535248624807786 -0.526869481946619 -0.253015533880918 0.221263441108245 -0.609055046163193 0.316956873009914 0.365026660213581 -0.425594872281673 0.171172636805778 1 386.581319517842
"1" 3.02940236539424 2.52891171930977 2.51895660956122 4.06812554610438 4.60966184246822 9.96714885646998 0.00252919788768051 -0.509994496349372 0.0700314278540971 -0.0286312388737706 0.162045651932871 -0.575563555560368 0.384059948231268 0.333381644193788 -0.4792954440197 0.184928684013146 1 423.867058331281
"1" 2.86244159621109 2.82099960363129 2.26063001687189 4.178677872084 4.84769925457084 9.98546092976514 -0.0659376897094734 -0.556525715647034 -0.0383597913864433 -0.115599473781396 0.250737842371265 -0.661167077211356 0.270082715635669 0.410102274221437 -0.386519085481756 0.11948907526897 1 524.761087759671
"1" 3.01064476725351 2.57944063933171 2.5380476659194 3.86822566741073 4.95577598005752 10.0586831805131 -0.00544008179164867 -0.508932967859392 -0.326059109086479 -0.0881973239154965 0.154365028920136 -0.561673467233984 0.399500827579613 0.321339410689968 -0.491842431333936 0.190294497338287 1 427.834527492736
"1" 3.47554731634046 2.7016959889609 2.70279364777594 4.35338482706882 4.7475318585836 9.8116993569944 0.155949920605322 -0.422925148088742 -0.201210103125834 0.676230776718723 0.161021474468967 -0.858389601454194 0.518634838244316 0.690587306073787 -0.665415660008428 -1.12728468906553 1 535.229013215776
"1" 3.00842914233792 2.60685203376317 2.39182487457078 3.90292969369866 5.10278849765372 10.0254274879499 0.0040370491163813 -0.505363011222713 -0.389268968915886 -0.051347577914954 0.136054764441653 -0.596786763084461 0.370901156453479 0.351913518938424 -0.470436041689254 0.195348432131081 1 543.717129610041
"1" 2.97281017982454 2.55775108276919 2.61318769242213 4.28074041756394 5.1735811980405 9.88778331481226 -0.0343041968875368 -0.546213497115867 -0.541875340451121 -0.0485286499050239 0.258272292308685 -0.654056191852582 0.258661696394433 0.406353284912222 -0.381987598240767 0.135567406063548 1 397.924994535178
"1" 3.00218377957619 2.60177184080329 2.67087856845605 4.02641149106183 5.07121082603536 9.98730080313434 -0.0254362713787306 -0.524563074731455 -0.502775230490872 -0.0577773998082553 0.189674213291623 -0.584117414176808 0.362601533210666 0.343095417175384 -0.463151638889816 0.173935205037845 1 456.306994689126
"1" 3.08743545878077 2.51590851250441 2.28021247605386 4.04230592516264 5.1854928292869 9.96800786123545 -1.03746856689275e-05 -0.516205579999711 -0.4092267196138 -0.0502739595445034 0.159758593482443 -0.635329891129258 0.318153833781496 0.386136550877536 -0.429377922428174 0.188012765371546 1 473.188807778446
"1" 3.20578296574863 2.43849555859122 2.61480931608822 4.4150139688895 5.31877970117737 9.8493017044022 -0.0616464569651004 -0.563374518166455 -0.730532529809378 -0.0721338282165488 0.234153964875278 -0.662774296989638 0.246499793064735 0.412013186939357 -0.371478237416008 0.168496209639743 1 498.461412490169
"1" 2.94106604385848 2.67219679183803 2.64813939532062 3.84134928556027 4.94700385496054 10.0833255889295 -0.0113117396981703 -0.509260179757514 -0.433369470003759 -0.121011509834496 0.148942626068496 -0.55099755918729 0.408718947354299 0.311817619335822 -0.498939809839674 0.198284179371513 1 495.39908218975
"1" 3.03329316359052 2.57044696376132 2.47040591249091 4.05346651629614 4.91164954588333 10.0739255307048 -0.0186715864672309 -0.520225790185675 -0.23951718236112 -0.292359069409727 0.174769875618682 -0.575306833952114 0.376377018550262 0.333395025778448 -0.472215148341085 0.185084034181725 1 463.091067913645
"1" 2.99716185667224 2.61181264570464 2.54774016359349 3.92706267160654 5.01596453434512 10.0597029385624 -0.00441873757743947 -0.509327690895637 -0.388031004896709 -0.149458419296203 0.148276920794338 -0.576645252686106 0.38524132795081 0.334910098026075 -0.480334608088384 0.194172584184452 1 479.322693399248
"1" 2.91795213725777 2.73234155632657 2.57204462543168 4.09547386581601 5.05841027582284 9.86506186876817 -0.0524653023479551 -0.539289221346085 -0.412204357696409 0.194192577010572 0.227572746093349 -0.599328196453168 0.360297391806523 0.354531102044743 -0.458495602498645 0.116370854506454 1 519.0865324776
"1" 3.09052401066152 2.54624205158604 2.47795358737747 4.01235652102949 5.17132473684501 9.91321176272695 -0.017289108116585 -0.523160465608735 -0.492221448155022 0.130789140249732 0.171099056458562 -0.618677171398128 0.330657269642557 0.372694052504902 -0.439910831775668 0.183786867296526 1 538.116415747596
"1" 2.95747665278064 2.64606650411916 2.47520794600354 3.75554123645076 4.98916081216874 10.0444330148018 0.00682344950352529 -0.498923729531018 -0.325891490822175 0.0393247002659079 0.12879138677311 -0.563095695503222 0.410228727783373 0.322183884800974 -0.50151022377685 0.195791360840925 1 494.846257263196
"1" 3.05875163750229 2.55484150275045 2.52706221615926 3.95465047465509 4.94159407730008 10.0518120678034 -0.00895318346856955 -0.514209658704865 -0.293624461535332 -0.153477432364766 0.157720500933912 -0.576132031722179 0.384140706366297 0.334404037406697 -0.479162795190983 0.187809101450362 1 493.439798504767
"1" 2.61839250815411 2.99457951706023 2.49938615697697 4.2918017602943 5.09615696396385 9.94636910500658 -0.0125685265269574 -0.519533737795288 -0.371670888581654 -0.135960178842279 0.177099940130962 -0.67841647131568 0.275896741798351 0.427715535322752 -0.399106128673134 0.15395916617329 1 453.709630489016
"1" 3.01129497442625 2.59371937957402 2.40213639266251 3.9300769609495 5.11579591011358 10.0547719066499 -0.00356429053113641 -0.511009719821558 -0.403619401034373 -0.145171179732348 0.147257415613624 -0.584845631395346 0.368003106583775 0.340870175462803 -0.467844228551561 0.20833421722344 1 469.977908702827
"1" 2.98678837662488 2.6272203733126 2.46030956118673 4.03101733719805 4.97738801831826 9.95495144853525 -0.0148761716965627 -0.520050260567046 -0.297223291258508 0.00437627305653372 0.161290444652075 -0.598103639309608 0.334234060292406 0.356344162856042 -0.441014789947871 0.221044804390163 1 509.564203817978
"1" 2.99136412122188 2.59585430621383 2.7377715538292 4.01198347522645 4.88077576249254 9.97664421098536 -0.0487228283743676 -0.538073923071086 -0.361064125810943 -0.0112410255941565 0.229793035682216 -0.569666907356301 0.356129878266865 0.332657983255645 -0.461490529952363 0.161698371041827 1 442.811484770235
"1" 3.06063383042823 2.47762937125698 2.61157686154825 4.3350347408938 4.84254471446026 9.7729491952211 -0.0356111700139738 -0.556454592288939 -0.198330152802286 0.213079065433184 0.273918033888793 -0.664724692725447 0.240516281256024 0.416786873089272 -0.366735535948042 0.12380293477206 1 431.660734956064
"1" 3.13144655784829 2.63705006877601 2.36538001596863 3.79509499507707 5.38722281143412 10.0616153688211 -0.0472578580371516 -0.522931683403367 -0.562974824548368 0.148645166263067 0.243330433516356 -0.579624576336352 0.498270241599417 0.3325668514012 -0.575115242357052 -0.102116445470013 1 542.941702326982
"1" 2.99580610221012 2.05948065883054 2.57514165156641 4.2685181162267 4.8675580444673 9.93317490749559 0.218349693093442 -0.454208883101281 -0.397914379434302 0.833197911977662 0.319788268424148 -0.73990536222471 0.550184187636896 0.427948425694359 -0.527998239773751 -0.533508668862243 1 424.090981775144
"1" 3.02849151461915 2.49536105675915 2.72854902040956 4.19035685470469 5.09375002638448 9.99043048221181 -0.0195804554776803 -0.534674967357259 -0.555194715848655 -0.175404391600471 0.228179374522957 -0.602807360710394 0.323814152068426 0.366170847320687 -0.436186898572517 0.153394445451317 1 391.119065155819
"1" 2.98583572987677 2.63847735450347 2.56433156748245 4.26506686429403 5.07477874144032 9.99069011056036 -0.0346334222019408 -0.535340571666276 -0.435970603311559 -0.303749207468749 0.194716162969139 -0.616183499553575 0.303233812420568 0.373884915391388 -0.414871016881983 0.204811050002105 1 488.021926425494
"1" 3.0569887281353 2.55822275736018 2.55185755313896 3.88554089433438 5.1145246930603 10.0359958668735 -0.00132671911703306 -0.507662200257844 -0.487441584397682 -0.0757672573363577 0.142601193114216 -0.582569520784798 0.381884445529682 0.340333920482926 -0.478553025266773 0.19455709936334 1 510.902897102837
"1" 3.03044026676689 2.55384597352515 2.4347174816233 3.88181355803637 5.00183940169883 10.0343384753519 -0.00265220686611247 -0.51028809545466 -0.313566025015365 -0.0481510762218587 0.155831972421031 -0.581292081732334 0.378169043547972 0.338182303553829 -0.475466106878037 0.190422533449577 1 408.382036381618
"1" 2.9834053556566 2.66693145711554 2.49217230827787 4.14266391247395 5.13610630202778 9.7895247331401 -0.0363407614591404 -0.538938981391926 -0.458905634398684 0.338132203295573 0.209492845062085 -0.642280412218802 0.297734026056461 0.395543592926241 -0.413826372210355 0.151694212609097 1 518.214444621593
"1" 3.15031599437235 2.45443013480786 2.64855425919258 3.9697592965794 4.97792256074419 10.0097353272381 -0.02541610264018 -0.526478567698782 -0.41621428194425 -0.0594226836721637 0.187217856248484 -0.570154406610149 0.372644778304635 0.330378391776372 -0.470530284641127 0.184382194072311 1 468.522093733753
"1" 3.01641454341623 2.5285517933578 2.4996222430104 4.1659239095532 4.92091869268132 9.91521579380231 -0.0292795205280767 -0.53688135834494 -0.24356130230642 0.0256551261348633 0.237776061676736 -0.610208570212768 0.325056266129783 0.365649451464703 -0.432687195588503 0.13864814879937 1 418.884373129244
"1" 3.00424856746909 2.63303743935523 2.72194987181988 4.00097499921491 4.92417051380363 10.0298264995528 -0.0313490165970636 -0.523564070642455 -0.408644955988616 -0.141858218034937 0.17656151859765 -0.550441780686287 0.394925566954919 0.313471313489179 -0.487347341492925 0.192210926577991 1 516.341085488049
"1" 3.01222838445162 2.5929892572863 2.44618173457664 4.07144474007686 5.18722549482771 9.98051615419832 -0.00752844126158615 -0.5182018566279 -0.495527292288141 -0.0986426414416879 0.165756355124241 -0.619686774139324 0.328551504363064 0.373543764335475 -0.437094541408042 0.191480253259549 1 461.412845074519
"1" 3.22090467971865 2.35242663632906 2.40607409444603 3.874324645692 5.05238663940686 9.98193927933938 -0.00349170172578954 -0.516629723942057 -0.350788788513348 0.0888952898069372 0.168718351367368 -0.591933672949185 0.360116312102563 0.347464580398915 -0.462888092662623 0.18696463886207 1 392.14163546949
"1" 3.23412249626293 2.8841625555074 2.78626614853798 3.94339115919882 5.26902680010365 10.3117198946621 0.276556793119519 -0.260667794179142 -0.209949606520613 -0.366890731921779 0.0360301195835915 -0.879380738117819 0.631890100861738 0.605152917322759 -0.655443675121488 -0.533039429810345 1 469.71230885628
"1" 2.69789739072438 2.9150461370205 2.4672808363538 4.03844859164751 5.03231995664455 9.96728008123318 -0.0220595195513509 -0.519055172887512 -0.348006321841018 -0.0166036412432113 0.177408281703254 -0.606847854157065 0.342397956744452 0.363012690416984 -0.448492779460814 0.179038706800793 1 470.600564610653
"1" 3.04342982584521 2.72135280274 2.38832939630494 4.2072259387781 5.19822955047738 10.1276216053096 -0.0894397232080733 -0.595338982724631 -0.373997976938372 -0.331984324089047 0.390085557888725 -0.581640622467315 0.453774142723368 0.382751752173176 -0.573682204476827 -0.351505647986718 1 501.098753286187
"1" 3.01561957523487 2.57810391996804 2.64473425381173 3.92307826026651 5.00048771100102 10.0789236261803 -0.00961209211506716 -0.511405388756893 -0.429190185585001 -0.180046305538235 0.160003273736443 -0.559418351219258 0.398284183381267 0.32022806804922 -0.49037603268281 0.189828525953314 1 428.84094707499
"1" 3.15347916850239 2.45175572701399 2.4462279594027 4.02047247306176 5.08885201293608 9.87761898565073 -0.0167814789117346 -0.529704215101974 -0.397171136580907 0.196623441616697 0.19524790145399 -0.624292572281896 0.323849206838796 0.378657266676501 -0.433745339417033 0.159682956151353 1 476.454641006927
"1" 3.06488801070066 2.54278796075833 2.39302811877519 3.90226190205254 5.07309969541849 10.0389757409921 -0.00669727832213674 -0.513222609576175 -0.364565144351748 -0.0851186030157507 0.154794880074113 -0.591542480069003 0.364141343839665 0.34714809040816 -0.465777947577759 0.195293832119678 1 502.507301069541
"1" 3.10943684317132 2.5054889428215 2.59718493246375 4.25947044013999 4.96988263383301 9.70081123147301 -0.059352364118512 -0.548136580508814 -0.244698383796006 0.725242455430926 0.335437168048417 -0.677074043898336 0.392727139425222 0.394866232880287 -0.465872280872554 -0.184338856511063 1 473.718097564051
"1" 2.85005347121236 2.72707539823063 2.48721755691885 3.99872559987422 5.05135076917625 10.0392997809525 -0.00337253161716271 -0.50956031301702 -0.381243623601293 -0.154680941930355 0.161564902400222 -0.584736731607709 0.373127570979251 0.342942908618162 -0.471096259858498 0.185769555018892 1 400.69370183462
"1" 3.1036892068759 2.48336836220782 2.53433371956931 3.85190119982852 4.98857689592187 10.0427034697097 -0.00341243247279911 -0.509685248196249 -0.354579821819251 -0.0398064030774101 0.15438232480934 -0.563347648231924 0.394912448760451 0.322947180253374 -0.488887193075159 0.193994688815275 1 417.41866733427
"1" 3.03862764182668 2.6347512228183 2.40510889297353 4.0342079005789 4.99807267044166 9.98640977481978 -0.093298653983413 -0.553471248449008 -0.232797485121289 -0.00349882474119596 0.328521628810403 -0.696158207577623 0.342074874945359 0.415005475967078 -0.425923535033691 -0.131296611540037 1 496.05909976253
"1" 3.03771812176756 2.68097904856747 2.45946271866213 3.86351121088298 5.2549222496904 10.027829844159 -0.0591486672814392 -0.500167266298196 -0.445039325052432 0.212600681772741 0.228638911840119 -0.731021525256409 0.41267706103494 0.381623809170181 -0.418157554177596 -0.0460499590803092 1 502.206369008976
"1" 2.97269300683243 2.63764950194055 2.47988037040705 3.87527645782536 5.02273318941144 10.0451278875609 -0.00131965499094677 -0.506230642646118 -0.360115525940408 -0.0714317101835756 0.138745933342365 -0.57514571479292 0.385121870870959 0.3333807257078 -0.480546312536173 0.205664913436375 1 517.165331946397
"1" 2.8993578313829 2.69743002592457 2.6233489749535 4.14276690142847 4.94829046633374 9.8978562927308 -0.0376375510038378 -0.53344560155074 -0.349060758930593 0.0649959940185824 0.209253685861862 -0.59520675908842 0.329129414585064 0.354338914289916 -0.437531024323405 0.185151711744959 1 451.552708253928
"1" 2.90786223117392 2.69149959284214 2.59181834979706 4.25077309932376 5.04104209533714 9.93591887312127 -0.0451471182273354 -0.541160600873115 -0.424479639589199 -0.138658605521715 0.229316480192965 -0.6173087094158 0.30381380737028 0.373456255290272 -0.416666565085258 0.166336361275913 1 449.039150415747
"1" 3.2093997548627 2.39596755422926 2.52005043800587 3.98629513150869 5.04211721699521 9.98218428767402 -0.0198677006438098 -0.526315146441024 -0.386261662493228 -0.0104223387869949 0.182622467873941 -0.589641893626441 0.353544760789306 0.346476241108167 -0.45621128433445 0.187056342925772 1 474.920751949865
"1" 2.96202399456613 2.67854257016696 2.52180947374336 4.37654378914284 5.09313828300785 10.0506829329354 -0.0260838475256883 -0.531605115682403 -0.402995246740147 -0.49927297392854 0.192117585055505 -0.606291379719251 0.352639814172089 0.365445164745546 -0.45067536033741 0.151229518778132 1 477.452767728502
"1" 3.23122344315035 2.40499107524465 2.54423763524454 4.22099765437828 5.22065961592685 9.8480720563714 -0.048109160866856 -0.553750071662936 -0.561025774483755 0.119293105410553 0.237872136976235 -0.646446677797071 0.272698355685087 0.398103259261017 -0.392277499471614 0.153748326709462 1 494.775563689007
"1" 3.18162421692224 2.42341341962283 2.36675799313695 4.01336367557917 5.11630969252534 10.0034139725122 -0.0075827984398839 -0.519086622626106 -0.387911807363546 -0.106953298200855 0.164899478835909 -0.611213062804354 0.340249077629711 0.364588462642989 -0.446009541532945 0.190261562089739 1 479.714051638495
"1" 2.99359655101664 2.62189019691914 2.44514691485199 4.02457330405484 5.1286285092071 9.97255482000566 -0.00781131456774855 -0.516566376460365 -0.435234564449068 -0.0962678700682321 0.165480423232666 -0.619446088388618 0.341125787825584 0.372851082264353 -0.44567188032964 0.174895794254588 1 484.076110499509
"1" 2.97975985524412 2.61468906833117 2.45637538372582 4.05789379961224 4.80800817466842 10.0142932886252 -0.0256142726152709 -0.525166468817825 -0.125482985524234 -0.161846437923007 0.192372726949427 -0.581002429772123 0.365292719318731 0.338970856089418 -0.464631905575704 0.173902691483444 1 455.429707430234
"1" 3.07620808851014 2.54544624861489 2.46626596109197 3.94617298505323 4.97169144167034 10.0662189462837 -0.0161984187859541 -0.51715868905921 -0.304259033125475 -0.185804896996113 0.160210552360096 -0.575683972785642 0.377284500364463 0.333572192705471 -0.474285235298541 0.196420602044923 1 539.483441966311
"1" 3.1561670043022 2.51036147328696 2.58826125848906 4.05760259471511 4.88717809782958 10.0571167762417 -0.0340912085354909 -0.528683731200629 -0.27369516444573 -0.253845976758377 0.177915654988969 -0.576206894353946 0.374900771757019 0.334444284470482 -0.470698851668968 0.18282848457918 1 585.46877213289
"1" 2.86233835293238 2.7379061873058 2.60338336049478 4.09711764815357 5.10108757933108 9.92756842470127 -0.0409872402846517 -0.535801533156439 -0.491836271801044 0.0140201445646965 0.216365021887718 -0.611280741491801 0.310850898701992 0.368731112359801 -0.424436296250317 0.177361470188309 1 450.110640123748
"1" 2.96001697346241 2.67040949370733 2.52797758975612 4.1393802017772 5.02447889083481 9.86657913999226 -0.0368345709178405 -0.534587807370155 -0.348272410578289 0.166245631663235 0.205262446061995 -0.617088992580406 0.321640875277733 0.372323272373895 -0.433089311247126 0.163907595893537 1 496.719648955695
"1" 2.97065965975365 2.68479320309586 2.44486673460936 4.07767287524861 5.14995880323609 9.98685474522369 -0.0663455970057817 -0.546374825561237 -0.462056978043189 -0.0899770946298016 0.249896560858848 -0.592991832554952 0.370305693593446 0.345107451013241 -0.466756761625556 0.0897675275550827 1 525.300108039601
"1" 2.82217630014573 2.83931967407476 2.5898180833056 4.07525983653869 5.00120441782578 9.93419938258438 -0.0558195290948529 -0.540974105199193 -0.388643934261238 0.0306423356714614 0.214118268726409 -0.59821479752464 0.325893611208518 0.357110420505476 -0.435847769082159 0.179262399473484 1 535.268719142383
"1" 2.94794692180072 2.64995362938157 2.58401866888698 3.91331583337979 4.97453519882282 10.0044513452629 -0.013505557010451 -0.514226345814206 -0.362835813511251 0.000652253788921359 0.164544210885356 -0.568415003919404 0.383914412894318 0.328175103022128 -0.480031859461063 0.19236884832219 1 452.329481905555
"1" 2.97133792277543 2.64828312677897 2.53826249367909 4.02722103121366 4.96564053269817 9.99646337739606 -0.0164254254951984 -0.516785209724424 -0.324600753489733 -0.0956628551463708 0.165618349210198 -0.58241291891667 0.372091668342909 0.340794683362289 -0.470112919993335 0.187270829512126 1 493.934362141927
"1" 3.02506193940882 2.60605420631462 2.64942563448125 4.32179265729802 5.13089096434007 9.99786900062944 -0.0433355071080899 -0.543814490343789 -0.521963642490362 -0.358422434047146 0.222902143139052 -0.633956060931183 0.291620675653541 0.388888797835046 -0.404573506918061 0.163859966235248 1 473.364990808188
"1" 3.0382118868055 2.55100081533907 2.66179209018748 3.99766818109032 5.00785723272893 10.0287834563024 -0.018821246150012 -0.519173848547598 -0.438828455877387 -0.132324287915511 0.175346634394105 -0.561591818499249 0.383200698306479 0.322673356778057 -0.476954177499099 0.195201110511107 1 423.115035309991
"1" 3.20474142407032 2.35547991849463 2.32596986408024 4.00762744581732 5.03861771370463 9.97433349721144 -0.00443714345947203 -0.522763184588855 -0.28345536434964 -0.0158305094947213 0.185964192503187 -0.612621497969201 0.336985100439169 0.36516566095834 -0.443910254924353 0.172038143162799 1 396.624702369594
"1" 2.8283423626374 2.74498290048109 2.11124860919369 3.95678270256036 4.66000788658191 10.4473125295227 -0.0755528690743694 -0.527938007980892 0.210167801637035 -0.743422895887266 0.334560466207571 -0.464986816411499 0.538751821895035 0.214864668852247 -0.604285309604094 -0.109799751309995 1 444.385440551849
"1" 3.07375711401244 2.61032656505553 2.1267120587062 4.04637282955353 4.92999700829539 9.98000402373964 -0.0820162604779841 -0.570095087485094 0.0275578179422273 0.122360375481658 0.370246606745004 -0.610343603757729 0.458938362149917 0.355511365441631 -0.540132896004756 -0.276240916981295 1 493.990031272238
"1" 2.91041254691231 2.67875480801689 2.47562106905923 4.07286864398295 4.81635816497368 10.0476966472952 -0.0224303316755864 -0.520851834746758 -0.146644946171671 -0.245095188120108 0.184978798128358 -0.573792032669697 0.373755313024611 0.33236404253861 -0.470520977330113 0.180833394693741 1 439.74914292627
"1" 3.04945083782069 2.55999564683251 2.63764320170609 4.08400751711826 5.1419131911107 10.012585761342 -0.0246503123077103 -0.526552187613 -0.526608447030854 -0.16352358132982 0.189204045348509 -0.580687928823177 0.364383116666067 0.340370271962206 -0.463427471129867 0.177855423431908 1 460.141856933789
"1" 2.76035754235672 2.84466120329052 2.68520297188472 4.08283724771185 5.09028087492225 10.0476949277813 -0.0209732959176521 -0.517099750248136 -0.524254880139951 -0.262509424506432 0.173729397313546 -0.584260383230755 0.364782889073337 0.343761828759237 -0.463901249302547 0.186550674012295 1 440.823230353089
"1" 2.80383474407719 2.73120641575549 2.76656225313029 4.27678708627774 4.88981204733271 9.99053623030913 -0.0576509407799945 -0.544684225286201 -0.369205501116051 -0.288138907088133 0.257513566768809 -0.592320788219247 0.303299471174006 0.353507321696836 -0.416960930979048 0.178327292182281 1 390.742087387594
"1" 3.07062554452327 2.53510867246879 2.56381880003136 4.04945073454984 4.97077947693694 10.0520143764782 -0.0162497370951452 -0.520343278087115 -0.339122089044081 -0.239264606144661 0.173764878938267 -0.579654429432921 0.372150822088849 0.338261648252247 -0.469199824718656 0.184395543234668 1 464.609768083494
"1" 2.75051064037124 2.76453325021028 2.78153814864114 4.25473560220181 5.75084492810778 9.94538783742985 -0.0253847036573921 -0.589757473734765 -0.985880632334259 -0.0896042728528569 0.326664234229243 -0.504352519590857 0.330496601580332 0.386150038218298 -0.560627632558212 -0.00925585377034785 1 403.718120833417
"1" 2.9934744425832 2.61756340652827 2.47138085622815 4.0348145350777 5.10550754211224 9.95849466515752 -0.0152083106600682 -0.521505914761398 -0.426828931335589 -0.0130472773379797 0.176748311566808 -0.613562319934081 0.338899998777851 0.368259283192283 -0.444613489354589 0.175444743439967 1 477.606671925549
"1" 2.88395024119449 2.6803127778923 2.50532569150617 4.06083501226028 5.11568539888927 10.010610136204 -0.018147811219555 -0.515737362733154 -0.441986356762523 -0.124862415912826 0.198382587557163 -0.605111743551592 0.362731281006666 0.352464443720982 -0.457014843989749 0.143598697629215 1 409.659851849983
"1" 2.95767278554478 2.67547312988689 2.83844015908874 4.05547887451679 5.35827045043612 10.2259048186189 -0.160572303782932 -0.470835663355563 -0.90734036876192 -0.469225723535388 0.334793243512237 -0.526302624991166 0.513380607945814 0.108081826677355 -0.473462435107911 0.112077677827283 1 447.450538392908
"1" 3.02390297452363 2.5577042025934 2.39406770462954 4.04745931709981 5.12303705375771 10.0234229042823 0.00166971820551284 -0.512920312769082 -0.400608570421895 -0.177846437808983 0.159407971612587 -0.615780432653327 0.338565465390739 0.369518909049727 -0.444853165200631 0.189834437490682 1 390.28357097727
"1" 3.10248393818733 2.49912410725701 2.67517747037668 3.87814994082287 5.01984649049543 9.96306521251934 -0.0204944357232528 -0.521031934638208 -0.462272785097227 0.147232196870041 0.176631890032858 -0.565497124483688 0.382057216580718 0.326189477111714 -0.479713150637337 0.186594667371352 1 464.566864342572
"1" 2.96707905800742 2.68903138715466 2.64251662884885 3.95068177079784 4.92599762290825 10.0100826003645 -0.0358938944822688 -0.52435540434246 -0.33251439275733 -0.0282122603766545 0.176882309895455 -0.544972024579532 0.402758618370636 0.309252359430492 -0.493490879854762 0.187917900743498 1 549.011618970166
"1" 2.88298194939525 2.72667812694984 2.39892052928563 4.07380022718834 5.01296085583162 9.97277478816676 -0.00318971364207039 -0.511986088659802 -0.322128081018513 -0.067130250261462 0.156729106206034 -0.611968031185467 0.347182811794475 0.367107533857067 -0.451372493592376 0.185159833956758 1 474.908359780658
