"1" -0.536895583998269 -1.09152921024347 0.130333367604138 1.20202703042336 3.382015882616 3.71743814572701 2.87465788667292 -0.848159946391125 0.0514274228155788 1 900.423990531905
"1" -0.985177218851001 -1.1303530142881 0.377633284101679 1.43522824895599 2.70962399311401 3.41381989450095 3.30796921910442 -0.637414929631112 0.167708844984941 1 847.588753184668
"1" -0.869006456864549 -1.2972446946848 0.588381822875305 1.34252510889094 2.2788353323883 3.51065678552863 3.20942624862147 -0.670427007049726 0.000326999966866917 1 717.294892797301
"1" -1.34941544580501 -1.01044170416392 0.559520007829463 0.608993145798783 2.66206990007056 3.53211377373365 3.64581097025656 -0.404871954112329 -0.936038797030153 1 720.807771272031
"1" -0.620328641648444 -0.691369380839274 0.271374733471778 1.16871065023023 3.00382967268956 3.26459412122955 3.0446166463873 -0.845449516950086 0.0404960940022816 1 937.320952831088
"1" -0.727488479394491 -0.106893740800148 0.385649294429599 0.282963300834331 3.10758204389774 2.8452883806003 3.48265387642872 2.20153871509333 -0.47301752345294 1 309.012723047395
"1" -0.756277353852044 -1.3320146522049 0.376877184477328 1.1304104135165 2.60003078874484 3.89556337938813 3.06961273516071 -0.607685031200235 -0.0272692155317632 1 725.022437318116
"1" -1.13223401347239 -1.04424493880677 0.560117019204038 1.28670468877569 2.3535616179867 3.78467332509047 3.44434090099064 -0.680889418688623 -0.0668212270007566 1 772.210928912188
"1" -2.1365550789895 -1.39544258006235 1.14462803488592 1.39391912108772 2.62156781448081 3.31671833189092 -3.04457453849058 -1.67169022205377 2.10242460245005 0 1043.90177397937
"1" -0.833585059018369 -1.5757248615945 0.229486807891999 1.17633692011191 2.943950327995 3.02910415601798 3.04391643071088 -0.988514447625997 -0.242134583770293 1 743.463438075099
"1" -0.546240985745738 -1.0077695087506 0.110950871690753 1.09991344756511 3.51324101038929 3.06713170962499 2.83553871366095 -0.546791680367801 0.0407434843960515 1 834.899605886824
"1" -0.973684684175148 -1.39887303659965 0.504236852807145 1.39297642245139 2.30798937864483 3.6315638606778 3.23742964125352 -0.716605211793616 -0.232649995312338 1 698.118851781958
"1" -2.15672262710044 -1.32663138665429 1.11636985647285 1.121068794344 2.76939783479062 2.70593807845617 -1.65155629822609 -2.74696083769 7.04448054292947 0 1062.11981372894
"1" -2.09044142021309 -1.67234177260578 1.00741780988391 1.13042151225708 2.83906634804513 2.86092584207359 -1.19085112060311 -2.59162314916478 -5.88705131371691 0 936.123885712487
"1" -2.18183740575366 -1.4804863029547 1.15436224055998 1.60525906902448 3.92580925364622 3.77000907046943 -0.989510246980316 -1.15723164159237 -11.2209863407087 1 995.595572599645
"1" -1.05465565568096 -1.37666498003012 0.319215029977993 1.47968000646723 0.286966462887484 3.72002567766912 4.14075875802898 -0.680386625441268 -0.447699931921301 1 162.683942990774
"1" -0.816796808937359 -1.19122122044674 0.276355586352875 1.04633070718846 2.88467676536987 2.74223764163149 3.14300904755522 -1.48536813289649 1.43820375353169 1 828.628302939771
"1" -0.746699984670963 -1.35069490176745 0.521984614844516 1.1328271868906 2.25625485593654 3.66212200759701 3.116780962091 -0.707710220799361 -0.88669553954372 1 776.614601719131
"1" -2.15162837148685 -1.56447883850402 1.07572737627126 1.42799896700994 2.88831472012631 3.58460104025893 -1.40548310348216 -1.06663066822407 -6.47539676541742 0 967.588004896042
"1" -0.852241210068441 -1.35611170053303 0.315608977050432 1.31304221672314 2.74956337434379 3.6063964939882 3.16551103360377 -0.648540654100428 -0.129453119359397 1 772.737812705168
"1" -1.54971215414052 -1.24931649074392 0.224957773789411 1.64202944769901 3.97364429653713 4.30420842814115 2.88646527566812 -0.134099744531662 -16.2703716308482 1 1023.05443041888
"1" -1.84624636449829 -1.53666516206215 1.21877482185163 1.08430932195574 2.65555605663264 2.68484228392453 -1.34715114825335 -1.46912421367203 6.79287375629644 0 1053.72628248391
"1" -1.23509425177325 -0.850242134626126 0.399621626162855 0.618425979753911 0.332877273872762 2.68508914262595 4.18549984365917 -2.10152344813331 -0.113187481042519 1 306.830399339863
"1" -2.03972369969866 -1.30625440308038 1.17327832237945 1.19266114105188 2.94478133761608 3.10406827793829 -0.944242078312037 -0.944572528425573 8.84254200585079 1 1093.15085079841
"1" -1.2507556055156 -1.13742782359306 0.375259178132199 2.09040725835622 2.62793059057846 4.05326119603814 3.50683546556289 -0.291467715760502 1.16031791277788 1 765.037598376587
"1" -1.96214264586375 -1.59636120065341 1.13886398123041 1.36741189433728 2.85165395920599 3.46747674713851 -11.9810927570467 -1.55740121383075 0.0400299884618233 0 1009.60600044039
"1" -1.18258880062927 -1.02797632548089 0.130236767996673 0.0286594346819995 3.36704555636689 1.49123357722134 3.38146203542535 -4.01959301749316 -2.23340086175362 1 838.738967518236
"1" -1.98615820264225 -1.64202908253616 1.17103638352286 1.34236505197283 3.03921731274411 3.17219388080229 -2.14408077844195 -3.1216615129702 6.70611647686708 1 986.719451027154
"1" -1.00773868884063 -1.56893641326762 0.564363944870488 1.42219493862081 2.11620266262187 3.11621177876252 3.31431878931773 -0.983962190720649 0.108247747840108 1 734.371931399907
"1" -0.800271873133888 -0.957166975556266 0.708560505087514 1.30316401254257 2.12338124695 3.77528075585062 3.33973634073022 -1.35744571591527 -0.290015362861262 1 830.001710923482
"1" -0.138632039016297 -0.95408063971446 0.228419956385148 1.82583571862281 2.89231424786137 4.10947554981388 2.67317138121118 -1.25648436088185 0.0987681806010509 1 954.300230884016
"1" -1.24174490699589 -1.30524110265354 0.384070893099392 2.24533178177307 2.58651881775278 3.84014167762177 3.50653021492749 -0.509058629617531 0.885056153089332 1 675.958821477373
"1" -1.02144000836883 -1.50909502175388 0.623036548073208 1.36910458117062 1.78498558316462 3.97168668837258 3.38742464917691 -0.291858896421816 -0.929902099255886 1 607.885834456542
"1" -0.619484362647028 -1.36258082739523 0.197122947596514 0.703357546117334 2.9993514522681 2.58030833782221 2.91126000021763 -0.493808614695996 -0.345183678680484 1 820.740591475876
"1" -2.22104632394619 -1.45804643048169 1.18315709783011 1.1382840046217 3.17721851219455 3.07506134274666 -1.61221598751387 -2.5302320211542 7.66138977592544 0 993.288151629028
"1" -0.765759366638192 -1.0449331589863 0.536995815340047 0.613788276213033 1.85631879862341 2.87122334225145 3.2524514454907 0.159206800643291 -0.211055034698252 1 805.505690052869
"1" -2.00684456233364 -1.33941176046959 1.09340444260396 1.32413868366568 3.02554395890515 3.14439088342619 -1.26711008713432 -1.6533859835624 -7.3296252197927 0 1093.432208432
"1" -1.05451340978351 -1.01890275719487 0.273237158176162 0.774821638097612 0.247689237728084 3.60042786945666 4.39332782308103 -0.352754663810088 -0.0101639700644559 1 54.4345123242565
"1" -2.13909812473876 -0.239861735267472 1.78132949803496 0.228137819666367 3.29741385492276 3.00277119426446 -1.04236897016108 2.57905362921085 0.223712349388142 1 757.399916724208
"1" -0.692309086881954 -1.63854898510144 0.159988723582371 1.54983344201149 3.01911165512642 3.20153558042009 3.00813167638072 -0.100553230730253 0.290257356004524 1 745.878140104865
"1" -2.13190905177431 -1.44182706581399 1.10354529986229 1.49333169500994 2.12147082704757 3.24625793569495 -12.6480577219276 -25.1876622997342 -6.69912007658776 1 1024.32016408425
"1" -0.762661657168687 -1.2694914568424 0.102406444585601 0.170682911124806 3.37819351862308 1.77747425491248 2.99581737367275 -2.56208166239028 1.06343914319051 1 803.035973751038
"1" -1.96519391668498 -1.3760710511872 1.10703668040154 1.32374333296558 2.56979367566022 3.41948838714107 -1.37722989904745 -2.07190958522458 6.43518059615239 0 1086.95056423645
"1" -1.11420122552203 -1.15277082293232 0.408408662064873 0.167168061836608 2.51623267493127 1.49338749287261 3.33895374710003 -5.463223111819 4.6094989902662 1 875.988967678478
"1" -2.10659272440646 -1.5394302284809 1.45961218024319 1.10525040943341 3.75428574870765 2.99260912916807 -1.46890218232926 -1.40501211343953 9.49463254998798 1 986.282080961212
"1" -1.07582225788779 -0.966493236710726 0.632599044702852 1.19764928295854 2.12365846895007 3.2564801293688 3.54860098631927 -1.79145737730085 -1.49324902596693 1 668.452433394115
"1" -1.15583785762953 -1.73329686050584 0.666080802899212 1.2017963239993 2.30381220874248 3.66160186248461 3.35829307356015 -0.558427550903605 -1.17185395346043 1 776.475388823133
"1" -0.950852570011084 -0.917156209615302 0.15718522971636 1.54398288313035 3.29769695873354 4.52718623430085 3.25778205256227 -0.704364528007749 0.25412127998077 1 768.87201798286
"1" -1.09564338571255 -1.32560919851757 0.650115713291995 1.30861385928873 1.92465468443919 4.12105275483047 3.68180073135625 -0.635483117909188 -0.347327226937552 1 735.54269829814
"1" -2.30914012777824 -1.51958513228612 1.57894135529696 1.10930909517584 3.81920824349442 3.35979209830053 -2.23188986640396 -1.39855802464434 -6.52394013764405 0 946.753808274562
"1" -1.84335990798349 -1.33917218414682 1.0390345602999 0.978182568776501 2.99571355621516 3.00005945034545 -0.264439753891514 -1.30024366592915 -8.91469348307507 1 1104.51286420705
"1" -1.97089628918694 -1.88911520794615 1.19398536763771 1.19224469950359 2.76926797726011 3.09567523740666 -1.33916617888695 -1.5975813235395 7.34403034760033 0 903.630898095692
"1" -1.0172499826257 -1.13277252391831 0.263034519086657 1.0638847508526 2.99654856109259 2.88411117197941 3.27615944429403 -1.28685122682739 0.301622868455323 1 834.833228314955
"1" -0.715345582976623 -1.41752620545028 0.240545518684751 1.21948358901994 2.88213239391716 3.09121021492551 3.00515735236633 -0.849242633198068 0.101538840643783 1 784.322706968788
"1" -0.705316629603944 -1.45157473806166 0.110948213250785 1.55422178850656 3.2987966934319 3.63110926255376 2.96905988824411 -0.353089687108251 1.12058661593995 1 764.20423284432
"1" -0.492623679196413 -1.29942086805016 0.108299957218639 1.45062718229921 3.12449653528716 3.72756064372971 2.80652938576536 -0.514662535007736 0.178628341350196 1 860.601556779289
"1" -0.723955406049657 -1.16810018263298 0.38863442262248 1.03798608534766 0.366033301966894 3.14992533907408 3.80225262843685 -1.0727409584721 -0.0993190930865211 1 353.813865557299
"1" -1.00980443440537 -1.17261553677117 0.615194412835405 0.900599198854315 1.79166401164762 3.98482441183823 3.44529482424435 0.206525140791076 -0.921156817487662 1 609.319060794249
"1" -1.63866285328965 -1.31124447376132 1.06990977775357 1.03222107800709 2.86253169464158 2.97470625947603 -1.08801673338291 -1.12696873603092 -6.26934518239567 0 1187.99368207515
"1" -0.72696805956578 -1.34912512890832 0.13569158881118 1.31848693767096 3.34699996507581 4.43376593717208 3.01791417873907 -0.929578621626135 -0.0430989560315267 1 820.909270355406
"1" -0.879271165075266 -1.38217223764819 0.192155540897428 1.55441411717076 2.98613402443646 3.34654964652488 3.13571769793708 -0.664442319885051 0.7332060266529 1 718.690914890824
"1" -1.04049757946903 -1.32170767651252 0.250977154587693 0.848665306975116 3.07528172900572 2.44465050815901 3.23090136270674 -1.22170010523098 0.0117714747214338 1 774.08360704829
"1" -2.12258151809417 -0.655414915012923 1.12964541264012 0.134756348554992 3.02332903406387 3.29927836228703 -0.619440474909057 2.89108511853423 0.0495645592490628 1 791.937139714471
"1" -1.15325072891517 -1.35855013042985 0.599445011178233 1.26580505204495 1.9735134306954 3.85309284959287 3.46968175298289 -1.16313394664966 -0.00215604758748467 1 675.971917371006
"1" -0.978843196757699 -1.21111475166185 0.387948262938546 1.54522129355011 2.68846275577132 3.7507139495217 3.36478098984594 -0.268503771593614 -0.0773790266727063 1 809.364206142917
"1" -1.41725162398146 -1.12763407725857 0.658731286808221 1.4274303705873 1.75738269883147 3.5547155750331 3.76524121118438 -1.07965514214789 -0.00119068805987866 1 635.08103729281
"1" -2.0762963172398 -1.58446324462161 1.22542263509019 0.947132315612076 3.24877646168551 3.33307376640171 -1.60992814457239 -1.03723586217356 6.88915647407284 0 965.435450243304
"1" -0.839266726391347 -1.04844944294118 0.129736757782213 1.76954764810349 3.3216259070186 4.31570302683866 3.12145235889869 -0.600479123205527 0.238626551558156 1 866.114681297867
"1" -1.7870930608457 -1.47648764921129 0.997920956217274 1.04950346795832 3.056531627243 3.11288747442572 -1.31917790455169 -1.71570616445937 7.60798221492839 0 1085.5466611986
"1" -2.07483827317388 -1.42837958245623 1.17129188403247 1.48594109985665 2.93055192805464 3.53367079338751 -1.43801287462201 -1.37441372332755 7.28368134188951 1 1044.13436070586
"1" -0.866597064436963 -1.03002479396505 0.0897121865254852 1.05713982746239 3.45425840568518 3.25518221162159 3.12263078408675 -0.631121048173328 0.78950070741324 1 893.907336246321
"1" -0.827933302147643 -1.79741279861139 0.486432348916843 1.30633719202735 2.38159283640402 3.54779897654433 3.12889714004806 -0.468574734830903 0.0353555212544977 1 622.238732911675
"1" -0.654339043649828 -1.30452553324424 0.298031806833636 1.25864143373997 2.92188171499848 4.1329302909784 2.99123410058945 -1.04923372645378 0.145650613202929 1 820.486050179986
"1" -2.03210138783024 -0.594345357947061 2.05486511663503 0.161954240137787 4.09364306852572 3.19343279206786 -1.3888812232996 2.84893300457094 0.127668715688111 1 689.334782777442
"1" -2.07895863017381 -1.63920283205893 1.19483645233686 1.16441999406597 2.66718238572846 2.93130985680304 -1.07941165713453 -1.66065812584123 -7.2490942578602 1 955.519375787567
"1" -1.83164454585352 -0.547496981419291 1.41687703494884 0.130369362345477 3.23180708124766 3.24432221513751 -0.800403219432877 2.80576096393381 0.737761026358683 1 795.497377931569
"1" -0.626886436226147 -1.01997029681866 0.311117230432547 0.935698022569977 2.77409098856378 3.65038900869537 3.05662317964012 -0.765327851310707 -0.0344980811220751 1 786.770505018553
"1" -0.702301171607958 -1.35612084360918 0.306860525239383 0.788370837855602 2.82865411597843 2.97512040493217 3.04789927058318 0.0620911309750411 -0.0192948436715839 1 775.63463218681
"1" -1.05635693861014 -1.23218644229198 0.613524863663142 1.91096328035181 1.76993604235219 4.29734909954587 3.50139972204167 0.109894293944876 -0.0206872702357115 1 636.876512302464
"1" -0.896049669330391 -1.34207854488048 0.636933372783174 1.68793046336157 1.67266558572705 4.32933582918022 3.33356399952506 -0.809956896099753 -0.0480719626203828 1 660.594401158824
"1" -0.718166702631691 -1.02276829438111 0.298409841277127 1.24239583482768 2.75435650325362 3.2970007506864 3.06596852556173 -0.821509011330616 -0.0399911027029875 1 936.378256737557
"1" -0.624196385967273 -1.25669627758512 0.286733262741582 1.47235307847235 2.92185020271002 3.89687280435929 2.9514037090263 -0.510534196899081 -0.223840914316166 1 893.129503855437
"1" -1.16485012346916 -0.67177561550073 0.488312481889444 0.470497367763655 2.64846861486861 3.72120393049229 3.53997219970943 2.92109973305344 -0.286897091168626 1 622.796029753762
"1" -0.698581058063966 -1.41581162090775 0.220071335149114 1.59090150813089 2.99269948464336 4.06347151399538 2.95190973920298 -0.558052359399456 0.183427101961469 1 795.711483161411
"1" -0.706467007819293 -0.857353814128814 0.167733402841402 1.52998250851916 2.82899446219249 4.03247687594315 2.98486715622739 -0.612317264812234 0.334775866467545 1 881.626920103402
"1" -0.842803341341407 -1.20495060442098 0.333580659210903 0.144048647650868 2.68348296014638 1.39125348239381 3.12168618086366 -4.5658478622175 -1.46787293010062 1 929.100665433425
"1" -0.822978434182308 -1.28888607035298 0.326336897656264 1.43192542850496 2.64836600009736 4.17874658101132 3.1518599911182 -0.693249509530237 0.0748183646877543 1 747.551753690982
"1" -1.2907149665237 -1.31005705837761 0.158417679647989 0.861363991101505 3.23869496798921 3.74649536077857 3.44899487547368 -0.431239351745447 0.046475762825332 1 757.291282713823
"1" -0.706319138816057 -1.27476102320295 0.221546076213312 1.30051710062438 2.85402536653686 3.64518971174701 2.99742369169401 -0.941603311355188 0.126911991430031 1 815.827400720825
"1" -1.0781780509786 -1.3903713208653 0.54579151798063 0.649113510736171 2.29469528191755 2.72614575453635 3.36119581846231 -0.424264175313833 0.056807751015559 1 688.40316989922
"1" -2.11379137155664 -1.53442705899496 1.28164905263082 1.12695035566432 3.03882848807221 2.95351839099855 -2.22029778213896 -3.99675699339861 -6.70257713562729 0 992.271227764048
"1" -0.746802731195797 -1.08437150910393 0.295535590709016 0.594387227388335 2.82850974177135 2.30230806851531 3.11909625702654 -0.732110421936999 0.460762191007624 1 815.187312744903
"1" -0.586628827749708 -1.07855910970622 0.0684745288517234 1.28111622537341 3.53509692427259 3.26279578470298 2.93535527584412 -1.57551224599247 0.0829562940918091 1 835.402414060165
"1" -1.06806337592041 -1.16032783786877 0.0821244509718271 0.480398939851598 3.58182676165618 1.8118558822252 3.29906417575689 -4.33780197385719 3.91085162700545 1 858.073748777291
"1" -2.1429084108199 -1.25770986846353 1.35028519524042 1.22432669394361 2.86571380342669 3.37028339441887 -1.785101013397 -1.39029100419734 29.3912126605603 1 1077.16706678187
"1" -2.34666267255707 -1.59740728135696 1.01095635996284 0.951769642578033 2.3901404270666 3.14480319653532 -10.7663078216391 -21.3876221477117 1.76905906345155 0 902.259680942628
"1" -0.566410642313574 -1.14442877984827 0.35309993748405 1.73491922307994 2.76569816547038 3.69601426083662 3.11770128831378 -0.857591713413741 0.0309060393999953 1 827.745220801459
"1" -1.9099772918795 -1.61648125797285 1.12096517126351 1.30983731108633 2.80219622081345 3.12047109608224 -0.843224571742478 -3.19485470012028 9.125882264813 1 1009.46481335951
