"1" -1.29548288754766 -1.22807346731053 0.707594461318298 1.66369009028002 2.03630989660495 3.89163778281755 -1.01742871493424 -2.1191361832847 3.58764515803843 -0.873678479705667 -0.355585303618189 -0.612867131376497 1 749.41108590361
"1" -0.252276405560969 -0.994192164937721 0.0996128596519565 1.08531159026221 3.43253296588972 3.5501675016871 -1.62319191286857 -1.70001103880168 2.68762488097229 -1.22247197036216 0.664230211943424 1.1506892284666 1 1061.39602428807
"1" -1.94040175871594 -1.27482430274667 1.1852288931589 1.06334150728182 2.95108006287525 3.14369764755988 -3.64993067700537 -1.45145743371374 -1.15552137426025 -1.44291123172117 7.67378745676265 6.31645939807443 1 1156.35155071829
"1" -0.703850660035528 -1.16401335118328 0.289741188781405 1.75869101874785 2.88875097223225 3.94738494193404 -2.43656350069148 -2.03213431171346 3.06322381399126 -0.521562416596561 0.625063416083582 0.258775659133653 1 891.962169844017
"1" -11.9145780170425 -1.42963883444134 1.29034837664782 1.25210443969982 2.62166923101736 3.26641613814677 7.41648868962781 -5.91093028291438 -2.36152278133591 -1.37785455093914 -2.85810934294013 -5.67800228067089 0 1060.8832284766
"1" -0.59003556292459 -1.57201111438306 0.149410465663409 1.89461414401307 3.21277692504096 4.4041845837386 -1.58733817280605 -1.28371343773331 2.90986294854828 -0.616711836913178 -0.308588393602749 0.126911453457237 1 903.576048647205
"1" -1.36337665034534 -1.07856500317855 0.308744495375514 0.656597193589774 2.93419331580051 2.57539261574522 -5.29986344669723 -5.04327443386877 3.59586309349614 -4.40984366817273 2.90656247114943 -0.168456976111414 1 928.115077964245
"1" -0.909593417081804 -1.34193920805419 0.303213839868291 1.8066402544379 2.76050210092753 4.32097472156127 -2.51481356021252 -2.47725824772556 3.2135905484588 -0.4311374761008 -1.29579443772896 0.0983870900504219 1 833.154185752106
"1" -1.66295793560968 -1.5006149496651 1.28755677910114 1.24475410818828 3.18513878709612 3.34246347324036 -1.63414082548162 -5.76323523792315 -0.641643684959098 -0.727009308572421 8.69276719631361 -7.88098871758719 1 1146.41637314106
"1" -1.61801531431837 -1.28262961227979 1.21174196872783 0.951684220984331 2.61809278853214 3.11828870256321 -4.41764894510896 -2.15516047787969 -0.722820536796463 -1.44705943263419 -6.77625888405991 8.88547358696324 1 1225.08613723013
"1" -0.759230006941404 -1.3210211484146 0.558651158780677 1.34536901097513 2.19064135046787 2.90950520154328 -6.02455189365212 -3.12382114781108 3.1467356921159 -1.81537695762745 1.28116666483587 3.93615219458787 1 779.401067721457
"1" -1.6191272381026 -1.3508487058233 0.134236009265005 1.32189231117362 3.50539240627781 3.18159170767015 -7.68193380259558 -2.97109819300426 3.61441151003422 -2.26363255800233 -7.57739627735773 -2.70455576817104 1 910.912084159174
"1" -0.853842648013833 -1.24167823481015 0.275150338827631 1.44089691600286 2.9726790111688 3.55876346152058 -4.04717361996714 -3.35056147709007 3.1100800306038 -1.57184090709928 -0.159670080239541 -0.0518821334762928 1 838.319582530863
"1" -0.413029391444353 -1.15803282484341 0.138950799300495 1.3462393610183 3.14201324229524 3.49543922102295 -1.58536152337732 -1.54064043863137 2.84498855024356 -0.404682123418244 -0.0702608898668551 0.0977363654230131 1 1000.74416295213
"1" -1.706732901029 -0.419807627740255 1.01430874271604 0.160225075915885 2.34808388991437 3.09952963708272 -1.24490939186046 -3.83620870049479 -1.86458739441296 2.79230486024798 -0.259654165853472 0.120828521269595 1 864.801319887263
"1" -0.454680999883158 -1.11475990195738 0.0957241866485462 1.61401309989756 3.53191599268959 3.75858671201312 -2.57775152413852 -2.01938714770998 3.17357198877672 -0.695316006623694 0.0283663084694095 0.583445735159713 1 993.908398902196
"1" -1.76942361726769 -1.52523480269225 1.1277220885393 1.45810753818983 2.6206838107709 3.53031185815792 -14.5364528260386 -12.3675242331646 -0.91353125929229 -1.83253846301717 -5.45120909476567 -6.69531454924631 1 1082.08163282301
"1" -1.61496004338777 -1.13479603945854 1.39098328866058 1.05807698237153 3.57508838164204 3.43181109672818 -3.20886214075711 -4.68741931703095 -1.52916725578159 -1.09113219601757 6.41043992025247 7.73564206548779 1 1281.29814929487
"1" -0.500533971896064 -0.859201952880019 0.592025797745732 1.03186959828739 2.30268953600473 2.78130203288006 -2.6762617243163 -2.43797651502377 3.00810090313827 -1.75017520874058 0.700827825933633 -0.0670239251056084 1 984.322466546344
"1" -0.693271744613756 -0.840021536856181 0.133787586813327 1.69256240004728 3.20117822850613 3.75781843606631 -1.22570522607557 -1.25173907633352 3.12194329051311 -0.261684496574875 0.154385520064424 0.391154484941435 1 1023.57406883906
"1" -0.562247301008183 -1.24477205371489 0.519527215804171 1.32250482331644 2.47778688060394 3.3162291906476 -7.26540698998212 -5.00740133087841 2.90926148680537 -2.14554954722134 0.425222228453439 4.63075788875005 1 984.9178968254
"1" -0.499399672304631 -1.1992939462774 0.312738008272204 1.64324801973083 2.77095756728413 3.66811964555255 -1.97107118125595 -1.63663634124024 2.89470152615993 -0.792313276356544 0.802765482275768 0.216277524827643 1 969.30187542388
"1" -12.35440263086 -1.37558021858724 1.10258076257733 1.03266022234474 2.77770300922444 2.92386516537728 7.72433766321719 -8.23362819979563 -9.8643549184925 -11.6018216999873 -8.82588721496635 4.500936898201 1 1061.42723220026
"1" -12.5180077832113 -1.48644803683573 1.31652127654553 1.0569409559849 3.09534395116422 3.09557966643523 7.86292609864297 -9.73940469897437 -7.32485355725149 -0.676820023751413 -9.28145088105748 0.144684990809594 1 1019.87277320596
"1" -1.63717830597241 -0.117209138094194 1.22675439580023 0.226211291519984 3.78196488961281 3.01524764220844 -0.59057007282881 -2.39849252823998 -1.52109580515336 2.54777814918613 -0.154233822544257 0.220623003710973 1 1017.05919472253
"1" -12.401010116527 -1.38676667864954 2.99513550178988 0.957484577764733 7.36594444626778 2.92258824892861 7.82243760007741 -6.21110638770648 1.43037224862897 -1.0940357046609 -4.0647104518073 6.25789123902682 0 1058.82276140534
"1" -12.4462868314358 -1.53834250234228 1.08792476887141 1.21386681974434 2.5614613522524 3.12426983804101 7.85970080941127 -8.31430927761333 -10.4779676993286 -3.30993018325714 -9.74182422014616 1.47762888249944 1 1045.53971031304
"1" -1.58216261768773 -1.2882952703854 0.980688925877915 1.22674865463427 3.18291021447402 3.243530931738 -12.5010664112011 -15.442431465905 -0.912390761199298 -2.04850574911687 1.66629627531931 8.06560491644927 1 1222.08718364697
"1" -0.63091826472358 -1.01477724456736 0.332545831329065 1.05279534228952 2.59130617411761 2.72410978278059 -2.60679801012309 -2.01723351475938 3.06575615799759 -1.38802404985847 1.20589392247079 0.338841354844568 1 995.815536923652
"1" -1.82321146615041 -1.7591882970243 1.03357585495991 1.39411843321978 3.20402744158684 3.67753706179854 -2.39584247445213 -0.933473213222607 -1.96499839450263 -1.01930243631391 -8.5828378553035 -8.5611781776234 1 1067.73365585188
"1" -0.550971390670642 -1.26880484513485 0.117527926830718 0.952104329117446 3.36253822382369 2.87734650789819 -1.67565446827097 -2.08012207890879 2.82152132887428 -1.56973522498626 -0.576783931535685 -0.0665357662798514 1 921.70267930748
"1" -0.579738824392521 -1.09729072474913 0.272571472399525 1.54673535394379 2.76628418159026 3.53516126514452 -2.65624228322635 -1.61392338952972 3.01200799046748 -0.869264438957994 0.584368128431923 0.715876090783874 1 967.622520833016
"1" -0.639137429612589 -1.27363511515813 0.504925526822187 1.14658397981943 2.38732826210668 3.56486083899648 -4.76603364544971 -3.78936900625685 3.06172584430774 -1.45519513325657 -0.247461507226337 -2.95547175840639 1 796.093702773491
"1" -1.8662448578787 -1.52537761417399 1.45787218690261 1.2050721530073 3.11364784588681 3.21626974599848 -7.72129109055453 -0.956672844676007 -0.657621348176508 -2.21326549224413 16.212461708006 5.74241172374973 1 1096.6027952005
"1" -0.752940586311306 -1.12772240148312 0.304658985816486 1.57161354810324 2.72562810454199 4.04836720813341 -1.55250738958204 -1.59847420481529 3.14066999339115 -0.569179009693051 0.266889319269858 0.0522071768178693 1 935.758561022987
"1" -10.4250876019248 -1.40995223398839 0.849886437575573 1.04792462989078 2.3004189715568 2.83324492308437 6.86513536648924 -15.33286978363 -12.4253538390685 -5.00969861642032 -5.33817403590255 -10.4970146600979 1 991.64148145628
"1" -12.2216264062818 -1.66305312795266 1.13753498666541 1.0382146668814 2.85285950241333 2.84932235853063 7.61203633253956 -6.13679828486612 -9.79574354337189 -5.79431641690302 -6.15174641170476 0.934417854244751 0 951.135046893685
"1" -0.487729112520185 -1.3312923250949 0.242463969299878 1.44880700653129 2.97412854947787 3.7048054836451 -4.82285718473656 -3.27470779743426 2.82203606894454 -2.0824486077525 -0.655816252955825 -0.51553372032482 1 942.977084334116
"1" -1.51928854846407 -1.33113176695663 1.15568094543011 0.96713188074409 3.03192721034007 2.81513180226324 -8.45366867920555 -6.76600185642089 -1.36814301920667 -1.97727370439149 -6.58035385974634 7.51469838782763 1 1225.95125545825
"1" -10.9999241669325 -1.42534604135235 1.15736887085656 1.5460379044068 2.90009334211918 3.62771773847559 7.02159038601332 -4.46883294292147 -9.51494333576464 -1.03208684844742 -10.0178172715737 4.48148100418146 1 1155.88904359126
"1" -10.4066103171728 -1.60433867036989 1.066260889939 1.2524682086454 2.83207336548501 3.06991383417129 6.69802871221699 -9.53282439117123 -8.9100982892191 -6.98835305493085 -10.6047592362784 -0.672756308929101 1 1058.70157681595
"1" -0.563806767899133 -1.34088260701374 0.151087894922738 1.71893768123635 3.27558429414528 3.97801700617356 -1.31163986607078 -1.20622604480509 2.89249043225197 -0.342721088515251 0.171873086195105 -0.21921663423502 1 866.034746880348
"1" -0.528112496789111 -1.1426110264242 0.560078952519059 1.21175058422048 2.30948013604329 3.05532079076089 -2.28333429331948 -1.89128874260247 3.01936816776402 -1.64531993431813 0.569288566476719 -0.0238867254831908 1 976.456513341966
"1" -0.770459805366232 -1.30188361109238 0.207838223145706 0.93113710186505 2.9426567326475 2.59666650123957 -2.83811129005947 -3.22068958748115 3.04252117130324 -1.83920989280296 0.269906792178346 1.8974917834165 1 898.61399187375
"1" -0.562176546398111 -1.05168098787276 0.656151044600088 0.533927980028963 1.74463974261599 2.2003717883519 -3.65505550999224 -2.9412559138677 3.14878476430906 -1.8828667987548 -0.358465085062602 -0.126170668931139 1 897.099369530702
"1" -2.31240953134691 -2.32926908978972 0.459817722810456 0.455957195958345 1.71492595639328 2.22590390910843 -6.91716771950126 -3.17040927857883 4.25383512536051 3.90503324952329 1.34289826112779 -4.95141311731596 1 558.662590441389
"1" -0.678907869729762 -1.18860859198262 0.27565736251409 0.984938218464726 2.8540324221828 3.16662904085615 -1.98160724818294 -2.24203772066009 2.99014944337794 -1.06011033160102 0.121987392939115 -0.693363197473076 1 949.30656059228
"1" -1.01657890806517 -1.25667760141391 0.236687575991175 1.20440690670414 3.46515024778028 3.62754530713784 -10.880667627969 -10.3042621286633 3.24457717907423 0.439400191994097 1.2785983668361 -10.3180102553575 1 1062.38066485186
"1" -0.513947244687349 -1.15722101207872 0.345799456579514 1.0299847656357 2.64831675269651 2.8790756884072 -2.6914694155603 -2.08568169793705 2.9951805388027 -1.3232997748112 -0.177315777826709 0.0459895487740798 1 954.777162392273
"1" -12.187173987264 -1.53303536524307 1.15448942122944 1.22959065652368 2.73250162104731 3.06435271644892 7.61402081501313 -6.10733870109565 -17.3889723808426 -7.25951898625194 -8.09298886484206 6.23476960429824 1 1009.91878913263
"1" -12.6295824317482 -1.62239011068917 1.33184198246054 1.16142075498206 3.30816047559078 2.88656718227586 7.87345656047776 -10.6629943156985 -0.618923478002875 -7.28633987876804 -8.07094220298493 -0.527716333961106 1 972.331261820544
"1" -1.10271290052795 -0.97043225347319 0.445759543317609 2.22689689739924 2.82228431796736 3.59314198722671 -1.56894323566444 -1.57297624312802 3.51995252710477 -0.479843447959271 0.578360660244281 0.622071265481955 1 985.408060658205
"1" -12.5317978088378 -1.5615233484578 1.02836090521263 1.27943369801703 2.96916503530196 3.38799176883063 7.84135857299764 -6.24629285942734 -7.21671285461471 -1.12242524571135 -7.07045690420281 -0.245850473158573 1 977.391759776814
"1" -1.11046299020385 -1.20956833861595 0.0736799543143873 1.34359685009864 3.43917817383204 3.3820777242984 -11.9551067957698 -7.7738325010107 3.28396297597263 -0.75275769426738 -0.407925959865183 6.36592038751571 1 1004.27593623604
"1" -0.629207610070088 -0.904071815084099 0.561692869768054 0.72665442015893 2.51269905948081 3.06556800061919 -3.43060196431007 -2.54792322922367 3.13125882998592 -1.03182005770364 0.543986539913528 -1.74751274726319 1 928.572569277529
"1" -0.582090914566362 -1.49142292079365 0.312171874173439 1.05780637874225 2.97502955518534 3.02465284591152 -1.12804705276388 -2.13348423950168 2.92292908257496 -1.44876405510687 -0.547476530056256 -0.500247675992225 1 961.975002292345
"1" -12.4339012926072 -1.63165619118987 0.994520631093118 1.23155179481311 3.12761700962852 2.94208568679631 7.63134186112126 -12.5730747242233 -10.2983957898215 -8.17234210466209 -8.64110206955154 1.01404597209654 1 943.55222223429
"1" -0.921780420186273 -1.01966128916741 0.133849793868272 2.46456608587454 3.35881499704552 5.15205965382855 -1.57013966165244 -1.51128699521103 3.21776969988524 1.32482360423693 0.917168379259584 0.310994682681817 1 1048.26295780383
"1" -0.81913015705298 -1.14974694379742 0.0630990139349933 0.430846244384688 3.56355370016073 2.97469310935156 -9.88981792225915 -8.89735353086223 2.95456936481492 0.952692239913717 0.176859554659532 5.61257052340509 1 908.76039556672
"1" -0.590317185662185 -1.41710027404514 0.333192397939199 1.88687997578042 2.67222822842919 4.32825118753526 -2.02195475639224 -1.4834536668514 2.95533568092147 -0.216961115016831 -0.414976892348118 -0.261981978032886 1 880.42176494378
"1" -12.0823739943549 -1.48334168774151 1.37655686281981 1.3572440509196 3.68598099787547 3.27842571142358 7.41995454621845 -6.02672793981813 -0.206885418228391 -2.28607593655098 -2.78616752054673 8.5101840805834 1 1005.42434510699
"1" -7.59168065967422 -1.51059593240734 1.00938959967541 1.19600253531171 2.64770682881448 3.55636045499045 5.11245462845435 -4.96310797207315 -9.33592613778309 -31.1893048077755 -2.28957814245076 11.8520628500011 1 1022.0793203038
"1" -0.630650056795253 -1.16999814000323 0.504815918762215 0.733572734569674 2.23834902417424 2.20028825297981 -7.12022247753166 -3.33789607561652 3.08390006967909 -4.67039578085814 1.3070056483636 -1.1989257776899 1 921.870087021258
"1" -1.49213399344208 -1.4395456515045 0.846520185059329 1.09988940371394 2.22052025975953 3.02936476897677 -5.13221221393435 -2.17235538097397 -4.76144971296933 -1.90254968233081 -4.1793889641069 3.43524400841144 0 1207.24945664581
"1" -0.44837069706059 -0.769626947229522 0.169015146467873 0.859453621030498 3.08766021925887 2.8099983393312 -2.21097809438746 -2.34146213245327 2.94628460345723 -1.08098219351439 0.683416019908203 -0.0458585501165363 1 1058.28946567067
"1" -1.61647097744395 -1.18692607541509 1.05520448611166 1.17095019010365 2.61498013802936 3.09363093165752 -12.5250239725111 -8.16504517636664 -1.10012857357254 -6.00172721851832 0.542389022915619 -4.08138824400674 0 1256.00705280551
"1" -9.86650886403699 -1.07937656691126 1.15996623035068 0.577794392952996 3.11977186523492 1.95189116838214 6.78314652644343 -22.7434093529818 -16.0731997403292 -11.3638016700599 -9.58477803562176 2.53501840507894 1 1180.79113206181
"1" -1.41545360396384 -1.23876517489236 1.12928050679353 1.10519652822646 3.35939679365952 3.59388884931019 -2.74188106530706 -4.90444003839322 -0.46362876301711 -0.829089083004593 6.20973686832231 -7.52899943685402 1 1292.04375256881
"1" -0.890560458000616 -1.18597829477245 0.184986628002937 1.06352338668492 3.06075731694787 2.88785277958629 -3.62323622011112 -2.66379457188577 3.20652230884523 -2.13487774766521 -0.890449962708082 0.341969745816927 1 919.288146803268
"1" -11.8715771970866 -1.34219236202514 2.26606423407078 1.42014707711783 6.23848992660154 3.08325395645343 7.2795932372569 -11.5184008201932 0.798674177620432 -6.15104497291539 -5.40515490857094 8.50308676972183 1 1103.52779101267
"1" -0.635493554495308 -1.35906022591538 0.240682370954956 1.40660302797818 2.98508028423919 3.82867648602925 -1.91527113879423 -1.15201589553546 2.95123386103907 -0.697807304465429 -0.388596643183626 0.277808093670935 1 912.501114682942
"1" -1.8574301484773 -1.47214278600695 1.08663266763029 1.06621234096164 2.85640777639069 2.98709169465955 -6.5852647094759 -3.43776750190747 -1.3542722674726 -1.89203876884178 4.71826708673989 -8.47095371282465 1 1075.80321824809
"1" -1.51449346962146 -1.50511238641677 0.989406417323827 1.30556394171609 3.29121991589552 3.22913024035708 -3.82232082597924 -1.66381030902664 -1.95368837897004 -10.9197446059686 -5.59162901754811 -1.18314203575832 0 1205.54384767256
"1" -0.822988926124581 -1.29633676058353 0.562410529649232 0.826040203449288 2.47369510019577 3.18040270860741 -1.97098253275688 -1.62393035203531 3.15635329721427 -0.710139784913125 -0.21079341126007 -0.142252894607061 1 827.855438453593
"1" -0.547933601286611 -1.13331626465267 0.286383849293235 1.12009036222766 2.80616453901757 2.63899720080346 -3.07720777620795 -2.40677271132883 2.97798443689721 -1.58345928461069 0.701732380821108 0.86091382656619 1 946.12654495366
"1" -0.468733946674365 -1.22987346629433 0.188689295200925 1.08626482202939 3.05303348755249 2.81830451397787 -3.57340313951303 -2.94518288986559 2.88265008634363 -1.82216280270767 0.17341374895711 -2.05799836321801 1 967.195954142739
"1" -0.609751933213597 -0.851730362612338 0.232122161927782 0.943024315103869 3.09518038687371 2.41678002479721 -1.22606346375891 -1.88145006101348 2.9809201246553 -0.791920574591266 -0.136333155540843 0.0167406585791346 1 989.88928726678
"1" -0.720369731053808 -1.07067103359409 0.639315578642358 1.64624890255649 1.67374001286657 4.07751285831176 -3.28486690602055 -1.38111189030969 3.24679783002928 -0.843058197111028 0.073529026740432 -0.132162854794562 1 920.410863995743
"1" -0.839903758769083 -0.922330789765054 0.138884062519242 1.55219751238086 3.22263543378574 3.94847489954302 -1.75019076233889 -2.10953910175369 3.21235729748763 -0.502106516963284 0.201027602287248 0.140219053340504 1 974.778130237328
"1" -1.23075125393548 -1.36978672232554 0.163439703523221 1.34200242563367 3.23162545841006 3.22357829616462 -2.19895983238868 -1.75560364620784 3.42550144653529 -1.51580019601219 1.06929424319035 0.931792078094222 1 863.716327577806
"1" -7.48801847742018 -1.58739980974406 1.1498270444743 0.839608629590663 2.88364573271652 2.51730698337729 4.97872618566864 -0.957880180112493 -15.638370892951 -2.55772499158448 -10.9350592816761 -7.16967105471226 1 1052.66650950676
"1" -1.8304048972509 -1.59045462307455 1.13117994942686 1.60337770268895 3.29930895316929 4.17013386084828 -3.09741869742108 -3.96391992739045 -1.70529733450377 -0.737888571264144 6.85284266949232 6.71829295762059 1 1051.753450781
"1" -0.519610723524932 -0.775192440384409 0.559782348479407 1.54883826928102 2.0507931429496 4.05847184336172 -1.65927694029078 -1.81774932259658 3.08752241169209 -0.582455064121528 0.774342654940284 0.00338143162952355 1 1041.6533815779
"1" -1.39611126926162 -0.626351809152631 0.433947664404308 0.621183248770057 2.94364419522378 1.87473397605191 -0.689877908371049 -1.93805933736831 -0.275211607256748 3.10778171774245 0.858714682105571 -0.39372846478962 1 901.341644366456
"1" -0.627396675966445 -1.065366193479 0.320766131371431 1.28536323459413 2.71642877280369 3.72414007344896 -4.82377386531247 -4.61990984483637 3.00581050936995 0.243653983360528 2.14195508305171 0.452826790961627 1 1027.84374385088
"1" -0.640379954183617 -0.969033695624701 0.59685423365318 1.07812474442183 2.10838138929801 3.82518553520902 -2.20070695997919 -1.85041131798177 3.0662266387879 -0.886074774555881 1.54130294918611 -0.867726370360289 1 877.246633606192
"1" -1.0659638374025 -0.680008548602443 0.175186924259683 0.138937825768996 2.9658665869319 3.4344776268587 -1.48412924157104 -3.69030351816419 3.47782200157883 2.99489131240946 4.27406604353757 -0.2278426775058 1 663.671994490609
"1" -1.7392842665206 -1.44976716623667 1.14520174932548 1.37679723311658 3.11404429156916 3.31150380822868 -4.29204755659196 -3.31924721354744 -1.56219207432494 -1.93823979701888 5.93966459673173 7.24493787975442 1 1129.98209113037
"1" -11.0737475786206 -1.28635123769544 1.18694044916861 1.18429151040999 2.90151475322779 3.09168488652465 7.25136902529311 -8.17588645935158 -3.60275179718439 -5.63351709246641 -7.87659838030091 -10.7182602051493 1 1122.27724350062
"1" -12.0346143547605 -1.53298091459786 1.18684246843135 1.12000261327444 2.67201520411903 3.04540396693246 7.46429005842404 -5.88168971934559 -5.63023069945141 -30.9620908758446 -17.4017553678366 -18.0753723184029 1 -171.184390255914
"1" -0.613438374991534 -1.09038947729659 0.167056737187397 1.44794399825151 3.0059007403408 3.72720835903207 -1.61225716052885 -1.29382036516615 2.97667437159423 -0.674157432964241 0.258611693560094 0.0794898979321737 1 1017.6417675741
"1" -1.01240765385183 -1.19283423757773 0.591181219482196 1.94372769917569 2.0121569415051 3.70234658557687 -2.79787846890309 -2.04335240415834 3.37536210342238 -0.949367463008606 0.525774944982296 0.946693149443224 1 969.9885013537
"1" -12.2693071298298 -1.17925495264308 1.31197605263603 1.10771942631346 2.81807625178354 3.0533691273402 7.79764915090155 -5.93641379114483 -4.98664920248379 -11.3945519808317 -6.74542394986732 0.127901866850609 1 1184.15998618579
"1" -0.582319206853784 -1.4293742737895 0.23038411149513 1.93341312959479 0.212242715990216 5.32342948118832 -4.78900757590893 -1.92518195902495 4.11828534466107 -0.147075446465416 -0.762469184958215 0.0727170225404363 1 303.198819066612
"1" -9.35975949432167 -0.870318739524434 1.24196008720612 0.992046717323358 3.06282452935375 2.8485147455473 6.62428609754963 -9.62749392681982 -16.5946350606097 -9.57249594782859 -12.4408980804591 -2.9762951623969 1 1163.86209920042
"1" -0.396063830415206 -1.11953993267369 0.14928142427974 1.14789938029591 3.25564139133444 3.35090446907704 -2.53469061155328 -2.06599033458198 2.80720556222513 -1.75940866751827 -0.289282055860725 -0.0314152718935171 1 1051.28693262075
"1" -0.363799526164991 -1.00637380897402 0.183689703659232 1.29668584380461 3.05039864958765 3.45309360280654 -2.62632529557752 -1.96654720228803 2.77041141083729 -0.379546229371956 1.48995056022071 0.863153294747062 1 1027.32721713311
"1" -1.7767335027704 -1.38295723696504 0.958509544144525 1.06053168505774 2.79676850324883 2.58656331080171 -2.79899287592741 -2.62422800072774 -6.49992389366645 -17.0866407061066 -8.41936424007425 -0.870115157862488 1 1155.64399961825
