"1" 3.81991812001434 3.81672155573912 3.12641667994246 4.25815522378533 7.66249343914991 10.2569403002094 0.364924484490182 0.379884434473646 1.49210141379777 0.561799230674346 1.39350994044656 -3.38771591761341 1 5720.05920287439
"1" 2.52136329445831 1.81619654720473 0.0999871369241272 0.0710270687159065 1.06715170535613 2.10060747032875 4.32799124976794 4.1426930268867 -6.27367294381393 -2.86086918004801 5.06557310540405 2.86389056587672 1 753.202219387647
"1" 13.5954748497905 13.330639186796 2.19022575570824 3.42318107024094 4.57548552648967 8.36714151350298 -1.19274256964919 -2.5667131590377 -0.914557984921681 -1.21254688791254 0.492276914713584 7.877555732702 1 5945.41775832856
"1" 5.05784777834945 4.69165978896084 2.35408669046088 4.16117733849393 4.63357996330901 10.4961673055341 5.47637310680023 5.50406985040543 -0.92691426767731 0.0493318501101035 4.96490586647883 0.300479263805474 1 5493.68269106008
"1" 14.302788543968 13.8992674282203 1.89412249458395 3.62395703043755 3.94557643951243 9.29004422902683 -0.942332418872138 -0.0110612865476695 -1.93190295922774 -0.478079393912758 2.48830114207351 -0.138924683629697 0 5944.7960582505
"1" 2.34510078611226 2.37531253619196 0.610242694373827 -0.190386267476438 1.30747796586195 1.89704938907907 4.26124524716325 4.24852793523962 -2.81854993542685 -3.66587050380415 3.8995359966799 4.82244621921999 1 -141.085485038555
"1" 2.72249143696702 1.63227092996677 0.349111328000748 -0.34138511488877 1.31113243218917 2.21773824438978 4.22332593765165 4.28891562354906 -2.79786497526129 -2.07085742929437 4.06237262470939 -0.984339209901873 1 646.226755536267
"1" 81.9949407645158 82.0509006226676 3.1506327299082 4.64140268626132 7.5743554944917 11.1479587642783 -9.12423304887091 -1.1044458219521 1.43859417013806 0.605635828239077 1.82298832319062 -2.07343466957456 1 5835.53550215385
"1" 3.61319154855569 4.11223947132624 2.55794576509626 3.57848466902695 4.33836680478328 9.2750007840476 4.64929042457279 4.60214137805573 -1.2036970379145 -0.348760925217977 6.18597117560761 7.95793021002456 1 5386.63329327053
"1" 2.14618729355816 2.50150426091487 1.47520299154797 -0.145577997722705 1.93582134296292 2.63821979905498 4.1117115709156 4.07695897276506 -2.73063920120133 -3.71302804414128 6.16050352086833 -0.799587160834392 1 2199.21736043186
"1" 2.79877292823483 0.525384694318654 0.0713058875949052 2.50583816051389 1.20070727405089 7.94740381293716 4.25492051556399 4.06739612441821 -3.59198682772699 -1.57069629166109 2.25119157054955 1.92316202056154 1 2384.53868388309
"1" 3.23404688975026 3.54983594597384 3.42056589711992 4.01498588177677 8.00855936908583 9.501923703266 -0.291387591629222 -0.454461310602637 1.66674313640072 0.891968019236953 1.33394701819594 -4.12819994408149 1 5761.51730621668
"1" 16.4865505565803 16.2501625001996 2.1488997054422 3.31593942538914 4.35747761638956 8.43421470715583 -2.65581094798141 -1.22980652232114 -1.09466969376096 -0.779867493102122 1.13118741618064 0.749140824029906 0 6007.51448692779
"1" 3.03029236208251 2.74318193994784 1.84484490628072 4.07519644225726 3.70080367998463 10.0957519749813 3.96396110624379 3.8321508815862 -4.67867060516541 -0.15772379986513 4.45987562966114 1.80478753693968 1 5090.31269346963
"1" 2.83874732377939 0.242378244035999 -0.133042069637329 2.00815011487563 1.06543361826102 6.22115315480436 4.40764983308684 4.21776404379518 -5.0208155795205 -1.80501097022094 3.77745969273331 -0.786445332381123 1 1975.13875570847
"1" 2.5688829192332 1.47657178184626 0.41855099987415 1.99659712980325 1.32036666643053 6.16730380976011 4.03010578876312 3.84389550258609 -3.471158996549 -0.857789894580663 2.64989555064772 -0.472148439667396 1 3072.88827463781
"1" 12.3982025918571 11.9321306852599 2.32730033735735 3.85313643489327 4.65766865631668 9.6874223710614 -0.812806410335134 -0.0612258438358986 -0.634060652926529 -0.198571712181053 2.3994668584006 0.125368414298789 0 5924.75062672639
"1" 2.88103783985355 0.547341243978809 0.354655372172184 0.237504920025602 1.33541813216725 4.15591189141526 4.09950183900845 4.42465115748403 -3.71049214031686 -0.973451678686843 6.83733092745346 8.33164863671442 1 2011.33312059173
"1" 6.66016598027094 6.35517633764726 2.6360305956749 4.05209041778548 5.32073950617354 9.78466901293829 5.64162033806173 5.65182448380142 -0.24231957718485 -0.388007126643587 12.5542698950217 -0.441493802561376 1 5785.57378502183
"1" 2.60716697887874 1.52492816101532 0.43906466990286 1.66163647435407 1.35222119113961 5.14254588178336 4.05702945312918 3.8590378884296 -3.49007506501112 -1.23551899765943 3.43023564058081 -1.08953552136309 1 3082.96500696119
"1" 14.9162687110456 14.6064373461078 2.18742104288656 3.24639649869396 4.31996355807848 8.11333816598718 -1.76560009662157 -2.02965025342715 -1.06636246654664 -1.79561071883072 0.412371204629649 1.36790683469298 0 6000.05528230815
"1" 1.87117239086725 2.10500768071126 4.00434359335058 4.72328874782489 9.77900957979203 11.5187338185284 3.39126304655374 2.94515850805444 2.20809869577346 1.10843770863167 3.65837155541124 -8.02136594799962 1 4700.82025090508
"1" 14.7437257106309 14.4399662130539 2.2880043675142 3.43298588726945 4.57150521563829 8.70108594326409 0.117855998667208 -0.682460626634333 -1.0631883058764 -0.701207652022609 2.17913682918209 -0.377100341596924 0 5906.9900392991
"1" 2.38360358928289 2.28083551090064 0.528230338615923 -0.154891422316568 1.24790548503183 1.89897558043588 4.23445158990442 4.25684220608825 -3.68804573305916 -6.08518030868304 4.6918112063731 -3.64591691859747 1 -299.877474592457
"1" 6.62326905413459 6.44230448756662 2.15512297524969 3.5935161868038 4.02988897321404 9.48805281834442 6.94453354835867 6.94696857067555 -1.71913016042912 -0.656849975281467 6.79636098141374 5.92841376071859 1 5480.90007147891
"1" 2.55515263030966 1.46479550034411 2.39278150769481 3.33578691543814 4.11395085686391 9.13483641910535 3.54388135776482 3.70068825066169 -0.635202180188405 -0.857026874223263 2.73769677001383 -0.227692330046113 1 4170.55108994553
"1" 3.04107077362783 2.64512355984664 1.9406864733991 3.39963696674627 4.03152011074991 8.69414692754375 3.68828185718487 3.86896183988274 -2.55188670333553 -0.670390596394519 4.28765992619762 0.184556506826065 1 5124.96989407475
"1" 1.67839069820776 2.08948225192301 3.66571213710591 3.8480647615094 8.95551437603824 9.37120294752882 1.80014499923322 0.972050121773834 1.78254485136476 0.638506037578207 2.32643965242487 -4.84047402766745 1 5535.7582155204
"1" 3.02713963186904 -1.14245915334763 -0.0846923493683368 2.62528116872258 1.14884543642144 7.5558918286952 4.45484690086973 4.60632689294554 -1.61620704469417 -0.743177142339008 2.17847464228944 -1.9741485825128 1 1328.26110683783
"1" 2.73474110224577 0.940066992315541 0.113599482710712 1.39872637453576 1.23786956605255 4.86066798661159 4.22122978605205 4.15109160086632 -3.94200626500726 -1.95419276690791 1.48832746091803 0.568098651114944 1 2362.93661313839
"1" 3.80723051059265 3.8517673709366 3.19239095773197 4.02880122288532 7.28664226271753 9.14027585303262 -0.513931930264645 -0.524207440242492 1.47491620298933 1.08980873267563 1.56115237998719 -4.05334349778385 1 5775.95779939598
"1" 2.97819191973414 0.503970212594159 -0.00133393100730112 0.553396027611333 1.11463963520782 3.3793622773855 4.37070864080718 4.54944574197632 -4.2302330634571 -0.448279332320349 2.39108989759759 -4.00974363892259 1 948.036370742444
"1" 16.0634997154642 15.7663048783822 2.30144456606483 3.70758038940739 4.47761002287306 9.19795275808724 -1.05536861181968 -2.251278164456 -1.19383882612446 -0.684960181319322 3.13882343676225 0.492286029804728 0 5903.25527974264
"1" 3.01801616832444 2.65820920372227 2.27524430385922 3.48224292287123 4.59168288754143 8.63736590002535 1.21885860555918 1.55672311597751 -0.967075650136465 -0.671530914189859 2.52174378091391 12.3270464266814 1 5890.64729551691
"1" 4.07272814290753 4.00419411570063 3.42957919839098 4.23036854581125 8.23194395855209 10.3300792346303 0.2317784726699 -0.257711305929734 1.62951336962674 1.40578620120933 1.64078257325779 -4.44745718730343 1 5738.71016542783
"1" 5.03979897474985 4.50569358193567 2.54764820973019 3.56141340941864 5.0701166537204 8.87203627990191 5.43426707951495 5.41037569283022 -0.443586992721758 -0.758241072328995 6.52314902214275 0.245803897650815 1 5378.01318518075
"1" 2.88333600374533 1.13003928007262 0.0602433286922035 0.0917518911950101 1.13289557351488 2.30282504198082 4.33877367831735 4.41462733294132 -3.66419184032451 -2.97383828571035 2.77239422687809 -1.27553704301734 1 245.480924904667
"1" 3.78414655687748 4.03121979172218 3.415886805348 4.2471714469641 8.058018878223 10.0239096979094 -0.243035662064174 -0.632072167384452 1.73409524529102 0.789369368792451 1.29413129500255 -2.94772302621873 1 5810.35493139678
"1" 4.84463555130566 4.54820773298954 3.05006819630258 4.12242990489766 6.41295233779153 9.97013816229888 5.19708124125206 5.22664652198037 0.371385591903631 0.0172647260173259 3.8095501590548 -2.52432867708031 1 5482.55542166344
"1" 2.54217696012854 1.9316963089693 0.627525580260461 -0.205563870317103 1.452408367607 2.41764774999719 4.10597991523536 4.17263214375981 -0.55190122467097 -0.0220143785504463 3.67995530987386 -1.8422204956419 1 907.461535935574
"1" 2.14548067811053 2.34925939750691 1.1587715015286 0.109987976390615 1.92529598174331 2.98068449785931 4.03507676388018 3.99987362209692 -0.468633371061268 1.86778571296115 3.14913298167215 -5.39371425916627 1 2474.35285000929
"1" 3.145282807737 2.78368841787588 2.20480689794362 3.33537077432623 4.37521146969455 8.61760904162204 3.8947223293078 3.90045466933802 -1.11353987347334 -0.936793146994486 5.08139387135906 0.548389923831565 1 5082.08802455718
"1" 6.98846579951409 6.7172680726084 2.56230185383339 3.76615692236848 5.21934837340242 9.12301704049366 7.15006652340165 7.1525421530312 -0.0454201741106797 -0.30841930348934 4.56689083928504 -10.6409026591251 1 5562.25241369458
"1" 14.3730977231207 14.1070008438058 1.97397205922707 3.53238451576092 4.03671239563061 8.81436018052579 -0.770270339460643 0.0243189709530221 -1.29189264919119 -0.523482545600345 1.85523498841005 0.0709462672665037 0 5958.44534975297
"1" 1.87571561630566 2.68131596823653 0.642130069752638 -0.131664642631486 1.16963440073264 1.56398941265014 4.33259664333459 4.32429858414884 -2.04953904710573 -3.65255545373335 4.61390598334985 -0.917837851368768 1 -2851.23858205662
"1" 4.79400452507549 4.61185185456594 2.58302506893522 3.77627860700888 5.1279070213481 9.48134312634119 5.21584977796012 5.21269267434436 -0.545943527327442 -0.108309347853441 5.08948203936402 -0.42433118394666 1 5429.63499052735
"1" 3.57111456996085 3.2112560110003 2.15630701145925 3.0573074160399 4.4553867749177 7.53514782314859 3.98881355870624 4.3662632392654 -1.17983828248806 -1.6412157810034 4.72768351529326 2.08196413079937 1 5427.02959163506
"1" 2.75853556337223 1.51025157618266 0.177918694770194 0.082344213034758 1.18952753864644 2.47581586973682 4.27454170859989 4.22404726671677 -2.62796154870761 -4.30844135382366 2.39041493081137 -1.15585331456949 1 651.03146739669
"1" 2.12487859153784 2.03116807368153 2.36593381664681 2.42757971057548 4.00644626909847 8.46865576730028 3.66599341057748 3.52530615345472 -2.19246590802589 -1.31712169233964 2.91736084562893 0.130737534946326 1 4143.49717331853
"1" 3.76418321319471 3.49549537625077 2.26627985859078 4.52805358534583 4.61592404976493 11.2288438888092 4.12002804263441 4.20634481892174 -0.931829149709137 0.351066564397465 4.90273081072514 -1.48706644174899 1 5462.39595603843
"1" 4.06940890333663 4.55173939365713 3.67619287481776 4.104570272183 9.08108308175191 10.2963692647203 2.15603740329111 -0.663541743306489 2.1156813449923 0.854668892853653 1.968048868928 -6.6538536255917 1 5578.68643446148
"1" 13.9365031880179 13.5752752632179 1.99573220574382 3.64637664779961 4.05801932839441 9.07200071778333 -0.522817091355793 0.208345882319379 -1.56693961687016 -0.407258508993355 1.80728172083584 0.161011812465632 0 5942.07935184139
"1" 2.94417975393867 -0.617597012807647 -0.143497129999954 2.6598481575066 1.10557358662691 8.39822448372454 4.46603271185503 4.33170303225236 -2.68726135906921 -1.0334819374498 1.92031656553727 -0.260754118653781 1 880.782429755927
"1" 2.64842216921219 1.40716322646872 0.172090408175384 0.932941618567679 1.11406884772689 4.01667724525832 4.17157650471845 4.0551429429448 -6.61699603279828 -4.25273472798097 2.66770238591218 2.42787525549386 1 2276.8022866661
"1" 2.18109409295786 2.30390241924619 3.09250545148223 4.57898242333539 7.43251151895977 11.0097921095489 1.36135587864925 0.770047665318919 1.62773327849899 0.830557357288342 1.88963902494027 -2.61915288445316 1 5606.59922258354
"1" 2.70445349410599 1.38600967517085 0.780032832561731 2.19544998651471 1.62161820268705 6.30012355218806 3.92347416573189 3.80050257527389 -3.47839175843553 -2.7119146477476 2.36134946264119 1.24828069723931 1 3449.21532494374
"1" 3.67662151959625 3.4780074387587 3.0294445190449 4.17092036301507 7.25032899612427 9.78902696250481 0.385299727651245 -0.209136321536071 1.70596665149556 0.872603214940588 1.64130882312781 -4.2670293629819 1 5792.42674191998
"1" 3.99950529443838 3.96522253728833 3.40575789519413 4.12625697258007 7.61365656318407 9.33472882480615 0.101685569032386 -0.106088512745106 1.41878527968398 0.351798005499087 2.00447988019336 -2.90696818323074 1 5781.84610710987
"1" 2.79328738663331 1.09176265356505 -0.260077930886589 0.305380008541225 0.984514582976561 1.97064564162796 4.53541667168385 4.41506589526681 -4.06591709703534 -5.15564068141919 2.5239021433362 -1.31350931451128 1 -307.064846858961
"1" 10.9234936418426 10.5622320936182 2.05956094220519 3.38988750695066 4.22567341072261 8.59988659931456 -0.0210637662152671 -0.719842135715016 -1.42287563442602 -0.768660677724436 2.56251996871026 7.940700456779 1 5957.58670730322
"1" 2.46827509660026 2.23429587372464 0.228123241686589 -0.115735153130049 1.10784784914883 1.70092330013417 4.34368762438123 4.33586609588879 -4.56803926768702 -4.05668868970629 4.84353419078888 1.27211172328313 1 -2204.13592225495
"1" 4.2155982791237 3.86224682661373 2.38166570844906 3.75389176140999 4.8983515955666 9.52837515226196 4.51537707151317 4.55731794303234 -0.488703518083641 -0.546638291780414 3.68474039841128 -0.657757196830182 1 5419.91834505733
"1" 2.80273230281833 1.39697725975384 0.244056409220715 -0.31009964835295 1.27948214489199 2.47041787579982 4.27537189130451 4.20691542581528 -1.2348175841087 -1.65490477240566 5.03619281591377 -1.68210948813331 1 924.211741196006
"1" 1.35882254325695 1.69501525737667 3.224280502697 3.72720234936368 8.22011312257836 9.47040585362162 0.440920706249385 0.196512069393708 1.78527776478413 0.828754394531023 2.30189237882882 -3.78646235160922 1 5439.71021653723
"1" 3.75311156229673 3.8380361659841 3.42855060570702 4.53093004577697 8.06833039199197 10.6429113919383 -0.086274281000518 -0.0816343251214174 1.49481681028961 0.877681430473686 0.941492078694993 -3.49415978620186 1 5718.89718280929
"1" 3.96551661463828 3.54103044129226 1.83897400525387 2.78390481508011 3.81697255255545 6.93923312994222 4.36768650617124 4.40705130319705 -2.7491916447289 -3.37402466561437 5.05924200577321 3.36057109787478 1 5375.12767709984
"1" 15.6370123795544 15.3475193494626 2.37698058154019 3.8042740912809 4.86224047067221 9.29506994637873 -1.70752130589315 -2.03767990337081 -0.515909627821103 -0.632722934884156 0.17773037008677 -0.0878029546295181 0 5998.05904301067
"1" 16.6639884274773 16.3315040396935 2.71206150596256 3.34663538483331 5.23685470844004 8.27347438868746 -2.6836600090992 -1.59116098085675 -0.128503272886167 -0.885702382836124 0.482570920473708 0.0990798078153778 0 6084.45027254917
"1" 14.4324928807367 14.0562595342396 2.23086310016017 3.87475198958189 4.36399467839345 9.54203219203119 -2.15010341937092 -1.3559822953716 -1.31542859606741 -0.445890768289664 1.00764315176838 9.00573373042416 1 5970.01589136366
"1" 9.79234088869361 9.57958215971325 3.22287313866115 4.81555520782845 7.54729214376224 11.1656687552936 -1.03881380025049 -1.37713707187831 1.29420280992605 0.537797455978681 0.514503850008298 -2.91390806930547 1 5960.34174342606
"1" 15.2007599655022 14.8099183286255 2.73011390079912 3.40932553315407 5.4639569289632 8.57410576529275 -2.97483262240721 -1.25602647657629 -0.131248081646345 -0.852073101905537 0.423100401325978 0.53025591557959 0 5933.69580855217
"1" 2.05000511517139 2.56511003732622 0.734781856745324 -0.178459599138095 1.29400068750458 1.69732114612532 4.27511001004036 4.28431764996368 -3.30316700403753 -3.31765403348025 5.23876942457815 0.68328311042456 1 -862.371804851431
"1" 3.89690599778888 3.99840885381976 2.22694851551225 3.91879729636091 4.51674304602202 9.56487759883036 4.35945498061547 4.47460332970119 -0.953046187358644 -0.591423298546061 3.37350502620661 4.38192171666496 1 5626.29457675169
"1" 2.72019140650108 1.40293352894792 0.389283436672488 0.88041621819406 1.27281554072946 4.4716673570867 4.09813413268239 4.00855745782188 -4.18957706296518 -3.85868442560791 4.1774413017764 3.02857374144803 1 2430.25920296472
"1" 2.80666055586079 2.66205119484637 3.2101119748015 3.92351357753836 7.43325474854408 9.23381677952385 1.45529521492217 0.743682313465511 1.22174939744711 0.0388733414126405 2.08298660140992 -2.94041893213552 1 5742.85548572285
"1" 2.33982179366864 2.35367050913568 0.5093896547828 -0.181768557384519 1.24065585331054 1.77892663264615 4.27573596955726 4.28658442678622 -5.14310516921124 -4.76524349249559 2.81221090773253 2.76921744953248 1 -826.691756590662
"1" 4.80738136962856 4.08627338246431 2.38419508158168 2.93583599125437 4.71232000393592 7.29796810035783 4.9840123358886 4.99482325351743 -0.728926826848936 -2.6848743350501 4.08650091039631 -2.83927848660656 1 5494.97156692442
"1" 3.00589686708223 -0.304540835812685 -0.181651688549751 2.66883317821985 1.04185760719631 6.58267924585626 4.51715212980107 4.73373013928941 -1.79743896578677 -1.90861670523502 2.08996789959521 -0.409655544840573 1 1450.94982854812
"1" 2.79712113001033 1.50676872496385 -0.0252263116584536 0.0910532924816385 1.06397763031064 1.98325350172894 4.40434897640126 4.38380858168413 -2.25125194479931 -2.31702535982606 3.99300190444282 0.567489293051942 1 -1681.14497919745
"1" 2.21552853929116 2.20744113504863 1.19583350906446 0.0238188986625862 1.57034825790183 2.73473499539584 3.97028026217818 4.02865187826672 -2.22859379405604 -2.12766439513699 2.95080033702596 -1.24761486420742 1 1982.82222357431
"1" 2.38958099137142 2.31419425094607 0.541740922590227 -0.107050672835275 1.24158860964077 1.9885704391945 4.24629269358063 4.22583461821747 -2.86037937567603 -3.14103697183281 3.7921780483117 -2.70362357277647 1 -74.8777343989022
"1" 2.93852674436139 2.56662897240099 2.23133689867217 3.18985707965374 4.57738221557971 7.83411176727357 3.94725035844994 3.92549689645946 -1.2045153125771 -2.23397983200458 5.4696241452271 3.36292166880576 1 5077.91285085779
"1" 1.31814553169445 1.52716649671548 3.61233306455772 4.06921526453851 8.61263355488233 9.62505447965416 0.480123458767314 0.473196839576021 1.77158015985148 1.1436638742561 2.64718051773828 -6.46945718276239 1 5448.88368778644
"1" 2.70091292212888 1.09664834338923 0.457931118862498 2.68533732158512 1.49549620779023 8.50098754580301 4.01463659810026 3.85640276216521 -2.42883556289791 0.294660360216085 2.73056783259768 -1.63023132062364 1 3040.67568940151
"1" 15.8716999964624 15.5990453773562 2.59431410350374 3.98625254368245 5.15291834222507 9.74747771714508 -2.33196476920163 -1.01664962355687 -0.439185596781005 -0.566331383730556 0.964673019854389 0.264503968528449 0 5865.06117320106
"1" 2.89016876806645 0.569081541502182 0.225900345643543 2.10128412794796 1.2896044439204 6.51950166361062 4.20524636535097 4.38332161543622 -4.74511472277845 -1.61812428696059 1.23334744790818 2.14033698239641 1 2449.81288650397
"1" 3.02934918878786 1.05576524599907 1.14528952199747 2.16189093277821 2.50982008328262 6.2405337079953 3.80954800454801 4.58749681053859 -6.93175380109445 -4.32701392207758 3.73370310670823 1.762512593454 1 3852.55084330158
"1" 1.99439746809422 2.59725295821402 0.671937457455841 -0.149170570336255 1.21667736626511 1.63604733905119 4.28979977990029 4.30425218506888 -5.22086346143212 -6.40039212588103 3.36095135678222 1.33314599418188 1 -1924.313619054
"1" 2.7948409910489 0.824456427706841 0.385491029364722 2.24367810348937 1.39197934929332 8.70546866266817 4.07870434276751 3.97552555654344 -1.90565543986265 -0.602365529355527 2.11307397332298 0.363308147542248 1 2833.41231722358
"1" 2.83872110336024 2.69499940073137 3.24177392996113 4.17061027286572 7.39979945365821 9.49244221354328 -0.0375799461153907 -0.372756841882766 1.27855426009537 0.362033772675585 1.33489223001122 -2.0024530406359 1 5720.10642745518
"1" 2.70813916422987 1.81171496462768 0.0028140451444121 -0.00306831525255434 1.05442623341434 1.79571983866592 4.39760703536692 4.39866604188739 -5.02017026111645 -4.2658838462148 5.40829801735277 4.12106871171287 1 -2770.96606953832
"1" 2.39614530461281 2.29458652924062 0.407766146696868 -0.173328973523885 1.18832390618001 1.76874819126188 4.29245424645101 4.29984641500911 -3.58732673279877 -3.9971587474032 4.45817574376614 -0.935650284430796 1 -1026.45163071228
