"1" 7.9581638588752 7.70574331368483 2.329925615711 4.54618460444488 4.83655424857652 11.5721069552348 -3.37676240961793 -0.804286701940362 -0.934057486716839 0.224311441188674 2.97321885404308 7.89411684604556 1 474.377288386423
"1" 0.757820627787916 1.4362844942752 3.75879149183373 4.15925200292966 8.77931378317919 9.77417266473098 0.342024995683299 -0.332472316967929 2.34080755370591 0.90494544767156 1.73190674667646 -4.53341066612304 1 386.594822172936
"1" 5.52872490020302 5.1559744750167 3.38114281219966 6.51722708110108 7.7061341276786 14.7714620259913 -3.20629676504589 1.19887514701142 1.59885394345759 1.19710657821374 2.63338808263302 -4.3130057502739 1 447.367309804992
"1" 2.35006153405016 1.62508643831312 2.65358112449676 4.93544739765962 5.54459182748596 11.3024795473592 4.01096604139816 3.6904260106708 0.0523917800190798 -0.572424906398588 3.47102009447709 -1.65235821462336 1 201.391648648096
"1" 3.89311961001392 3.98887592305634 3.48120275390629 3.85492819436639 6.68906374660696 10.0046710339534 -7.71996603793534 -1.39260202032049 -0.0915141497615241 0.396525891179529 -1.30908341380778 0.417374634123265 0 464.862107026128
"1" 12.3534405836518 12.1076345728451 2.02545664076866 3.26601900833227 4.22627031699332 9.03326830926553 -5.08640984620985 -2.40651935127868 -1.65989704877099 -0.558506729950838 7.61598576334474 6.60429283933252 1 548.665873234753
"1" 2.10943297284068 1.78681737278685 3.18909584759257 5.30767230829436 7.1080518405494 11.7967890591063 4.47943942593566 3.13104091280293 1.80625478445981 0.783680611932262 2.28522645564999 -3.80678393928209 1 225.25428335175
"1" 0.432662314594357 0.0795912816481718 3.90736482029294 5.17839236874822 8.31800100384792 11.0532362036408 0.560446431442883 0.593233251798545 1.57198164379651 1.33519404977998 5.14263854159235 -4.53543468392195 1 380.960208151142
"1" 20.4641949938035 20.3072859204082 2.01769323604208 4.87784377780947 4.21720524091917 11.5333911114534 -4.41192533734994 -1.83562480229065 -5.79411924316191 0.552628714054913 -0.60487258450642 5.42011220904428 0 491.033145440623
"1" 4.1979009978981 4.15478729851622 3.69933869897198 5.90720872788066 8.31433854588681 13.3315802971296 -1.85248099968942 -1.26238397175751 1.82800982958938 0.691757060128777 3.76883230830539 -5.21968362303616 1 439.605576096837
"1" 2.86589826833076 0.363089581018574 0.399541555048504 5.94768633174905 1.48477869014408 13.7864014717879 4.74006010187736 4.64847078881389 -7.23074962308787 1.53021635226649 1.81771675375605 -6.51713449876296 1 -21.4900142652832
"1" 3.90007705313484 4.06006900660297 3.41493507556458 4.7304733662159 7.80294418298768 10.6767157351776 -1.27088512599554 -1.1126701687306 1.96636597323057 1.06864300059892 3.35538839470265 -3.60076762963099 1 443.409660073788
"1" 2.5414577318613 2.40311637244853 3.45202458915899 5.04299647948912 7.85763499394561 11.6377336440511 -0.690208011816604 -0.996360691781897 1.87383532350204 1.13586373077316 2.51234652552924 -2.82887672686475 1 409.237728734277
"1" 2.95815722923945 2.92071687850116 4.58651903812317 5.66524138622222 10.2267546321175 12.5676356240692 3.38335917733593 0.511131219197462 1.80842317971756 1.58661241986305 3.59099633477584 -3.60470844063859 1 333.802516145843
"1" 2.55748937515157 1.24853528244182 2.72439669972846 4.33924254634529 4.22884687116555 12.5332627523413 4.11683210000041 4.31827264142869 -2.23263973520853 -6.07323419623023 2.24362854138514 -0.170051507737678 1 165.480869963085
"1" 0.426046561630593 -0.0530402508013276 3.37135028824264 4.99131341280378 7.55599734340601 11.200155802583 -0.574412625687591 -0.773602631265876 1.97006544066094 1.79643441418585 4.81093773785989 -4.94073714137579 1 384.84693638621
"1" 1.74905638235586 1.73727794028412 3.60173897303553 4.48950344589501 8.52348556672728 10.3831628756179 0.0524757886958114 -0.214368621070018 2.1022078727828 1.526744415458 3.14766555091816 -2.35456894144475 1 355.904668879431
"1" 4.05376119002162 3.8069362118158 3.07915660616177 6.52777070625314 7.23810410507648 15.2072619758585 -1.20329763878294 -1.10289660068829 1.64913861033036 0.9687377511143 4.48982778004952 -5.9521065721579 1 441.9152677583
"1" 1.05152485319293 1.46670476724699 3.79722037477862 4.61305658472533 8.99946604493892 10.8607309728716 -1.09846868036801 -0.670851717399647 2.17714588870201 1.05955813159822 4.10376211185693 -5.07276259936896 1 391.51553905836
"1" 6.97357242833638 6.94507528306392 3.51642595963573 5.63402507010324 8.08398688742834 12.9546243587414 -1.87359691075827 -1.37284031354302 1.77637026160662 0.989870003778228 1.74656491867878 -4.24265412442584 1 525.414364599707
"1" 2.7882237673375 1.44273170365442 0.278869724312567 -0.318727928774363 1.31816378269861 2.38610441294078 4.94749181295108 4.92266793356026 -1.27864432495277 -1.47912571238432 2.37307615689856 4.83785216429736 1 -693.238634808351
"1" 5.71963222068386 5.7740818684209 2.87510497962223 4.83526457274104 6.61170284196186 11.3167782657823 -2.52211955385785 -1.50931967842236 2.05472385325885 0.765230396767785 5.03739831067636 -7.66424662112913 1 465.006500479501
"1" 0.310414397111362 -0.276486329102371 3.44100201862816 5.40373339997403 8.14771110502713 12.8270270208045 -0.235638576692811 -0.0101997109464914 1.9755621542113 1.77493291682846 5.80242376742988 -5.86983356823763 1 402.749237170617
"1" 0.720852821414631 -0.0775611079037215 3.51014560855432 4.91774651967541 7.85872581157708 10.9493131988401 -0.205944887462884 -0.552030971253949 1.68211612051016 2.26227948743838 3.84843334807685 -5.34424021246612 1 354.000014938193
"1" 1.19804085036987 1.2141372529097 3.36649732255097 5.57719741778752 7.14139276166575 11.5844379588678 0.806497522366704 2.67584725648605 1.84879284819136 1.47327974367448 5.44654479626359 -4.19153208796026 1 405.326696722795
"1" 2.99315360921673 3.1713072323915 2.85870825179464 4.70943231310871 7.18246137600458 11.6109762912379 -1.09102777569683 -1.01230203533057 2.06791697517313 0.775203779748168 2.95572531859957 -6.80850828240252 1 433.206532401597
"1" 2.50826736453288 1.05818840411776 2.06646298344835 4.97157170125568 3.61004632775685 12.0414334114249 4.13573337673145 3.90747996780614 -1.63691323129624 0.0122182016680893 4.49420864738846 3.14043610792815 1 210.071345432551
"1" 2.15163897746263 1.37491560510804 1.4396601204382 2.96686901733058 3.08387732956025 7.70898402555088 4.35637714237287 3.70694574517696 -1.87211587788716 -0.987325863236165 3.79096033946494 -0.213708516736915 1 193.8578083568
"1" 2.92612976675118 -0.248516617517553 -0.178141927702928 4.32172508507627 1.03679414178349 11.3428869480837 5.17210190449433 5.05744236314637 -3.18867358016837 0.926766167042043 8.45791649771599 1.3157330563554 1 -183.685096977107
"1" 2.96974317977101 -0.542863473006064 0.391907773312434 3.96095199345942 1.23258638091097 10.7302820729945 4.80790094587211 4.502875212553 -3.04329358042209 -0.760789621630261 2.4665287493183 -0.0256847749957551 1 -36.7071488473994
"1" 2.75877511103922 1.14691929536135 1.5940236657357 4.39151215009123 2.1838109777603 11.538416864739 4.33275523012039 4.47592539256302 -3.64046563751901 -0.15292311802512 7.713658025469 5.68087256965795 1 156.431314510415
"1" 15.3708582207735 15.03439723531 1.66608935351272 4.7235307683076 3.39398876451067 11.6600658456512 -3.51041000830002 -2.37919200657607 -1.89797365921425 0.221176546616385 4.42840138053241 8.12138113332825 1 522.275465383565
"1" 2.62145084846992 1.02599641937188 1.14471529427634 3.45494715922535 1.60601846300123 11.6099170060817 4.3868799215748 4.23262902175717 -1.35478270611995 0.338030962638745 4.15981274785915 -1.91454649761107 1 94.0910632639179
"1" 3.09946355940521 2.89242342917469 3.03787697962646 4.91269174294463 7.37844148849095 12.0530096433688 -1.86215118557907 -1.4532911816058 1.75656434790665 1.39367095460474 5.16871612398994 -7.58022425820219 1 439.261688524481
"1" 10.5883602388865 10.6929984110736 2.08691887530012 4.74013333982607 4.19937187443148 11.8157729632253 -4.49061584485639 -1.75914138653975 -1.66054000210236 0.197808191483774 5.66024332861717 8.26838781590805 1 470.742680174644
"1" 18.1854876816598 18.201949136321 3.57845402175148 3.97888387544388 6.85414524106494 10.6208360282689 -5.28766631578481 -3.03092537906698 0.692604170199114 0.370387606236662 5.57453015268204 0.795947617091157 0 499.255870690369
"1" 2.57379211375279 0.680474386488892 2.34615399551427 4.47329215742621 5.27563015415079 10.5382649848258 4.23289127209979 3.49543978847869 -0.362248288787904 -0.0858231487173456 3.90294649172337 0.703386223049507 1 217.570211174037
"1" 6.60158584388861 6.64687034820382 3.48981920425232 5.06730629067349 8.01772555055618 11.7143245943151 -2.33909180640337 -2.01042087183357 2.02833474940339 0.95434747926286 3.3594565232691 -7.55465389939321 1 500.909795901929
"1" 11.5040978516321 11.1767916229109 2.36643597162025 4.9579488113791 4.65068737754948 11.804706118894 -0.970774263342757 -2.55432882313707 -0.948033606768183 0.602616094855681 0.0981464177829443 -8.02209890881642 1 505.486484853184
"1" 13.7474346332824 13.1118860065301 1.67549462736694 3.08806389554603 3.73998847792808 8.16846532360903 -1.13501668773639 -4.62930618686922 -22.3264405478905 -1.05217058843569 4.33341149249471 -5.54871355053357 0 486.455659329071
"1" 8.77417388094077 8.60626367626043 3.56936278851779 5.30143581901223 7.40842574674959 12.8263647499355 -3.92738454935807 -2.49766605702107 0.832736939351651 0.734243657470851 7.49151907381258 -12.05515976478 1 477.184169243899
"1" 2.57997915928989 0.845075760934234 1.42572179614449 3.41876020088665 3.06237766658062 9.29765672395659 4.31508326327935 3.97731676037126 -3.41079399315299 -0.786908122399295 4.1610586029807 -4.55294964773012 1 185.394390662949
"1" 2.46384044830091 2.15013620668302 2.94586808653477 5.44753912290695 7.06951250933671 13.0899790295292 -1.40391349547139 -0.797559246939939 1.80534841437233 1.16160256062362 3.69135621476472 -2.43515831876284 1 434.537015295416
"1" 7.06714168064317 6.64877732537966 3.17048001872108 5.54583206775376 7.01530658705663 12.323897536449 -2.64600389272143 -1.81782805312692 1.76167689904267 1.06655893485381 4.55146914599767 -7.88624883210065 1 492.402527306246
"1" 6.91186826861785 6.45197031520182 3.17223951248488 7.43277691248575 6.86347937107345 16.886213664873 -2.27127772964986 -1.72503949841143 1.34453134324236 1.13758194716449 5.60334327929454 -11.2059504413566 1 474.676473655229
"1" 3.32540859175381 3.06489699040531 3.05800699187762 5.77312933723604 7.18230852699258 13.5314994609191 -1.07131382978048 -0.831852973011617 1.85298954864623 1.08840823523491 4.6415110263436 -6.02328451609248 1 435.307681930073
"1" 2.80099344106862 0.513492432715304 0.453664858260562 4.0214255956461 1.45477993534691 10.8024595624058 4.70838274613864 4.54738350460417 -4.50976905232847 0.736559138336224 2.3244782476116 -6.11682097968837 1 -0.244196996982282
"1" 8.23161624508134 7.73875753116352 3.72163272746877 6.39090571012687 7.90528641501247 13.3956124276321 -2.83326483023788 -1.6633656575479 0.992961345278101 1.0277448552307 3.82020379489796 -1.17676338691737 1 516.44169715468
"1" 13.6359882234719 13.5316292293892 2.29798386873003 4.89076965644889 4.35489553618143 12.7301552880574 -3.23269200648443 -1.71704737888256 -1.33637659958552 -0.149022954746082 -0.302570554114736 8.04473027978896 1 521.823248462983
"1" 2.33105148692488 2.45592412888116 3.78797679967975 4.9470626450221 8.85496868090267 11.5887933064841 -0.572592135703521 -0.688255060316732 1.90665436533861 0.896324620988693 3.04924022965054 -6.23345271945894 1 410.271441197159
"1" 2.89705187555069 -0.136170033709887 -0.15754884307107 5.30863912328473 1.0908304419354 13.6150812050207 5.14424530887211 4.96570488740924 -3.0118808400837 0.443348349486914 2.21457642990854 -1.16006043044322 1 -247.862080850722
"1" 2.83559383842731 2.90164380077048 3.01978974949052 4.60796210496547 6.81856194126927 10.3791234533647 -0.553709359818969 -0.737884619606951 1.9472661447559 1.15998147339337 1.49179544638732 -3.017949696977 1 438.663478658277
"1" 13.9038432026559 13.4583466076361 2.20360649512681 4.99471589854715 4.19904077354947 11.2336288992467 -3.25326608179496 -1.09443303308273 -4.81384438269773 0.328640246505429 0.250779938794817 7.80831257769177 1 533.307647252384
"1" 4.43090974044694 4.56086920782239 3.67142921659633 6.32373657326647 8.13943046637063 14.341468725456 -3.45572897953429 -0.487136143064956 1.91589484005344 1.12866301942095 5.87347285945126 -10.4059211576854 1 436.561564227375
"1" 2.70826719807501 0.830896094635411 0.163642681635074 1.90400514186839 1.29239559486379 6.06803689591264 4.91049978941944 4.48943523753343 -2.16775377737747 -1.93522763779672 2.04648209983868 0.909809975808092 1 -213.660128885138
"1" 0.976513237451739 0.709728690548998 2.93644473420958 5.24609643126697 7.2390677777533 12.7462677255079 1.14349674362501 -0.98773835562483 1.86977760354312 1.20147776941556 2.12645470130937 -7.36620781239641 1 424.898528902349
"1" 2.46626422086882 1.42053863136322 4.16010308164159 4.65146016047228 6.62890912593775 14.2376140358417 4.06869204262982 4.23849864982182 -0.304251594022957 0.704912057060989 2.39164295097008 2.49706613332969 1 220.757264581548
"1" 9.55116408367202 9.10476826595395 4.02553114351056 7.2687608459951 8.98188953896548 15.9224654211965 -4.71681793987683 -0.199792860600493 1.69496413725206 1.58603940555959 4.314369257415 -1.91772257332952 1 460.007403634139
"1" 2.90886694649426 -0.386988750644461 0.204048402945636 4.86185838329586 1.28732880809249 12.358809980251 4.87448145090495 4.68574266492903 -3.34336918316665 0.897549150810738 7.63190149075618 4.48033568986866 1 -136.896549238229
"1" 2.69074369620051 2.50865123522626 3.61865062087372 4.96987631683628 8.44981913359717 11.3348274569942 -0.142492884367699 -1.17957960021015 1.48238432804014 1.11480370140485 1.68165001663676 -4.02969889619324 1 419.27341490003
"1" 2.52467336328402 1.2883474498076 3.0454095857863 2.45831938108766 6.50669183051205 7.98233314829521 4.03520749650798 4.17968557822509 0.427212408590728 -0.779955037479789 3.70381491736658 0.381723941620728 1 204.099689271995
"1" 2.75836387925387 0.695136592837309 0.367893736262443 3.50880239715623 1.28218208226255 9.50598029532397 4.74702924005012 4.61996123893312 -1.62691348373065 1.27710390634826 1.51119461484119 0.238014374377737 1 -26.9495447785193
"1" 3.7594530305525 3.58467647114339 3.40950006745722 4.37542425171708 8.02153542250785 10.3883816336416 -1.69195592132776 -1.36712466244054 1.81235717527041 1.31232570353917 3.15605630180449 -8.2621224848393 1 451.957775479914
"1" 8.56891288775046 7.8943434555945 2.76444064504122 6.61010054742077 6.75225063653272 15.5271935087557 -0.126499208047675 -3.63443801476084 1.13687722509895 1.35957850113636 3.37993174360942 -10.2635492787713 1 475.25203016189
"1" 11.366321502903 11.197789297863 2.30625518586705 4.51294805876526 4.46797405271301 11.5362323864592 -4.09057173507564 -1.54933907836562 -1.38963216177265 -0.354201279056433 3.31842678946854 8.03954870760607 1 490.488817053299
"1" 0.42520764837866 -0.0799417999737613 3.973884649708 5.27381296744644 7.35699181514814 13.4221436903288 2.7937806254147 2.64701247153733 0.823131201912287 1.07136109594865 5.46606661848689 12.4308404895783 1 450.688640771537
"1" 3.97950076218327 3.52883115578189 3.49125806635061 4.66401163678449 8.15371072858329 11.0190768210064 -0.937331121140322 -0.951977433630454 1.7070095273209 1.65923232233406 1.72373518303988 -2.09954834242602 1 478.048425119119
"1" 1.49983185682484 1.65209606598279 3.15675243840391 4.41155554028022 7.60108828404847 10.6404026895635 -0.510769965888567 -0.60136293677149 2.06214797104446 1.03036155940834 2.99958930608524 -4.60417819085181 1 395.600675903332
"1" 5.66824169805148 5.83235178191629 3.31385942663448 4.28497528022087 7.84608177764799 10.0264675804956 -2.13323662001329 -1.56564747536474 2.07131157264112 0.837510302621319 3.7752482770441 -4.61486285879806 1 497.317038141716
"1" 2.76169531663563 0.974314122141213 1.92498543130984 3.3895703453902 3.43377774305826 9.41594529201872 4.27119969557529 4.68573482006936 -1.93797693972112 -0.106631408032123 4.00911563060252 0.333807122630652 1 116.514593958444
"1" 2.56018735395495 1.3197403096991 1.82278062156479 5.50188350929095 3.7945879244445 12.6857519808136 4.19777961042595 4.01061174633863 -2.06852831212077 0.636152815816592 4.25695907119432 -4.77391340296456 1 239.328242586402
"1" 2.24156400208598 2.01479692143243 3.04105027373105 3.48523122997593 4.66421442872536 9.55637059427314 4.15380649474486 3.94118155889081 -1.44780134236235 -0.03403479680193 4.53879615963778 -3.75559179065445 1 229.309922512872
"1" 1.64868521056002 2.75485806515378 1.2713630498692 -0.158289066436922 1.57149361273069 1.69661098052132 4.97441274137434 4.96764073761105 -2.41245379448937 -3.06725910237044 6.56850258463803 -1.54770868636777 1 -840.363108536336
"1" 4.14873118631941 4.10388551464474 3.40600097557905 4.63687769410358 7.73544188834591 10.4826409366681 -1.60746073485039 -1.06450855145227 1.81677342319942 1.07126827460763 2.95027261095922 -3.97664302246266 1 454.90296279729
"1" 2.78656989068031 0.428169110553904 0.442721349963726 4.27585588054878 1.35482995143718 11.4087382423319 4.72515481827994 4.56895275442155 -0.628744219076566 1.23252218288537 2.46752587256276 -5.7224343762905 1 -37.7195961940251
"1" 5.6471052895754 5.89729881013662 3.88704034595466 4.35485411010313 8.83396938630487 10.1398728998374 -3.42104584002746 -1.25443909992064 2.01721825963058 0.930299321645213 6.15849636341391 -7.66259881922135 1 447.505410531667
"1" 13.0402908924933 12.7165939321197 3.03552428262578 7.32339164430578 7.20436951481095 17.1429459192854 -0.295333122934413 -3.4499782010812 1.61204392268398 0.838288374757087 2.91804957997611 -4.56901526719167 1 464.328748852265
"1" 3.45395206974435 3.07883659078096 3.46435485426898 6.44323120480024 7.9017259711219 14.692453676876 -2.2541242226055 -1.07261604515369 1.6321971994734 1.07439152360121 7.29602345552075 -8.46220890414893 1 426.477401436918
"1" 6.43062837152945 6.15215507435075 3.04541047603612 5.39908398343055 7.2075216440658 12.9516009730964 -1.61747617061945 -0.983136353469843 1.84556394754155 0.439346959005406 3.05052891220864 -6.72484428251618 1 514.453009344703
"1" 5.30699285181691 5.51200268739948 3.7654876055669 5.48903439902653 8.54313833209699 12.477517589037 -3.20434266996486 -2.35581635802941 1.92124834696787 0.863707156402383 5.59968496867321 -5.97762212983264 1 468.45329174095
"1" 11.7058079824155 11.2788955452713 1.85207604280021 3.65719308031698 4.00542374580091 8.60788458443447 -2.82819749072062 -0.927772965903107 -11.8381704158597 -0.165530081426101 1.03340585207303 -7.09759004784808 1 496.547540221338
"1" 5.99878886439765 5.96770192415115 3.18634484891466 4.94647656119664 7.2963459713119 11.3765311395844 -2.06019787946135 -2.60183114992511 1.87324501468323 1.06806473395015 4.90204498783866 -6.34767945361977 1 450.378915433755
"1" 16.0981367571451 15.0545778638197 1.78667676454344 6.07090252515912 3.67990969844476 14.2380342440562 -0.970318185120753 -7.83024404828794 -16.0825999894945 0.905334682020907 5.44671970479605 -6.92363537326738 0 498.914631843092
"1" 2.73732770052548 0.707093046097582 0.517718830950601 5.07555195734555 1.30893318830324 12.0691754559608 4.63073123491717 4.5161590431539 -2.67529604905156 0.848476175550763 5.94691280863126 5.80102776830991 1 42.2554920722937
"1" 11.9969702915951 10.9491824291625 2.01886623279701 5.55474812405196 4.5562049481403 12.8715330239463 -3.32088125183511 -3.33537423349424 -1.51566129950533 0.82835397022856 6.67162207123356 7.6806174967998 1 472.78669763258
"1" 2.55345788670548 1.56647394825773 3.88889315160418 4.45615432735959 6.32166898965278 12.0335062739436 4.2670710777999 4.35141538397343 0.279864924525052 0.223752159202906 3.68988430284814 0.934514501135869 1 208.657456401493
"1" 4.09107451010581 4.53328410648431 3.26830890356023 4.85836537986557 8.01195243834827 11.9707380198354 0.0830664271427616 -1.08748808743019 2.13750816883847 0.878090689211204 0.62794582687732 -7.12486528643872 1 430.297779765208
"1" 4.4393224421548 4.14499188828232 1.44301344370462 3.11316300707445 3.15324601812133 8.2121455485905 -0.905006036975061 0.20342825443454 -6.13735947071703 -0.584142091167072 2.75080402890056 -2.88844499353164 0 487.151786565503
"1" 4.24700101130332 4.13524476742572 2.86603845309312 4.5907427345903 6.86037140873542 11.0389760501237 -1.4463077308821 -0.989948238779057 1.85943347604793 1.12676236877959 2.86879907393797 -4.84974020165574 1 468.911072506868
"1" 2.56500080513098 1.49594862603988 3.76389638807337 5.68141760582393 6.16072817129501 13.7959193895959 4.17693717933767 4.13423767202129 0.378771019612793 0.606750256579392 3.07395480996703 3.73005190750303 1 235.785920767069
"1" 2.92710651206454 2.6662912385277 3.01643685448578 4.82206516191991 6.79868118528497 10.839523900147 -1.07725742552955 -0.790659470402399 1.81368465832334 1.36272029398261 3.04533011837636 -4.32800139701286 1 432.97031280345
"1" 6.10146973772791 6.1034370821721 3.7718956549088 5.21357406188755 9.00021862430983 12.3777511770341 -2.81749028182773 -1.16988294866026 1.63004036294115 0.964390404524226 3.9574565930899 -3.69771581438578 1 452.119950434741
"1" 2.73168065692014 1.23751711486171 2.05778311557676 4.74555445963012 3.50199243007233 12.0433277256508 4.16422527804436 4.27867083657774 -3.19687017426278 0.699510303600664 3.03023014331554 -1.74021092439156 1 221.671289053383
"1" 2.47350410475947 1.56437489298307 3.75170636046222 4.23277602076747 6.11564321744491 11.6548125623304 4.2595638496299 4.37429291690597 0.247509135443518 -2.07957266186337 3.09764095417578 1.37893572822533 1 219.372657616488
"1" 3.53936056174948 3.63590625996404 2.97512680491288 4.38345604395295 7.27122516756143 10.7288248103775 -1.16742516119248 -1.06213233138147 2.09915081427209 0.753257204896424 2.15746128213607 -3.8392161261728 1 463.7174192721
"1" 6.78464698491529 6.5685739121486 3.28534634562139 6.39088554541303 7.90701678110878 15.5234958451288 -2.77301045953195 -2.38846528111892 1.48443415911668 0.887036099806964 7.75380268379403 -10.2289413539647 1 451.392182521084
"1" 0.64188248571259 0.437135173656802 4.29421678813149 5.9605408180317 9.41900336217891 13.17297373558 2.90455801647779 1.49697081302824 2.37807738848222 1.27555784618955 7.43063589702921 -5.76107481649776 1 391.956138116889
"1" 3.01185374783938 2.82203774256303 3.02062909592106 4.521956098848 7.11291241961566 10.6161213086198 -0.71484744032732 -0.839747893072957 1.85180843446438 1.27430365296869 1.68047976422326 -2.41914125607795 1 434.050975647927
