"1" -1.28164715295709 -0.864380130745115 0.827280478194258 1.53026773272092 2.40497918663252 3.77858036727366 -14.0652865902827 -17.8671728160394 -0.126014865800112 0 242.668365616734
"1" -1.36151963915004 -1.11341257945996 0.207692764465259 1.88178037860689 2.47766948315569 4.81401503538318 -2.38518298279218 -2.62723248180625 6.861728867144 1 206.036167030547
"1" -0.610451348543159 -13.1377842524837 0.934536143264965 1.4629728812022 2.6625049354115 4.58292160291815 -35.1684219658593 11.0749090849495 -16.7555362016113 1 175.825798786239
"1" -1.63697177811739 -1.51459722223534 0.99480704392605 1.39341144121871 3.04849492320088 3.60961876919256 -14.2323203688939 -16.0965485039361 -6.62238827959183 1 184.153799793109
"1" -1.24051551853174 -1.6070096790503 0.574571382373763 1.37093974554836 2.40631084601177 3.41793421181747 -20.5118025273065 -14.6543658696527 -2.63990165412695 0 197.376418698052
"1" -12.5698633883796 -1.51358373059536 0.974452579641859 1.10514905903457 2.1683721864741 3.40782832588316 7.79246263610356 -13.2444635415761 -8.94226080651286 1 153.093637077017
"1" -1.59886149384125 -1.23133541307111 1.33580576944955 1.73610463248557 4.52090566012071 3.76692904843606 -14.4472874130249 -19.8798643747134 -4.40010664373555 0 200.811902187816
"1" -11.9286838772706 -1.24939079778297 1.07542527139345 1.95938836431115 2.79385706108886 4.9060681903466 7.75778190371453 -5.44917776265926 -7.5043093393936 1 202.636280221664
"1" -12.5047183466151 -1.44554350971666 1.97163479607924 2.33106589605102 3.75176182635766 5.79488824673181 7.84838116658099 -5.69351819989754 -5.63823443816955 1 156.010940096543
"1" -1.20827309873828 -0.968279754679899 1.12404022061039 2.04555425239573 3.50574757920349 4.21998258719195 -13.6946208894102 -15.8815220169329 -0.0583983980100309 0 237.78156578453
"1" -1.49731036514609 -1.14042005695093 1.50645101719607 1.42389145382939 3.88954521006601 3.68469932020693 -14.1045436869551 -17.1171319019376 -2.60898990986624 0 213.709009649699
"1" -12.3645283375726 -1.32419968520626 0.577645243462608 1.39674798814989 4.08966798109478 3.60942468332236 7.8230143716812 -5.49565742207878 -5.06537107724959 0 175.704811642717
"1" -1.73849526730066 -1.44613117082531 1.36294528722305 1.21306233347863 3.69798416687385 3.93043936842546 -8.72997179757493 -13.5272544169038 -6.24413178521936 1 181.727083424234
"1" -1.81609480113745 -0.90904177169058 1.15383481212205 2.85110156863622 4.00074944815194 7.18032034301247 -2.03822958139799 -1.73265412025408 7.33162299997759 1 200.495174125944
"1" -12.4825489446914 -1.44135182568599 1.07850352030611 2.00194640822318 3.02055187243762 6.0258815823836 7.86063259159387 -5.63767802106956 -3.34018624969253 0 163.217387399976
"1" -8.65001650439494 -1.1304496539253 1.1993509863305 1.78192159773958 2.9305803323238 4.70943479811046 7.11500590084947 -10.02813080108 -14.9362589270594 1 164.090289582319
"1" -0.972155532350428 -1.54211511603782 1.23046478286659 1.76227401414319 2.6602890805641 5.1408996416343 -4.04783769857202 0.0661341513921982 -8.71917684402873 1 249.235562136651
"1" -1.4891730235321 -1.1355059773775 1.24339272816194 1.35277704362794 4.10896099882839 3.76663021605456 -14.2922422160959 -18.0046873990345 -3.61049834412115 0 213.357861923775
"1" -12.7845997049277 -1.07917512338917 1.16146952254959 1.09211101668595 3.71646729730941 3.32466675797889 7.91361187052045 -5.29564882538608 -5.55028681612718 0 181.988670344466
"1" -1.68446456103868 -1.16998841803354 1.76605067370419 1.37954824868428 4.10872932674734 3.6464294937202 -13.3007504446814 -31.3780852727329 -10.0308201307134 1 201.952722336268
"1" -1.79936340991186 -5.82019098407611 2.91485861346437 1.62525662969787 7.06117420160325 3.75866388304768 -13.359803769853 4.79586924776723 -11.4645317708829 1 126.805956542795
"1" -12.2460702477709 -2.0295241836158 0.939771029879678 0.834239259536457 2.30899942536326 3.87655641199474 7.52570672871957 -5.6758419064283 -8.87637693664051 1 118.80943917438
"1" -1.44910851178734 -1.48177768202449 0.71155094361099 2.07342171787079 3.69817743928918 4.72620916967042 -6.7706336549853 -5.68880819757671 -0.812918544576485 0 189.684520105608
"1" -2.10266343645681 -2.03962120666244 1.0257856709606 2.28016429349276 3.81768313598789 4.55618401576851 -2.62581866097623 -0.0710550676592211 7.84146157821461 1 149.924079784279
"1" -1.72057847338384 -1.37411777419601 0.964782830469168 1.30816788690713 4.68687804728349 3.6548029773251 -11.63663324757 -19.1243370573958 -6.16379891558162 0 185.950018347966
"1" -1.51369168062641 -1.4705217524655 3.11384834669425 1.75608306133407 6.89506998931627 4.92234218067399 -0.744480525811293 -4.43196157511943 -6.81553830094611 0 189.666797641728
"1" -1.11832112734286 -1.1871679920408 0.975774592770219 1.53440023331078 3.59465984766783 4.2894883507905 -16.4171074434755 -15.0367445813033 0.654597939354561 0 229.367579725199
"1" -13.2438774564666 -1.67730209630737 2.93294693538206 1.24831304699561 13.9693493927525 4.33786597603412 7.99211156500786 -5.9671803981359 -2.97271206470367 0 119.375034838737
"1" -0.413286193207756 -0.753345095911557 -0.561933938345485 2.2055035821845 1.37540834313723 6.39141905192874 -5.03882575506187 -8.45359078241921 6.89239396993146 1 207.087781509495
"1" -12.9361774408655 -1.84554077982695 2.24797548334186 1.41433043073708 4.28012206833064 4.02199553925679 7.92021929240276 -5.92404478264406 -4.43801499541143 0 124.759744438891
"1" -12.5989932073281 -0.872896446334887 1.68594332702212 2.24264703632209 2.82370027138732 4.92956196085416 7.92025388577175 -11.6673811567496 -7.99379998137951 1 207.079631447265
"1" -1.65104553424731 -1.24069805346 0.496049261719193 1.76593016749004 2.17765799236601 3.83802638422679 -10.6027674800229 -22.5770943337503 -8.60813113952419 1 193.641772062526
"1" -10.5530882148271 -1.18205477582583 1.10571976939066 1.2082735828393 3.54818589496958 3.44065887740856 8.93373285304104 -24.5596027479957 -15.1196197809519 1 182.81900355575
"1" -1.84049778629352 -12.8524234892415 1.38178756196592 2.04466250784085 3.81125982641855 6.18020955994044 -16.0963259663582 7.89685545136167 -7.736589128036 1 128.72278569424
"1" -1.84220941053143 -1.46109634251171 2.01719912338362 1.21033420327622 4.6565507932986 3.34822889857873 -5.53598317326505 -13.9620803613381 -8.41508796682059 1 175.001415898495
"1" -11.7814946414444 -1.28969023232057 2.62088516078165 0.981562301860699 6.79543704672637 3.39611664725362 7.76705506834252 -13.4689084196331 -9.03832691524135 1 171.192887685514
"1" -1.29068636818884 -1.61238972156804 1.28680535391191 1.44440861737541 3.06191553533681 4.76148848908587 -22.9870123739771 -14.0675261790943 -2.32955296134367 0 197.989169298672
"1" -12.8370606399788 -1.52000770071619 1.59474864653019 2.40601380483383 3.10611726589282 5.87711157995724 7.91024398132805 -5.76261395492554 -4.99795174631954 0 142.140292080448
"1" -1.07086021667649 -1.47834560833273 1.3057773310852 1.3386033313574 3.5453434780441 3.4408342505893 -19.885566803808 -13.837232626951 -0.338287312844979 0 220.775836454098
"1" -1.59513820445062 -1.7334089239459 1.04940328840567 0.749050992842066 3.54263625233664 3.71229595544341 -20.5261732637444 -13.7382711445679 -6.12321407465855 1 171.855701093275
"1" -1.47123225350528 -1.0096196319926 2.09663781784412 1.69467513028022 4.49672857152374 4.0949012904279 -4.04650963740542 -1.80915571747196 -2.25059127020955 0 224.173758797584
"1" -1.67855215277896 -1.77959711923884 0.584679520798977 1.49398920503705 2.23816310186147 4.23711585502808 -6.59306645542662 -5.74015126646895 -3.56274199521582 0 161.854095191136
"1" -11.8656213129138 -1.37007001292394 1.88498254899535 1.56888050064146 3.59830992764181 3.91431740607677 7.3678437092658 -13.2292706035544 -9.70397678485709 1 174.066081879669
"1" -1.32582862023142 -1.14965920037971 1.04981184594682 1.75825671148381 2.78980051285792 4.71689312588825 -0.934355630582616 -4.73961013216978 -6.21571497644512 0 229.648124319627
"1" -1.6975656000716 -1.29845842118089 1.11527588421376 1.96077038360541 3.09004635752614 4.93573325682969 -11.1865844471738 -20.2089836929597 -6.60943806740623 1 189.539868712463
"1" -1.56792339012382 -1.50257571577496 1.24069107466016 1.81764891726041 3.33357136160485 4.46847531932113 -12.2320272451805 -12.581277021798 -3.46885178803537 0 186.328263833885
"1" -1.7859155810975 -1.69964620236072 1.53217030697456 1.43720228036825 3.80886577103105 4.87725440887856 -10.566803908944 -11.5628961588318 -5.95186998387564 0 162.791512017818
"1" -1.77695531368178 -1.31051267631643 0.709617687749165 1.10734325654729 2.90602103397404 3.84687499796633 -2.16183307051646 -2.79233906258424 6.78694546352053 1 188.440814442647
"1" -1.81576876474387 -1.79110217600401 0.695400899061072 1.14154701423118 2.44776105183912 3.62785114518304 -7.7295210646355 -9.49184595310735 -6.57092660613277 1 157.040951514514
"1" -1.35396674787317 -1.11003372918784 0.648282332775736 1.68452947705507 3.46688978443252 4.34060494343049 -6.99286765143558 -7.85202397794564 -0.489252044033041 0 217.627455880589
"1" -12.4911263761585 -1.19716802868215 1.21709336257048 1.26994778205233 4.71987356845965 3.81339085451979 7.84719335281361 -5.36662734792107 -5.01330023575173 0 178.907277202353
"1" -1.65393480581799 -1.04637395985428 1.6651807488487 2.4086781753677 3.9797012292071 4.96681992710611 -8.31443762867343 -24.7349733810606 -8.52388915959584 1 205.140289892243
"1" -1.22826741606017 -1.07115777753825 1.11214496119145 1.7815083750709 3.1974697449165 4.67140090968671 -1.72222274808347 -1.12767264041642 7.46526108371846 0 233.13007715778
"1" -1.3606935754057 -1.17853275106807 1.73503348455025 1.66451269260147 3.61838449424433 4.15927532872934 -13.0073326681301 -14.4509379343043 -1.27749202545212 0 217.433354443813
"1" -1.53028746675861 -1.66827356342018 0.804998850799824 1.58391570504936 2.80568569474097 4.66553468506174 -4.10465719551978 -0.493248595678396 -7.31075203365623 0 192.720980900313
"1" -1.46483506887403 -1.4790327956571 1.00531752224507 1.26730435081457 3.1654000986222 4.12775927091315 -17.8043598945985 -14.3882152527675 -4.37440644312153 0 194.035309491796
"1" -1.25541868786916 -1.02648430579531 0.847961568692676 1.49493693079004 2.49749228556982 4.16039733113115 -14.6211320539209 -16.5028715599152 -0.0715152831018776 0 231.964706000556
"1" -8.63327677074628 -1.65393799540923 0.403519356798394 0.209120207142511 4.27798937863276 4.49514450547372 6.32705256312059 -8.60721080486053 -14.547823000052 1 124.153175870281
"1" -1.93713479616056 -9.5924847188455 1.20597701901985 2.05462905410385 3.79429448700775 3.27873782078211 -14.559056287919 6.82490548980763 -10.5787656144988 1 124.324860472777
"1" -1.67700879905123 -1.44909672328526 1.48765812454657 1.90917782690028 3.33096802751928 5.12732334200965 -2.27807800484516 -2.48047584256618 7.38574871598918 0 183.857687078344
"1" -12.6413011861096 -1.46363910741364 1.69238799946166 1.80147644884482 3.64035200718969 4.04850105797865 7.87208104071477 -5.72618804069897 -5.25434112473043 0 157.374610037906
"1" -10.9423745900793 -1.63908553227405 1.00378619925987 2.27687674453494 4.28153115570583 5.11410900184335 8.09224940774159 -24.8271459770258 -11.5952949421046 1 190.340120886857
"1" -1.39392511957768 -1.5286773097748 1.13316819446373 0.593327611033749 3.10105653247023 2.5803887559659 -1.07198397599391 -4.48178728021931 -6.83160329230795 1 202.799684075697
"1" -8.34843358763881 -2.09227808032701 1.40005992356852 2.6422700989583 3.8936679949774 6.03804062170205 5.33005598651666 -7.30781504096655 -10.07922499475 1 118.256550377709
"1" -1.79647766733789 -1.63866074504146 1.26221537657856 1.39085996158865 3.45208195854579 3.73643885610728 -2.13952970814177 -2.29678973435466 6.54916354430239 1 171.704225613395
"1" -1.74844023438822 -1.23923662633597 0.841090253005809 1.23318796537312 2.47990672350572 3.3251511714434 -4.52723598062924 -18.8305916732256 -8.34375090829856 1 196.056074364978
"1" -1.2130387783357 -0.960830559846396 1.26184006519898 1.65046854811271 4.31322660804288 4.08956829882841 -15.6000338836876 -15.8437574841113 0.996948385721194 0 237.170044214588
"1" -1.86455014579095 -0.934055696976657 1.34476424703798 1.00718884747873 3.19149676473773 2.97856435584443 -1.90335023705694 -2.91118481410935 6.96442823977133 1 216.020200496003
"1" -1.07827501452784 -9.96040687954781 0.924724981255951 1.38261948319209 2.40728251448042 3.84128005574153 -24.207891852166 6.87565838775735 -12.1600799727687 1 171.113226311842
"1" -1.48969991759463 -12.2793597860404 0.425275774920072 1.45963877480652 2.08962597652713 5.72294107908867 -5.61348659971819 7.8145960075444 -3.82251459551745 0 162.418295258354
"1" -1.53840879389164 -1.09899011007457 0.684808485174587 1.63739616799693 2.79051683690634 4.01243068219541 -1.50667709564831 -1.87872929356362 7.16176874566038 1 214.239868877301
"1" -1.83019060636475 -1.504414329753 1.29703230150408 1.1520813349713 4.44343504789636 3.581435979805 -2.41638694785958 -0.936216083116601 7.47164980870097 0 180.998240744289
"1" -1.30458956463246 -0.652679033385954 0.804191692832967 1.35930035844913 2.89657544613596 3.71398674825098 -13.6920903191997 -23.1364150193475 -1.45095824651546 0 256.245233996066
"1" -13.0958576362305 -1.7121701593663 1.55159306668684 1.94222260199642 3.56520800816588 4.99181433022901 7.80296004098272 -1.23969360567164 -6.50399353322173 0 139.598930459107
"1" -13.0467723740641 -1.67824470400084 1.40304123930902 1.31516843947169 4.24217992007016 4.56191409745277 7.94663930819865 -5.88771529092509 -6.49381267700669 0 130.643693843013
"1" -1.89963616277864 -1.78125327783824 1.50402592878203 0.934615804360903 3.6764606707596 2.88355265731655 -6.36988608087617 -11.9961537774685 -9.08316377821487 1 156.051819021887
"1" -4.75196999661365 -1.44261985612114 1.78851605923679 1.60266138637917 3.50560110650827 4.14533296001011 2.1923348253845 -16.8339094332706 -10.0468748204356 1 162.277635757947
"1" -12.7710273363979 -1.45168334236099 0.817877154131765 1.684459319994 4.70513521562521 5.09111126555451 7.89701568180376 -5.71593837795293 -6.26873151542024 1 149.235903685732
"1" -4.21522588511826 -1.01630191924044 1.05260358357599 1.56557783778136 3.14492453998105 3.82612232222253 2.56942584801888 -11.4253238947955 10.3904939803976 1 188.546081929045
"1" -1.59901189337754 -1.6707968070077 2.17515216841585 1.98403779837188 4.90544262394379 4.97798694522983 -7.77723641215702 -6.11984022234011 -2.22257309005921 0 169.372836266622
"1" -13.6666549776716 -2.13660983821996 1.81116640024758 1.03284005531002 3.11460876900648 2.88199413429551 8.78763383963254 -4.29349851624838 -9.28090930177025 1 116.86677732451
"1" -1.1839597099895 -12.3872569523979 0.799326162037707 1.14092681041285 2.25296309810571 3.77158015878898 -10.7472340888567 7.87763452384862 -7.93312142734205 1 200.053468160312
"1" -13.3592550241369 -1.2729094688479 0.940942758277553 1.63242147588888 5.27097729425667 4.0185463041203 8.02135155850961 -5.74601293511792 -5.15877274401984 0 151.730663673354
"1" -1.52963349508629 -1.08574391078443 0.395381764301683 1.43500670061688 2.84900224682323 3.57908342523357 -11.1203245799848 -19.6299833010805 -5.28933400672848 0 209.798724248279
"1" -1.83325573717937 -1.32554227826307 1.84782525766453 2.05946862904475 5.97446559181922 5.07423957536554 -2.05736286024565 -2.65372272230365 7.01529854066484 1 177.575676697605
"1" -1.1184407466644 -1.19621629625702 0.98653246205809 0.917074818939869 3.1246180479155 3.36557117530188 -1.72028612851251 -1.38707821146184 -1.43251511822127 0 244.492080542101
"1" -1.63870272078971 -1.28145321912974 1.94539010005124 2.82895019374534 3.51521637935037 6.80315189752242 -12.6797263397599 -17.6585532272902 -5.16669652608163 0 186.715047556861
"1" -12.8217671447296 -1.61129294962012 0.683216999818384 0.723015284293322 4.38825797630339 2.71679384699885 7.90283974569892 -5.75384554566153 -5.61548540385366 0 140.734063231658
"1" -1.38619660091497 -0.875374587108024 0.53276670892578 1.80440396617411 2.19656462774767 4.90275656057367 -2.50021891114292 -2.94322628658714 6.81169868711732 1 226.825311409772
"1" -13.1977229540466 -1.65912800681689 1.28820973269015 1.02692483335854 3.69966628275406 2.97302461237678 7.9960283513503 -10.3144383972205 -9.05074800334831 1 135.435989674759
"1" -1.595440468806 -12.4290988561317 1.43512698525747 1.64104768457971 5.40580118202478 4.07871052713531 -5.72972266290654 7.84295990449757 -3.39076296991977 0 157.532481101493
"1" -1.53477424824895 -1.57432000698965 0.865645735383121 1.69619881362872 2.44815653318371 4.71391665638782 -17.7130430833315 -14.4848800247244 -3.88674246010732 0 182.800271664587
"1" -12.6316319719725 -1.59942430929767 2.06727598330579 3.46997278910235 6.19319490298932 6.42726698926839 7.85796483574072 -5.75104084635144 -4.73192466869094 0 135.16861307239
"1" -7.00641497990452 -1.31761017808272 0.538074644498173 1.57378898811926 3.49814951809884 4.18133342801127 4.82904632477993 -15.6149954688717 -10.9274039723293 1 147.407058018977
"1" -10.1837935428328 -1.56634820874685 1.11117185123123 2.36821066821143 3.42979293390096 5.66991642712746 7.15765602764987 -15.3528127216655 -9.42321240323821 1 154.18801411842
"1" -1.5294004959624 -1.27488995020555 1.30811370481252 1.30773369618878 3.01641034253343 3.43206410936681 -10.5730370180642 -12.173080398963 -2.25115159292847 0 206.349665940969
"1" -1.74138110086687 -1.96445830753323 0.345807807746101 1.74172242646188 2.70072590934171 4.06825772608335 -3.68867644838137 -0.0192742674031703 -3.05944236873134 0 170.639119463217
"1" -1.13546885901321 -1.49098041561444 1.5758082537822 2.0743265700372 4.32422964909064 4.92202417590377 -19.3942657093526 -14.8933660021359 -1.92579457617006 0 208.178736844534
"1" -6.91700672471299 -1.67526837781013 1.20827596019599 1.48531888472391 4.34300787820888 4.15922996545858 5.88415542560614 -21.8324419631221 -10.7489192408699 1 173.633714752653
"1" -13.2654638812595 -1.75265518412524 1.33821107943541 1.14402435457384 4.08304860023949 3.38241666114737 7.97959513554272 -5.93047627705842 -4.57599067957061 0 123.379293452806
