"1" 2.70013921342805 1.74614816569609 3.46899242302362 3.4241901629319 5.69574844179671 8.90964200895869 5.03900090272289 5.07254693495457 5.57431514714499 1 -933.122487915098
"1" 4.98293788398698 4.67152783697457 2.70016016470587 3.67908998093881 5.3650146857692 9.54157380249075 6.16408170165948 6.18808840320918 9.59785629849022 1 4295.37675161911
"1" 3.49667211058633 1.38230010067655 2.57392098592533 3.99183022684964 4.92062505013893 10.1085910066297 4.76377804579059 5.67433424011931 7.09891176072882 1 2868.85008532231
"1" 2.80117489770629 -0.447717444225545 0.0996780075977477 4.54389066837323 1.49306259525389 11.1646295853426 5.70436065894278 7.58807266569412 8.67057104328188 1 -20116.2372624055
"1" 6.14809690080497 5.88869113722945 2.6311971091027 4.30688279623857 5.25315719119695 10.7701442663369 7.14613289070348 7.15662130872796 10.6204588099906 1 4608.97073317481
"1" 17.95020933503 17.6016832817805 2.36478138639977 4.09428559824522 4.76430177815358 10.2194757841329 -0.758796372764451 -0.754361959079627 6.74012787563956 0 5719.9951270555
"1" 4.35762120082025 4.11171499570028 2.40118005004291 4.10677189096292 4.90160352023597 10.3168139444528 5.95299134199073 5.80226763285912 7.91578578307685 1 4244.40802993711
"1" 2.64152539288876 1.86242615302933 3.28423433681861 3.23947301623884 5.18565689573744 8.74386812714933 5.1927315914132 5.21824303446222 3.65729438556325 1 -2130.33697087959
"1" 2.65273529968383 1.65906866921102 2.64549941588773 3.54741171785943 4.9156816450436 8.97831362027456 4.98840591421228 4.92645484476726 10.6000041782101 1 249.027257194903
"1" 2.74408834357006 2.64366719112927 2.54351709777381 3.81096663331848 5.14305741729745 9.55523756991064 4.35410638659168 4.47904649831719 6.09699670610123 1 3758.5798343913
"1" 13.8194669383205 13.5443703710142 2.67224955591271 4.18179039769679 5.28329747950045 10.3283134197582 -0.147903234644455 -0.140477863587384 6.87798625845437 1 5540.1858340711
"1" 2.57597614468636 1.02344752943892 2.1490995959431 3.18519312183441 5.93685090179338 8.53137664125547 5.2855883701729 3.84663794283755 1.98086624687622 1 -372.960845065114
"1" 13.5029734175202 13.2369379261038 2.35267098774935 3.98934409632429 4.76845444502318 9.99571071546756 0.860265552920577 0.7143364563039 7.56553033333012 1 5611.18879423327
"1" 3.8703664168456 3.51925305011291 2.52532898624815 4.03588673822756 5.06315563443303 9.94046102918154 5.09397547408555 5.1539492507251 8.23065814929274 1 4271.98751364405
"1" 6.14456747464803 5.96111872638028 2.56803685120527 3.98481918633014 5.10804494227297 10.1201406891652 7.27439735928988 7.25552266901152 12.683870874293 1 4815.0443699863
"1" 8.37764440324375 7.92900485319618 2.49150280645491 4.17341770894358 4.96277017759968 10.4397845017656 9.56412657167091 9.56342358177942 11.7568943165926 1 4397.79921349054
"1" 2.72614014818779 1.56403509010594 2.7172712575497 2.73206038842481 4.63834105505122 7.33990512143253 5.13486024288935 5.18836693283502 4.15573760925472 1 -202.177035132961
"1" 1.93176096941904 1.8194783943494 2.79816890167079 4.23363269156013 5.12811294602743 10.9478241828971 4.76728396998307 4.39842967831027 4.69906776234569 1 839.123545236915
"1" 1.76676163334429 1.8820370535318 0.238532152461131 0.604356472525972 1.43798615996491 2.03635410146643 5.28234316486757 5.33260154501332 10.3426735167235 1 -5814.72979084095
"1" 5.07239357806129 4.68098605123271 2.50224986588908 4.35678537159747 5.01538302753667 10.7583018349777 6.21531151729302 6.03170626193884 8.03154212311836 1 5111.84420413348
"1" 3.26845724214692 3.0535950340445 2.55757020413111 3.71424564443253 5.05896403572475 9.21234234679 4.7584659317333 4.75423706396994 6.53738785942181 1 3929.92367187025
"1" 2.76950051135296 1.54739435782078 3.04135130498875 3.79482815060071 5.0589839947511 10.1001387249252 5.14399044883693 5.17353417665606 4.7583566993324 1 -1833.71187248102
"1" 3.83447549675554 3.62615946694208 2.32932825475113 3.89720543648281 4.74037454405308 9.74258824636818 5.21463871888208 5.22560715529471 9.40059406533131 1 4085.70617853091
"1" 2.63355950996718 1.72751736091001 3.28971109624813 3.36687805397084 5.48787747510234 9.47950602150642 5.11316837959032 5.16446910551369 4.30257445016395 1 -1719.1711677381
"1" 2.54910401408196 1.50094536012681 2.23438819492931 2.99834876109977 5.90368940269656 7.74486910349437 5.43112080468188 4.00214975564768 5.75677569013185 1 -305.882865986234
"1" 2.69637550144884 0.0976431946080278 1.98582436138633 3.77663394836353 4.87071046397499 8.70644745509169 5.27220944203133 3.73118978690172 4.2444369066908 1 80.1882097103808
"1" 1.79656733575033 1.79688279048049 0.542430115287925 2.05895832231813 1.52948349045556 6.1847729082592 5.24950043575706 4.7826980592298 4.1984014025227 1 -2363.27198774651
"1" 16.6720509075068 16.3246127816007 2.58803975311492 3.76821820809485 5.23848070576184 9.60243881711384 -0.67267253888062 -0.618812869436713 5.78532586852796 0 5669.43066061684
"1" 2.15532662750455 2.10022840977549 2.92904518262387 3.74606816531661 5.13401121239474 9.99275847273219 4.83554373582338 4.70552477666051 3.59293008103379 1 206.816635389841
"1" 17.8891850137509 17.5476996038561 2.58747934393747 3.95073534536038 5.24666190309427 9.97151190548531 -1.22152605829006 -0.836044603570826 5.96685712070808 1 5633.3145738522
"1" 2.83310100736507 1.42510646001395 2.35176509401108 4.23050400151561 5.31807638779831 10.1486292665466 5.45558262834284 3.30132156007904 6.06203870415475 1 4005.4392816279
"1" 2.83269207585108 1.46970175734828 2.86622369461027 3.52737929307742 5.07018457034247 9.91422575913751 5.15153207360884 5.16648972897494 6.33897269006283 1 -1180.48743695509
"1" 2.758140956557 0.735126406748932 2.7087414493713 3.40723474431539 4.69714594479559 9.18922897413669 5.01861634564223 5.2924212361818 6.97393175210945 1 -512.789725750074
"1" 12.8174067111134 12.4965726200966 2.41218729531746 4.16757214043035 4.90089513845538 10.2727435595633 2.02635936339409 2.1170508127751 7.39726951700454 1 5593.85600553146
"1" 16.4959318216408 16.0908363412703 2.668762332738 4.00059670602125 5.21337064265647 10.0053101987965 -0.293929709884878 0.0803582552154789 6.35279975840446 0 5564.60566474183
"1" 17.3829319029482 17.0435203497303 2.53659196810691 4.07105941268178 5.01825772406258 10.1717761609206 -1.6806652393648 -0.974739068392095 3.82080210326703 0 5705.42636710606
"1" 4.55220895485622 4.20834788372257 2.49073531484821 4.15073133944976 5.24392471224208 10.3793187463043 5.64523569511814 5.68057547116648 9.00251983610712 1 4403.62171631979
"1" 2.32739707335586 1.83804826399576 1.8829987286166 2.6778434520092 4.51042900967901 6.58673273450194 5.09034046885984 4.75130066273479 9.97296629798319 1 157.651313904207
"1" 2.44815676635921 1.78611431757515 2.60981392696652 3.6573266316223 4.73153717112532 9.67865939847061 4.97087826700281 4.84944789215157 4.15396374302716 1 -8.23446710114513
"1" 2.38490120034669 0.594347746110941 2.30531668968227 4.62878997495067 5.32607503440419 10.177889355539 5.0188913760422 3.90803799410383 4.76475322812143 1 135.918937689974
"1" 17.1716135002763 16.8544152887853 2.50438417502724 3.90582383538215 5.06622338908351 9.90653542120485 0.051825269871211 0.433758119359349 5.42200758902733 0 5633.42601117387
"1" 2.34467219869661 1.67779611628002 2.86320959701776 3.73794731889596 4.92150028407439 10.0684157080818 4.80149399397501 4.0459922282257 5.29367037050606 1 3046.40376296207
"1" 2.56780296051549 1.46847185526053 2.30296158983953 3.08464148400912 6.00441816246586 7.85729712529024 5.46329813124232 3.95728666671068 1.87275941403099 1 -421.387566683072
"1" 2.5073819093138 1.76320412974127 2.59782351028067 3.53302003493064 4.63733158134938 9.31230990249876 5.01880704858431 4.92320020271529 5.46829710226239 1 132.206481534478
"1" 3.21410755915396 3.05661087848443 2.53417393125099 3.87505303065569 5.04746445122815 9.70577200934036 4.55652360199207 4.64247751489351 6.87131316442758 1 4161.95351722412
"1" 2.35862548273098 1.91130932747326 2.81022262203945 3.73916968471023 5.29130333189029 9.67830136147822 4.86810953388293 4.70481614836448 4.22386164937951 1 282.823902327611
"1" 11.6531715950409 11.2509701113218 2.52383673800876 3.76519472953462 5.02472280292255 9.38591312257545 1.61149577611812 1.60680596521094 7.27118156199673 1 5616.13163237835
"1" 2.85315893624618 1.01982852297706 2.55803149270604 3.75675861453732 4.46473189430966 9.951616408709 5.16258656111258 5.23268695734709 4.38654704175924 1 -668.00302676687
"1" 2.75449039075493 -1.17360949457944 -0.102226856346484 2.30490743028302 1.2024013924189 6.98944046774298 5.91981021430375 5.43801768786687 2.41362663356315 1 -19151.8371188755
"1" 2.26381680749493 2.0369280005553 0.791295236501001 2.13558505801885 1.26336564064737 3.42794386178405 5.28174116776043 5.23707196297759 12.4883262513773 1 -1307.0857166858
"1" 2.69542565673844 1.50453547200988 3.03907483367357 3.55827025689238 5.16841938372315 9.98668720170743 5.11185453933467 5.18582791094049 3.45629566515245 1 -1635.04364198291
"1" 17.1228149465642 16.7881107544381 2.63499200922349 3.92581580359378 5.24481789865812 9.72390821799212 -2.06396349278209 -1.22126559572952 4.00198887066863 0 5636.81997568965
"1" 2.78959330735798 1.4649626368344 3.16251647017502 4.23099119924329 5.11489098006954 10.4592169014315 5.08716301241506 5.1235357288901 5.95091209370296 1 -1922.30575555358
"1" 2.18875292673904 2.07807281916836 2.0552734280891 2.7264983247811 5.23652920500228 6.77923066041492 5.47713258066271 4.45577903426413 3.25018052892682 1 -286.334627266522
"1" 2.62734191283551 1.78874894517208 3.17968589407746 3.18248732809044 5.00542444047409 8.62582373103123 5.19029499820819 5.2320154976965 5.46114434547748 1 -1684.51236245744
"1" 2.80294004364879 1.24828120265342 2.85138953576352 3.96438256657985 4.84044636765216 10.4018328921335 5.11454421748292 5.17295851142873 5.47760944065353 1 -1409.44904929004
"1" 2.68667160159988 1.71949779434281 3.21979971533977 3.07463898935829 5.71661009954876 9.17737588310105 5.08649780116195 5.12823588273843 7.04572642815111 1 -1054.72928496603
"1" 7.10153357370257 6.73349562274054 2.52081883858278 3.89601205887404 5.11523706290687 9.50785669579178 7.82239951016177 7.82254934222546 11.2585601996083 1 4994.60203327107
"1" 2.63131969528011 2.34235881309117 2.4677981065406 4.04556375093984 5.11883597671386 10.063712855869 4.59748490434912 4.16112420464138 5.94934122328402 1 3511.62351997499
"1" 3.83718665698696 3.59556024371566 2.60805477379073 3.91991393579171 5.20033562919255 9.75025526970311 5.08297328720089 5.13566643495515 9.09837855284046 1 4233.44517934651
"1" 2.56110358757918 1.74722876782532 2.29166946591826 2.92028508416539 5.927596981333 7.38980217123955 5.48088205744813 4.14869954608193 2.49891231418089 1 -489.090152870383
"1" 2.80071328234139 1.42294811696647 3.05125910552059 3.78069665075411 5.34875567596827 10.2658204062235 5.06788732822838 5.11418552005977 6.8139951981633 1 -1165.88047262542
"1" 2.76012323547995 1.26286360784863 0.729376082390992 2.09076998719505 2.00413646440437 4.7200932331308 5.28359247767984 5.16570309605607 11.8332212644803 1 -2935.45678087641
"1" 4.70511300699366 3.85393022280181 2.70843112902651 3.56457058315001 5.4667261990335 9.30441357210452 5.69572779164541 5.77637267046857 9.05228036685315 1 4347.31712433527
"1" 2.74632906596649 1.43642058947724 2.89988604410735 3.25968580086563 4.96184179800062 9.08518572625043 5.12033807320423 5.19287793345772 4.12078525511905 1 -1063.43948542546
"1" 2.8669279638718 1.02570013886738 -0.0253973789699823 0.131751936792826 1.1053787208302 2.42381670474228 5.99484674145237 6.00520442397096 2.18307339912343 1 -33641.7090498563
"1" 22.4289495031194 22.1260046635001 2.47483726591641 3.86346302020077 5.06485537955127 9.64754096354904 -4.20838939672963 -3.20198106387303 6.1313657920368 1 5705.62120669987
"1" 2.74942487838989 1.48037416071046 2.67646000392185 2.73973575547128 5.31280053085332 8.31120261064773 5.0366408643253 5.08738982691388 3.43763800020671 1 -48.5413579157612
"1" 2.78469756612634 1.4924335357966 3.11563037168733 4.10675818634968 4.9834279774667 10.1482463600241 5.11380500800949 5.14799980796938 5.7600312441457 1 -1968.92476486359
"1" 4.90564917213919 4.61800404698544 2.4096544699045 3.91418336017186 4.88764868424823 9.92960192767239 6.04999568937961 6.07753479511623 8.62664485172956 1 4449.79322274298
"1" 13.6895663686477 13.3905047226369 2.68025548726459 4.27312656107175 5.35145562664907 10.7162030444636 -2.59225084716231 -1.69808692010583 2.45299412734214 0 5604.93868829224
"1" 2.76943366940165 2.48735366160101 2.50306371596778 3.9812410928538 5.20542386751152 10.1370793606667 4.2843321088957 4.29480450549637 6.38740830580511 1 3896.4216480033
"1" 3.24781909694339 2.98376975038564 2.39657691449402 4.07310309665652 4.8542748294128 10.0216976393196 4.93117313604404 4.93460892142307 7.84796323560516 1 3660.76070971849
"1" 2.62834395542187 1.655365585625 3.11920014657862 3.15357317589226 5.52837466749307 9.7697952856242 5.11755199212371 5.18905834186772 7.31620479272565 1 -1555.48725945957
"1" 2.43904573522943 1.16179650100412 2.1093767826978 3.41740565459151 5.36824164768583 8.26183885814528 5.1408038450588 4.15966004070372 3.72486977105597 1 35.5344301520381
"1" 5.05809383932625 4.73726276884559 2.47341690205646 3.77751510359025 5.01521552707737 9.53123011247379 6.5036609793694 6.49153530157372 9.93740577292071 1 3762.63909895177
"1" 2.25326380814733 1.82515608087655 2.62834238217342 3.82050594951742 4.90967968982819 10.0383895961094 4.87500560544582 4.6569959227519 3.75790705462507 1 368.648863802875
"1" 5.71482902447301 4.86009181337012 2.81432420220592 4.17169332020463 4.86742591423588 10.1365522314179 6.78352227314483 6.8001955594743 9.51646577466482 1 4276.06527065258
"1" 2.6082227459566 1.77327554922424 3.0095890577843 2.86301585681429 5.00968146849908 8.7216460047446 5.22804536133783 5.27244349528808 4.42791573732602 1 -1412.01511083115
"1" 2.71465377359469 1.73666067071518 3.17848161044698 3.87736664978425 5.31737680685789 9.17913566205596 4.98256749913898 4.95474402514764 4.65192963290792 1 -268.43433918868
"1" 3.83727408610831 3.5883448485203 2.20816068140688 3.9264532738346 4.68333019377705 9.75655006642261 5.35695577759079 5.31888960345796 8.0654371889873 1 3768.35737284472
"1" 28.9996257774075 28.7579608377 2.55858142205135 4.13494483158248 5.06730044131575 10.3224379727616 -3.41131915034492 -2.80435657201795 7.46867582090436 1 5760.56614581071
"1" 14.8210645035446 14.5354930151139 2.35889953912119 3.77199131615297 4.79742180397106 9.57289491319039 1.69267995584 1.58194506585865 7.45040667532057 1 5661.18547895212
"1" 13.4441385800798 13.1411350785382 2.55371486298281 4.18466898967094 5.07142590504367 10.5316789246426 -1.41825190317106 -1.02771503202616 4.29684533864579 0 5654.21627959666
"1" 16.850458651609 16.4783201649279 2.61053699192031 4.06946455570498 5.14137801366995 10.3525695948012 0.452627537168329 0.451212813861959 7.27479167134666 1 5611.60294262784
"1" 2.74385628290477 1.15257440623056 2.83085611824407 3.88281177362597 4.73776750926748 10.1855036370002 5.0877919942483 5.20893479737596 5.1850154232597 1 -1331.35979567892
"1" 2.58244243859579 0.654211467570314 2.46308403325557 4.0729346253301 6.2069771280846 9.9532887360492 5.09004810070153 3.75482306256085 1.57746462722971 1 -521.783083616523
"1" 2.52209541177402 1.84242775311528 3.38180173225545 2.9599379821289 5.50436534962374 8.54787960927873 5.13468682601524 5.19920202612145 5.20278806875961 1 -1311.48282947863
"1" 17.7849467732052 17.5436763171472 2.35029026934231 3.81934093625816 4.81546444630065 9.60811337767216 -1.51789956562466 -0.904494321314075 4.54808896978101 0 5766.18307999654
