"1" -2.06326098207461 -1.38768458731027 0.896057620337323 0.839602884979438 2.48754897282438 4.53215944200402 -1.65190106687346 -1.2464377328338 -0.958755996702002 -0.73561962122997 0.850989479769995 0.448023898062388 0.512168597246101 0.387375678016377 1
"1" -1.89479122743871 -1.36157959279933 1.32146702498372 0.950212922828741 2.98517978244051 4.12860412854242 -1.65190136150442 -1.24643757859216 -0.958757746400002 -0.735619294177228 0.850989857373408 0.448024059493146 0.512168755560215 0.387375036229216 1
"1" -1.89068856070281 -1.44733553332406 1.02804346176227 0.817012568324392 2.60425360988958 4.51557991840347 -1.65190135550307 -1.24643773003459 -0.958757069480253 -0.735618957270609 0.850989728782878 0.448023926435127 0.512168190191748 0.387375873155397 1
"1" -1.80198769720067 -1.38276046520867 1.46792616204758 0.952570413702239 2.89378795914734 4.43256206474671 -1.651901351072 -1.24643737823295 -0.958758276642071 -0.735619055348098 0.850989747822285 0.448024175427326 0.512168895926189 0.387374894633453 1
"1" -2.01625366949324 -1.34773246480709 1.24533267339704 0.925944546252708 2.81852112490031 4.56174242318902 -1.6519008562294 -1.24643784424841 -0.958756727994556 -0.735620249164565 0.850989410368086 0.448023925826762 0.512168589926212 0.387375728333579 1
"1" -1.83632809084549 -1.52526112864454 1.07121028001452 0.955435236749751 2.4795528015307 4.27505112938179 -1.65190146902268 -1.2464370645582 -0.958757339383741 -0.735618392620377 0.850989616929008 0.448023885313154 0.512168032421695 0.387376179280758 1
"1" -1.89275956470344 -1.31449125218608 0.951372753402899 0.991165084214353 2.36885526715889 4.62624385755693 -1.65190126151202 -1.24643756064567 -0.958756625375483 -0.735620514192021 0.850989555561623 0.448024042533941 0.512167928158937 0.387376229318679 1
"1" -1.92272042778797 -1.4803280200251 1.27161873350738 0.984890192725347 2.88763554692532 4.65112415477527 -1.65190129448699 -1.2464376104588 -0.958757490559976 -0.735619425825095 0.850989420749546 0.448023847458965 0.512168288803386 0.387376107633703 1
"1" -1.820607883339 -1.3545304996625 1.21722090174354 0.994496612326354 2.64263714985764 4.14766568431882 -1.65190135443996 -1.24643749155825 -0.958757585893524 -0.735619564205921 0.850989468342143 0.44802384215234 0.512168152796569 0.38737621671295 1
"1" -1.77033794239335 -1.48121776764725 1.00395240949177 1.08919117147459 2.47434149635133 4.54168984677761 -1.65190142003506 -1.24643749542225 -0.958757309736195 -0.735619466515191 0.85098961339345 0.448023971853378 0.512167842036969 0.38737632443838 1
"1" -2.08999350448234 -1.48606422745233 1.20517193796637 0.973799563516229 2.7610355865173 4.50930585983344 -1.65190114203185 -1.24643769260999 -0.95875671149959 -0.735619316045866 0.850989484804976 0.448024156512109 0.512168316646448 0.387375782643185 1
"1" -1.78139823887669 -1.38577336503602 1.17390420355492 0.945015991857064 3.04643227515371 4.47859892933125 -1.65190139625965 -1.24643772024293 -0.958757907680511 -0.735619767900922 0.850989576116298 0.448023871540392 0.512168243103611 0.387375996981589 1
"1" -1.85865674500347 -1.34814333495228 0.840504030204453 1.10487916184079 2.67420686011163 4.6774667901124 -1.65190123041402 -1.24643769915632 -0.958756672352488 -0.735620808790813 0.850989691022216 0.448024063694529 0.512167850338809 0.387376174205447 1
"1" -1.74175754930077 -1.27528556893069 0.878479489230043 0.824680174866456 2.39446736444745 4.42851191104562 -1.65190121405663 -1.24643795428165 -0.958756726091505 -0.735620117087921 0.850989814408561 0.448023949772033 0.512168292054288 0.387375665690232 1
"1" -1.82156002067234 -1.36516657128134 1.00758293595959 1.20509700096143 2.67681018708977 5.05830017519387 -1.65190115801867 -1.24643756207726 -0.958757008066236 -0.735621040106739 0.850989511555248 0.448024249946498 0.512167793479686 0.387376258377503 1
"1" -1.95691063976583 -1.45385385298284 1.01191744592554 0.896384719332085 2.68577773241066 4.48126324659817 -1.65190130574778 -1.246437601453 -0.958756880895907 -0.735618891333606 0.850989869885675 0.448024163468165 0.512168357183594 0.38737538061647 1
"1" -1.82788953328789 -1.39330030293858 1.13440122201539 0.853130269971909 2.54265285927305 4.50283869831014 -1.6519013918185 -1.24643755713252 -0.958757420937127 -0.7356193484142 0.85098972981237 0.44802400184434 0.512168179225905 0.387375826621516 1
"1" -1.92691405493413 -1.45784511887319 0.875554360912313 0.896117986227982 2.55206790950966 4.57905780675195 -1.65190143985812 -1.24643774941386 -0.958756698844537 -0.735619320090628 0.850989625953181 0.448023929701043 0.512168096733537 0.387376066874116 1
"1" -1.80742391441862 -1.29943123233585 1.08839004591216 1.08794853930427 2.67554841694814 4.43169647093795 -1.65190116752217 -1.24643785324549 -0.95875729080765 -0.735621017205582 0.850989531182787 0.44802386915323 0.512168242531289 0.387376040553159 1
"1" -1.70532498483996 -1.35877632205999 0.921806255174662 0.96965413507511 2.52774935394829 4.52703650639735 -1.65190140571768 -1.24643777761276 -0.958757320820398 -0.735620126477486 0.850989845801867 0.448024016182896 0.512167725149677 0.387376205589671 1
"1" -1.9374462385213 -1.35416516050063 0.967173702982509 0.949387306507516 2.26864473163788 4.38549960925943 -1.65190121955921 -1.24643755898902 -0.95875652463799 -0.735619862278872 0.850989721010206 0.448023987578255 0.512167995927961 0.387376045818519 1
"1" -1.88720740741628 -1.38705558432202 1.14101313324943 0.839991028326247 2.89078757094754 4.77723875905784 -1.65190137026946 -1.24643759773087 -0.958757390910536 -0.735619721387117 0.850989563171742 0.448023936638032 0.512168348890134 0.387375843559624 1
"1" -1.85449140282404 -1.42579226140363 0.907944462984531 0.894163412820129 2.37305302239413 4.30124940441368 -1.65190149090793 -1.24643747640988 -0.958756859019255 -0.735618892317494 0.850989578492703 0.448023910398277 0.512167933030907 0.387376303889113 1
"1" -1.70893739001758 -1.30047869768146 1.04509051926314 0.950276198643221 2.54766864251925 4.41876710443048 -1.65190144641371 -1.24643763282377 -0.958757591189976 -0.735620219992288 0.850989824404315 0.448024104305517 0.512168106127231 0.387375741684309 1
"1" -1.852875994544 -1.39863292652235 1.19843532656622 1.06432904280147 2.59948603591043 4.81796689929252 -1.65190132681139 -1.24643768526387 -0.958757422742903 -0.735620419606828 0.850989489859737 0.448023863239315 0.512168156710431 0.387376176645111 1
"1" -2.01804195788358 -1.45768427458115 1.23917701875049 0.999913175104933 2.82349969833257 4.76570014036831 -1.65190105846094 -1.24643772019948 -0.958757006808115 -0.735619853125606 0.850989360431532 0.448023853367089 0.512168344351714 0.38737609764135 1
"1" -1.9663149961232 -1.37500529749623 0.999201068067238 0.711915525241751 2.60096560468008 4.38104526259103 -1.65190103716287 -1.24643794438771 -0.958756624489086 -0.735618933415034 0.850989806570546 0.448024145707764 0.512168387022558 0.387375419524253 1
"1" -2.1196482575616 -1.49477388973179 1.3502576126075 0.877851912567529 2.65701232820691 4.40604230842598 -1.65190116134542 -1.2464375301031 -0.95875687717116 -0.735618791444167 0.850989603740863 0.44802383595915 0.512168608106708 0.387375600104648 1
"1" -1.77014825592402 -1.42480490132262 1.3366583374973 0.787432735448895 2.75826701859082 4.32440288724657 -1.65190138636676 -1.2464377230668 -0.95875816622763 -0.735618688601564 0.850989785997615 0.448023882433565 0.512168346067419 0.387375684093829 1
"1" -1.72767011453134 -1.31595144049496 1.12790894260528 0.783719852473551 2.50920363332376 4.19127638425347 -1.65190133856053 -1.24643750153248 -0.958757516603304 -0.735618803640247 0.850989556975626 0.448024545563265 0.512167950658775 0.387375819403028 1
"1" -1.92080942638929 -1.52084686592934 1.24644387776748 0.917117927918023 2.96110822634054 4.23108409510064 -1.65190128370225 -1.24643758215563 -0.958757542911533 -0.735618501432252 0.850989602294601 0.448023813340407 0.512168336817386 0.387375915075581 1
"1" -1.97991057113307 -1.33429895383311 0.955912474819099 0.991431011014438 2.85059049800058 4.95382828656459 -1.65190131274619 -1.24643772531284 -0.958756712926317 -0.73562097411021 0.850989575791416 0.448023892089389 0.512168344812682 0.387375870475631 1
"1" -1.98753403559266 -1.60130041562353 1.13485819568181 0.975024058468776 2.77681635589641 4.55307830667097 -1.65190104595021 -1.24643724926272 -0.95875651944865 -0.735618342633828 0.850989231775329 0.448023780836781 0.512168657221409 0.387375928958135 1
"1" -1.74080107776345 -1.27679375928087 1.122699879053 0.999513688645944 2.75381887690809 4.61361821696069 -1.65190138373281 -1.24643783021273 -0.95875772042618 -0.735620996942672 0.850989637532808 0.448023896638634 0.512168152552725 0.387376020536606 1
"1" -1.80318161318209 -1.43731534290809 0.796654279659317 0.991119358107437 2.37435603246635 4.94769043568126 -1.65190149597529 -1.24643742519013 -0.958756775931902 -0.735619857864773 0.85098970471323 0.448024081705667 0.512167770579401 0.387376235060254 1
"1" -2.08817692662903 -1.63478919197854 0.999046503264641 1.01903447900761 2.43027910468616 4.53258511726667 -1.65190107825564 -1.24643733146316 -0.958756343465142 -0.735618336734562 0.850989693587542 0.44802377281965 0.512168033643608 0.387376193670945 1
"1" -1.81464790789231 -1.47788119617489 1.15112515043004 0.843922729183737 2.66354018060405 4.30500795404179 -1.65190133071432 -1.24643727809391 -0.958757470170472 -0.735618222879225 0.850989444645426 0.448024337250517 0.512168000129612 0.387376027200445 1
"1" -1.8128604945548 -1.41588766976197 0.948739473812447 0.979350767276018 2.32845712769544 4.50013291050015 -1.65190122400392 -1.24643750555079 -0.958756530423897 -0.735619624806542 0.850989475772013 0.448023889914963 0.512168345633043 0.387375962778104 1
"1" -1.8788779404183 -1.31482798399639 1.25724996056129 1.00853803182528 2.81152108615164 4.73640518834827 -1.65190128548827 -1.24643763249463 -0.958757476237518 -0.735620873740247 0.850989518519747 0.448023871457784 0.51216834649907 0.387375936800173 1
"1" -1.89153787244488 -1.30630844568546 0.929374020863831 0.874353982211583 2.4677356220162 4.48769639874406 -1.651901399025 -1.24643797330344 -0.958756767667312 -0.73562033915783 0.850989722947904 0.448023973848306 0.512168201205344 0.387375830265553 1
"1" -1.90491717258301 -1.35983764795716 1.02034066838721 0.858810292356561 2.46531865311714 4.29719961138971 -1.65190128603786 -1.24643796535669 -0.958756878978066 -0.735619653975893 0.850989699254703 0.448024027311466 0.512168178109549 0.387375836364785 1
"1" -1.90002755712351 -1.3286605326716 1.16076697843695 0.915466967706332 2.70977315174505 4.63120302212846 -1.65190131964996 -1.24643765835159 -0.958757230632438 -0.735620322041123 0.850989558240991 0.448023899671413 0.512168325976124 0.387375901327506 1
"1" -1.77863516578947 -1.28865252247027 0.920961320180667 0.911415085083174 2.44826528128479 4.20491592813116 -1.65190143840582 -1.24643802309369 -0.958757002303924 -0.735620236825677 0.850989863187952 0.448024080149248 0.512167908361676 0.387375940686474 1
"1" -2.01926024751314 -1.4020565370818 1.03953498510722 0.851277304783345 2.74649610221064 3.98838205276578 -1.65190141955328 -1.24643758949443 -0.9587568319801 -0.73561879326413 0.850989736136786 0.448024044966761 0.512168651750857 0.387375271686295 1
"1" -1.94381358381182 -1.33822567141633 0.972218225439247 0.980162659388854 2.53259219169077 4.73503865775632 -1.65190138548107 -1.24643749408329 -0.95875672881572 -0.735620321893848 0.850989588861508 0.448023955712059 0.512168271445833 0.387375890092459 1
"1" -1.79030179980659 -1.34860724760315 1.13769236399822 0.713054021379404 2.76000924380282 3.82894618416341 -1.65190158858006 -1.24643790395808 -0.958757811022815 -0.735618098784002 0.850990002534794 0.448024189663731 0.512168693048556 0.387374872289369 1
"1" -1.93232950966705 -1.35777139513244 0.999877582540156 0.966879744388796 2.87233615080061 4.65335872057302 -1.65190125149236 -1.24643784081502 -0.958756872314412 -0.735620373963254 0.850989617128806 0.448024204318539 0.512168162803549 0.387375793111545 1
"1" -1.75149889474715 -1.29562742471275 1.33411159056724 0.845565785516458 2.74748177019326 4.167230230119 -1.65190147920208 -1.24643782510283 -0.958758185042009 -0.735619410303729 0.850989857948067 0.44802410869337 0.512168608758662 0.387375158519108 1
"1" -1.72561613293314 -1.30882258770687 1.03624047058146 0.771156380339328 2.83602476788667 4.19640312085049 -1.65190128342155 -1.24643794643881 -0.95875754951519 -0.735619301742774 0.850989715819512 0.44802398518353 0.512168476020481 0.387375527905047 1
"1" -1.99023591895042 -1.36979130088079 1.03824303732771 0.871144619018582 2.30873033404369 4.55029388190401 -1.65190120605673 -1.24643789769752 -0.958756598727489 -0.735619927853008 0.850989881272032 0.44802382196915 0.512168268176107 0.387375728154323 1
"1" -1.93776445002604 -1.37458925370764 1.23495462262203 0.952555496529088 2.9725330037804 4.62944659630035 -1.65190125569728 -1.24643779962186 -0.958757346140052 -0.735620193872368 0.850989494401864 0.448023849635159 0.512168382481504 0.387375936223136 1
"1" -1.83367306412354 -1.4469573642061 1.13108248877319 1.166467259812 2.72220683662547 4.9490590141718 -1.65190117930943 -1.24643760328146 -0.958757393426113 -0.735620332391754 0.850989385807413 0.448023828668015 0.512168110703426 0.387376348530292 1
"1" -1.74132623478631 -1.31854851396798 0.923931756512119 0.992672532090441 2.39775773770504 4.42035193159479 -1.65190146658619 -1.24643783610775 -0.958757191782559 -0.735620449409445 0.850989868404033 0.448023998419704 0.512167929196274 0.38737597554843 1
"1" -1.98275967713758 -1.53955181878669 1.26034115932328 0.828971803925396 2.59737919172242 4.11663714362975 -1.65190129284848 -1.24643765749599 -0.958757201809126 -0.735617978069687 0.850989658697589 0.448024051719698 0.51216837049164 0.387375644674442 1
"1" -1.91077022827121 -1.31870757863007 1.01640730225038 0.946777610792564 2.65407748628669 4.50623701339607 -1.65190133439426 -1.24643791825738 -0.95875692877104 -0.735620543140716 0.85098963172778 0.448023905113684 0.512168260420515 0.387375901535476 1
"1" -1.8915446786786 -1.53316606755262 1.20972616328816 1.01158414696957 2.79881018730409 4.58346117520287 -1.65190139112919 -1.24643730143427 -0.958757522140345 -0.73561894489017 0.850989434075285 0.448023855460565 0.512168231709292 0.387376151703442 1
"1" -1.83500820994293 -1.47495062690775 1.074427031835 0.986917303637357 2.76871188051918 4.62291999266688 -1.65190133748502 -1.24643705803367 -0.958757368657455 -0.735618736055711 0.850989500465252 0.44802397656975 0.51216846268908 0.387375746139998 1
"1" -1.78377192252297 -1.60555443305337 0.965593819188338 0.975350570089115 2.37112823594023 4.35007688539531 -1.65190135947474 -1.24643727411485 -0.958757074047288 -0.735617859764549 0.850989689334635 0.448023952042964 0.512168236132757 0.387375839518653 1
"1" -1.85633827073277 -1.41140325520516 0.965475028404225 0.86924227116622 2.53072507973155 4.2426679256524 -1.6519014998592 -1.24643759804384 -0.958757066589471 -0.735619073195655 0.850989682154147 0.448023987732301 0.512168184234777 0.387375875540601 1
"1" -1.81601875340705 -1.46107769365616 1.15855113708277 0.969261605332055 2.84613263396015 4.79501700308418 -1.65190134596167 -1.24643731736558 -0.958757660838274 -0.73561943987459 0.850989550209095 0.44802380270839 0.512168089885812 0.387376240630165 1
"1" -1.9116918625279 -1.33724539954076 1.06610734766106 0.76774793008883 2.36285469716593 4.06994601196705 -1.65190145383905 -1.24643757544529 -0.958756961447291 -0.735618930089963 0.850989731910664 0.448024041111584 0.512168405212802 0.387375547835845 1
"1" -2.05504324231155 -1.43246358786895 1.09232353001619 1.08449763877332 2.52951132101836 5.10234714695982 -1.65190120629442 -1.24643772166804 -0.958756551295291 -0.735620603357844 0.850989400228137 0.448023813315615 0.512168238439906 0.387376207503199 1
"1" -1.6468170831783 -1.39729311633196 1.00733999169625 0.813535287923037 2.54471373377535 4.40431193282489 -1.65190131304073 -1.24643769794918 -0.958757248585567 -0.735618938994456 0.850989593839928 0.448023921690411 0.512168355827434 0.387375819324795 1
"1" -1.90927967903572 -1.49642838028312 1.12451563879 0.909449992636564 2.59951208756512 4.40013971869251 -1.65190139054511 -1.24643765447317 -0.958757216526475 -0.735618826613204 0.850989541080695 0.448023913477712 0.512168230218286 0.387376011106289 1
"1" -1.85127507898825 -1.29524840344176 1.16222146465003 0.752719628585566 2.85187937439643 4.12020730406739 -1.65190138036576 -1.2464374882739 -0.958757485393953 -0.735618876391643 0.850989578702774 0.448023918248715 0.512168342867998 0.387375849964028 1
"1" -1.86362413806195 -1.44407823788322 1.17316064403962 0.946033173286602 2.78677272609769 4.44186416106196 -1.65190137290636 -1.24643768218424 -0.958757504553023 -0.735619353474734 0.850989536039704 0.448023882938105 0.512168245433628 0.387376022412906 1
"1" -1.82221420203713 -1.32876886654174 1.13323694463524 0.849357323148824 2.8835667462477 4.47733808917865 -1.65190143593289 -1.24643762851958 -0.958757603906966 -0.735619239373726 0.850989911150282 0.448024346829329 0.512168607852884 0.387374929011075 1
"1" -1.77834298632841 -1.42591020928966 1.20182211444696 0.908093398349052 2.78529195763183 4.16933472135114 -1.65190150390594 -1.24643754710519 -0.958757933442993 -0.735618894362507 0.850989683705652 0.448023992943273 0.512168364152658 0.38737567358511 1
"1" -1.9044099368729 -1.56659323535092 1.28584215456923 1.13491071997508 2.93925330591465 4.83597375016434 -1.65190126925113 -1.24643673762577 -0.958757545079684 -0.735618359313605 0.850989453319256 0.44802451318482 0.512168174130649 0.387375694850865 1
"1" -1.85749593350877 -1.22255365284828 1.34793465987057 1.04460267603112 3.00732330701828 4.78336447974012 -1.65190096819181 -1.24643770726085 -0.958757446168687 -0.735621827345989 0.850989352704643 0.448023807597531 0.512168574622754 0.387375888089346 1
"1" -1.7726061031766 -1.38723444295404 0.922908300803362 1.2234759118572 2.41332259367595 5.08011036505536 -1.65190112797301 -1.24643757542814 -0.958756811155335 -0.735620916217814 0.850989429135927 0.448024140467712 0.51216782986711 0.387376377638473 1
"1" -1.89927811607488 -1.32254440263492 1.3980072934333 0.861536171049281 2.99710709491346 4.14662424227823 -1.65190133971871 -1.24643753233068 -0.958757763590813 -0.735619149230308 0.850989606407781 0.448023968715404 0.512168620899599 0.387375482334513 1
"1" -1.9916170619152 -1.39691809522397 1.09882675325571 0.944738684658434 2.63720111419305 4.5465234581809 -1.65190122795073 -1.24643782383866 -0.958756823135594 -0.735619965026552 0.850989650337032 0.448023948255731 0.512168293699453 0.387375815210194 1
"1" -1.91740524929978 -1.42146775914905 1.17149275699698 0.895355451013946 2.60684079574227 4.25774292128741 -1.65190120660516 -1.24643782590004 -0.958757186945248 -0.735619223942798 0.850989560267539 0.448023963237975 0.512168305905767 0.387375872869517 1
"1" -1.69363849403882 -1.31006402193577 1.03576601428906 0.996136430833843 2.53267123421531 4.78015758868591 -1.65190146167069 -1.24643760001328 -0.958757631436959 -0.735620595361454 0.850989817803414 0.448024054062351 0.512168054512297 0.38737584247235 1
"1" -1.80023918346837 -1.39660804293087 1.26133533280872 0.739475869775288 2.72665005440555 4.1297047141073 -1.65190118814039 -1.2464373859262 -0.958757638472066 -0.735618298166222 0.85098966889075 0.448023897712508 0.512168653798482 0.387375443415712 1
"1" -1.67381958068306 -1.30092391695679 1.01661198966757 0.879196488024232 2.80769880784105 4.36812405630299 -1.65190152770472 -1.24643742465072 -0.958757871202648 -0.73561952901964 0.850989854029254 0.448023952682971 0.512168140720174 0.387375792536236 1
"1" -1.80767453744556 -1.404722441949 1.1094137216823 0.893176120143003 2.7638234134154 4.50519617607158 -1.65190107542973 -1.24643767401388 -0.958757236464102 -0.735619387725104 0.850989498734584 0.448024034112525 0.512168326561928 0.387375852508755 1
"1" -1.84537293472125 -1.32500845109538 1.25659403723993 0.86269028913351 2.77653068124917 4.36542683399406 -1.65190127888792 -1.24643787709659 -0.958757629469455 -0.735619890888885 0.850989764824051 0.448023847985073 0.51216838949942 0.387375682323362 1
"1" -1.80684196150657 -1.36347443644466 1.45175512134878 0.868339095479181 3.01323608320659 4.56631602987389 -1.65190134141471 -1.24643727842862 -0.958758185140688 -0.735619495125676 0.850989444559304 0.448023889551672 0.512168343011723 0.387375994485447 1
"1" -2.07513267379549 -1.46283803957069 1.13307590721726 0.672467909938803 2.53780475598384 4.1978866070229 -1.65190131057392 -1.24643800999008 -0.958756467167172 -0.735618134933209 0.850989778662991 0.448024116296951 0.512168269179709 0.387375596260592 1
"1" -1.76629277463744 -1.41201546759878 1.3791473759866 0.984613577668882 3.12184758103153 4.73389929553392 -1.65190140588121 -1.24643762844118 -0.958758265706037 -0.735619531748892 0.850989707378355 0.448024084673871 0.512168248550804 0.387375708180114 1
"1" -1.86586632091464 -1.52539214908225 1.22602951430319 1.01693324404189 2.82566804823814 4.74885601986442 -1.65190138850172 -1.24643727324737 -0.958757636529096 -0.735619113448281 0.850989408360757 0.44802383773373 0.51216817789121 0.38737624756655 1
"1" -1.97841115890718 -1.3979596641026 1.35949955802688 1.00209966871232 3.09799143104204 4.52625998034764 -1.65190120826218 -1.24643776446014 -0.958757422733697 -0.735620104674609 0.850989442081231 0.448023812363061 0.512168450123317 0.387375938666076 1
"1" -1.63663845288329 -1.37968867518929 0.869627724118056 0.900572435201238 2.45946000741122 4.53974136057915 -1.65190171823546 -1.24643755444701 -0.958757583111882 -0.735619540082066 0.850989854455215 0.448024069416039 0.512167875599206 0.387375992665549 1
"1" -1.93578997450188 -1.4476631898861 0.93919835445099 0.919170242794372 2.61682971506961 4.55218842724627 -1.65190135711078 -1.24643757849719 -0.958756675018099 -0.735619394528758 0.850989603163287 0.448024000734575 0.512167929407126 0.387376216301503 1
"1" -1.98277448256377 -1.30693501390792 1.01343881976783 0.911184558230263 2.26985595986385 4.76128014407815 -1.6519011368703 -1.24643782715619 -0.958756447901943 -0.735620770185247 0.850989570816771 0.448023992371301 0.512168415049505 0.387375721735033 1
"1" -2.07569964799303 -1.44337964155634 1.01142985704933 0.932727922862595 2.75800121281117 4.72230455866238 -1.65190124524979 -1.24643777979132 -0.958756517728386 -0.735619792482534 0.850989477303739 0.448023838402515 0.512168333131703 0.387376014361353 1
"1" -1.96473203861366 -1.56745556542233 1.04835569285474 0.904448553685051 2.77551213802772 4.44033011929925 -1.6519013941046 -1.24643700172671 -0.958757003129906 -0.735618046606296 0.850989340373733 0.448023814748788 0.512168115617088 0.38737639537026 1
"1" -2.0428912118561 -1.41692569345989 1.08056011579989 1.19768780852346 2.61536960600473 5.32695150763044 -1.65190118381941 -1.24643728961321 -0.95875658856535 -0.735620820352308 0.850989479140246 0.448023889479592 0.512168269621414 0.387376043069059 1
"1" -2.04010387141133 -1.4213706598776 1.07026943160118 0.953836200844543 2.9255050083392 4.63926744983847 -1.65190112067507 -1.24643777670834 -0.958756723977847 -0.735619883720771 0.850989682166007 0.448024006633576 0.512168281942398 0.387375754355735 1
"1" -1.97504913662248 -1.51994456285465 1.14477538860452 0.791117203284416 2.81967526657133 4.62281485018995 -1.65190126363433 -1.24643762371608 -0.958757116407376 -0.735618467818932 0.850989612004525 0.448023857848699 0.512168314268362 0.387375896843369 1
"1" -1.8851399504002 -1.57963268955653 1.16639247773352 0.961856273186955 2.67070163365854 4.42764407626928 -1.65190138867639 -1.2464366352892 -0.958757418609031 -0.735617738345871 0.850989370114153 0.448023811266242 0.512167980463014 0.387376518463582 1
"1" -2.02506117117641 -1.41063175959703 1.35238462105886 0.995705443691028 2.8144315471226 4.6750257896752 -1.65190128763719 -1.24643771836982 -0.958757230559939 -0.73561963603759 0.850989611005883 0.448023989393692 0.512168700271651 0.3873753756268 1
"1" -1.88862457851211 -1.27295252315767 1.01286169276853 0.847160264151982 2.56389370630237 4.28566803316459 -1.65190130415073 -1.2464381075022 -0.958756862536864 -0.735620277536722 0.850989784200676 0.44802406676138 0.512168153003607 0.387375755930879 1
"1" -1.76852645757811 -1.25575324443993 0.821859607428363 0.943901773568554 2.53552021961129 4.52628666920267 -1.65190151664614 -1.24643775355836 -0.958756969442894 -0.735620891914963 0.850989781809986 0.44802398721081 0.512168000341515 0.387375985632643 1
"1" -1.91158661629885 -1.38938768964876 1.16555528585718 0.960746048356351 2.64740025962343 4.69162819571267 -1.65190107579403 -1.2464377221181 -0.958756984125421 -0.735620024770615 0.850989460873382 0.448024341494706 0.512167964977354 0.387376047511088 1
"1" -1.77294005165495 -1.40672192830198 1.03807927133519 0.941028309361135 2.62992659183969 4.39131223556219 -1.65190141280252 -1.24643751233406 -0.958757494889187 -0.735619409785355 0.850989910480376 0.448023965595787 0.512168129679436 0.387375743075016 1
"1" -1.7722388177928 -1.20478831318953 1.22153190950272 0.967884245192242 2.68471260886699 4.56511186592332 -1.65190130595932 -1.24643795244983 -0.958757674244357 -0.735621502669771 0.850989659824968 0.448023925767285 0.512168286942898 0.387375831077122 1
"1" -1.8451825286729 -1.40844795538669 1.07838852795135 0.929332800671247 2.64132115872825 4.7030548585894 -1.65190150292823 -1.24643740899227 -0.958757378341232 -0.735619468520239 0.850989670936064 0.448024036243748 0.512168352235306 0.387375665233639 1
"1" -1.90029781234684 -1.39853558559302 1.17718362492059 0.867182429358454 2.85244387252613 4.53291356888555 -1.65190133303791 -1.24643779670807 -0.958757374477941 -0.735619559981947 0.850989568781223 0.448023901757916 0.512168353824544 0.38737585966439 1
"1" -2.11136999785661 -1.45262167757476 1.07022010236804 0.896480299065665 2.62597512465134 4.40289916553352 -1.65190117560136 -1.24643752639157 -0.958756448938458 -0.735619085988699 0.850989538518365 0.448023842039772 0.512168328912121 0.387375960169948 1
"1" -1.88782101451134 -1.44365530261577 1.16769995738258 0.953686475686767 2.71593479194213 4.16967863440359 -1.65190124988207 -1.24643762923032 -0.958757262295958 -0.73561902636421 0.850989524285036 0.448024178764388 0.512168177482477 0.387375881555825 1
"1" -2.00612293143257 -1.49153781301428 1.26381802072837 0.968182725278296 2.79315119895117 4.75969682615675 -1.6519012865035 -1.24643744910341 -0.958757165178224 -0.735619367682532 0.850989440259328 0.448023878527927 0.51216841506817 0.387375928116587 1
"1" -1.9255644219172 -1.36157639088272 1.04914979691513 0.930065158694874 2.7521872835719 4.71927317993988 -1.65190131496542 -1.24643783488169 -0.95875699339374 -0.735620330130183 0.850989556325609 0.448023880895249 0.512168261482361 0.387375987873591 1
"1" -2.06442292006227 -1.49571894958515 0.952972112720871 1.12862617384099 2.61458370974002 4.53933275650189 -1.65190118384079 -1.24643771528414 -0.958756354991124 -0.735619840921847 0.850989459881199 0.448023898930188 0.512168026599847 0.387376318976633 1
"1" -2.01600655049155 -1.44958228865497 0.982020324110183 1.02611659667204 2.52831384956164 4.46108746442506 -1.65190131217797 -1.24643774458532 -0.958756559555339 -0.735619768057523 0.850989516088317 0.448023863323943 0.512168212961756 0.387376091122347 1
"1" -2.01947765554221 -1.48096952274246 1.56361499372391 0.927666628261382 3.00216472853462 4.44433836898695 -1.65190121950969 -1.24643744063447 -0.95875753659001 -0.735619018744114 0.850989381086786 0.44802386799521 0.512168520962947 0.387375874625035 1
"1" -2.0018722014525 -1.38692361117594 1.09584028699864 0.913725036518824 2.36467346255522 4.29089602593534 -1.65190129863922 -1.24643771530242 -0.958756721745562 -0.735619601105384 0.850989771958403 0.448023987032704 0.512168409030079 0.387375548300327 1
"1" -1.94389354957166 -1.47459028216233 1.03993655228055 0.931699906773357 2.64590614888286 4.61386484127605 -1.65190136079207 -1.24643739991119 -0.958756932265857 -0.735619100466664 0.85098943598328 0.448023833919374 0.512168120459499 0.387376287941258 1
"1" -1.99399427410531 -1.41063877558129 0.863259701755329 1.00801642687507 2.56451636053957 5.00636382770682 -1.65190135414981 -1.24643768618778 -0.958756480017087 -0.735620133403125 0.850989795990669 0.448023965994522 0.512168290765881 0.387375671568586 1
"1" -2.02834410331223 -1.59043799750435 1.11770380030606 1.09894905235112 2.61631622970123 4.44689364559389 -1.65190090436394 -1.24643743875841 -0.95875621852237 -0.735618790826411 0.85098929916427 0.448023720845017 0.512168540842323 0.387376040226416 1
"1" -1.85289489759993 -1.2791654505278 1.26570572744104 1.13479066222608 2.73726624087249 4.96570363017546 -1.65190095417863 -1.24643783757554 -0.958757301892712 -0.735621811804047 0.85098950328106 0.448023783423039 0.512168397888497 0.387375961815403 1
"1" -2.1387971671265 -1.39316576898233 1.40574988380651 0.792763181464558 2.98732198432023 4.26599924665458 -1.65190115447031 -1.24643795935818 -0.958756926398299 -0.735619169075939 0.850989529646298 0.448023910204221 0.512168736437919 0.387375471034392 1
"1" -2.03379613250718 -1.37961671350862 1.2264969749899 1.0726901633836 2.96290433413598 4.58810962686685 -1.65190106369386 -1.24643779940535 -0.958756962441811 -0.735620578650724 0.850989671589619 0.448023815430957 0.512168364948654 0.387375819327382 1
"1" -1.66110237656288 -1.27081533728256 0.909424635593564 0.789624649316673 2.7494481848132 4.38779484596037 -1.65190158022232 -1.24643780181593 -0.958757726614671 -0.73561937371575 0.85099023845713 0.448024273186154 0.512168369721683 0.387374945834297 1
"1" -2.02107355328125 -1.51075839777561 1.19289976729923 1.02348217790849 2.63409781601221 4.44746519010347 -1.65190110887555 -1.24643765926767 -0.958756897724765 -0.735619233448125 0.850989400262013 0.448023849482883 0.512168290066491 0.387376123459243 1
"1" -1.85654915470304 -1.42025410398626 0.938571420512773 0.943508650690321 2.33899391341781 4.52203632147418 -1.65190140289161 -1.24643773260697 -0.958756863772599 -0.735619642216607 0.850989761778148 0.448023922509073 0.512168001171445 0.387376052456207 1
"1" -1.88536587361434 -1.50533254409478 1.33915858094527 1.03018522673574 2.76505645995681 5.02819174815571 -1.651901298187 -1.24643751071622 -0.958757675666581 -0.735619574243974 0.850989367077231 0.448023837453067 0.512168189063623 0.387376273358295 1
"1" -1.93536416488776 -1.44063048413841 1.14708105400173 0.974762824795088 2.95047743122002 4.74812893015049 -1.65190120052448 -1.24643730070576 -0.958757193345375 -0.735618970704073 0.850989363499689 0.448023682610429 0.51216800988072 0.387376590601918 1
"1" -1.94236587632625 -1.62784728402629 1.08929611431117 0.791454679683494 2.43146293561624 4.28399029017347 -1.65190110199795 -1.2464372626504 -0.958756728398055 -0.735617336147834 0.850989689236934 0.4480238377375 0.51216847827283 0.387375662341419 1
"1" -1.86887317875649 -1.51676661303783 1.29878177140774 1.07390080567555 2.82942837911824 5.00277496750632 -1.65190126838024 -1.2464364712585 -0.958757666220139 -0.735619010828581 0.850989420121696 0.448023954402072 0.512168103239483 0.387376229286981 1
"1" -1.77192523794531 -1.3693080449356 1.12256746453381 0.81741138520538 2.92090601868976 4.11440383089514 -1.65190135058532 -1.24643762545206 -0.958757781233699 -0.735618860063968 0.85098963211315 0.44802399758086 0.5121682137773 0.387375881545067 1
"1" -2.06632625716316 -1.38366934879302 1.19986691423985 0.888060474307546 2.57941939232291 4.43897884180534 -1.65190090711376 -1.24643789762946 -0.958756519939307 -0.735619794533697 0.850989535997915 0.448023793626285 0.5121686614949 0.387375636097409 1
"1" -1.93866876927284 -1.43607848031534 0.874047881810903 1.04337819310101 2.24595985558268 4.59900892410523 -1.65190134781799 -1.24643713981214 -0.958756443657724 -0.735619509609216 0.850989495833531 0.448023795340193 0.512167772646434 0.387376642598295 1
"1" -2.11463017233998 -1.46589168723775 0.98272209844392 0.950143146746703 2.60046303362647 4.25172974601007 -1.65190126370565 -1.24643780155901 -0.958756342882572 -0.735619262927898 0.850989521125302 0.448023875778372 0.512168377345945 0.387375897417356 1
"1" -1.92215327645317 -1.51025777931214 1.2882650189244 1.02599696272762 3.0226524117348 4.38886763734547 -1.65190141377287 -1.24643694099488 -0.958757661230506 -0.735618545789247 0.850989428664062 0.448023901392312 0.512168440665203 0.387375893308445 1
"1" -1.70432794913744 -1.47029145330026 0.742443115623944 0.956542291146614 2.32852024778897 4.39693338982103 -1.6519016862457 -1.24643698994647 -0.958757016305751 -0.735618284825352 0.850989497256179 0.448023870988947 0.51216735839013 0.387377036108672 1
"1" -1.76957272212704 -1.42871731176169 1.08414337209483 0.921710939553191 2.79352755626986 4.3923697532092 -1.65190138658781 -1.24643765230653 -0.958757523437711 -0.735619094248691 0.85098954192112 0.448024860376898 0.512167900142874 0.387375648022418 1
"1" -1.76091931029669 -1.27867308436436 1.02554142874619 0.700889433480914 2.60804225597959 4.16929661866638 -1.65190145738689 -1.24643791004627 -0.958757458696469 -0.735619052458694 0.850990162563515 0.448024389938825 0.512168371202963 0.387374924538666 1
"1" -1.88359070944599 -1.34273444235094 1.13982033867177 0.878418864958376 2.72433515936261 4.76023461997705 -1.65190141543088 -1.24643751590509 -0.958757327549052 -0.73561992998377 0.850989655398764 0.448024005414514 0.51216844516888 0.387375601462004 1
"1" -1.86546822067059 -1.3727010526786 1.18999794760688 0.773496654433577 2.64857790513434 4.10374383111058 -1.65190140874047 -1.24643791883891 -0.958757475082716 -0.735618850778477 0.850989726717219 0.448024017102568 0.512168446201994 0.387375526138581 1
"1" -1.77084470275268 -1.39860479725128 0.942899988406755 0.81363547423757 2.45574588478556 4.42821397658603 -1.65190155162255 -1.24643780154085 -0.958757258911079 -0.735619160335276 0.850989755800182 0.448024024045843 0.512168050490746 0.387375926528136 1
"1" -1.91492826327647 -1.43230583837822 0.968020435651166 0.964151644107326 2.25990891744706 4.80363133096201 -1.65190138405396 -1.24643740749369 -0.958756672512787 -0.735619523272097 0.850989432884948 0.448023841899125 0.512167889270263 0.38737653725456 1
"1" -2.07545063571421 -1.43699952400354 1.12208252390563 1.01550827706878 2.81077890368444 4.92193381521197 -1.65190119071645 -1.2464377406472 -0.958756670040133 -0.735620257893199 0.850989405145411 0.448023800054328 0.512168339422035 0.387376102806462 1
"1" -1.83767308966549 -1.40509746314319 1.18451988342482 0.750805453702778 2.68803519424539 4.22000364238192 -1.6519013892504 -1.24643784962334 -0.958757594420065 -0.735618643241281 0.850989843977258 0.448024011742059 0.512168374283057 0.387375501483956 1
"1" -1.77462603315197 -1.43998526794248 0.970974924429725 0.844187247254573 2.4657025295365 4.22296347293318 -1.65190082015825 -1.24643744365306 -0.958756760261216 -0.735618502724986 0.850989398039663 0.448024035188011 0.512168372294824 0.387375893882498 1
"1" -1.85298207684961 -1.32247141205123 0.985275293485834 1.05617174332246 2.639703420242 4.5879726623883 -1.65190136762576 -1.24643784313814 -0.958757043424264 -0.735620912267587 0.850989609619175 0.448023880793964 0.512168122992658 0.387376090473921 1
"1" -1.771817983484 -1.45826151861175 0.997590227530035 0.950974911082289 2.68600435856988 4.18508845477445 -1.65190118012011 -1.24643772208486 -0.958756557562392 -0.735618975234686 0.850989540158905 0.448023943241652 0.512168180254629 0.387376043810938 1
"1" -2.01392896687052 -1.53172093865861 1.39275304041759 1.09871595179981 3.06194680962666 4.48617971293121 -1.65190121154774 -1.2464375380526 -0.958757402265896 -0.735619284775891 0.850989325343909 0.448023780459361 0.512168377500302 0.387376149201576 1
"1" -1.89306260054951 -1.38144694440787 1.24725678597404 0.90273138644235 2.8736659919032 4.49451199067708 -1.65190130033058 -1.24643750491033 -0.958757487453292 -0.735619531180417 0.850989433587339 0.448023839878101 0.512168274948122 0.387376116808968 1
"1" -2.01127194485197 -1.43731412491051 1.02912758876328 0.804932200430558 2.6031770119465 4.50355068255154 -1.65190117046634 -1.24643787767681 -0.958756662682276 -0.735619108683065 0.850989560966892 0.448023961048896 0.512168364830353 0.387375809526307 1
"1" -1.74702198589638 -1.18084245644435 1.19780384735961 0.956524206491653 2.61946672255296 4.28142027800972 -1.65190138841572 -1.24643795988278 -0.958757749336814 -0.735620967506847 0.850989987222594 0.448024267506879 0.512168470066589 0.387375070477297 1
"1" -2.10912532335971 -1.3642593262388 1.22406470463301 1.05806401429835 2.7393096529637 4.56573116823744 -1.65190113088603 -1.24643787071735 -0.958756643547531 -0.735620739051237 0.850989416953441 0.448023820845928 0.512168467642013 0.387375936048251 1
"1" -1.9355297680852 -1.47384115764608 0.990786517872944 0.87104751804719 2.54953989867664 4.46110182628355 -1.65190142666578 -1.24643703234508 -0.958756869093541 -0.735618526142515 0.850989621482235 0.448024116423635 0.512168158103408 0.387375861365717 1
"1" -1.87132682810343 -1.35628914360122 1.39791466362745 0.860128328011929 3.03573070624521 4.32679444061389 -1.65190124819314 -1.24643785155009 -0.958757879797214 -0.735619581305583 0.850989728888031 0.448023835554447 0.512168489163034 0.387375615821856 1
"1" -1.93678480729577 -1.27838398620233 1.46179991396156 0.785345444688734 2.88453175578202 3.98570491514293 -1.65190129004226 -1.24643736038764 -0.958757608211977 -0.73561885301846 0.850989530896653 0.448023951259302 0.512168602938764 0.387375584392114 1
"1" -1.86840202169788 -1.38991425438202 0.920620439631313 0.944276199581487 2.6554458727345 4.33435608892973 -1.65190151809237 -1.24643771213378 -0.958757027373435 -0.735619503639493 0.850989779147961 0.44802402879547 0.512168320748604 0.387375606282111 1
"1" -1.96361227693865 -1.42096528419033 1.11819141349324 0.959196211461463 2.80976438489188 4.37383913115059 -1.65190130169491 -1.24643777211541 -0.958757056077105 -0.735619630383986 0.850989519681711 0.448023874114277 0.512168337902361 0.387375943100372 1
"1" -1.83918966503778 -1.28557171630135 1.14829338598901 1.01858922995819 2.84485585648869 4.54366858600773 -1.65190122585963 -1.2464373850244 -0.95875729289489 -0.735620683453308 0.850989475522135 0.448024417026853 0.512168186513092 0.387375734415503 1
"1" -1.7859153417131 -1.32103108827138 1.27831533442504 0.791381700849482 2.72697369526361 4.03075251854049 -1.65190138472493 -1.24643767161502 -0.958758015071693 -0.735618761558664 0.850990311933871 0.448023972775022 0.512168742495248 0.387374700689708 1
"1" -1.67386940224425 -1.46789817576776 0.774217959076815 0.960651647200919 2.24842976629449 4.12983841233191 -1.65190148704817 -1.2464375749816 -0.958757016644676 -0.735618710948146 0.8509897523812 0.44802442795161 0.512167467673006 0.38737625801018 1
"1" -1.99464166229298 -1.387744246366 1.1459657783737 0.81877152190201 2.66730088240835 4.4204352991561 -1.65190129553065 -1.24643789955336 -0.958756936373424 -0.735619420163508 0.85098960208534 0.44802392793034 0.512168450458451 0.387375703631727 1
"1" -1.84086792673744 -1.36260954277951 1.10498121253969 0.826005883764063 2.7394322556301 4.12492445589212 -1.65190142362388 -1.24643789382191 -0.95875744104933 -0.735619171042326 0.850989709992198 0.448023990448697 0.512168360394465 0.387375655537854 1
"1" -1.80575965769369 -1.38361432500893 1.01171133696743 0.998035978820189 2.57887080375308 4.80127495488371 -1.65190142672782 -1.24643772776788 -0.958757257134189 -0.735620328584846 0.850989590121848 0.448023909494795 0.512168036746059 0.387376180628654 1
"1" -2.00347227435924 -1.22056532219991 0.987582050150862 0.953108008309074 2.3434910340628 4.66457629953112 -1.65190127056181 -1.24643792978021 -0.958756409204867 -0.73562163458476 0.850989672790572 0.448023956091031 0.512168378186953 0.387375696377709 1
"1" -1.8318773060475 -1.30415135693369 1.08389763344924 0.747080559117764 2.59619164750214 4.16483252437146 -1.65190143190171 -1.24643774315951 -0.958757314563206 -0.735619041119287 0.850989703870694 0.448023995627076 0.512168309429492 0.387375712865228 1
"1" -2.07129038877607 -1.37499139403286 1.24099315086575 0.850661470281495 2.78301092145365 4.36184278299602 -1.65190097132303 -1.24643794756351 -0.958756685716624 -0.735619619370123 0.850989437479628 0.448023874422237 0.512168731611547 0.387375587977254 1
"1" -1.79859858319506 -1.4446139392444 1.22152076987582 0.938694208095689 2.72614445859329 4.74836530690519 -1.65190139680632 -1.24643762277231 -0.958757790584709 -0.735619527910821 0.850989520097569 0.448023897816693 0.512168156821151 0.387376122451765 1
"1" -1.90846808022002 -1.34397696772874 1.14371459593861 0.8647277597351 2.59725784334298 4.64500251978153 -1.65190131871229 -1.24643788402802 -0.958757134997722 -0.735620127441465 0.850989611019241 0.448023921228812 0.512168321684875 0.387375841254838 1
"1" -1.90212574195175 -1.50749854373062 1.28997890069236 0.942987967698921 2.88382931446028 4.68059100271234 -1.65190127489274 -1.24643761751464 -0.958757040474285 -0.735619086394939 0.850989622092541 0.448024150655925 0.512167742322867 0.38737628890496 1
"1" -1.97821493224616 -1.34412023358287 0.986784528315421 0.81093553617332 2.30062789630056 4.36134342326756 -1.65190137867806 -1.24643776598601 -0.958756573041915 -0.73561957357286 0.850989671463624 0.448023995735337 0.512168313874277 0.387375737585962 1
"1" -1.94748428578932 -1.44634049861997 1.10785889387614 0.913121250250603 2.74163646197303 4.84420806280795 -1.65190123302319 -1.24643776669016 -0.958756980404589 -0.735619747211236 0.850989523474903 0.448023947994009 0.512168069201916 0.387376176774685 1
"1" -1.89500735663197 -1.44831018025968 1.12656957478038 0.750708074465086 2.74969641095009 4.19288006518095 -1.65190129384044 -1.24643785686891 -0.958757317398972 -0.735618366374591 0.850989666051244 0.448024023069244 0.512168333593871 0.387375700127881 1
"1" -1.86283728641126 -1.43170743527254 1.02708455573299 0.887344133075569 2.67160528549182 4.64467944900312 -1.65190143945704 -1.24643737778517 -0.958757060994094 -0.735619368111333 0.850989643201408 0.4480240597192 0.512167952498458 0.387376109399275 1
"1" -1.8354023752973 -1.44001220819404 1.24844513076421 0.832299833223481 2.87647842031702 4.46224013457465 -1.65190115679632 -1.24643771575325 -0.958757603233232 -0.735618932727412 0.850989465580515 0.448023895461419 0.512168492774515 0.387375807121682 1
"1" -1.90528088575485 -1.45575631099527 1.09246083027962 1.03090489288052 2.50344663226158 4.64087494725809 -1.65190139335216 -1.24643744674737 -0.958757085964802 -0.735619709916012 0.850989501978393 0.448023901930893 0.512168167499589 0.387376124227457 1
"1" -1.78831918011757 -1.30319907764137 1.16856391122 0.993243883227277 2.60400915292508 4.89193397454479 -1.65190134354115 -1.24643780560974 -0.958757545155337 -0.735621049629053 0.85098958567749 0.448023898544872 0.512168149801596 0.387376069545239 1
"1" -1.83226884642491 -1.34297420073123 0.997312049795268 0.875212854249957 2.64371126392383 4.48824848047846 -1.65190144208647 -1.2464373637106 -0.958757171164633 -0.735619656557353 0.850989543861142 0.448023905942542 0.512168096161978 0.387376160768217 1
"1" -1.97585484039473 -1.47409061707249 1.30822665680555 0.799372508841158 2.70651491561925 4.15438034568023 -1.65190128748823 -1.24643744544715 -0.958757341704219 -0.73561823644122 0.850989638301495 0.448024078764803 0.512168550333248 0.387375446219696 1
"1" -1.99644446031321 -1.37564719986962 1.51940963833651 0.984243494180182 2.84545936580417 4.98775927668653 -1.65190113747401 -1.24643776653339 -0.958757401062919 -0.735620621755646 0.850989384845931 0.448023834455905 0.512168435219652 0.387375990463508 1
"1" -1.81767681507774 -1.52948645806771 1.02584484001904 1.00930004287705 2.56738621240408 4.59209856176643 -1.65190148390332 -1.2464375179698 -0.958757337722504 -0.735618997106177 0.850989535311636 0.448023886722137 0.512167979131185 0.387376311120813 1
"1" -2.01911110873683 -1.49607351292739 1.03391434931905 1.21991791126654 2.47339749481109 5.04510111356128 -1.65190136840911 -1.24643752238599 -0.958756673040004 -0.735619902845221 0.850989551413416 0.448023943941454 0.512168340436724 0.38737585798017 1
"1" -1.95912827582606 -1.5286410586893 1.25461550506678 1.06786126791986 2.98776787486064 5.03811949402584 -1.65190120786776 -1.24643692356265 -0.958757345900427 -0.735619212975753 0.850989291542708 0.448023671211218 0.512168085087858 0.387376582998026 1
"1" -1.94612747850005 -1.35540138772978 0.967705854422553 0.980680083469548 2.82357166108753 4.71088781370431 -1.6519013136256 -1.24643759452589 -0.958756809917366 -0.735620406476238 0.850989487253959 0.448023819533278 0.512168181471849 0.387376185346057 1
"1" -1.82626918152234 -1.3649283157072 1.01667500412327 1.04761048270012 2.51001927122687 4.73313900735057 -1.65190140109428 -1.24643775536303 -0.95875714346033 -0.735620604304988 0.850989587482842 0.448023900920317 0.512168046589737 0.387376178836321 1
"1" -1.8966588888524 -1.44140752785419 1.30440313590971 0.973857879126712 2.69988061331193 4.73792218565293 -1.65190107188586 -1.24643741914229 -0.958757385347387 -0.735619573911526 0.850989424064983 0.448024200985496 0.512168179685372 0.387375953906714 1
"1" -1.92362262034931 -1.34132456369874 1.44984128704289 0.864060271241495 3.04268926478412 4.37157474729671 -1.65190118392068 -1.2464378793865 -0.958757711578473 -0.735619820568926 0.850989684941152 0.448023826661314 0.512168543395032 0.387375603584577 1
"1" -1.82471879064488 -1.43536773920622 0.897807794145184 0.904661425938047 2.50636952116488 4.80355576974022 -1.65190155238843 -1.24643726750275 -0.95875702913326 -0.735619373812673 0.850989602222214 0.448023963742711 0.512167996127799 0.387376172513241 1
"1" -1.98172627708424 -1.47244144710536 1.20765322051813 0.892006922633028 2.895741586193 4.31171965584793 -1.6519012199922 -1.2464376842997 -0.958757177345595 -0.735618877244632 0.850989593792251 0.448023881718062 0.512168376762827 0.38737582701413 1
"1" -1.89266018155448 -1.45239874944337 0.872783245431361 0.961848011930288 2.42623580249206 4.73829090082789 -1.65190138249815 -1.24643744342764 -0.958756623089631 -0.735619462274357 0.850989608757687 0.448024286235129 0.512167942034712 0.387375979418999 1
"1" -1.99789468463645 -1.4736837824916 1.2282194881939 0.87908903352647 2.64854769248923 4.32741262127747 -1.65190130293393 -1.24643747044048 -0.958757080039226 -0.735618746019523 0.850989452325947 0.448023877401236 0.512168367551467 0.387375969844322 1
"1" -2.05886738007914 -1.46653525782746 1.08315171442954 0.82682002733452 2.87815774230924 4.4124856650707 -1.65190114831936 -1.24643775983893 -0.9587567419945 -0.73561885889434 0.850989755296495 0.448023889744578 0.512168391365245 0.38737565712301 1
"1" -1.82736224491775 -1.30438978609363 1.13006258028133 0.859854290793275 2.58450121489009 4.28429636747318 -1.65190125603334 -1.24643784329213 -0.958757233304081 -0.735619789141063 0.850989636203373 0.44802438818686 0.512168165143535 0.387375632722534 1
"1" -2.05386489179876 -1.41277000271016 1.25276628076937 0.882687600018655 3.09726704574111 4.20159070082103 -1.6519011824052 -1.24643749491289 -0.958757022293212 -0.735618488575541 0.850989311432131 0.448023735870586 0.512168353281033 0.387376222434397 1
"1" -1.95789652196171 -1.57280420847891 1.01771255846597 0.890590409344914 2.60237567147757 4.47582123773403 -1.65190140886929 -1.24643755908657 -0.958756913887659 -0.735618341118839 0.850989513728636 0.448023894066622 0.5121681650805 0.387376122120602 1
"1" -1.70867993080654 -1.37663118124207 0.777079703980767 0.875677192239532 2.31641266980394 4.12918449300701 -1.65190158707331 -1.24643750230235 -0.958756984260589 -0.735618981932214 0.850989817862275 0.448024251655593 0.512167684030484 0.387376096309188 1
"1" -1.89430809394106 -1.478692413302 1.05335207587684 0.972538151719243 2.75743839682334 4.35245004417698 -1.65190118288235 -1.24643766707516 -0.958757066355267 -0.735619146615683 0.85098944634316 0.448023858508879 0.512168314356613 0.387376047857875 1
"1" -2.05521693601739 -1.55537390993745 1.00402765775844 1.00526621060233 2.78591405323084 4.84264022443113 -1.65190101270018 -1.24643738512629 -0.958756401082634 -0.735618974241346 0.850989466704393 0.448023827176783 0.512168537960966 0.387375808859828 1
"1" -1.90720743506981 -1.34140958329978 1.12868122347854 0.927764886041386 2.62295367026013 4.26249437921859 -1.65190133305917 -1.24643789916092 -0.95875714359759 -0.735619988821489 0.850989630159564 0.448023924953227 0.512168346240087 0.387375794067775 1
"1" -1.88614716576262 -1.41692867557129 1.2019854395021 0.865975353856639 2.75840834049096 4.34327809084037 -1.65190141665407 -1.24643734507035 -0.958757484084684 -0.73561901607476 0.850989560621315 0.448023955285338 0.512168395370484 0.387375780878412 1
"1" -1.8172082643494 -1.40616020235131 1.51250300949624 0.974928695567847 2.97226242863972 4.67642669214381 -1.65190111306233 -1.24643731198903 -0.9587578936236 -0.735619580873977 0.850989378310873 0.448023943938736 0.512168802553032 0.387375511554053 1
"1" -1.877792811829 -1.22830831216199 1.05464173053577 0.721815732629346 2.70469576851835 4.25990908021893 -1.65190138368807 -1.2464379289286 -0.95875712673829 -0.735619806168563 0.850989780839478 0.448024023450895 0.512168466371165 0.387375449724465 1
"1" -1.84818759665881 -1.48938310967099 0.806440661997413 0.922016945695995 2.33268331249355 4.42994941849933 -1.65190145835631 -1.2464375992792 -0.958756657116495 -0.735618861977158 0.850989692522707 0.448024163747246 0.512167783176763 0.387376169819865 1
"1" -1.69276066934413 -1.41162024736198 1.09627132828321 0.924528475070981 2.36684771962316 4.38262952452407 -1.65190127950812 -1.24643690601213 -0.958757396743521 -0.735618559165721 0.850989321149196 0.448024814519033 0.512167535050536 0.387376283941274 1
"1" -1.93168369697126 -1.58665617625633 1.2259120605171 0.935295939243422 2.99591713422758 4.59917665922568 -1.65190142919334 -1.24643705960071 -0.958757566081951 -0.735617778011358 0.850989434619903 0.44802390134879 0.512168366948634 0.3873759684249 1
"1" -1.91344564007087 -1.36278897579441 1.26316929379098 0.878047206555616 2.64765395544386 4.3255335631361 -1.65190130832727 -1.24643787127511 -0.958757362337363 -0.735619657275895 0.85098960039043 0.448023935454633 0.512168417566331 0.387375735372878 1
"1" -1.79659107348108 -1.35528393865813 1.24824833027845 0.869554736534085 2.57973324658956 4.18437575604419 -1.65190140439443 -1.24643783331171 -0.958757747711273 -0.735619416199501 0.850989674736788 0.448023971727902 0.51216832393948 0.387375741922853 1
"1" -1.81477896071953 -1.33515584937296 1.28443887631015 0.785036931628425 2.75959429789818 3.98643324757995 -1.65190140528055 -1.24643794413787 -0.958757842730479 -0.735618989424201 0.850989755691601 0.448024008727416 0.512168503642874 0.387375443261898 1
"1" -1.78859491226294 -1.44937030407811 1.11884211266206 0.782850017575906 2.98097815337391 4.22036868472795 -1.65190148595245 -1.24643773369087 -0.958757848238417 -0.735618400546505 0.850989675520305 0.448023966208332 0.512168303856513 0.387375767360028 1
"1" -1.85777786313866 -1.35656696052353 0.966001795361005 0.787709814583212 2.36995432504828 4.41865683986284 -1.65190141534065 -1.24643766439628 -0.958756701038678 -0.735618861279022 0.850989658188875 0.448024030362567 0.512167704682256 0.387376388829336 1
"1" -1.91651891082066 -1.45006403253368 1.2008529671978 0.899134834272648 2.62152255102833 4.52848647114371 -1.65190153213751 -1.2464372973791 -0.958757428095437 -0.735618813204541 0.850989785641475 0.44802415034889 0.512168713153379 0.387375078843282 1
"1" -1.76408073912795 -1.42290910432247 0.940469987515643 1.10824804651068 2.37747201159384 4.88645510609132 -1.65190132032839 -1.24643731438361 -0.95875706983898 -0.735619760701948 0.850989533033783 0.448023852192202 0.51216749056948 0.387376873311815 1
"1" -1.8130678362987 -1.42691103749022 0.861498309172246 1.04711219771689 2.60876502801547 4.7369166780169 -1.65190148995231 -1.24643767798058 -0.958757007200147 -0.735620081803678 0.850989608960744 0.448023904914909 0.512167904956923 0.387376310861098 1
"1" -1.52522980931322 -1.19398919710285 1.07657148426755 0.900766002619105 2.61437535315577 4.27684952940251 -1.65190165673002 -1.24643702495411 -0.95875839901528 -0.735619939405921 0.850989739173523 0.448024006691563 0.512167998513281 0.387376011778651 1
"1" -1.93173155337763 -1.42121489675977 1.17216192544158 0.836921475875246 2.86167015167711 4.06413601946482 -1.65190118460601 -1.24643776116281 -0.958757221923839 -0.735618773849301 0.850989673688365 0.448024097070994 0.512168303220831 0.387375669823207 1
"1" -1.90513561637515 -1.31115867559745 1.15148013147894 0.874087927550123 2.73117925251845 4.34528538754763 -1.65190135638164 -1.24643777714788 -0.958757241962808 -0.735620026649326 0.850989673542773 0.44802398156441 0.512168475452141 0.387375569980898 1
"1" -2.05975355617447 -1.3911714292798 1.01831397398557 1.05115275959638 2.52805604725872 4.43510376801429 -1.65190123321056 -1.24643768079548 -0.958756478236734 -0.735620235482439 0.850989689855442 0.448023889748809 0.512168394607732 0.387375713469415 1
"1" -1.84822097397094 -1.37125563431312 1.12455860988903 0.876872590270612 2.92409992614936 4.3280488543486 -1.65190138209033 -1.24643783563676 -0.958757521357733 -0.735619542317275 0.850989628624542 0.448023933529643 0.512168339821475 0.38737579593713 1
"1" -1.85849513971574 -1.5335165169303 1.22354096809376 1.00197261696778 2.81925777012943 5.08463862565465 -1.65190131058789 -1.24643697863261 -0.958757538035763 -0.735618938761533 0.850989384652505 0.448024285923782 0.512168117584764 0.38737599297471 1
"1" -2.00893073304799 -1.41656157967403 1.03953078549022 0.932127559877506 2.62463909484221 4.58150862351795 -1.65190131749825 -1.24643759060196 -0.958756706497488 -0.735619742100074 0.850989530514781 0.44802387932174 0.512168322461607 0.387375946078771 1
"1" -1.87069129238682 -1.4444106091335 1.19167194022412 0.919903514318261 2.63165360432627 4.51021502632457 -1.65190116933093 -1.2464372451961 -0.958757185857977 -0.735619063899033 0.850989370448138 0.448023878616804 0.512168488708131 0.38737591149029 1
"1" -2.24404031176159 -1.52838005406141 1.40622695491261 0.884063344454291 3.22393763303055 4.53079296594416 -1.65190107139263 -1.24643738929799 -0.958756667550179 -0.73561857029846 0.850989229999609 0.448023733904595 0.512168547219031 0.387376086589568 1
"1" -2.01162137908033 -1.43255146010985 1.25802198344231 0.855951937492702 2.65554816445807 4.37988963887142 -1.65190120904987 -1.24643755840271 -0.958756960131731 -0.735618965488344 0.8509895087143 0.448024441991883 0.512168301169407 0.38737555971799 1
"1" -1.83739259795606 -1.26940519984392 1.1665028113358 0.86625045895975 2.86237470698407 4.39459724385259 -1.65190140728634 -1.24643760927104 -0.958757550483731 -0.735620253235868 0.850989706150484 0.448024015033706 0.512168510490204 0.387375476306959 1
"1" -1.85782893093862 -1.39263203455318 1.18086879894292 1.00262439525529 2.54522891320672 4.42657534812059 -1.65190126736425 -1.24643739637482 -0.958757317692551 -0.735619571639611 0.850989510311927 0.448023785401932 0.512168049485611 0.387376334493434 1
"1" -1.97506781500963 -1.42815922465133 0.975452113277521 0.884485487130533 2.63276567299081 4.2824084877559 -1.65190136955659 -1.24643783203342 -0.95875674953108 -0.73561922021027 0.85098961634242 0.448023932243582 0.51216829000129 0.387375862587254 1
"1" -1.93003467202493 -1.34302626034165 1.20138623975309 1.15326349907541 3.02264007087499 4.78487059611984 -1.6519012179759 -1.24643777945163 -0.958757289510489 -0.735621234306889 0.850989434988296 0.448023784688201 0.51216830078446 0.38737612943609 1
"1" -1.84840560950221 -1.37062346462321 1.28425403277254 0.885307615944083 2.81142472009162 4.2476745056393 -1.65190141048002 -1.24643725490925 -0.95875779023636 -0.735619240660709 0.850989796212111 0.448023955953187 0.512168581461188 0.387375361453009 1
"1" -1.88941279886402 -1.32578453973337 1.23496815555778 0.864601507257852 2.84930698235949 4.39017258214697 -1.65190131270042 -1.2464377708772 -0.958757515043292 -0.73561983893141 0.85098982052819 0.448023941061584 0.512168556845812 0.387375377459679 1
"1" -1.98172871941576 -1.446930836981 1.43257733248308 0.783195585217495 3.13092624075057 4.06519330036644 -1.65190094561751 -1.24643770657635 -0.958757454570111 -0.735618293493346 0.850989490451657 0.448023994258503 0.512168892108698 0.387375272666713 1
"1" -1.90358246780828 -1.40962711400389 1.19577909702922 0.878724508925658 2.83941045867092 4.42135788441194 -1.65190128246811 -1.24643741683906 -0.958757285596983 -0.735619208880403 0.850989702679509 0.448024104163887 0.512168123615601 0.387375834090465 1
"1" -1.91284990924359 -1.51798235051787 1.22224226163425 0.833475572516805 2.62085931899232 4.44987535405869 -1.65190137952523 -1.24643762879255 -0.958757393637266 -0.735618462040907 0.850989530844999 0.448023920436105 0.51216829490452 0.387375944493238 1
"1" -1.95413499868233 -1.51456179626076 1.15380474131507 0.965545574840465 2.71685225619919 4.67364234636451 -1.65190121592716 -1.24643757802226 -0.958757131236068 -0.735619157698245 0.850989696948496 0.448023865954929 0.512168183064416 0.387375956250855 1
"1" -2.10491802111553 -1.49015722002373 0.988355510657062 0.985471795373825 2.46588642582165 4.65120260259201 -1.65190127312987 -1.24643718672073 -0.958756293973783 -0.735619218954169 0.850989346423684 0.448023799912446 0.512168176815086 0.387376334302334 1
"1" -1.99807853870428 -1.36165017998874 1.00005278476449 0.858580957132579 2.77699662734781 4.74846216783583 -1.65190110726415 -1.24643735346972 -0.958756489790032 -0.735619451013751 0.850989436035056 0.448024050547742 0.512167878373383 0.387376386981912 1
"1" -1.77169397773674 -1.32944162622445 0.865744838619949 0.898044636492278 2.47670225370861 4.44119734825279 -1.65190158921576 -1.24643774177328 -0.958757105625353 -0.735619947757824 0.850989850659778 0.448024067292849 0.512168126261931 0.387375723915951 1
"1" -1.81111367144772 -1.35455872819988 1.17921328132333 0.974370435219528 2.73362082931132 4.32801865309769 -1.65190134751648 -1.24643744800556 -0.958757587303016 -0.735619449422147 0.850989416769895 0.448023807175132 0.512168060850569 0.387376391065249 1
"1" -2.02219993194264 -1.39994067007233 1.32795797084271 0.887730569726949 2.85272044504742 4.33431601292774 -1.65190121944932 -1.24643784533916 -0.958757169255607 -0.735619499973367 0.850989507129416 0.448023884807128 0.512168530469759 0.387375736048519 1
"1" -1.86836095383337 -1.41609751128294 0.971169721909091 0.988256162498458 2.87607468146382 4.87957878168934 -1.65190117566535 -1.24643767355143 -0.958756884403201 -0.73561952644578 0.850989718550361 0.448023991849177 0.512168643615429 0.387375337222282 1
"1" -1.81853936605729 -1.55642365153168 1.14390195070052 0.917131578243738 2.99872074642236 4.49931810943711 -1.65190147011935 -1.24643723634083 -0.958757808785669 -0.735618325624891 0.850989453709704 0.448023847247401 0.512168151441802 0.387376227694566 1
"1" -1.8783214758366 -1.30739787610577 1.39947262789686 0.968821621847092 2.99276807355738 4.32159831464384 -1.6519009854623 -1.2464373086554 -0.958757635209096 -0.735619849103037 0.850989356760108 0.448023708447691 0.512168295630739 0.38737626486772 1
"1" -2.14294014271621 -1.32754490390054 1.07301588502305 0.993452336917505 2.69552691632963 4.62326027658501 -1.6519010023744 -1.24643753432116 -0.958756324106453 -0.735620207190224 0.850989815117564 0.44802421172073 0.512168629877552 0.387375095989179 1
"1" -1.8271802367723 -1.3873065679108 1.12414257356697 0.894850930626869 2.6028900173844 4.34903219861486 -1.65190140272026 -1.24643736054836 -0.958757416220363 -0.73561891704259 0.850989697436251 0.448024145129922 0.512168276919805 0.387375640131357 1
"1" -1.98938072705541 -1.40233489657285 0.92593550576765 0.86514046399984 2.51501077466135 4.13195401718645 -1.65190083441286 -1.2464379960022 -0.958755899395261 -0.735619234295157 0.850989491210457 0.448023984059375 0.512168474016226 0.387375736517271 1
"1" -1.76826284154637 -1.20143141876609 1.2391918609586 0.879407953940191 2.90553342208225 4.67955354090123 -1.65190130273973 -1.2464379716861 -0.958757834613327 -0.735621280646645 0.850989675497386 0.448023921927647 0.512168345366465 0.387375755838371 1
"1" -1.84150407764416 -1.36450258481314 1.29689135863222 0.796815975073652 2.95499891150491 4.31940001278808 -1.65190135972653 -1.24643785998948 -0.958757844541188 -0.735619236196532 0.850989647495194 0.448023950698229 0.512168456544287 0.387375638041508 1
"1" -2.02815415678202 -1.49048277353352 0.917145735120015 0.934103622235716 2.60788036470671 4.17886090937466 -1.65190136718092 -1.2464374689874 -0.958756508289358 -0.735618719478754 0.850989494187461 0.448023875002338 0.512168194772244 0.387376122121978 1
"1" -1.85624191358517 -1.23625326860642 1.34198302730451 0.94558614697044 2.7064985162461 4.54955913238681 -1.65190102031631 -1.24643800208747 -0.958757506532327 -0.735621203001302 0.850989656826042 0.448024000096577 0.512168425936624 0.387375625226766 1
"1" -1.83922164629679 -1.43701060527225 0.965343735601242 0.97882653033755 2.39973267778219 4.49417912896524 -1.65190110936455 -1.24643767025684 -0.958756075313018 -0.735619552310866 0.850989384334379 0.44802380911812 0.512168494458111 0.387375945559015 1
"1" -2.10774414073345 -1.40035612760052 1.10845009574637 0.883143355835858 2.75149204091113 4.49590480817128 -1.65190119628042 -1.24643760238792 -0.958756532805259 -0.735619492109731 0.850989404021876 0.448023820379725 0.512168392711824 0.387376030098616 1
"1" -1.80678847142737 -1.43151329806459 1.32652254797257 1.0314426720301 3.01111388651824 4.71036047767874 -1.65190140518396 -1.24643719329342 -0.958758076270659 -0.735619602687145 0.85098945270825 0.448023878951185 0.512168300837988 0.38737604119441 1
"1" -1.98112724842123 -1.59711595155687 1.32656479037787 0.984690722650964 2.77529273002253 4.77418774674404 -1.6519012805362 -1.24643743837548 -0.958757372102591 -0.735618644008745 0.850989349566902 0.448023805551767 0.512168263130572 0.387376232822313 1
"1" -1.92286925422642 -1.46348964030274 0.986134567249047 0.809246102783488 2.52211073594069 4.53348291155252 -1.65190142556548 -1.24643775945537 -0.958756887178333 -0.735618884259446 0.850989631744293 0.448023955705103 0.512168203465812 0.387375925117917 1
"1" -1.7873657956955 -1.28882687487396 0.948783401529083 1.01375512038091 2.59087532710579 4.51804648649596 -1.65190153284415 -1.2464375786613 -0.958757227287789 -0.735620710431493 0.850989795635766 0.448024045346358 0.512168276655537 0.387375626727115 1
"1" -1.94390433083992 -1.31094845024784 1.14891577098019 0.892009959907385 2.81822787188838 4.29867460219203 -1.65190128353348 -1.24643796722879 -0.958757119235074 -0.735620163593361 0.850989624635356 0.448023914637031 0.512168451264903 0.387375692261747 1
"1" -1.91508990886585 -1.36192959477672 1.13718617686581 0.867897680179794 2.75085422732604 4.3100091875507 -1.65190137570581 -1.24643770258712 -0.958757235048057 -0.735619574984595 0.85098964437488 0.448023967389928 0.512168446833056 0.387375638763249 1
"1" -1.71701229643615 -1.36668102157119 1.07945939300822 0.887278791498471 2.49644219447976 4.11849590208996 -1.65190162482028 -1.24643717477333 -0.958757753530915 -0.735618761572636 0.850989711080697 0.448024057278339 0.512168212939445 0.387375764611762 1
"1" -1.94590444671232 -1.43520864017084 1.21543200536427 1.07837798727937 2.81926730135747 4.8817732635288 -1.65190119117942 -1.24643712947997 -0.958757157956533 -0.73561994401072 0.850989366601453 0.448023992068537 0.512168167564867 0.387376179238516 1
"1" -1.80237874618649 -1.28860617810841 0.965563964276103 1.0535788929952 2.46079845432817 4.66931713472231 -1.65190145271252 -1.24643770485906 -0.958757089309067 -0.735621120585252 0.850989699914956 0.448023972372615 0.512168114240474 0.387375947479517 1
