"1" -1.88863351389264 -1.42357575444308 0.946238476843026 1.18007148595573 2.42767721754724 4.7318127078143 -1.62114048213733 -1.21567570467626 -0.927993976862618 -0.704852412564595 0.436473422089894 0.324299059933954 0.795991883730505 0.706402830250201 1
"1" -1.72596486464383 -1.3748661951918 1.10279861549414 0.8191615008516 2.68756383044392 4.42361264710076 -1.62114050436501 -1.2156758147319 -0.927994260493336 -0.704852127347361 0.436473529567381 0.324298839227619 0.795991969653856 0.706402891542952 1
"1" -1.88727503232153 -1.46980050975655 1.21029926869017 0.821295227556867 2.71662373773046 4.4137174018338 -1.6211404179129 -1.21567579434986 -0.927994177820461 -0.704851989989682 0.436473580935598 0.324298821632293 0.795991950105621 0.706402858061517 1
"1" -1.98661067021793 -1.46283259023938 1.34349909815168 0.941100647022545 2.81550360907097 4.71187023437103 -1.62114044736912 -1.21567580274096 -0.927994172759057 -0.704852249538103 0.436473591746074 0.324298864757782 0.79599190986377 0.706402821532444 1
"1" -1.64131814485291 -1.31234750214493 1.23126690922604 0.973019373417989 2.80368243787353 4.80175181053659 -1.6211404168551 -1.2156758089401 -0.927994296723413 -0.704852518076538 0.436473596675758 0.324298881045753 0.795991896090882 0.70640280496137 1
"1" -1.82277111864839 -1.33888201595491 0.775718203375788 0.665936073528398 2.34725415301387 4.3253289923108 -1.6211405257386 -1.21567583332952 -0.927993931960128 -0.704851976696895 0.436473499964557 0.324298791400867 0.795992032973182 0.706402939749075 1
"1" -1.86333708193746 -1.33704010193267 1.00433030548464 0.856940311418234 2.51316391315136 4.29460373517709 -1.62114048819522 -1.21567581827001 -0.92799404908692 -0.704852224889655 0.43647353746437 0.324298854352019 0.795991967540969 0.70640286001889 1
"1" -1.59146936692253 -1.23143634703907 0.862991668145778 1.00473100576553 2.34631785706248 4.57695458002991 -1.621140534708 -1.21567586293084 -0.927994106749161 -0.704852671335348 0.436473401067369 0.324298928842691 0.795991997269685 0.70640293221493 1
"1" -1.69611994673967 -1.26010870240059 0.708168774075959 0.888304910888039 2.33403739885624 4.68191260977538 -1.62114051403204 -1.21567587472257 -0.92799393504062 -0.704852544107108 0.436473386030834 0.32429888282161 0.795992048338609 0.70640296816362 1
"1" -1.76963623529412 -1.27409111929519 0.877982572789962 0.956210256099912 2.46062014361365 4.64044610673248 -1.62114044634526 -1.21567588259836 -0.927993989990876 -0.704852616130959 0.43647348598035 0.324298891562103 0.79599196624393 0.706402887237077 1
"1" -1.93051498556324 -1.44126577638858 0.798790894329521 0.858178795946871 2.33095607247114 4.41918740673768 -1.62114046935902 -1.21567577616663 -0.927993873763759 -0.704852058417725 0.436473486876264 0.324298771570115 0.795992073586296 0.706402946132812 1
"1" -2.02963281725667 -1.530762204886 0.989245104589703 0.963570260295169 2.79542252639129 4.72505992909827 -1.62114050380114 -1.21567582056039 -0.927994003766575 -0.704852164626093 0.4364735622287 0.324298935478588 0.795991885377665 0.706402791189039 1
"1" -1.97517004199155 -1.3630141115256 1.05211249643029 0.81570720732084 2.45214164099112 4.47681703323785 -1.62114040973118 -1.21567586463635 -0.927993959108815 -0.704852262319818 0.436473556991755 0.324298802761021 0.795991974063499 0.706402896961714 1
"1" -1.86821677150288 -1.41516449081946 0.892111695377918 1.11043380677042 2.37664506236315 5.06087811406454 -1.62114049169007 -1.21567582239089 -0.927993962386876 -0.704852549273391 0.436473444388919 0.324298967843804 0.795991950092852 0.706402858860234 1
"1" -1.86573304201669 -1.4496800217402 0.996135063683211 0.91587815718544 2.77135332931088 4.49724921562006 -1.62114048874091 -1.21567579567503 -0.927994097722133 -0.704852157332247 0.436473518800009 0.32429888455397 0.795991947010815 0.706402866777051 1
"1" -1.75795989250632 -1.27687690547279 1.207020358075 1.05578771224766 2.8797934043573 4.65541468387085 -1.62114047045545 -1.21567584513314 -0.927994281009076 -0.704852704269478 0.436473543093013 0.324298899664762 0.795991912946616 0.706402843164015 1
"1" -1.87090376510561 -1.32582179584586 1.0213214646331 1.03322541983906 2.79849836856314 4.76807556490783 -1.62114040125786 -1.21567577105337 -0.92799404574017 -0.704852598083392 0.436473532647998 0.324298923928196 0.795991905278947 0.706402832483277 1
"1" -2.06799776359923 -1.42079957418334 1.17016576747628 0.807498484321237 2.93411104695316 4.23384857280892 -1.62114041775161 -1.21567577284176 -0.927994048089788 -0.704851966141221 0.436473688159801 0.324298578917864 0.795992077779052 0.706402907976729 1
"1" -1.91048744500094 -1.37939748015257 1.34099288466567 0.995225003669714 3.16895381273157 4.68470439707772 -1.62114044258878 -1.21567579408683 -0.927994271343613 -0.704852428136745 0.436473608032549 0.324298825565623 0.795991947370428 0.706402813696837 1
"1" -1.74832133839273 -1.42584107242978 0.964335985356074 0.788809458338138 2.52222273319911 4.54244050139958 -1.62114057310252 -1.21567577847636 -0.92799416528809 -0.704852042019291 0.436473515883419 0.324298930437404 0.795991916766544 0.706402837031869 1
"1" -1.60386571027256 -1.24050610832154 0.816901446963599 1.00353697425494 2.40973538252947 4.69923827115395 -1.62114047487731 -1.215675833976 -0.927994047727125 -0.704852691452568 0.436473407282852 0.324298942416019 0.795991972024429 0.706402929413389 1
"1" -1.96287426921463 -1.21887142809275 1.01272653696307 1.01783514436956 2.93980144543703 4.71247015654645 -1.62114036298776 -1.21567575633493 -0.927993956116733 -0.704852698329119 0.436473476774503 0.324298895966487 0.795991997516221 0.706402862726494 1
"1" -1.81566177648473 -1.46436024952275 1.24323546554993 0.826004792135002 2.94018900319295 3.98809763891697 -1.62114048906913 -1.21567572068715 -0.927994321637215 -0.704851803876164 0.436473577224251 0.32429881882909 0.795991957836132 0.706402859762546 1
"1" -1.85895491159728 -1.29985684951773 0.952308128094708 0.839229699711519 2.53977240463285 4.19558521334644 -1.62114047989134 -1.2156758845483 -0.927994010325624 -0.704852288078667 0.436473554206285 0.324298779418507 0.795991994312371 0.706402913615564 1
"1" -2.03515308201913 -1.42015454244905 1.12762262134757 0.625728264179013 2.96578037516815 4.11806031614378 -1.62114045704863 -1.21567581892634 -0.92799406526919 -0.704851754977682 0.436473688687789 0.324298628065194 0.79599201548933 0.706402901434268 1
"1" -1.76548732209188 -1.33341714774418 0.602559968524411 0.859855184561669 2.32828117654432 4.5377122683827 -1.62114053499355 -1.21567584511761 -0.927993863988989 -0.704852335129752 0.436473384433191 0.324298904160074 0.795992020013279 0.706402969450994 1
"1" -1.94745060235897 -1.51985633171252 1.07048533428492 0.969543305257448 2.70275745307453 4.6400414846222 -1.62114047335441 -1.21567568401972 -0.927994070709594 -0.704852067676517 0.436473501402706 0.324298963540227 0.795991903189438 0.706402826036594 1
"1" -1.78798449403343 -1.44076889965076 1.08961833297101 1.02512579171709 2.76203854807758 4.72663177820246 -1.62114049537793 -1.21567577388448 -0.927994212106729 -0.704852312896178 0.436473494837816 0.324298939890614 0.795991922172273 0.70640285023726 1
"1" -1.84214912423478 -1.40315255529376 1.1155410139892 0.804384891496312 2.77616837306797 4.46605356682989 -1.62114043132884 -1.21567575261167 -0.927994163193792 -0.704852085327502 0.436473544300224 0.324298826384798 0.795991969612553 0.706402887314172 1
"1" -2.11352532397118 -1.32323637871781 1.14826928516569 1.04852175091686 2.59845023060541 4.8236584126104 -1.6211404301827 -1.21567595555552 -0.927993940586728 -0.704852766782409 0.436473614396836 0.324298859712156 0.795991931850361 0.706402771235648 1
"1" -1.80465376017689 -1.42494372668535 0.984272810186731 1.02989755280584 2.65607580895287 4.71512448264613 -1.6211404925165 -1.21567572797094 -0.927994113578892 -0.704852311017504 0.436473454164807 0.3242989718388 0.795991941666252 0.706402846872826 1
"1" -1.78010008686545 -1.43661685951985 1.28089404979244 1.11770189834355 2.94567608182422 4.71761121318437 -1.6211404615571 -1.21567578457224 -0.92799435279286 -0.704852374887586 0.436473515961812 0.324298910182966 0.795991952993893 0.706402828353874 1
"1" -1.80111305034101 -1.42158484980061 1.01546965523612 0.944583702744697 2.7279650871009 4.30799392745721 -1.6211404963823 -1.21567573101176 -0.927994153080768 -0.704852145155232 0.436473511372702 0.324298875842546 0.795991959245424 0.706402877954727 1
"1" -1.89020755996424 -1.35656023639083 1.13616691464258 0.934650764717226 2.5148250879583 5.17311416774241 -1.62114046275546 -1.21567583590244 -0.927994084231015 -0.704852581277016 0.436473533583571 0.324298898533907 0.795991920253635 0.706402851811634 1
"1" -1.73543609519954 -1.23699551380809 1.14225012307781 1.05593537825604 2.83673629036021 4.75148768986612 -1.62114048109624 -1.21567581344404 -0.927994251293724 -0.704852764399392 0.43647351091219 0.324298967116582 0.795991897753225 0.706402811961901 1
"1" -1.76264743547481 -1.35531616432104 1.02545339362592 0.665882771980397 2.68213027244819 4.39607919375984 -1.62114047465697 -1.21567586702891 -0.927994174342639 -0.704851951001068 0.436473547652877 0.324298712017015 0.795992079012713 0.706402932282137 1
"1" -1.8010538468051 -1.32997230710413 1.20873110577787 0.942810746776341 2.80269027352983 4.81639754602123 -1.62114044166356 -1.21567573557267 -0.927994186306074 -0.704852347509451 0.436473425098766 0.3242990421162 0.795991886604157 0.706402848098018 1
"1" -1.89231396870331 -1.35531978948951 0.855816089267571 0.908269112946935 2.27466591096905 4.66172062229452 -1.62114048760752 -1.21567577754624 -0.92799389894976 -0.704852392546673 0.436473471253028 0.324298899946569 0.795991962512438 0.706402901725348 1
"1" -1.90013710268369 -1.49980002285936 1.11343096712091 0.976542989606811 2.60836589799942 4.46297504346476 -1.621140389918 -1.21567577537707 -0.927993958886417 -0.704852106694911 0.43647363077441 0.324298857535729 0.795991896924855 0.70640278534007 1
"1" -1.6789328594867 -1.32260852747005 0.957912086058402 0.813707539557035 2.53020734209002 4.51393050664961 -1.62114051992712 -1.2156758309362 -0.927994163835546 -0.704852247189047 0.436473479760688 0.324298855967787 0.795991988768341 0.70640292429778 1
"1" -1.6802032327098 -1.26305966350682 1.03142054192305 1.02630934100689 2.70871240527217 4.57870401815141 -1.62114049606989 -1.21567583932869 -0.927994217175241 -0.7048526583184 0.436473488170148 0.324298909607447 0.795991943085519 0.706402882069953 1
"1" -1.87939480675546 -1.40703020244186 1.23527773741885 1.06966439183944 2.85660862483615 4.73543018127359 -1.6211404986746 -1.2156757130176 -0.927994235733444 -0.704852431482429 0.436473572843422 0.324298958520411 0.795991862715114 0.706402765448269 1
"1" -1.8370853547836 -1.36086993427539 1.33062872881806 0.931028000614674 3.22085342483959 4.27605920173389 -1.62114046362697 -1.21567571778844 -0.927994349476591 -0.704852188023011 0.436473631037283 0.324298764817078 0.795991956397577 0.706402855787462 1
"1" -1.88277295117162 -1.3705170371075 1.23248100089896 0.90677284974867 2.98055528661905 4.59911777535772 -1.62114045950765 -1.21567570987047 -0.927994222859774 -0.70485229240862 0.436473595954968 0.324298816318089 0.795991941267182 0.706402851744694 1
"1" -1.81026495354666 -1.30474214209993 1.08531640155154 0.879581243586766 2.75352207716032 4.36838975232125 -1.62114049465773 -1.2156758437333 -0.927994176286095 -0.704852349522161 0.436473591210622 0.324298788564074 0.795991975219124 0.706402863527692 1
"1" -1.85360000338348 -1.44208064388877 1.11952949261868 0.703445350624112 2.55826056357348 4.3458311316738 -1.62114049081659 -1.21567567592084 -0.927994154392269 -0.704851805518134 0.436473558644115 0.324298804795883 0.795991977226091 0.706402888250176 1
"1" -1.96543158914878 -1.42074746209516 1.01255387576749 1.10747097509379 2.88605754889349 4.88694499163964 -1.62114045732296 -1.21567560143201 -0.92799402703266 -0.704852380056244 0.436473512121063 0.324298963574871 0.795991893842225 0.706402819209182 1
"1" -1.98060622999277 -1.29733947449199 1.01394931727563 0.927033246606998 2.58104759440206 4.39953488417656 -1.62114039303481 -1.2156758089981 -0.927993930338129 -0.70485245149935 0.43647353620064 0.324298883647826 0.79599192919619 0.706402859798046 1
"1" -1.92835366341287 -1.44739323016937 0.634909603936891 0.924132072646962 2.34328884274591 4.59000865070122 -1.62114047365465 -1.21567581020217 -0.927993767306367 -0.704852234114101 0.436473365422437 0.324298946103357 0.795992005668414 0.706402953579974 1
"1" -1.77869312213695 -1.44523139828852 1.07376253947094 0.881391215063267 2.7444714393221 4.33259996506033 -1.62114048572011 -1.21567582745347 -0.92799422045712 -0.704852062781971 0.436473520629395 0.324298897467459 0.795991947963908 0.706402844547914 1
"1" -1.93420495216751 -1.49982191264054 1.06030175604557 0.897264105301546 2.72219980378485 4.4746635508057 -1.62114047650051 -1.21567578123804 -0.927994081442575 -0.704852053192051 0.436473539221602 0.324298869926409 0.795991944757556 0.706402858654633 1
"1" -1.95228929375478 -1.4668591244682 1.09885334483498 0.790584451807235 2.43827574608404 4.59506979920446 -1.62114048566538 -1.21567584728786 -0.92799405464662 -0.70485204538802 0.436473569205721 0.324298836991179 0.795991964382751 0.706402839365324 1
"1" -1.8575563992115 -1.39919698300356 1.00608674804105 0.899456941762977 2.48934700456589 4.45395910050935 -1.62114048885135 -1.21567582131752 -0.927994054365659 -0.704852236082949 0.436473517122462 0.324298867280226 0.795991957286855 0.706402883382424 1
"1" -1.86897782234787 -1.54757353398245 0.969434182715847 0.992984799951501 2.67200759322792 4.50991203975569 -1.62114050142933 -1.2156757418994 -0.927994086065863 -0.70485203181926 0.436473479012104 0.324298938594862 0.795991938787668 0.706402859184243 1
"1" -1.96138057307409 -1.35605756050015 0.934637699801134 0.817069851066702 2.5103565767535 4.19053598530732 -1.62114047076946 -1.21567587708029 -0.927993935904601 -0.704852170821835 0.436473569312085 0.324298771715074 0.795991990471227 0.706402905407529 1
"1" -1.78981147446535 -1.19964427232689 1.21130759088668 0.990731917587109 2.82546991275371 4.70555060975681 -1.62114045184107 -1.21567581258711 -0.927994216226997 -0.704852777495229 0.436473537123705 0.324298931809965 0.795991890757732 0.706402829384053 1
"1" -1.73414124578186 -1.39637631159808 0.890744683115787 0.810036381260341 2.56660803449312 4.59841839131148 -1.6211405242694 -1.21567568784022 -0.927994106277668 -0.704852046515306 0.436473495066683 0.324298812020704 0.795992013541951 0.706402937926216 1
"1" -1.81853725510052 -1.43420263770196 1.06686365384415 0.976183820410182 2.78726925282926 4.47552675741741 -1.62114049139159 -1.21567579078274 -0.927994177315162 -0.704852225252884 0.436473517250916 0.324298900393394 0.79599193615413 0.706402857771225 1
"1" -1.87053193539 -1.29078354607082 1.06539002756382 0.838376344773969 2.55598035597111 4.51156930841693 -1.62114046521991 -1.21567567235143 -0.927994056842405 -0.704852306829744 0.436473529503245 0.324298882332448 0.795991935942597 0.706402864974058 1
"1" -1.73157122572997 -1.36239056872689 0.920258499999317 0.876400819881405 2.57236544189035 4.44369437419779 -1.62114053774313 -1.2156757768437 -0.927994122017447 -0.704852197945909 0.436473472769997 0.324298940206674 0.795991941833448 0.706402863310753 1
"1" -1.8438251577215 -1.38793716658297 1.02355391493086 0.918696095889949 2.33982798963936 4.51045489588833 -1.62114042315132 -1.21567584926849 -0.927994020386871 -0.704852284069179 0.43647353987627 0.324298853809478 0.795991970895771 0.706402853622052 1
"1" -2.04321560947027 -1.5766980423332 1.14446436791311 0.996712748075927 2.85581949248487 4.59673639472718 -1.62114042337833 -1.21567582638424 -0.927994047948737 -0.704852061804971 0.436473636274764 0.324298914131966 0.795991876003666 0.706402717741455 1
"1" -1.99854016948599 -1.33019288665571 1.29550882197262 0.946942515419445 2.99464411020033 4.55149894479817 -1.62114038514363 -1.21567578846558 -0.927994102045539 -0.704852443283996 0.436473553828296 0.324298907368718 0.795991900884688 0.706402828169563 1
"1" -1.7582324044678 -1.3855120257496 1.1698666465525 0.71990926294862 2.70191981608308 4.24757152541735 -1.62114049865837 -1.21567583002358 -0.92799428266863 -0.704851929152888 0.436473577105125 0.324298765818458 0.795991991644205 0.706402900654372 1
"1" -2.01717787151233 -1.40822585193798 1.20161731819524 0.881967305839615 2.9029708077063 4.56062678289365 -1.62114045169124 -1.21567575985179 -0.927994102818177 -0.704852115140991 0.436473697733049 0.324298617777911 0.795992013828066 0.706402903960188 1
"1" -2.06378606566279 -1.36523867930118 1.26278053817339 0.943552306209151 3.00729149986217 4.15556063570928 -1.62114042831769 -1.21567587759771 -0.92799407404517 -0.704852327281337 0.436473648843934 0.324298773881387 0.795991936838599 0.706402835754965 1
"1" -1.76810312217232 -1.28065772769387 1.1517835431068 0.966800635691269 2.72833672894161 4.70848445214391 -1.62114047427462 -1.21567585124612 -0.927994216924116 -0.704852622538951 0.43647353783208 0.324298880621333 0.795991929986701 0.7064028607977 1
"1" -1.66417011775863 -1.31897852144429 1.07994814591455 0.811755852567203 2.63568634806849 4.15427634273152 -1.62114051540249 -1.21567569846275 -0.927994283284949 -0.704851925237913 0.436473513648575 0.324298841298717 0.795991977441017 0.706402904957563 1
"1" -1.91560719828783 -1.46823879406687 1.49398998525279 0.881938250133027 3.19475935475389 4.61653313870715 -1.62114046711401 -1.21567564468574 -0.927994370302729 -0.704851882699138 0.436473709124108 0.324298621823183 0.795992005153241 0.706402889679078 1
"1" -1.79152148514847 -1.43778329060582 1.20915659381832 0.918672115582908 2.90449267104852 4.37852184136838 -1.62114049322117 -1.21567575053578 -0.927994319718092 -0.704852097684986 0.436473561090212 0.324298857250886 0.795991955994729 0.706402831570851 1
"1" -2.05279310916476 -1.26744554332206 0.932921268007956 0.791804001519205 2.46001303657675 4.2920745151343 -1.62114049684477 -1.21567595548586 -0.927993880640102 -0.704852400108773 0.436473650928129 0.324298756023826 0.795991956281045 0.706402837940212 1
"1" -1.72580322889321 -1.39078346608567 1.22444975532275 0.968837602548494 2.81667853342056 5.03231097000089 -1.62114037927796 -1.21567573133665 -0.927994272391822 -0.704852377040194 0.436473564310881 0.324298847775333 0.795991939664642 0.706402857048906 1
"1" -1.72074443791725 -1.25665968949813 0.82641535608488 0.700654713517676 2.39253830948925 4.19753175224647 -1.62114047889362 -1.21567588916069 -0.927993983982894 -0.704852140893011 0.436473465691348 0.324298756890651 0.795992066773787 0.706403006644496 1
"1" -2.11001977876252 -1.47968949659448 0.954628659316492 0.992431614304985 2.4813270585146 4.75590338951993 -1.62114044948095 -1.21567573920751 -0.927993854703899 -0.70485228246085 0.436473529447314 0.324298914302906 0.795991917718382 0.706402838268719 1
"1" -1.84553490369595 -1.25422994279728 1.32276805669737 0.806099891753238 2.98400646709501 4.32564496633932 -1.62114045151946 -1.21567590250532 -0.927994273476638 -0.704852382568703 0.436473642211463 0.32429874030692 0.79599196193812 0.706402867902054 1
"1" -1.95022173225926 -1.3728593863645 1.29011657971672 0.930537386763128 3.00914404923736 4.46050209285037 -1.62114045097086 -1.21567574654329 -0.927994198116249 -0.704852240515741 0.436473664909893 0.324298703060431 0.795991975853461 0.706402871853226 1
"1" -2.00620749605787 -1.60842201654991 0.91089864085313 1.00944107511605 2.83787741753747 4.89322641647125 -1.62114047905708 -1.21567572808134 -0.927993979783251 -0.704852047853249 0.436473491957277 0.324298959085773 0.795991916581123 0.70640283303683 1
"1" -1.93121422384182 -1.42467473557058 0.838537767755318 0.972506181678864 2.0584640389051 4.46582109232301 -1.62114049443428 -1.21567573261968 -0.927993847214526 -0.704852206002475 0.436473421703567 0.32429898804087 0.795991934635499 0.706402880824687 1
"1" -1.89736928431776 -1.54058446795503 1.36083143855315 0.997637691283232 3.13907131544722 4.67519094397784 -1.62114046866826 -1.21567574268027 -0.927994324459455 -0.704852092774053 0.436473561755632 0.324298914503267 0.795991897605555 0.706402809212063 1
"1" -1.85370193925214 -1.38156196720792 1.14097952333299 0.966722558467605 2.61407629652478 4.65942081030887 -1.62114047913004 -1.21567576908254 -0.927994172025579 -0.704852191028398 0.436473636761322 0.324298654016105 0.795992048559906 0.706402909855761 1
"1" -1.83729203374779 -1.33915520281741 1.0948597601034 1.10052402475141 2.83236386988585 4.66681331270502 -1.62114050427581 -1.21567580712217 -0.92799417514431 -0.704852621670785 0.436473552052956 0.32429895207761 0.795991877846494 0.706402790896 1
"1" -1.91245140095656 -1.34513807082227 0.915293743285236 0.8600969633857 2.35800939729411 4.37165173018791 -1.62114048942071 -1.21567592413036 -0.927993946869691 -0.704852302576095 0.436473539779436 0.324298813953329 0.795992008453656 0.706402871821291 1
"1" -1.86995443342829 -1.34197426300022 1.18684457029332 0.848971297086744 2.75644220401832 4.23469360881849 -1.62114041330301 -1.21567574182497 -0.927994165416392 -0.704852153555538 0.436473618603363 0.324298722588017 0.795991993044486 0.706402897247034 1
"1" -1.85951857231674 -1.2977883496175 1.29807607372014 0.957180444547595 2.77421314938187 4.65371667695879 -1.62114042837862 -1.21567582340387 -0.927994172268061 -0.704852501679381 0.436473561599732 0.324298767795787 0.795991993292726 0.706402919918682 1
"1" -1.78856409448579 -1.33166781688247 1.02628556533092 0.990321311755292 2.89858906602784 4.97549482357365 -1.6211404330375 -1.21567577519865 -0.927994151686988 -0.704852502284115 0.436473455588636 0.324298903707344 0.795992015599436 0.70640286547835 1
"1" -1.83137690562736 -1.39260789045466 1.42477542637564 1.08637146253718 3.33759352676087 4.42088334517923 -1.62114046041489 -1.21567573799981 -0.927994406575805 -0.70485226973446 0.436473540806229 0.324298997313619 0.795991865601024 0.706402756239191 1
"1" -1.88880085569365 -1.49432844050529 0.994497703270811 1.01597588644916 2.67370751942891 4.50936849897234 -1.62114045461056 -1.2156757136019 -0.927994062838804 -0.704852059795187 0.436473444932309 0.324298951542249 0.795991991478274 0.706402838489486 1
"1" -1.92913071024128 -1.52222077505479 1.209186752445 0.858658442580524 3.05041440843727 4.4736859564088 -1.62114047290599 -1.21567557046831 -0.927994221945583 -0.704851798642107 0.436473590859299 0.324298820978469 0.795991945910543 0.706402848107502 1
"1" -1.95710046914242 -1.35243487722554 1.30184475213235 0.965995751852478 3.09398493025946 4.44308147841957 -1.62114043901488 -1.21567585567237 -0.9279941878911 -0.704852439215954 0.43647361600155 0.324298826707761 0.795991919866737 0.706402828288646 1
"1" -1.97390687401759 -1.40211618718135 1.21407585334682 0.834585599141131 2.66335861389679 4.34160965131851 -1.62114041452156 -1.21567578414979 -0.927994089498309 -0.70485208279002 0.436473573660275 0.324298772845595 0.795992020865272 0.706402865681483 1
"1" -2.0788219499499 -1.40631712401034 1.07371609357 0.91229636554946 2.94947263630276 5.10512044243671 -1.62114043275985 -1.21567577199493 -0.927993971706262 -0.704852454171943 0.436473571774834 0.324298891792208 0.795991902969759 0.706402820712657 1
"1" -2.05078732163877 -1.48943794303599 1.04151071354199 0.939687567453481 2.54421360380824 4.77882698292636 -1.62114044758577 -1.21567575873587 -0.927993955577676 -0.7048522002244 0.436473547834516 0.324298866925748 0.795991963120707 0.706402830727899 1
"1" -1.88507547984752 -1.41634705734052 0.949325453136254 0.875004448879345 2.62050077340473 4.66339355025619 -1.62114048374425 -1.21567573233888 -0.927994018856952 -0.704852164342644 0.436473479465658 0.324298947388985 0.795991925901441 0.706402859262957 1
"1" -1.86626721563272 -1.3387946876722 1.14379470577025 0.894416524333583 2.7721870100934 4.56969166066866 -1.62114039549891 -1.21567584828716 -0.927994111060623 -0.704852396246918 0.436473601951222 0.324298822041249 0.795991932761853 0.706402843171028 1
"1" -1.69474745906315 -1.35495922557271 0.920456754171192 0.999521601945548 2.48372656173023 4.70553486291231 -1.62114043759573 -1.2156758268029 -0.927994015375774 -0.704852442205942 0.436473510963109 0.324298902322724 0.795991956650426 0.706402843463227 1
"1" -1.96184132648921 -1.37281743839302 1.56644594164266 0.984081436437079 3.12154307259798 4.58949087308656 -1.62114042343749 -1.21567583702097 -0.927994307866736 -0.704852399950533 0.436473624906642 0.324298865663991 0.795991945047277 0.706402732960978 1
"1" -1.9542802067896 -1.46101807715752 0.989104022427683 0.907036049181834 2.63375105284762 4.52758208908203 -1.62114045727962 -1.21567578457694 -0.92799401121503 -0.704852122337363 0.436473533504365 0.324298818345608 0.795992023517521 0.706402859597167 1
"1" -1.85406850850385 -1.42552690446698 1.29559647189722 0.656130209681321 2.98986123600215 4.13330128280401 -1.62114047802671 -1.21567583718628 -0.927994312454071 -0.704851764004931 0.436473643666024 0.32429870083552 0.795991994991527 0.706402887830526 1
"1" -1.74670385827273 -1.44814576744015 0.911572171389419 0.792883665732182 2.79092588550461 4.12012629661863 -1.62114050089249 -1.21567573391597 -0.927994156356635 -0.704851814301085 0.436473485617287 0.324298798144926 0.795992054387593 0.706402929984715 1
"1" -1.88884420086484 -1.37833249107751 1.2012412624117 1.01516570475628 2.83946462097004 4.80324073841104 -1.6211404603791 -1.21567570847637 -0.927994183639478 -0.704852442797111 0.436473588675406 0.324298815243827 0.79599194611772 0.706402859431438 1
"1" -1.96044397145496 -1.31022053820181 1.00485764310011 1.07699010198947 2.50723624270499 4.65226705637962 -1.62114044978187 -1.21567573165728 -0.927993944889428 -0.704852650826002 0.436473517337404 0.324298925543709 0.795991913254575 0.706402845419976 1
"1" -1.92146938475407 -1.4173433005449 1.18679934271469 0.835107341762965 2.78626649594622 4.23681971590016 -1.62114047692737 -1.21567582212359 -0.927994174054022 -0.704852027929348 0.436473602095275 0.324298824471013 0.795991969545396 0.70640280143222 1
"1" -1.82094745339959 -1.45194545748978 1.38824979899115 0.941833921201493 2.93777243807785 4.5686893168935 -1.62114036147913 -1.21567583410221 -0.927994266523746 -0.704852146515262 0.436473651342737 0.324298798689293 0.795991982358582 0.706402749417466 1
"1" -1.82155902706609 -1.37522008966355 1.06389143053311 1.0247767083775 2.70135041428426 4.81572846744536 -1.62114050703121 -1.2156756289178 -0.927994174560529 -0.704852316525762 0.436473607005343 0.324298746324399 0.795991994799051 0.706402879341346 1
"1" -1.88189888549365 -1.43858643482888 1.04622062486582 0.78902523682481 2.59957308144786 4.22888503846083 -1.62114044677443 -1.21567576332476 -0.927994073084734 -0.704851925499678 0.436473546201354 0.324298758073459 0.795992018408175 0.706402931446721 1
"1" -1.91136608182781 -1.33693877963503 1.08218197073698 0.922146917520732 2.63025601821915 4.70802418697116 -1.62114045993975 -1.21567579222774 -0.927994054892845 -0.704852469361051 0.436473554461682 0.324298851702503 0.795991941837679 0.706402864307621 1
"1" -1.97644848154228 -1.43490706803983 1.18426565787566 0.934310439818275 3.09559939217801 4.50654048535795 -1.62114044937381 -1.21567574639642 -0.927994140426565 -0.70485221250576 0.436473583237104 0.324298866494473 0.795991916316653 0.70640282543438 1
"1" -1.6761110667731 -1.47650345283327 0.962244616649777 1.10708023402692 2.45068862240643 4.8493091556402 -1.62114044508711 -1.21567573883069 -0.927993939668264 -0.704852077758399 0.436473614043229 0.324298769265901 0.795991992653822 0.706402838008676 1
"1" -1.79855698409533 -1.42400034202133 1.11547101216143 0.96127773628011 2.91016238917207 4.46861596604544 -1.6211404860515 -1.21567578948864 -0.927994243286641 -0.704852226649949 0.436473528650686 0.324298889103316 0.795991936895642 0.70640285563011 1
"1" -1.7905253401028 -1.39967123887439 1.18656934991577 0.963580714183167 2.89439844358183 4.4686103196233 -1.62114044207075 -1.21567574545136 -0.927994264383057 -0.704852237295489 0.436473533292567 0.324298836482311 0.795991969842995 0.706402889550832 1
"1" -1.8149412712364 -1.43895404584679 1.14800740067524 0.91552127063876 3.05727684333201 4.25667488280826 -1.62114046633968 -1.21567560052186 -0.92799427466079 -0.704851976278948 0.436473540224893 0.32429884199077 0.795991986404527 0.706402853917339 1
"1" -1.76977682488562 -1.49099465383318 0.669427010193842 0.850427922135463 2.21174689372625 4.31178531570996 -1.62114053646914 -1.21567573475537 -0.927993922233341 -0.70485185024554 0.436473393006139 0.324298811930457 0.795992108379771 0.706402996560953 1
"1" -1.73067906660694 -1.28815996850411 1.0984992762853 0.638053171333472 2.65623416758437 3.94308956067295 -1.62114047034643 -1.2156759391342 -0.927994242152765 -0.704851846071225 0.436473609916817 0.324298591815741 0.795992142786086 0.706402942379249 1
"1" -1.76333374142937 -1.33358320873251 0.939459041122605 1.02243035704146 2.39563287407718 4.86377075614111 -1.62114049302757 -1.21567575068735 -0.927994064576207 -0.704852416618834 0.436473512686037 0.324298768617354 0.795992051325543 0.706402933771317 1
"1" -1.91134179570095 -1.44099348302799 1.0693992926746 0.991588636219497 2.58509988239178 4.46100277657534 -1.62114040636439 -1.2156758014984 -0.927994031081152 -0.704852259965554 0.436473560842323 0.324298871594861 0.795991927940455 0.706402840492982 1
"1" -1.7836552044339 -1.31730123538025 0.889746023114555 0.962976225349924 2.31930935450383 4.88940965571356 -1.62114049982671 -1.21567583552892 -0.927993988031581 -0.704852599821157 0.436473446957358 0.324298928010991 0.795991955732027 0.706402905952931 1
"1" -1.9728134909374 -1.28083832240681 1.13927370330052 0.926282925341923 2.71628482791921 4.43358251799129 -1.62114044053505 -1.21567590158645 -0.927994034477992 -0.70485256254582 0.436473606784741 0.324298798430979 0.795991943589638 0.706402858261265 1
"1" -1.78709273168639 -1.29159273281213 1.12998862895245 0.86568606727576 2.81464495885182 4.51433722473222 -1.62114047366421 -1.21567586173916 -0.927994209324137 -0.704852423268961 0.436473568214598 0.324298821300528 0.795991953730556 0.706402874305842 1
"1" -1.88351973609538 -1.48868829906093 1.00129659735643 1.09745364185918 2.5054205099108 5.01254405918386 -1.6211404881896 -1.21567576151765 -0.927994043772065 -0.704852364111832 0.436473467281022 0.324298973926984 0.795991916737089 0.706402849551791 1
"1" -1.97612511208853 -1.3648948958417 0.913721748569487 0.807863833193559 2.68402379153328 4.29600632958922 -1.62114039085946 -1.21567587162287 -0.927993887894706 -0.704852182476361 0.436473622096123 0.324298755216992 0.795991969796736 0.706402869352437 1
"1" -1.78914752025911 -1.35210832602758 1.27897236643674 0.94917064552008 3.05287788137926 4.47358363043966 -1.62114041961951 -1.21567568126819 -0.927994334492637 -0.704852244134551 0.436473603937009 0.324298902181555 0.795991914256181 0.706402744853879 1
"1" -1.83169183643417 -1.47824243004083 1.0505230683376 1.05562395704167 2.40118826326055 4.73347087244731 -1.62114049831569 -1.21567576237525 -0.927994100194185 -0.704852274211429 0.436473468934637 0.324298956013734 0.795991928305147 0.706402860622812 1
"1" -1.87951283863676 -1.29857794197223 1.42118213452521 0.970506226208305 3.2222294761996 4.08326259500574 -1.62114044205951 -1.21567580852533 -0.927994318293931 -0.704852398271147 0.436473635834671 0.324298793965372 0.795991931152549 0.706402832926227 1
"1" -1.6239120931992 -1.33130106257763 0.992913937067701 1.02331049159613 2.53749206904966 4.52949637925729 -1.62114049425218 -1.21567581979433 -0.927994205850848 -0.704852444777578 0.436473393967323 0.324298958714829 0.795991987706934 0.70640291035427 1
"1" -1.95962207105287 -1.37879385034215 1.19359147885185 0.807856486148715 2.73427763639958 4.22724857978801 -1.62114045695187 -1.21567580841491 -0.927994112940671 -0.704852087990707 0.436473642658784 0.324298709886512 0.795991986501305 0.706402885236425 1
"1" -1.8469055673756 -1.52618729133408 0.923728004673407 0.952267213965754 2.31963693955083 4.24622247324641 -1.62114051569065 -1.21567575688312 -0.927994020228946 -0.704851963751185 0.436473459040232 0.324298916041523 0.795991967419449 0.706402892411225 1
"1" -1.69120701046497 -1.48266322243262 1.33670940548163 0.769381166100156 2.96031258151126 4.17897706441551 -1.6211405113335 -1.21567567501573 -0.927994517624836 -0.704851697734018 0.436473538483335 0.324298879275242 0.795991939551907 0.706402851825869 1
"1" -1.66040622816111 -1.37162295574367 0.852404887080342 1.01498179950536 2.39374262428276 4.56118491347817 -1.62114054912109 -1.21567581503664 -0.927994098782637 -0.704852376569679 0.43647340121912 0.32429896606743 0.795991974831052 0.706402902048755 1
"1" -1.96437048372834 -1.42308547924517 1.18838142546599 0.868592984856012 2.55576159837907 4.11814735608446 -1.62114046174588 -1.21567583850682 -0.927994086162385 -0.704852071871532 0.43647359930257 0.324298785162729 0.795991963041626 0.706402868563544 1
"1" -1.81032841391365 -1.4101835819943 0.985615979040365 0.857114188228987 2.65606303547207 3.94619344120354 -1.62114050728106 -1.21567585103987 -0.927994128199458 -0.704851972955009 0.436473544716357 0.324298801159761 0.795992004691356 0.706402886402412 1
"1" -1.74734976417244 -1.42949290047772 0.997623318586369 0.957388515919989 2.59638514141071 4.52289083178609 -1.62114051277687 -1.21567577968649 -0.927994165567855 -0.704852207904965 0.436473471946078 0.324298920496145 0.795991951932255 0.706402882268499 1
"1" -1.78099866014809 -1.45817127467509 0.910892699077573 0.858141277130559 2.54013178316138 4.45621240625006 -1.62114055416755 -1.21567576546841 -0.927994109564031 -0.704852027205432 0.436473510580004 0.324298879308257 0.795991963181708 0.706402870152095 1
"1" -1.97611592025021 -1.24280791362557 1.14933680258097 0.865412318237204 2.76413167927981 4.29734468277862 -1.62114043707641 -1.21567580640488 -0.927994040490614 -0.704852433677373 0.436473639185487 0.324298732652297 0.795991968524333 0.706402876660385 1
"1" -1.90759158556201 -1.31243159008888 1.03327852073876 0.927928326019833 2.52667772313334 4.56632749837785 -1.62114047980532 -1.21567582472984 -0.927994019921989 -0.704852458454892 0.436473532050625 0.324298924669705 0.795991913683102 0.706402823647943 1
"1" -1.91874543733714 -1.38821508528616 1.19066581773168 0.752119913156466 2.93221912385639 4.29886768537602 -1.62114046795417 -1.21567591031732 -0.927994182651029 -0.704852072583188 0.4364736253286 0.324298810093539 0.795991936083104 0.706402820921628 1
"1" -2.01509640599997 -1.54646983748359 1.2772331648401 0.77791377802147 2.68752353402574 4.16533094898814 -1.62114046296023 -1.21567578841376 -0.927994134584844 -0.704851754695285 0.436473615815281 0.324298780849604 0.795991957802275 0.706402854802918 1
"1" -1.84855552186281 -1.30571283483253 1.11085251553131 0.880660493331252 2.80828172792275 4.44424088213082 -1.62114039331565 -1.21567586580311 -0.927994095669584 -0.704852407238616 0.436473620608358 0.324298796530848 0.79599193887349 0.706402844640855 1
"1" -1.85096670243125 -1.51016272004252 0.981306892314503 0.926739561328642 2.5432373899022 4.501083304232 -1.62114051165253 -1.21567579294704 -0.927994089545091 -0.704852037373003 0.436473492702648 0.324298913326389 0.79599196115733 0.706402851111849 1
"1" -1.90899967607273 -1.46926242567491 1.2075587234666 0.850367901977548 2.96008854731238 4.47465219536689 -1.62114046922212 -1.2156757303109 -0.927994209769719 -0.704852027700974 0.436473585381036 0.3242988262084 0.795991944438219 0.706402850569828 1
"1" -1.98368680033132 -1.44713594849125 1.07058746784031 1.03934704608639 2.44007064853991 4.54341215468013 -1.62114049863278 -1.21567577490475 -0.927994010115088 -0.704852309799796 0.436473538489014 0.324298973659276 0.795991874330443 0.70640278453538 1
"1" -2.01469345842186 -1.35346297708539 1.23328222063055 1.01953824862828 2.70917756084032 4.64400790779649 -1.62114043554488 -1.21567586164034 -0.927994056601152 -0.704852572373609 0.436473594417753 0.324298855045711 0.795991912674035 0.706402828391301 1
"1" -1.87177093576115 -1.35350598171389 0.985553224803683 0.842831267417693 2.75360498623546 4.25753477445732 -1.62114048730804 -1.21567588734374 -0.92799407558024 -0.704852209142606 0.436473568209606 0.324298802038938 0.795991984413058 0.70640287007388 1
"1" -1.95994262134775 -1.46539664572187 0.993231574858229 1.05900470307894 2.78670077133492 4.83913859953041 -1.62114041298817 -1.21567578545474 -0.927994018554798 -0.704852323470066 0.436473547888606 0.32429883740461 0.795991990034348 0.706402844951065 1
"1" -1.83007774643824 -1.32442838973418 0.775029556831463 0.992809751328633 2.37539085422944 4.31016815850026 -1.62114050203982 -1.21567576342372 -0.927993901249233 -0.704852329570596 0.436473407684506 0.324298996567047 0.795991935879031 0.706402888877408 1
"1" -1.72930072656163 -1.20589408575333 0.876794305504213 0.98937507772011 2.69819265839313 4.63871937377857 -1.62114049794343 -1.21567590623581 -0.927994060259879 -0.704852802032686 0.436473485417343 0.324298891510882 0.795991964118541 0.706402890372686 1
"1" -1.80279286617045 -1.32228281859892 1.15245516301257 0.794305365280059 2.75592363640624 4.21479994805161 -1.62114044929848 -1.21567562675234 -0.927994218773022 -0.704851766993659 0.436473538487596 0.324298801333554 0.795992036602024 0.706402862703112 1
"1" -1.69783512823434 -1.22423070118237 1.02186936955029 0.897838494789449 2.55661882424452 4.38554663449943 -1.62114049539207 -1.21567582770638 -0.927994167508175 -0.704852504485093 0.436473542000739 0.324298775066924 0.79599200290106 0.706402929672331 1
"1" -1.97933653503107 -1.40160660807773 1.00412708529693 0.921553134691311 2.51622422101352 4.65043463863239 -1.62114046714769 -1.21567579375056 -0.927993968033956 -0.704852294948941 0.436473579902378 0.324298777373579 0.795991979198802 0.706402892739319 1
"1" -1.84375517223123 -1.35257474438922 0.757575590495682 1.16261981412761 2.41523128311361 5.47728318960952 -1.6211404986229 -1.21567576461841 -0.927993891586343 -0.704852787097415 0.436473422618554 0.324298964289727 0.795991948504548 0.706402898982464 1
"1" -2.06701972469542 -1.46139255548823 1.22044357041502 0.783726754642186 2.81826271407955 4.26570674721729 -1.62114048874313 -1.21567593016504 -0.92799410237323 -0.704851993655202 0.436473681702732 0.324298792528519 0.795991939765386 0.706402755685825 1
"1" -1.88248113997719 -1.47477806324343 1.13868766898113 0.86665077653552 2.70948297913253 4.58631815866782 -1.62114048018841 -1.21567570286917 -0.927994156972663 -0.704852020364858 0.436473515346665 0.324298930465342 0.795991915790706 0.706402838824982 1
"1" -2.04347278060165 -1.37369649922034 1.03705930690818 1.03602853048679 2.73974241126421 4.59517665658223 -1.62114043986938 -1.21567577605272 -0.927993946584747 -0.704852479268988 0.436473542257831 0.324298924959503 0.795991899346735 0.706402822401535 1
"1" -1.96600288094001 -1.27235568592667 0.940935348801428 1.00576192366907 2.56606701902307 4.36240694837064 -1.62114044871367 -1.21567572472795 -0.927993901649699 -0.70485239853684 0.436473461192812 0.324299042161688 0.795991865805638 0.706402814162668 1
"1" -1.99493399402318 -1.398959752335 1.04511932551405 0.860410948347776 2.96522485582308 4.5689230241624 -1.62114043358334 -1.21567579689866 -0.927994031091232 -0.704852231960446 0.436473577469803 0.324298787623755 0.795991995880841 0.706402864581949 1
"1" -1.8430541443346 -1.36427906617081 1.1428125867468 0.803669305930641 2.6735461023325 4.58823750117371 -1.62114045577405 -1.21567580798291 -0.927994172588475 -0.704852187566227 0.43647357915928 0.324298745200872 0.795992032776964 0.706402884389101 1
"1" -1.85914442758052 -1.37404766503546 1.31329545278886 1.08991840753963 2.79207337839735 5.20787089667301 -1.62114039343929 -1.21567580636146 -0.927994220815533 -0.704852660162242 0.436473561289714 0.324298926089339 0.795991882387446 0.706402809127729 1
"1" -1.60992630453698 -1.34449576018821 0.832345928064825 1.09132055997292 2.32936848525289 4.68508602798498 -1.62114051920141 -1.21567579552505 -0.927994089096811 -0.704852496775525 0.43647334081546 0.324298955130585 0.795992037667647 0.706402945349864 1
"1" -1.81700833467053 -1.19273995419135 1.0797072469784 0.883315978672679 2.65887417155648 4.33334149048764 -1.62114046751711 -1.21567589180667 -0.927994113803702 -0.704852601818957 0.436473593691442 0.324298773983346 0.795991985010925 0.706402870408588 1
"1" -1.79561207784448 -1.33678212280802 1.13660783068747 0.906467473016882 2.73616929091177 4.68181101300754 -1.62114048946496 -1.2156756429825 -0.927994232386252 -0.70485205852697 0.436473611305932 0.324298719861357 0.795992017307597 0.706402887239416 1
"1" -1.79558736026982 -1.41474639801873 1.12228096772261 0.978133190499842 2.8329309217433 4.63763914028716 -1.62114039885854 -1.21567573358859 -0.927994093069213 -0.704852277130171 0.436473630260219 0.324298836477874 0.795991910687887 0.706402801955653 1
"1" -1.84176113802403 -1.46452913943718 0.919517646255455 1.15052571809539 2.26918026348898 4.77195948045219 -1.62114050566107 -1.2156757694485 -0.927993989756308 -0.704852392613424 0.436473429135375 0.32429898716882 0.795991932221951 0.706402873162404 1
"1" -1.60778725066823 -1.46426095118474 1.09986793847677 0.928541911008831 2.70161291967482 4.76249174206155 -1.62114044050559 -1.21567553516098 -0.927994288038327 -0.704851916546661 0.436473511015351 0.324299083208772 0.79599181837276 0.706402728176984 1
"1" -1.69314607356428 -1.49152647801356 1.10237048916459 0.984826335930147 2.98428201544424 4.6496777406555 -1.6211405182374 -1.21567573111455 -0.927994371466358 -0.704852108991872 0.436473479662781 0.32429895420895 0.795991925117354 0.70640285003508 1
"1" -1.86990305331841 -1.31311524441828 1.02749038312643 0.927965276255498 2.50972690709721 5.02802946858664 -1.62114038941425 -1.21567581227215 -0.927993941524923 -0.704852584554204 0.436473580091599 0.324298902438412 0.795991906788115 0.70640278880232 1
"1" -1.90861981441765 -1.54326141534697 1.10919074683583 1.03271199497484 2.65168258112238 4.69049299566275 -1.62114045916794 -1.21567577785547 -0.927994118852955 -0.704852142746251 0.436473489907135 0.324298967485197 0.795991919044556 0.706402821643553 1
"1" -1.77146839548753 -1.25958738279052 1.11627508602431 0.83109538931967 2.84822480508163 4.48840328344815 -1.62114051723171 -1.21567593074641 -0.927994242772084 -0.704852459041728 0.436473605733372 0.32429884373713 0.795991920604446 0.706402818969347 1
"1" -1.80790423155101 -1.46356865924128 1.17004093130095 1.05623337086012 2.79045602813276 4.83766666285602 -1.62114048653988 -1.21567576132262 -0.927994250113403 -0.704852322053971 0.436473506247749 0.324298945318809 0.79599191053684 0.706402837015755 1
"1" -1.82624213594789 -1.38918864637319 1.12335454949321 0.810053749689337 2.55133611275172 4.45500355643536 -1.62114048623503 -1.21567582737625 -0.927994159781464 -0.704852135329192 0.436473550552034 0.324298822668608 0.795991966952514 0.706402885777955 1
"1" -1.70689282884419 -1.33192741008101 1.01504556263892 0.785123624273247 2.63648119988267 4.2960413476802 -1.62114049312934 -1.21567583197954 -0.927994192448024 -0.704852104196495 0.436473487148858 0.324298847584151 0.795992023997385 0.706402888488588 1
"1" -1.85540735640843 -1.43833959577876 1.02543903748971 0.794808757037824 2.68125914009636 4.37594392073302 -1.6211404926386 -1.21567581216567 -0.927994111938072 -0.704852001902214 0.436473543028303 0.324298825252325 0.795991972431321 0.706402887966949 1
"1" -1.91447998968936 -1.23905094924104 1.31460568562873 1.0287949652264 3.07027380812236 4.72089128587286 -1.62114042698413 -1.21567581980324 -0.927994192111477 -0.704852802307967 0.43647358842801 0.324298894747104 0.795991885267922 0.706402809251616 1
"1" -1.7125147700176 -1.4690283571435 1.23975726761568 0.860166731200422 2.90918388342596 4.59804124118352 -1.62114050795815 -1.21567575669284 -0.92799442025784 -0.704852022689149 0.43647352794974 0.32429889215137 0.795991935091178 0.706402854220772 1
"1" -1.75159716307868 -1.37151505043798 1.14631102921208 0.93540125567556 3.00105136358917 4.25058135407779 -1.62114047502581 -1.21567583110832 -0.927994310256617 -0.704852216353125 0.436473541663437 0.324298827608505 0.795991991852111 0.706402866608142 1
"1" -1.95676323527323 -1.28102420566119 1.14175074908741 0.94598588652627 2.85993260166991 4.16471218175195 -1.62114042476117 -1.21567572722657 -0.927994071017516 -0.704852325217675 0.43647360635809 0.324298749900644 0.79599199985403 0.70640287000004 1
"1" -1.78463009185095 -1.47321404577139 1.00824565960749 0.801967890616669 2.43589129231279 4.43525475259085 -1.6211404661693 -1.2156757772505 -0.927994113699053 -0.704851937171788 0.436473479279576 0.3242988695654 0.795991984153207 0.706402910397253 1
"1" -1.68555302604973 -1.46807711881737 1.26313792217439 1.03655918303446 3.03167771527634 4.70489249703795 -1.62114050571686 -1.21567566317911 -0.927994476336816 -0.704852185897907 0.436473498795466 0.324298962889105 0.795991904124323 0.706402829999884 1
"1" -1.97435069078512 -1.41735347319132 1.20652693169448 0.892497669545382 3.09258081771165 4.68010439944134 -1.62114044769561 -1.21567575459439 -0.927994145426798 -0.704852249443459 0.436473583687918 0.324298869891284 0.795991912094426 0.706402824260852 1
"1" -1.82643837951666 -1.34171831864268 1.04703278502102 1.10036934100324 2.56415936604347 5.17430180607884 -1.62114040202615 -1.21567580148877 -0.927994004828581 -0.704852548871577 0.436473639892748 0.324298754882215 0.795991954876071 0.706402857956259 1
"1" -1.88130351313245 -1.32927777147767 1.19744264708778 0.934897550475524 2.99860581362045 4.8153032207696 -1.62114047042747 -1.21567582664615 -0.927994207410448 -0.704852529344499 0.436473597714123 0.324298859021126 0.795991921729262 0.706402808290724 1
"1" -1.88718609690834 -1.24156144333915 1.31101011062489 1.03465042744924 3.04097210710617 4.7649391307661 -1.6211404492298 -1.21567592608088 -0.927994230959021 -0.704852864363507 0.436473617077874 0.324298865708501 0.795991901775731 0.706402789670962 1
"1" -1.78396152119323 -1.3050075716408 0.768257239489988 0.781635121664121 2.45606220362877 4.37608460645809 -1.62114051455912 -1.21567576759908 -0.927993958849325 -0.70485217075582 0.436473525766832 0.324298705018573 0.795992067453172 0.706402987814067 1
"1" -1.94240973115232 -1.3393252405715 1.03492618227898 0.871965796232508 2.55189089938436 4.41329684780335 -1.62114046213995 -1.21567587139667 -0.927993997664177 -0.704852353180085 0.436473568511855 0.324298808152314 0.795991963971423 0.706402882027404 1
"1" -1.71962192322971 -1.43678058192483 1.07196711873542 1.01960548633888 2.69450160879043 4.78922037789628 -1.62114051108266 -1.21567569801037 -0.92799425896177 -0.704852277044744 0.436473477671788 0.324298938276619 0.795991934511354 0.706402866118723 1
"1" -1.8968974740659 -1.46405335775575 0.874630298969099 0.922870764957888 2.24736964831048 4.3369935329595 -1.62114050758403 -1.21567568417656 -0.927993940714764 -0.704851992438188 0.436473509823298 0.324298806922506 0.795992008189902 0.706402928097933 1
"1" -1.75499159889167 -1.3893600405505 1.11761600410918 0.866635854486592 2.71856983964835 4.15515407055429 -1.62114050181421 -1.21567576696913 -0.927994259813017 -0.704852025630782 0.43647357718792 0.324298748731721 0.795992004961899 0.706402911145459 1
"1" -1.91629385873551 -1.39301154998108 1.26286376437357 0.981684186029842 3.00729155347317 4.39148337163856 -1.62114045201795 -1.21567569438509 -0.92799421342635 -0.70485226687073 0.436473592816809 0.324298840687325 0.795991927684964 0.706402835819161 1
"1" -1.87533104969594 -1.38951183146186 1.22572195298821 0.79429143754391 2.85147573709142 4.19888062633144 -1.62114046695451 -1.2156756072456 -0.927994212662713 -0.704851837823687 0.436473540712088 0.324298916097195 0.79599190757332 0.706402828916006 1
"1" -1.94963003017869 -1.42436222263228 0.696099227121382 0.958603628928983 2.20810490824562 4.78437757188649 -1.6211404372153 -1.21567560953382 -0.927993771018268 -0.704852229703343 0.436473349084412 0.324299028206957 0.79599197323324 0.706402894986109 1
"1" -1.74935705657935 -1.3636756843189 1.12550806722956 0.805233308894945 2.67001021749978 4.04772678873223 -1.62114049909068 -1.21567564962909 -0.927994259127577 -0.70485190696239 0.436473587448445 0.324298721677643 0.795992018335426 0.706402920191097 1
"1" -1.93060212595118 -1.42792936426861 0.794587825337381 1.04521810008835 2.40358157439811 5.11917305773806 -1.62114048660724 -1.21567586706343 -0.927993878389209 -0.704852534171035 0.436473448774535 0.324299003484931 0.795991911021033 0.706402841663782 1
"1" -1.71308221284245 -1.45188981203006 1.22001836583818 0.814320608291407 2.76218513042616 4.15757939375112 -1.62114051238621 -1.21567577864797 -0.927994385593403 -0.704851871897809 0.436473547421121 0.324298829228161 0.795991968764645 0.706402879343109 1
"1" -1.81204659920525 -1.41299957688065 0.672357668519759 0.837941319620763 2.26441545033383 4.15181141472722 -1.62114049092257 -1.21567575607416 -0.927993862404961 -0.704852011246748 0.436473393036978 0.324298861299696 0.795992048390677 0.706402988085001 1
"1" -1.91529291580445 -1.43605391466742 0.954130860237769 0.92587201502426 2.87117508928508 4.32080322432504 -1.62114045753316 -1.21567555943234 -0.927994027076428 -0.704851839147014 0.436473405386584 0.32429909678594 0.795991885735053 0.706402801195223 1
"1" -1.8058650266831 -1.36968521564977 1.06016648124358 0.709773723879071 2.81596587399852 4.0871706072168 -1.62114049316821 -1.21567585457624 -0.927994188601073 -0.704851905290822 0.436473592998567 0.324298726319167 0.795992010208401 0.706402913454926 1
"1" -1.75898177036118 -1.34449620255696 1.37103697458398 0.820794777198008 3.01215350388855 4.38632063565035 -1.6211404767118 -1.21567583735608 -0.927994419553817 -0.704852184836396 0.436473603621995 0.32429879817414 0.795991949100604 0.706402857780658 1
"1" -1.92224157173005 -1.42856353288862 1.08995042943457 0.893417211649191 2.66960871412573 4.68475025427167 -1.62114044265212 -1.21567567868266 -0.927994074230838 -0.704852139819608 0.436473503274096 0.324298901685116 0.795991970850123 0.706402841483979 1
"1" -1.81688353371263 -1.3327263955779 1.20577054475264 1.10507592860229 2.72764384338087 4.85988697404407 -1.62114046792681 -1.21567588639112 -0.927994230178513 -0.704852679512042 0.436473541794224 0.324298908811428 0.7959919479325 0.706402795909049 1
"1" -1.75941472216515 -1.49196875558279 0.933815550910149 1.20602003182051 2.59865328232203 4.91844822619863 -1.62114061256443 -1.21567582139939 -0.927994167458049 -0.704852411893809 0.436473473764788 0.324299097642025 0.795991817850747 0.706402765270425 1
"1" -1.73759812485464 -1.40210269213439 1.2009485886547 1.1575456760643 3.00119182284774 4.76475075243911 -1.62114048747929 -1.21567577430152 -0.927994354388947 -0.704852499031319 0.436473506967443 0.324298958628506 0.795991900151604 0.706402827652615 1
"1" -1.98131838739211 -1.46468176490151 0.907773668541832 0.786201894207657 2.57490511350672 4.03468091969215 -1.62114048273321 -1.21567583297112 -0.927993944570964 -0.704851865359741 0.436473565617256 0.3242987724374 0.795991997209518 0.706402903075722 1
"1" -1.79238576259694 -1.25013411246214 0.970147855669377 0.960971883443617 2.39884910012095 4.59786052252185 -1.62114050129049 -1.21567579887127 -0.927994045378417 -0.704852610845263 0.436473541451049 0.324298823029415 0.795991978572333 0.706402887208312 1
"1" -1.76546237778125 -1.29087215206225 1.29075612190466 0.891097013853653 2.82857984868511 4.22193527766961 -1.62114039476121 -1.21567569877004 -0.927994205016786 -0.704851887934171 0.436473606058795 0.324298933490138 0.795991847583194 0.706402765868097 1
"1" -1.78340198123926 -1.24780846850725 1.04575586690936 0.887532053642889 2.67383752296367 4.44982926217344 -1.62114047513098 -1.21567588086469 -0.927994127971093 -0.704852531453681 0.436473547531472 0.324298822167998 0.795991965455424 0.706402892676219 1
"1" -1.82464753091699 -1.27834636448974 1.00637901978472 0.870542169718972 2.52136217588242 4.34067273170736 -1.621140464698 -1.21567590222285 -0.927994055582301 -0.704852404000703 0.436473540205625 0.324298780444983 0.795992022573467 0.70640290439984 1
"1" -1.80773326794478 -1.31220240034646 1.09237229757262 0.933788845612095 2.56647013884819 4.30048083643037 -1.62114047984128 -1.21567585571756 -0.92799413602487 -0.704852395861271 0.436473545944335 0.324298837269382 0.795991957891195 0.706402881376715 1
"1" -1.89872122542409 -1.26817138358936 1.28646857682672 0.856980935586877 2.88687713543612 4.20171059597124 -1.62114037842175 -1.21567573373073 -0.927994165044224 -0.704852269695497 0.436473665154169 0.324298775674609 0.795991943392422 0.706402801388117 1
"1" -2.01104568449585 -1.56551395860077 1.16837097704693 0.865380444632718 3.24212243618292 4.5336411086625 -1.62114046451567 -1.21567571647007 -0.927994162532353 -0.704851846257026 0.436473632301828 0.324298758642135 0.795991963214967 0.70640285561052 1
"1" -1.75587735046231 -1.22296967210844 1.02586882429669 0.968383391909029 2.57077145162353 4.9871036142073 -1.62114036976374 -1.21567568584016 -0.927994070084304 -0.70485259970282 0.436473484587774 0.324298872005026 0.7959920062481 0.70640287591396 1
"1" -1.82180272622197 -1.39821494922692 1.14364612540562 0.928190978639997 2.96636254700892 4.2140778710528 -1.62114047882132 -1.2156758156137 -0.927994241345133 -0.704852176054289 0.436473563826488 0.324298839234699 0.795991949636237 0.706402859670562 1
"1" -2.01047684971809 -1.43605075531166 1.10173666365523 0.84320278005078 2.68669131911173 3.99874371890166 -1.62114046057741 -1.21567578196199 -0.927994030988319 -0.70485196367278 0.436473618190965 0.3242987451953 0.795991980201543 0.706402878889453 1
"1" -1.92867455245186 -1.20004469783085 1.1357800701411 0.924468052170733 2.86235302137312 4.35317994209025 -1.62114041854572 -1.21567595312753 -0.927994067864131 -0.704852707467459 0.436473614826938 0.3242987453929 0.79599199756963 0.706402865803544 1
"1" -1.69095786210532 -1.36856297084388 0.984230781570478 0.929745633900105 2.27922931891811 4.27725649964554 -1.62114052742875 -1.21567580688123 -0.927994137101671 -0.704852218970892 0.436473456314608 0.324298893669223 0.795991978777948 0.706402916784081 1
"1" -1.86092170948679 -1.35180926553995 1.2676509298738 0.820395879593358 2.81368192234268 4.04275712813865 -1.62114032671641 -1.2156758904144 -0.927994189056734 -0.704852061595887 0.436473547309242 0.324298692810438 0.795992115313305 0.706402922680302 1
"1" -1.78623380852893 -1.34987825172625 1.05803139887351 0.853695364183635 2.8752723362288 4.04640639029313 -1.6211405168529 -1.21567588887247 -0.927994222713808 -0.704852128505931 0.43647359127897 0.324298810792445 0.795991961878393 0.706402845488439 1
"1" -1.7830672401423 -1.32494046892457 1.16072779427784 0.772176487773508 2.5666584195611 4.28540581326817 -1.62114048621342 -1.21567585965455 -0.927994211584511 -0.704852144178612 0.436473577232194 0.324298769978908 0.795991985753311 0.706402900613288 1
"1" -1.84048712677095 -1.4159697497437 0.938444804992044 0.997297322748659 2.40724486898942 4.61540704850606 -1.62114049785734 -1.21567567485508 -0.927994018686978 -0.704852290917822 0.436473484882215 0.324298891168556 0.795991963552161 0.706402892268332 1
"1" -1.77590298848672 -1.33631271940539 1.30467189282164 0.914139031568282 2.83139999353439 4.41977469956001 -1.62114044080079 -1.21567582457397 -0.927994343427838 -0.704852292469116 0.436473617351598 0.324298771714466 0.795991975029113 0.706402847667666 1
"1" -1.73448038529716 -1.50750669318502 1.0640488859059 0.999708818014741 2.79028826285097 4.32747420309405 -1.62114051827744 -1.21567573776983 -0.927994277721033 -0.704852023613517 0.436473480131785 0.324298934901744 0.795991940446281 0.706402861022893 1
"1" -1.86894515306252 -1.27596900275774 0.964949936330264 0.815362407852544 2.40068596021917 4.14082380759922 -1.62114047725922 -1.21567581929446 -0.927993979298963 -0.704852207508699 0.436473527866896 0.324298834496801 0.795991970185665 0.706402900356432 1
"1" -1.93478232143144 -1.55735930288813 1.37495615012892 0.806172374938048 3.03182991793325 4.43070332601658 -1.62114046782692 -1.21567559919904 -0.927994288874394 -0.704851731679194 0.436473564414907 0.324298906407968 0.795991903190342 0.706402810911738 1
"1" -1.83354283160302 -1.56377018677742 1.10592202223032 0.923648049260472 2.63004402177122 4.37355180932945 -1.62114050681225 -1.21567573483547 -0.927994197321792 -0.704851882067376 0.436473505439331 0.324298910891136 0.795991940393452 0.706402856523222 1
"1" -1.99293297129171 -1.29639848043556 1.18083958234451 0.779666690638651 2.90740366059587 4.23864255273341 -1.62114044346339 -1.2156759486823 -0.92799408676736 -0.704852275393147 0.436473666975918 0.324298705927922 0.795991991134997 0.706402848781901 1
"1" -1.78361310551668 -1.34819464651766 0.890749740450846 0.849475412872392 2.36789166597061 4.29627379331981 -1.621140455852 -1.21567585575978 -0.927993974340717 -0.704852199690781 0.436473420305573 0.324298833640493 0.795992067978992 0.706402965468008 1
"1" -1.78696429314073 -1.32915594701929 1.08601958838468 0.915952831360142 2.63123860117285 4.58334947397968 -1.62114037989913 -1.21567578920329 -0.927994128508893 -0.704852302083579 0.436473496737138 0.324298868417812 0.795992018147104 0.706402850084161 1
"1" -1.83172987971159 -1.35765887642612 0.963073194376776 0.882163131498357 2.65788647067999 4.67157053227402 -1.62114048561959 -1.215675765716 -0.927994063277692 -0.70485233144902 0.436473504124437 0.324298887541431 0.795991951182263 0.706402880716051 1
"1" -2.09838998538117 -1.39512173446737 1.15163807148867 0.961803266553045 2.69181642407141 4.72802841894041 -1.62114043177222 -1.21567579907252 -0.927993965443622 -0.70485244013519 0.436473615414377 0.324298806823358 0.795991933920861 0.706402843039675 1
"1" -1.8578995920638 -1.35330371941771 1.30646125167099 0.82471967876529 3.03823171811327 4.74588020017424 -1.62114044354361 -1.21567587170793 -0.927994288849121 -0.704852320411341 0.436473600850697 0.324298797180482 0.79599197993417 0.706402831556986 1
"1" -1.88151586674746 -1.33483352680459 0.969970434700976 1.1025379079548 2.66146430018749 4.72872136658842 -1.62114046711712 -1.2156757084602 -0.927994016470405 -0.704852621004617 0.436473501075373 0.324298925529678 0.79599192655057 0.706402856639917 1
"1" -1.85206374529674 -1.30357449883032 1.22116774700959 0.987106890041885 3.07625312774695 4.64797652534516 -1.6211404641326 -1.2156757967714 -0.927994256957264 -0.704852482549185 0.436473657865522 0.324298702789147 0.795991995111837 0.706402863128651 1
"1" -1.93192084489803 -1.43336589903099 1.12006448725625 0.964145627153258 2.53539125679049 4.70935489529354 -1.62114046832911 -1.21567575228766 -0.927994071523427 -0.704852291508959 0.436473557211422 0.324298842490846 0.795991949198958 0.706402865624743 1
"1" -1.8880195379595 -1.46190172425985 1.02552697884483 0.919561019144244 2.74133558964508 4.28876860764957 -1.62114040341389 -1.21567571459953 -0.92799405865835 -0.704851929431746 0.436473495344582 0.324298936656359 0.795991944122192 0.706402831372181 1
"1" -1.93920265799215 -1.51243529571224 0.981703392597795 0.958431970366814 2.47688640661647 4.65999420385974 -1.62114048711575 -1.21567564296417 -0.927994003421216 -0.704852081690827 0.436473516753116 0.324298872909035 0.795991957603579 0.706402875585311 1
"1" -1.82878721308232 -1.25019204193345 0.819037199510852 0.993667012179945 2.53419177574195 4.50606072608509 -1.62114048089867 -1.21567581444316 -0.927993932495731 -0.704852671914067 0.436473474642115 0.324298895915398 0.795991962438579 0.706402902355975 1
"1" -1.82769944909216 -1.36784307483298 1.12997089382057 1.03724294274214 2.77665946852214 5.10468847409898 -1.6211404980902 -1.21567585237216 -0.927994195134474 -0.704852615971319 0.436473537267809 0.324298952655548 0.795991889907725 0.706402800281894 1
"1" -1.90385591634193 -1.53629357711198 1.05431861540452 0.788600741552862 2.71756793565334 4.28250234893002 -1.62114047120614 -1.21567578879807 -0.927994115813166 -0.704851775369844 0.436473538105162 0.324298800172578 0.795992023147182 0.706402878865282 1
"1" -1.79243077489699 -1.2678258599394 1.15134491337499 0.709261145533211 2.82966865495812 3.98617968786 -1.62114047545792 -1.21567564177175 -0.927994230717102 -0.704851922882065 0.436473615708086 0.324298712063301 0.795992003855813 0.706402905532156 1
"1" -1.94976908324405 -1.32820270959009 0.950282425739861 0.91394131284902 2.56665370920339 4.21400089520649 -1.62114040408385 -1.21567583138927 -0.927993932621239 -0.704852304666791 0.436473612968632 0.324298718738009 0.795991998802879 0.706402905433302 1
"1" -1.80007763630852 -1.36329481145709 1.16283229573394 0.740452149227331 2.59392737968112 3.97585469933759 -1.62114043513069 -1.21567585363651 -0.927994197564746 -0.704851916348846 0.436473602351839 0.324298720530928 0.795992007360697 0.706402910312121 1
"1" -1.87013310543649 -1.45451980717393 1.03928400407802 0.975406360753562 2.7334518404435 4.582671034746 -1.62114048398654 -1.21567571642256 -0.927994111092247 -0.704852203550124 0.436473509077016 0.324298915959288 0.795991931065447 0.706402853354575 1
"1" -1.93291948369602 -1.44246566971071 1.29668641005967 0.816754144588568 2.74741354930802 4.29614549581063 -1.62114046248931 -1.21567582221423 -0.927994197500855 -0.704852015536372 0.436473610803243 0.324298790259587 0.795991951572246 0.706402855503938 1
"1" -1.80699872039293 -1.38273322328578 0.80164955587673 0.858996866875342 2.28940314255749 4.37719737273669 -1.62114052442944 -1.21567577666743 -0.927993947217859 -0.70485214061392 0.436473433592279 0.32429891669531 0.795991988865382 0.706402908342647 1
"1" -1.76397107434859 -1.38214577689471 1.09819103322579 0.849770747182383 2.89570745376972 4.08509739674941 -1.62114053810922 -1.21567587579039 -0.927994289623441 -0.704852074921287 0.436473593353936 0.324298844235243 0.795991935978645 0.706402821350788 1
"1" -1.85578564061087 -1.28243614288846 1.10416844743487 0.92896073214482 2.60079452543326 4.88906121969988 -1.62114046307582 -1.21567572333967 -0.927994109402907 -0.704852557416639 0.436473577963569 0.324298803163588 0.795991979878581 0.706402858191903 1
"1" -1.69005557284139 -1.3269861940845 1.1658056119928 0.874472882540661 2.67479437887986 4.43729129908371 -1.62114047214556 -1.21567564357459 -0.927994315673396 -0.704852103416227 0.436473468130761 0.324298925840965 0.795991994206262 0.706402836763037 1
"1" -1.88348031341105 -1.41386684582741 1.08269549892737 1.10785643999877 2.70643197388498 4.60244476095727 -1.62114043906705 -1.21567574858549 -0.927994099941406 -0.704852405076868 0.436473503582071 0.324298868742796 0.795991994949524 0.706402863112746 1
"1" -1.62729932337932 -1.30412109719404 1.08554154205368 0.840404466170667 2.77434543081352 4.16799119081889 -1.62114044594226 -1.21567576384865 -0.927994294360313 -0.704852147224573 0.436473569344548 0.324298802365019 0.795991972296223 0.706402880400797 1
"1" -2.00770957481066 -1.43527093615446 1.15596215737954 0.968536247952467 2.80954298229455 4.56961350840236 -1.6211404483662 -1.21567561349977 -0.927994063035142 -0.704852195601594 0.436473566473096 0.324298882867323 0.795991915442906 0.706402828687264 1
"1" -1.79844094293977 -1.25014723861633 1.19063417497063 0.892246908105927 2.75025941295386 4.43920235143551 -1.62114044250958 -1.21567569859148 -0.927994211438518 -0.704852417569161 0.436473545550293 0.324298841078323 0.795991979105748 0.706402854598864 1
"1" -1.83933184089965 -1.50689737075153 1.18784942810323 0.913101017855261 2.64136958860549 4.9617050668642 -1.62114043967444 -1.21567574900373 -0.927994203768062 -0.704852146402549 0.436473491995107 0.32429893167349 0.795991929552165 0.706402858697097 1
"1" -1.64563975853322 -1.0337403209997 0.967676007836571 0.904735260908251 2.5831882532078 4.64964731439026 -1.62114047217501 -1.21567568927597 -0.92799410705502 -0.704852957092733 0.436473478093445 0.32429891393607 0.795991937470253 0.706402897160817 1
