"1" -1.51499225170054 -1.31242015168503 0.570847767355003 1.60903524299 2.29730472423422 4.22392003983945 -9.87038901672415 -8.98923445103581 0.532504463507009 0 1204.15895007246
"1" -12.5911321096195 -1.31169332528145 1.11005578675413 1.52248218089777 3.53105091699358 3.81649633332701 7.87074145992091 -5.56005606132751 -5.88193020063322 0 1056.68817105319
"1" -12.1502630468624 -1.53961118947502 1.08965157917425 1.62437079814698 3.22994822529999 4.34845745580269 7.46829423030662 -18.1953242805944 -6.56873187962474 0 997.470547681913
"1" -1.67544532846549 -1.33587079926185 0.868236227862327 1.58544450396789 2.60486476062657 3.77023413803889 -13.5963052754286 -13.5100886668496 -0.719589244867681 0 1179.29474673565
"1" -1.59444004182142 -1.27048638269673 0.989432580666494 1.58720882069989 3.03122276172019 4.43039964719693 -2.06866047672858 -4.78591072561128 -2.7550322495319 0 1247.2575756904
"1" -1.59758990451556 -1.32230408344721 0.818412195267246 1.75761594973844 2.86953823318719 4.28076896275737 -2.82925109303694 -2.63795623900763 0.479136844023572 0 1210.85926119257
"1" -1.83829618856142 -1.66233720857324 0.689805746650667 1.5452267026163 2.50679870995599 4.3334803412055 -22.4804909229022 -1.6696022978458 -0.126494147242841 0 1018.96134444262
"1" -12.0287845830571 -1.21343938613051 1.29833733995487 1.22324248273674 4.0593454868421 3.50069068270995 7.45447356327251 -15.7450175793574 -8.20502060126433 1 1154.78209549377
"1" -12.3034633680441 -1.80897236396066 1.5311819589979 1.643749683688 3.68206926873877 4.86758572000703 7.64002496548792 -5.73682676635678 -5.72048327478628 0 875.134037242387
"1" -12.507425559445 -1.57022577443144 1.39379707217153 1.49520155645085 3.54049483627063 3.94834188174206 7.88792697703633 -6.49031162725406 -9.19940229193666 1 985.295728623858
"1" -1.5067316073205 -1.37492371842575 0.929783565118178 1.54773322399382 3.19508064804523 3.94907674539353 -10.9383676050123 -3.54499113631562 -1.12781491001061 0 1224.02089911952
"1" -12.0218151946654 -1.51415715442021 1.1819669124369 1.63281942619412 3.2445342562845 4.18350983155785 7.61783333378717 -5.5483637734837 -3.33253178653254 0 1071.0789399338
"1" -9.81065558479606 -1.43532061464207 1.08671884940098 1.77971168850524 3.27935294344665 4.50220358655495 6.23351628761519 -7.29826024614488 -9.99519479872478 1 1066.72973908279
"1" -12.1266659219543 -1.33482181931147 1.12988706608623 1.3457784251812 3.17095370234234 3.6999841894139 7.61930393956536 -5.43208891297497 -5.23211706581561 0 1100.23701465209
"1" -12.1912460506165 -1.26684137344132 1.27563450166127 1.40171610509357 3.28363814656842 3.97634022900555 7.75980763492103 -4.85861180903368 -9.21764615410004 1 1155.61668062496
"1" -12.2953745796864 -1.35639425933556 1.0424294345272 1.40188875506361 3.31326848998566 3.79420476321496 7.66131253462107 -13.145796928341 -8.52354921116743 0 1103.26275584893
"1" -11.9206402151502 -1.41356792743725 1.26678585124659 1.55483460210221 3.47255605596403 3.78136832248723 7.44370239085744 -5.43789761087809 -4.13505511228784 0 1068.95261176906
"1" -11.9282329663042 -1.4249779556846 1.20906070055496 1.535482727283 3.14840233549572 3.92825693991454 7.44061438796151 -2.01255043896088 -0.179345203573503 0 1077.7027763723
"1" -1.7594366749037 -1.29202465986529 1.12686128051886 1.57607200983463 3.11481906484932 4.40866054651043 -3.29633600441082 -2.61141672285101 -3.2373667430621 0 1192.94444932364
"1" -1.74185151427698 -1.38274140061197 0.968264736505173 1.49187992788197 3.06579448177365 3.80935487410487 -3.64582599903734 -3.17787904259804 -6.16615101999376 0 1158.59776102651
"1" -1.40901113357144 -1.23601826881623 0.754390485904523 1.54692081256415 2.53236719308754 3.71253565099569 -1.67315035985514 -3.74043300813276 -6.67848554467058 0 1327.5249298032
"1" -1.72722905142304 -1.40243038302807 0.976134114912933 1.40622396709281 2.92072303717792 4.01243549625389 -3.46717147548593 -2.30915741541569 6.79929582851136 0 1152.72978394423
"1" -12.387623228166 -1.3849365460723 1.22943988220475 1.61402832606944 3.13966168359266 4.11379358573321 7.82787069131455 -5.58124727855062 -5.98829824681963 0 1070.5112283911
"1" -1.47224210871314 -1.13020548081587 0.988125084962861 1.35680013747624 3.1456508167517 4.23939739623886 -14.3653354399493 -16.2949372519889 1.73794699853558 0 1324.11639805134
"1" -12.1838433611359 -1.34107437574656 1.13924409646591 1.42413471291947 3.30007796435526 4.09965161356268 7.61979866025676 -5.47308948297398 -3.78846968546606 0 1071.21158884987
"1" -1.74760363787247 -1.46242590335405 0.976074895126309 1.46830014811643 3.12455079784767 3.90970617550354 -14.6060549269683 -21.3251234754237 -0.54586910409065 0 1114.50572902588
"1" -1.58654389843218 -1.24945009340527 1.2392463439726 1.33428073266045 3.03712497045026 3.78986355684421 -14.288346038694 -15.4790543681885 5.84270910190254 0 1253.31262920441
"1" -12.3328551324504 -1.38196462287538 1.2621416471375 1.50322620047132 3.52642083933831 4.06783222948537 7.81629633006927 -5.56295784184012 -4.70724670204956 0 1083.69938296762
"1" -1.68987675835429 -1.22454155640751 1.13072105898434 1.26112155881663 3.23123370517529 3.74399622512574 -1.05116289851003 -6.10221109937842 -4.85220635632792 0 1274.66274877862
"1" -1.44698752439817 -1.12955271129921 0.875020468670629 1.66647174080885 2.78964118997748 4.10765010523214 -8.68980190615059 -9.63321295150661 -1.83199019897103 0 1327.29437933494
"1" -1.56156143697262 -1.39968316597681 0.935631927224317 1.58772602877061 2.94355661720501 4.0225973547757 -14.8688840436992 -16.9061268373783 1.67917683102278 0 1192.57949138433
"1" -1.73901669246956 -1.6192972664235 1.0055374469412 1.75174339953824 3.19105616405143 4.16151593216736 -4.03493257474066 -2.2942525073044 -6.79971608757487 1 1076.3509132354
"1" -12.6993136822544 -1.87772454206888 1.06077682987213 1.63194400780088 3.42944435995996 4.09778398100608 7.86916549863055 -5.85031266316072 -9.41429597768438 1 817.319981718361
"1" -1.69603043728851 -1.26828764635036 1.11378266801523 1.47558578218995 2.86814340204892 4.07531867629264 -1.39044544435877 -4.44130778594214 -6.37662333598824 0 1244.19710073717
"1" -11.0005616360458 -1.72914509421831 1.05638209910357 1.35370549761621 3.02280130115275 3.41658186845197 6.67932711365785 -7.59454519928925 -9.60026835218886 1 952.694795165806
"1" -1.69172919716679 -1.25888599951338 1.06516119743384 1.48811955332107 3.54473344644372 3.63799511355613 -14.7025550024536 -17.6324681006852 -1.39713124540962 0 1214.42962589436
"1" -12.4737965644681 -1.35541595878329 1.09627918452036 1.42543443386636 3.11340396441526 3.85013523767029 7.85887492581265 -10.7093587855102 -8.58187038144756 1 1116.73917696848
"1" -1.66078317666751 -1.45042564599891 1.0799353894263 1.40028196627772 2.93011328604965 4.2028533270846 -4.2413942196081 -2.05214748339778 -6.08511867839332 0 1168.36622383122
"1" -12.5521291896164 -1.59262631398258 1.11382058716672 1.45723905246102 3.36778663664702 3.76726440366916 7.89066806301381 -7.04906442375525 -8.09279608005597 1 977.80713130507
"1" -1.66617565973923 -1.31622403479604 1.28592769029389 1.51016648863348 3.34931731000565 4.04924330821946 -2.10523697602334 -5.81397543263021 1.77879446270527 0 1211.6640258017
"1" -1.64775114546339 -1.205684749098 1.14833812738096 1.52972891283969 3.1967145635564 4.34407947536942 -14.050888382558 -13.9236340174454 0.347861855577166 0 1242.92092714088
"1" -12.6092033075221 -1.53137946477641 1.04183116015829 1.6330779772815 2.89069398601766 4.02617508495485 7.86598965215099 -12.1032372659255 -8.95154915536544 1 1006.81264627319
"1" -12.4391222132656 -1.57423248184376 1.1000025394777 1.55727484066372 3.30665050073357 4.34639695329288 7.82423263636205 -5.58664962789798 -7.62486094557448 1 976.357040836721
"1" -1.7674447454606 -1.46693695604112 0.854728762381586 1.46632386449457 2.6911791495399 4.12613343103871 -14.7525627716549 -21.7679831418239 0.385948823990846 0 1098.52540816843
"1" -12.3372749357314 -1.53173768443034 1.06766356227231 1.40678770616683 3.5448518559028 3.86954909000162 7.81322668670213 -5.6341282835813 -5.98504896343384 0 1031.57174410048
"1" -1.35859754712018 -1.30695654935564 1.20205760279169 1.65975367362862 3.33089937389356 4.48441372433641 -1.98560269291617 -4.40770074162481 -5.95266164335637 1 1320.29973046666
"1" -1.74618300897765 -1.19958731714479 1.1312606343109 1.62720656775095 3.57410231664509 4.03192006700787 -8.4938404920653 -15.0012816619026 -6.52055942623451 1 1218.4801943922
"1" -1.72947869815717 -1.27375581711882 0.6411630183793 1.72957406985791 2.69464934463371 4.25005033578867 -1.13020096864631 -4.48190593658885 -6.69849618287879 0 1210.39973715103
"1" -1.61973724247239 -1.1543661116124 0.902818588237796 1.60298149562354 3.15127403699078 4.08542877426715 -3.08921054179808 -3.2342775896915 6.7129975865138 1 1272.32583088621
"1" -3.80331957589503 -1.25985812829124 1.14747869645109 1.57848034971367 3.28875491580376 4.1227830260726 2.73175917590251 -2.21709516309666 -17.3108990340917 1 925.157432541882
"1" -12.2856627022527 -1.61221322750131 1.02904131906276 1.47837627546333 2.99340408543556 4.54429772954069 7.62960216428676 -5.64260594664354 -3.70954510720263 0 943.358075847056
"1" -1.50853146220513 -1.25675492209344 1.00621916331877 1.23591372902626 3.0210656929263 3.58918037052247 -2.6119768715543 -4.97412590157455 5.50757930136031 0 1276.88764089134
"1" -1.49179959644184 -1.42450838336932 1.16505808430359 1.6521272637088 3.26606040108244 4.35501079987969 -4.26877843249492 -2.82652550280175 -6.13695560657272 0 1221.70819204059
"1" -1.55285233474857 -1.07479058265016 0.73522879000786 1.50815248237848 2.78316637767997 4.1942663889759 -3.62435921550909 -3.96909344399447 -5.98933015590131 0 1316.50614752451
"1" -1.75198699568863 -1.30254568336006 1.03998220628399 1.5504457316363 3.06277284386299 3.96335923047531 -1.55455605783573 -6.62491504403964 2.52143233317349 0 1198.84812470282
"1" -1.83900146816207 -1.50998880628018 0.776297054855491 1.56965641171352 2.58705503275234 3.8079891147502 -0.665775475802539 -3.41030278484877 -7.10659632695576 1 1139.2739828102
"1" -1.57213755801734 -1.30950161419454 0.951264880884119 1.54961547212517 2.91310387825064 4.1092656064432 -17.1665010764625 -15.3142212869518 2.05885294446999 0 1222.79059405934
"1" -1.50564314512423 -1.41623051902781 1.04078239717128 1.58618142258212 2.96427414287469 4.34016105237087 -9.89135623343974 -3.29573466063457 -1.55729245027542 0 1210.68575578728
"1" -11.213956748719 -1.65810560323562 1.42728430420747 1.05755027876339 3.62847205081028 3.44248973049458 7.25621472164793 -16.9584618299637 -10.3528539344433 1 1005.65788727346
"1" -12.6313553999909 -1.24901578085139 1.11657774629349 1.73016822756385 3.19223993886198 4.16984761046716 7.88025765292896 -5.56718844527769 -6.66903233555307 1 1065.66866174575
"1" -1.62686329321208 -1.36983877018374 0.739950587560113 1.32913321210855 2.8588187630833 3.98836282166067 -21.0219017230241 -18.1660230647584 9.79960848414399 1 1171.98917020701
"1" -1.7364543675756 -1.34119037628545 1.21402224963747 1.17997218441102 3.12135377018013 3.33660366663932 -19.908189366086 -2.49139249168269 -4.91818729745946 0 1183.64952731215
"1" -1.61109635167859 -1.2797111647555 1.37059822436985 1.42392093442713 3.41711220035529 4.01898424357428 -11.9721330660076 -2.02331020083559 -3.28139815128421 0 1247.91416183126
"1" -1.63275920692488 -1.13471238446111 1.0742157489488 1.57151879389963 3.13702509374355 4.17719350869946 -2.02818540193131 -3.86389331221131 6.41223290926885 0 1287.62728128405
"1" -12.0732440046601 -1.79262321949126 1.50544504644318 1.73556759614043 3.43253489513317 4.4613575920858 7.45650472454629 -5.79912613492796 -5.46201295413808 0 887.062571724373
"1" -1.53847379868871 -1.38214193687234 1.06219486781922 1.51538069896769 3.29910731046949 3.97125113745788 -10.1513122952307 -9.61752956427929 -1.20689064594174 0 1211.48437174941
"1" -1.68544146467422 -1.6102670155734 0.771674576552679 1.53471349764481 3.04972090093847 4.35374094164527 -5.96116298401701 -6.74585522355435 -2.28384160538157 0 1067.31196828784
"1" -1.80380605379414 -1.36053272841216 0.947469435798521 1.36813156522799 3.11012351859576 3.79563572486969 -0.840514116350404 -13.5629322291008 1.54726925995643 0 1188.8032103252
"1" -1.91206573708281 -1.32334078228407 1.4668804188873 1.65448241189731 3.30115523617088 3.92295981819904 -0.725057609087872 -4.48942648092148 -6.69160788213074 1 1192.74244562887
"1" -12.1612227359586 -1.55622061281406 1.27426732089088 1.46821529566704 3.77100920134538 3.77238223075807 7.62497088822698 -5.60755326267959 -4.25839884168499 0 1006.10913780855
"1" -1.83448149309668 -1.41079515679958 1.14669550767599 1.76080216546775 3.18031495777941 4.46006463826537 -12.9049089881799 -18.9381474838883 -7.94895357523929 1 1104.5109137194
"1" -1.33248880028485 -1.26679954892769 0.503514817948446 1.43083853984736 2.41174885432867 3.68801780169402 -1.87146994364075 -3.47657426704573 -6.87975203669809 0 1309.01339309069
"1" -1.668171680986 -1.26291518103601 1.0822760191073 1.36488092500148 3.0715223605416 4.1766065859432 -1.70560470763693 -4.92012269088176 -5.61251825731303 0 1241.2063360986
"1" -1.65925331018993 -1.5512147139916 1.1325277847781 1.67602777501217 3.27449455320688 4.0562996551339 -2.02564991462827 -2.79807559879258 -6.51852586165857 0 1144.31505010285
"1" -1.7044105079859 -1.2706370182849 1.13199138842359 1.73200473708291 3.09975195759056 4.56506042102932 -1.79937119796847 -6.31426893091663 2.24020296311758 0 1212.99949633383
"1" -12.4189869832398 -1.47127692223719 1.12936579759563 1.61494297967029 3.60738280815136 4.09366903334485 7.82758310580347 -5.62868947487879 -6.10374941433531 1 1021.77733423246
"1" -6.92288148412513 -0.888785175825313 1.23654133622862 1.77153673052411 4.0159187900703 4.63241242700306 5.68984569831086 -12.7492071569817 -10.5431304184682 1 1255.99652856909
"1" -1.48123745115771 -1.35850170317087 0.975902280870484 1.43382433992753 3.01770915941332 4.14203806191019 -3.46257836942894 -1.80914585533183 7.27080845244093 1 1250.86175074056
"1" -1.25670983343668 -1.15618472520806 0.748171188994551 1.46903130903856 2.5746525837401 4.09320686551893 -4.261451242506 -2.22960576897193 -5.21301540423088 0 1390.60189406994
"1" -1.74100863300855 -1.64390008189382 1.22061242984291 1.69808508819403 3.2678586984434 4.2006144841567 -1.74442664173192 -2.7744685047013 -7.02326570440144 0 1092.78425701285
"1" -1.63405079826743 -1.37614233608552 1.12557607107841 1.48946402772066 3.2362604157069 3.65026856455964 -3.87461211517803 -3.17945359066559 -6.04972471740834 0 1199.26226791597
"1" -1.75621179363911 -1.34777281235279 1.11724174702968 1.40336962797616 3.1880865415059 3.91666772924055 -1.2452155388295 -3.55356564805552 -6.69069312151384 0 1206.79566560747
"1" -1.4432391610151 -1.27168319979734 0.942398374943544 1.35951986824925 3.00436964770131 4.12147147211065 -5.19768165048415 -5.52385162694801 2.53432859806865 0 1279.12294368048
"1" -12.4054711028351 -1.54962406011149 1.37489639716944 1.3119677393127 3.67046751626523 3.57656791792413 7.82456712203331 -5.67612057913804 -6.39585652373598 0 1007.11223068238
"1" -12.1953613766222 -1.61240864545583 1.09257817012454 1.38220535596241 3.14242567290603 3.46899188737172 7.63533381409925 -5.52583115419918 -8.65751986933715 1 982.217557346461
"1" -1.57119381869276 -1.5979385676826 1.00791502258698 1.52733381283241 2.88255774882144 3.90728566487879 -6.77894014955626 -1.27960727781682 4.55582342430951 0 1158.66916677176
"1" -12.5032023758212 -1.35640677671219 1.06668950974368 1.63604065834243 3.2575571802206 4.22347926261522 7.85351173580969 -5.61458578706933 -6.90339792014199 0 1052.19868656909
"1" -1.57479770932375 -1.30832770356689 0.919949035668256 1.35609656853897 3.11644435811032 3.77848834807382 -2.44091593524012 -5.24617779444494 1.87201930753185 0 1233.36860569953
"1" -12.5493728451669 -1.69870427524595 1.04821198952111 1.64486666152048 3.37284435559328 4.18917687379296 7.8456841776171 -5.76163830845353 -6.582513453116 0 908.37046321577
"1" -1.54466445999819 -1.31911014862866 0.690632194080302 1.35136951387354 2.80985562503081 3.88871680268084 -2.23363343892853 -5.1319970354364 -2.39664370100655 0 1229.54772361597
"1" -1.50317219114202 -1.17293649109072 1.1411278893678 1.42338480700736 3.08125989101373 4.30600075859398 -2.31709556578193 -7.69188264036899 -4.74876886269883 0 1313.8357124367
"1" -12.5874725814339 -1.48376116232416 1.30289001504334 1.85756400178248 3.60971041873863 4.56215063384109 7.88054083537074 -10.9155114693985 -8.03971342404631 1 1014.86118596988
"1" -1.7509463128505 -1.31054589277281 0.842675456373812 1.43042870739468 3.13163628013797 4.20298045409044 -3.36139442349531 -2.56640377622644 7.14559917498885 1 1171.02244933604
"1" -1.42777829804221 -1.19110730625902 0.617656450297935 1.48476251329528 2.66275854420547 4.01990121644639 -2.61502314987008 -4.12212957427293 6.13280687736528 1 1296.4703514808
"1" -1.81087849568127 -1.26431980456885 1.05232243079415 1.54233484103842 3.26943697015053 4.02140976401445 -0.439780829167094 -4.94617610111392 -6.63522279251939 0 1261.69578373103
"1" -1.74638332633404 -1.29042572271204 1.14437267694543 1.52928991161844 3.45726160063676 3.73570626095718 -1.41326539499441 -3.81075011298998 -5.52310047696407 0 1225.30419053915
"1" -1.73102213338119 -1.19569595876798 0.945489392388946 1.68549222844394 3.16481759572253 4.18749167812212 -2.96021431343646 -2.985400782397 -3.41563428441374 0 1235.26941223474
"1" -12.0769407223154 -1.42585602558684 1.22059685861662 1.68989490697233 3.43518793199752 4.2096143314521 7.61521816600482 -13.0858221087585 -8.7275613546816 1 1079.82791580024
"1" -1.45669969955056 -1.25645300059741 1.00634576745914 1.70036835265253 3.31489209565301 4.04816194940551 -2.31510060502306 -3.46513113922648 -6.20672605192732 0 1303.3817400237
"1" -12.4892300218821 -1.59714429188469 1.13076631787207 1.54561933174664 3.69374986063237 4.08057420290616 7.83748077055136 -5.72438845228939 -5.40312358937218 0 959.348475856377
