"1" 2.93313601354304 2.66611103570464 2.5811865084658 3.87877373936614 4.97476597501772 10.0510401526013 -0.0593019101937098 -0.5409464396954 -0.388500627206404 -0.149681962931752 0.243513667635707 -0.578620147777355 0.355934088168731 0.337336310211489 -0.457469342266378 0.138310902028123 1 2861.38433738005
"1" 3.01164482514866 2.56338862289865 2.53684352552195 4.18168623492687 4.98993154084269 9.93924871197111 -0.0443002914198848 -0.546110058888991 -0.391044280473956 -0.155408640601666 0.239157663480508 -0.625615009212193 0.277773104632378 0.382477349084273 -0.396392296625183 0.179365571764148 1 2751.207399506
"1" 2.94025345113375 2.65758468653692 2.51218939268373 4.13894748176591 5.08273127862612 9.93273393946138 -0.0651975788599094 -0.553311816038655 -0.453029439958875 -0.211079710724347 0.259567896762621 -0.618056431125413 0.287485700867245 0.37213604538143 -0.405692688322506 0.157940531393693 1 2851.21412618156
"1" 3.10410194593892 2.65471467077935 2.55713982431391 4.04102912779831 4.98811969547834 9.84514367727229 -0.209764296167218 -0.618641275410581 -0.256893109969428 -0.265180341350565 0.458928228675768 -0.587579159781916 0.272729552188058 0.33507049871771 -0.376348280934009 0.0189781193226922 1 3070.61519731318
"1" 3.05723978724591 2.53213100737486 2.47478590548217 3.99479551416288 4.98798872013637 10.0167688012855 -0.0529584468944809 -0.544443319356566 -0.312645788287594 -0.152161900232762 0.22085014726648 -0.574508466230567 0.312282719060883 0.334983669499571 -0.426010208223768 0.234207922029074 1 2783.71930893946
"1" 2.99457601713426 2.59414157822851 2.62134883059278 3.9131823674315 4.98208696241053 10.0256380719948 -0.0404763445985474 -0.53429975231468 -0.381359874567341 -0.076028812553868 0.211627370302754 -0.57479481492042 0.347250288598528 0.335565828158046 -0.452560235479067 0.188934877973794 1 2785.88200416033
"1" 3.10798234800525 2.54916684350299 2.46257145192631 4.10111799252652 4.99366755146611 9.99104596632049 -0.183133882719786 -0.628903156395465 -0.400535782778332 -0.203810555968335 0.483738484129805 -0.650679687221366 0.192462224292748 0.403104959044767 -0.346438546598764 -0.099338511624935 1 3032.65870269571
"1" 3.01851550664334 2.57229544687395 2.58506143951544 4.15204435851537 5.14974982775601 9.84134617688663 -0.0733280439970116 -0.562813296022072 -0.556416220125528 0.0246508397862178 0.267375093121367 -0.607464569337436 0.266673969951648 0.36383127787448 -0.389046786466252 0.200759207653226 1 2836.66964540286
"1" 2.9396682488961 2.63495756532018 2.50803297072637 3.92903473518827 4.8389602532848 10.024416166493 -0.104345514543435 -0.578142691512253 -0.174947917230322 -0.209004294655595 0.380819566970202 -0.670310208444635 0.262506270442928 0.419989052479212 -0.394657501930942 -0.0842353266884959 1 2840.48029853452
"1" 3.04243462262324 2.62150107650865 2.62515556173582 4.01745287866724 5.04263094739849 9.93961537298965 -0.140423676480147 -0.597817656348971 -0.320134326895009 -0.0467034692498451 0.418336018278751 -0.617031067550509 0.29875585093911 0.382050834302883 -0.413255546596333 -0.0816360888292576 1 2999.75480612564
"1" 2.92337244393507 2.69664332267975 2.51088812674859 4.03056089905719 4.94587125502478 9.98237440008698 -0.0487427345254313 -0.53246745207831 -0.320451252086555 -0.185791371983478 0.216167609357259 -0.570328301504526 0.377911910923204 0.329714686603384 -0.472968259206397 0.148337385148021 1 3018.99628735604
"1" 3.02245040612467 2.58768555249621 2.46055452129936 4.10095872372998 4.9586510683679 9.99793980743853 -0.109128923109205 -0.585799930154981 -0.260449650266058 -0.243715374398246 0.332784587381086 -0.567904276237834 0.307829362719687 0.320741074371633 -0.41812896022323 0.145070239405393 1 2934.33407624614
"1" 3.05995587743217 2.53823064352685 2.47676563599271 4.04550383846579 4.86258754361859 9.9400024837438 -0.0369494299618946 -0.538846838612629 -0.251931239712328 -0.0747167288776643 0.208364319309777 -0.601824157637471 0.302531185161165 0.360702013464671 -0.417957473564065 0.214154846401123 1 2925.06912494561
"1" 3.02848740141969 2.59273378761257 2.53413745630883 4.12416017861992 4.86883950167485 10.0193816767869 -0.0961176773255033 -0.567715787716266 -0.249706048825114 -0.300412915294185 0.287538266895592 -0.563356073490128 0.327678419576163 0.321525814378129 -0.43391832464399 0.166188695272101 1 2992.8029167827
"1" 2.98349875029896 2.61863272144096 2.45084331083507 4.02249784041553 5.00498223353659 9.99433556637328 -0.0164653188167804 -0.521435016013407 -0.317457526515782 -0.144968200711126 0.167491674756666 -0.599522469142102 0.32814091035522 0.357043418571095 -0.436616977529329 0.222110688316586 1 2911.39396648443
"1" 3.05116090858953 2.54334825900742 2.45252257581187 4.10210928257873 4.99991050321514 9.98699483189378 -0.0764173480819776 -0.559103917354444 -0.342826901821732 -0.234801368027388 0.284533095272804 -0.590488802930561 0.333163519550284 0.342927415169934 -0.438523645464992 0.114053758199563 1 2873.52154958635
"1" 3.03136945551511 2.55633763830049 2.52616877198144 3.82818728738661 5.05428160713794 9.97209575077941 -0.0469401896193007 -0.541514137042768 -0.523233419899454 -0.0620268709196564 0.273961871750234 -0.683336813615053 0.264867634617018 0.423181959278159 -0.382613615004574 0.0624862605012168 1 2859.99201091698
"1" 3.00847176733868 2.58230536979737 2.48253517371325 3.98777372295856 4.92172004074414 10.0383040547171 -0.0789094301051086 -0.56327775917995 -0.238662691184793 -0.218969964429847 0.313147871188348 -0.636265108875731 0.280760000558197 0.397154001974153 -0.405220987242826 0.0556164697274757 1 2852.10320411666
"1" 2.96426024266083 2.63718559014659 2.52494127200248 3.97947867219586 5.00664396538366 10.0061019969817 -0.0441480035584681 -0.538511210932988 -0.406961138650485 -0.144381498603152 0.214038861414116 -0.587838052318013 0.323004556170661 0.347778751670504 -0.433229828033277 0.201801535165203 1 2884.06706543765
"1" 3.03898669840173 2.56004881163301 2.5593796457707 4.07439339035749 5.03511363675587 9.9526044732673 -0.0348009143945961 -0.535327724616359 -0.427516337240054 -0.0968485724720989 0.201402475597181 -0.600458383299607 0.316233886951008 0.358292332504772 -0.426153119305732 0.205661544736732 1 2869.53937155773
"1" 2.92761823523612 2.67283430175148 2.40038654089757 3.97972086017866 5.02255825281428 10.0006813366008 -0.0191026294076163 -0.521258542222109 -0.326001877259145 -0.100543746735632 0.174449998343612 -0.599300883185392 0.339774902996104 0.356116615180511 -0.445664660975998 0.199011215417114 1 2901.58655759948
"1" 2.9233268913963 2.71142441341025 2.56819845343681 4.07202949598076 4.99957147719535 9.89852224039806 -0.107042579132474 -0.588337543146101 -0.364765101289384 -0.0529339254696639 0.341810498138334 -0.656438858494611 0.166713853095853 0.42521215925781 -0.323486464999847 0.139376096919974 1 2973.5383657432
"1" 3.11334561636382 2.50492747981166 2.52872026848185 3.95365987607429 5.024370937472 10.0474198408666 -0.0197648953338935 -0.522478971231 -0.400415939513595 -0.171053288173379 0.169538432145767 -0.579869879650716 0.360772455008781 0.338552925921372 -0.459901828415249 0.205583503816813 1 3078.1941133776
"1" 3.00392418601954 2.59127334684227 2.46456353180456 4.05018255074534 5.03877869813263 10.0338880867194 -0.0344014080861175 -0.534098954598172 -0.344664224833522 -0.23713033403934 0.209987560756339 -0.613710042521859 0.313774728601094 0.371474635813856 -0.426611612868579 0.174897943808523 1 2805.83231936289
"1" 2.98733544082731 2.64644896473202 2.60957019094852 4.12844841116844 4.9936761365933 9.99043472530858 -0.118311060352432 -0.587299024023001 -0.388693893505562 -0.315572889409622 0.348426653060327 -0.611225477064892 0.273462639727169 0.37193347483338 -0.397581583688899 0.0786035463783433 1 2961.88032402555
"1" 2.95614619324016 2.65623008847724 2.47906075953359 4.01652791294619 4.94600528882191 9.97348173749716 -0.0733053793737842 -0.556190730137889 -0.298352381630693 -0.140945102750582 0.284034941328017 -0.611276114541093 0.321621854817688 0.369719257672758 -0.430343561224812 0.0857199463068631 1 2944.34057543226
"1" 3.03599032647899 2.57353206731633 2.62356095550239 3.98808472105738 4.98218330881206 9.99198555509691 -0.0276756391671053 -0.529085081345136 -0.44181846591229 -0.143429947156274 0.186276548513528 -0.598146060246332 0.326206643257285 0.357109957685506 -0.435825859591571 0.20722548618408 1 2965.24021800219
"1" 3.07153080378382 2.50868763452452 2.40993856201617 4.1063703522999 4.92277443740241 9.92626913002276 -0.0475271864343981 -0.548788439634745 -0.233541569394008 -0.0548038527831335 0.259647647364259 -0.629416213111047 0.300476894439495 0.38262174219068 -0.412689360118031 0.118670750679184 1 2850.71956357771
"1" 2.98510049109684 2.61378894254097 2.54980690445132 4.05936673780904 4.99901499749496 9.98216637459154 -0.0549083523126413 -0.545572568714129 -0.373138215816925 -0.136925856082555 0.224686322281182 -0.585320283694111 0.306294926192484 0.342335201364074 -0.423168690372338 0.221921147712327 1 2869.32985094749
"1" 3.01345108574916 2.5938426332309 2.52785244769571 4.00765908549074 5.05788979847838 9.96274602509476 -0.0420147601386207 -0.538901446482114 -0.436694308085174 -0.0371942678550114 0.214436003662092 -0.607157902442105 0.311362010343942 0.36382763433001 -0.424344140453707 0.187265423930508 1 2947.37489574895
"1" 3.00033669284654 2.59955550405481 2.56569287527727 3.96878755591164 4.86553350939321 10.0027335964258 -0.0553209197544361 -0.545564365124775 -0.255481572109901 -0.124840170388255 0.252102083680197 -0.617957248018703 0.31001162374158 0.38017381403673 -0.423799974198979 0.122374053745722 1 2899.73821118513
"1" 2.97768571876352 2.62271801074272 2.49522044047689 3.98934362178682 5.04663117965303 9.99809898467641 -0.0446818799567123 -0.537842053544532 -0.387106056479033 -0.117053303923455 0.21681568912352 -0.590082295010729 0.333152205029711 0.34688183461999 -0.441170675487239 0.18221322660674 1 2884.47210306723
"1" 3.00715814883007 2.60804794742709 2.58825887132946 4.0222064632682 4.93299489112174 9.97683928700889 -0.0574641872845767 -0.54223722088903 -0.356872313122519 -0.0930421164872952 0.223503460451298 -0.572956171315536 0.341882843086569 0.334239833481926 -0.445571360288162 0.190181241017631 1 3008.21049046927
"1" 3.05960400695405 2.53553175369779 2.48531862774773 4.04957905861547 4.97292818992272 9.97873311481925 -0.0549079843226933 -0.548766009415568 -0.336946901419426 -0.110580061664707 0.253956469823211 -0.606433829396408 0.322357016446731 0.360127057059378 -0.432716209051903 0.132136890560451 1 2884.98163151421
"1" 2.9181297077512 2.64588492407113 2.53961582183347 4.04215846665341 5.07573904013195 9.9404953162341 -0.0330693139542936 -0.533070891941334 -0.438920633066484 -0.0338869151136676 0.21219586422502 -0.605384232492129 0.307006402425135 0.362183574726423 -0.42222530736136 0.198353133359478 1 2576.36083247367
"1" 3.03616225606561 2.56783167309417 2.4909908621881 4.06153930703839 4.99337466348744 9.99085062811901 -0.0560559171718878 -0.54746116326753 -0.347763745235844 -0.167662670717763 0.238528551108382 -0.595887900117015 0.322561430410659 0.350428384595509 -0.431795469777057 0.168410349982071 1 2925.84873635129
"1" 2.96718613489852 2.61252958731916 2.52153660490513 4.07740311997395 4.99905036687186 9.9425458879941 -0.097340575214455 -0.56806571686798 -0.360925756452527 -0.2159537745989 0.312266716559702 -0.564057822469923 0.330427251765192 0.32147119696268 -0.440153488559053 0.12969562394276 1 2806.65633646663
"1" 3.0179187775204 2.58553212102872 2.61123586142654 3.9766834736737 4.94568387049937 9.97871914083471 -0.0731538225995928 -0.552616364175141 -0.355387497805872 -0.0560204296831445 0.244607807347126 -0.543900904966533 0.343236309384979 0.307794687980097 -0.447274255598251 0.215817239638783 1 2926.11804333396
"1" 3.06476567508111 2.54955345843483 2.50306725280971 4.04195137831904 5.01457938659268 10.0051819055978 -0.0357663115686372 -0.539815779640265 -0.364022186567983 -0.18856120432347 0.215042269899168 -0.632817209597937 0.285056557072819 0.389862632402869 -0.403147812326416 0.179437729767522 1 2970.62608117969
"1" 2.93480007105609 2.65767428135101 2.50878145992895 3.99072761151209 5.02826324511744 9.96291949570404 -0.0503686769341274 -0.544655809116065 -0.422927463360287 -0.0548980006076442 0.253644455878175 -0.642949639492916 0.280468723898174 0.400120218056949 -0.404594628624712 0.119926662374143 1 2842.45085292796
"1" 3.03512560671048 2.56257701517276 2.47144485890218 3.97563286611083 5.06954373007357 9.99106524513268 -0.0430304751052425 -0.542747934449963 -0.410998114790217 -0.105602682478135 0.235956874559983 -0.640741006913683 0.281949471869057 0.396758559130936 -0.402952297800026 0.145595902820659 1 2870.29991775729
"1" 3.00833519648798 2.60030701452271 2.5371997115738 3.89137551335057 5.08862001939813 10.0620563577399 -0.0431858754860479 -0.532436506054966 -0.45291713442397 -0.144760080051472 0.205009429591371 -0.567734168181435 0.364289258880236 0.326133087923078 -0.466364776709869 0.183414764117217 1 2951.17775669659
"1" 2.52769188577645 2.3518156178352 2.10910592005508 3.48720259751794 4.70755160004082 9.81675874413137 -0.397453246565784 -0.524828480080737 -0.849501413419586 -0.0363324911024448 1.06288953879378 0.16238402009596 -0.375153257029679 -0.253092608695216 0.0720049168415543 0.169523494811775 1 2807.30839906322
"1" 3.04117714476644 2.54457307864206 2.4115218500091 3.97735536568445 5.06047090414058 10.0403586458398 -0.0127252388004478 -0.522537543716233 -0.35285149720043 -0.196153692589702 0.181498525539219 -0.613483883177773 0.32900238343514 0.370368487406963 -0.438095445659605 0.18266027248869 1 2721.25005539504
"1" 2.96357983284212 2.64367035063292 2.60901913815393 4.00069782841739 5.00617424616659 9.97777684448041 -0.0617208809456535 -0.550771464614762 -0.407255239220893 -0.108434733359763 0.242490520823617 -0.602485992089027 0.292796333848885 0.362220306374548 -0.408407723217691 0.193378263697748 1 2920.83881113445
"1" 3.06045109044496 2.53664959739261 2.47821195854861 4.02111633859086 5.06816885040716 9.96272261942188 -0.0316557253669967 -0.53902308063194 -0.417838389465299 -0.0362750700002737 0.217100042756417 -0.626446972596774 0.294396519943974 0.38137703760051 -0.408707827322137 0.178400735956629 1 2882.04868423704
"1" 3.04396743151501 2.56506211454006 2.46386071341654 3.89747797680559 5.0166003624761 9.96322570317015 -0.0416333754157664 -0.5419599946286 -0.326266081092282 0.00831601996792971 0.219056188717644 -0.622071301399333 0.285949923276571 0.374724624388027 -0.402335077903584 0.199455922127204 1 2966.62208437194
"1" 2.91340938753707 2.68183281180537 2.56130306326533 4.00049364477137 4.97928853309086 9.99461033908265 -0.0327154613892533 -0.527223384281418 -0.34689354052628 -0.173762917395086 0.197491055746781 -0.584079299028238 0.35250621838081 0.342977193835065 -0.454355033655243 0.182330631196011 1 2829.05180883434
"1" 3.03921900253217 2.56338357145245 2.58081918126216 4.04165908313502 4.99125880823236 9.95583931170845 -0.0593702426040796 -0.553222260317532 -0.359346211133964 -0.116002395142255 0.258303183654916 -0.617872466597561 0.294349600276934 0.377001610734736 -0.409093761706118 0.145265362818295 1 2897.04568418854
"1" 3.02980199449871 2.56962954186801 2.58401763570198 3.99316847275514 4.99592533083874 9.9836263146529 -0.0459837900695392 -0.539030013906437 -0.407713664170682 -0.0837698836659084 0.207360984513261 -0.569436158318636 0.332715334552757 0.329661195472076 -0.440178347708797 0.226544834705699 1 2885.04930726549
"1" 3.03240982532369 2.59460482456267 2.69441789704034 4.08829968733477 5.15208701881955 10.085034164583 -0.0662821513878425 -0.53846443714299 -0.553275759769606 -0.481140542331378 0.274134517996625 -0.615327724932745 0.329823841620902 0.363694900192698 -0.423506362922071 0.0976696513049086 1 2909.15749879662
"1" 3.01937297055216 2.62281787781467 2.38923840745361 4.08724151856021 5.00908217447544 9.99138754569861 -0.154133733284498 -0.615405592639915 -0.32625459095676 -0.202216897433517 0.435127919112785 -0.658945654609125 0.150821909807171 0.419809188843673 -0.299639303597833 0.0361429064500713 1 2979.92905749454
"1" 2.92664450019094 2.66754236060038 2.52469229051314 3.99586186311135 4.93444853702256 9.97393008899981 -0.0566894894556912 -0.549415261600954 -0.284815357656159 -0.178241721770979 0.253726866820341 -0.621822006617674 0.281248547322977 0.378775812989996 -0.405284120486343 0.16034432857244 1 2860.2776132943
"1" 3.05346663345481 2.54832329474228 2.51441356317007 3.84510612002728 5.00188645760428 10.0882940715099 -0.013057182029809 -0.516193473757321 -0.348042888672882 -0.166208853394417 0.162087710252324 -0.57451145335402 0.372218587191457 0.33343414845412 -0.470899188003292 0.20285269435651 1 2902.56609465452
"1" 3.04514278936971 2.5552490819989 2.45521820878097 3.94346954569814 4.95587718571997 10.0002640443034 -0.0378711280679774 -0.531867963587378 -0.317013766827824 -0.0703289197308029 0.21733893727201 -0.599080634440272 0.355874127242701 0.355380686634061 -0.456696887896561 0.132470433896203 1 2917.31480014091
"1" 3.00605073361733 2.60133666076207 2.59614377586409 4.01303805252078 4.89997634097727 10.0396292747924 -0.0537694404951789 -0.540852723193628 -0.300991337574993 -0.21004697348505 0.21344591901153 -0.549609034868987 0.354326730711998 0.309737106441538 -0.454267096953241 0.224122722872134 1 2941.71012635179
"1" 3.06273441462774 2.54890755798366 2.37324010734049 3.96590613490127 5.03254156328237 10.0001096012075 -0.0463976552472164 -0.540229002266312 -0.294974425951774 -0.105616644392086 0.207581775584973 -0.572844791797404 0.331143062654541 0.331321995963593 -0.438364282189718 0.224807127148228 1 3007.65706608637
"1" 2.95535025704237 2.63555814532042 2.44279061069352 3.93700681514007 5.08267130705197 10.0308102153781 -0.0591531535239307 -0.54337629106933 -0.41279963677249 -0.12639814412792 0.250013555580558 -0.575404370139521 0.329061402027692 0.336929394083639 -0.445090962578883 0.170339948312805 1 2835.73442153454
"1" 3.03916981775471 2.60030214106266 2.48089873924926 4.0617619850458 4.79998774769843 9.97930311053244 -0.150796679097454 -0.600749623413905 -0.101566867197812 -0.182648483603354 0.380525251598034 -0.54690999428393 0.325676596634473 0.31171717679236 -0.43700303515437 0.0818747628392178 1 3043.84128648512
"1" 3.00522072611007 2.59921920479713 2.49471102129672 3.87238666827557 5.02580776133964 9.99877256629152 -0.0558942520228448 -0.542189223038911 -0.390621287070072 -0.0446287235931845 0.237840574121273 -0.586379233790035 0.344550419957815 0.343444898207938 -0.451485543548675 0.147580721361302 1 2935.8047569959
"1" 3.0397004343212 2.56512805747779 2.54416152760141 3.9948874077142 4.95122489360953 10.0392940090084 -0.0630758407908474 -0.546538829849787 -0.347262768888547 -0.199833431925435 0.250931110429362 -0.576945212043821 0.358407695088074 0.335591442605317 -0.457879245679467 0.130615154217126 1 2916.87909586144
"1" 2.97318318390424 2.62434266611248 2.54823271698045 4.05896931125488 5.10769574546836 9.97686407987405 -0.0570639790324201 -0.551359346824057 -0.508853733107193 -0.137262865159477 0.247290628552183 -0.615082030523298 0.279125348702959 0.372890600809706 -0.401322239073723 0.18467488187246 1 2847.89653870734
"1" 3.08773534997072 2.78021578703617 2.52210208386587 3.63509705495796 5.10728996370499 9.88178354324129 -0.376066615972014 -0.694189344248416 -0.340877544088643 0.213859516174586 0.710425643030488 -0.589895832584651 -0.0280812650519992 0.344438598451176 -0.113221311732707 0.0996035334901983 1 3104.04373549731
"1" 2.99854843999907 2.61859602817806 2.5126472538496 3.86734327182554 4.9784049322744 10.0481964178307 -0.0242138980857103 -0.520303635301834 -0.343885774203152 -0.099556184140495 0.175769177335488 -0.564297997872152 0.388438398326455 0.323419357109421 -0.481906363212108 0.183278132798725 1 3056.68277281541
"1" 2.99314960750532 2.58358709844814 2.51922982539655 4.08797888779435 4.86124072133324 9.95422504696591 -0.0525077566771236 -0.549785615575001 -0.250090032545131 -0.194929203648705 0.272740636767539 -0.614427551437924 0.335626991291935 0.367722041536577 -0.440834775449865 0.0761478269181294 1 2832.10797809381
"1" 2.90898344800838 2.69368934376797 2.56124159749945 3.97922010013171 4.96001736007033 10.01418469235 -0.0399708533574347 -0.533019329481452 -0.338479293693919 -0.150255728419931 0.20537863097522 -0.588906091110295 0.336730428044088 0.347396165963231 -0.443325039823813 0.189404985878321 1 2896.40133562718
"1" 2.95797879781116 2.59814087252422 2.46347167835494 3.90364925375225 4.89166866836258 10.0417735602397 -0.116676246373718 -0.590341389677777 -0.28930742394062 -0.283411306055719 0.420306825256742 -0.691621523851773 0.166978974368337 0.452929801290137 -0.328546625762123 -0.0902611196146642 1 2793.62557526585
"1" 3.02779178299703 2.5464989199646 2.4833216454855 4.09410451256229 4.93160931635174 9.95416097197104 -0.0442979386811841 -0.546287829723415 -0.199739414904598 -0.0854110121367425 0.241425445957066 -0.610311458137092 0.300175975800664 0.372094022976596 -0.415014032456575 0.165508248391966 1 2781.37571166837
"1" 3.03232591887017 2.56882975623891 2.55880157026934 3.9343891038451 5.07195883051497 10.0638675056344 -0.0324677649370384 -0.530642965747811 -0.483846144298964 -0.216756087090605 0.20188198729364 -0.593540016518647 0.340592342202063 0.355073032508474 -0.446715135971482 0.175667116400426 1 2843.00146486898
"1" 3.03077115671612 2.53349874684129 2.59104989401606 3.9320833250403 4.92717228001363 10.0835675975919 -0.0756233283831572 -0.55192332600844 -0.341278001374966 -0.248133917088936 0.26971956702668 -0.530550771105673 0.367502312173975 0.294616348041835 -0.466987141773346 0.173428472695606 1 2696.1753050626
"1" 3.01311807876801 2.60661142636695 2.57090627175137 4.08146749183593 5.02430700914437 9.96152385944218 -0.0685861557090336 -0.553622907636941 -0.437581986454818 -0.0992906656373151 0.260918412978986 -0.611277878704936 0.308800338027325 0.36916702894058 -0.418458463977732 0.135167105248676 1 2996.29635345576
"1" 3.01372011608474 2.64372611283097 2.55923061708774 4.04532877776917 4.94718445560386 9.97452585298343 -0.137946810722155 -0.592062628231795 -0.349366114526752 -0.115910796362524 0.366363551261524 -0.577119302718287 0.303853411770458 0.334265709447017 -0.420544699754474 0.0825253317020419 1 3037.76059982655
"1" 2.705874729257 2.2385738403131 2.16754338999074 3.53926712605686 4.61918352649478 9.88335216902992 -0.00701628586539398 -0.679359228378018 -1.14140250184248 -0.295529241918235 1.31011515948403 0.517266090058732 -0.385484567246712 0.0208840744491727 -0.0447980185221387 -0.290059824634196 1 2867.11797102708
"1" 2.99723481256441 2.60413242873354 2.42564952685242 4.06862765777419 4.99305180258598 9.98518997166012 -0.0325997454370139 -0.533902711009728 -0.324155821860662 -0.176102115848365 0.194417034448378 -0.605228837962977 0.303857692325318 0.360520429591352 -0.417763968284854 0.224296550796532 1 2906.50969998082
"1" 2.98824589895898 2.60430526958229 2.50873107100568 4.0413575165718 4.96366395981928 10.0314551123967 -0.0360212438445137 -0.530941981572528 -0.317750649716413 -0.247073281184646 0.200031522913133 -0.572352376866143 0.352162124469868 0.331374761786638 -0.453038494402482 0.201556496455367 1 2794.49562309364
"1" 2.97781350999572 2.62773333541362 2.53750643734716 3.86250143587737 5.02708574039144 10.0627204110471 -0.0043787064829596 -0.509970817916874 -0.390803799654782 -0.112063023438531 0.145979315195537 -0.578072102116662 0.37417451497831 0.337792789841681 -0.471680350162177 0.209182366856131 1 2956.54564681765
"1" 2.98843443807597 2.61423175102296 2.5672902287429 4.07008536820729 4.90456579436114 9.9694589347502 -0.0566711407176228 -0.54845396855623 -0.280727211161824 -0.155827657402832 0.23503778492445 -0.598449467772341 0.301776452217721 0.356030088212997 -0.418127344611651 0.194785326690931 1 2910.39515266888
"1" 2.90987409315005 2.67556264539286 2.50220165130476 4.04756828434667 5.04235694755691 9.98954966778391 -0.0337812546916351 -0.532637994173843 -0.415085719316885 -0.150834962710881 0.21249865819938 -0.617328649705431 0.311600650973272 0.374329416795251 -0.424646628084441 0.169914843505225 1 2721.39939831711
"1" 3.00546093632498 2.600400673196 2.50119704917706 4.02996572153229 4.9414875086071 9.9652825388599 -0.0552387304386279 -0.547077413700705 -0.286962577447309 -0.0916512171068074 0.249289544875026 -0.615373814296423 0.316035601704115 0.372332401516266 -0.427439940904542 0.127278528930906 1 2942.72579708632
"1" 2.99199866494066 2.6395597470957 2.54897995660505 3.98193057712517 5.07594619890867 9.99731778922941 -0.0504123043824951 -0.540742945420312 -0.461402843059985 -0.110894198481909 0.226864678914031 -0.605987192821494 0.330905059070164 0.364109254513432 -0.44132254476029 0.143395255249073 1 3084.02498064
"1" 3.1171961991336 2.45737267399743 2.53390283386027 4.17922224346642 5.05399289988574 9.89711541636444 -0.0477152917863848 -0.552373930824915 -0.437686402908356 -0.0996836058899538 0.261326928082483 -0.639586697711351 0.272371907265143 0.398239836962287 -0.389197493208072 0.135894683614759 1 2785.54811389582
"1" 3.05984981923727 2.48269833082002 2.42953420619521 4.19154126100651 4.9336663921318 9.9147770174018 -0.171490078011945 -0.634328372840278 -0.532195641686295 -0.153952747589915 0.553744099611711 -0.510815003579839 0.366680695916762 0.290485516065882 -0.453719131843698 -0.181367613590462 1 2859.92046369457
"1" 3.00297929055473 2.58988449953778 2.52780302659202 3.93993136862064 5.04993296522654 10.0312999420677 -0.0353160850458106 -0.529269229344147 -0.402295815940084 -0.155568952058288 0.197800498703756 -0.55477022328308 0.377845003548179 0.313918300485345 -0.472579399275267 0.1948289315845 1 2811.01327550217
"1" 3.07309555928834 2.50187014894941 2.4158319992034 4.0725404555601 4.91151921002227 10.0522919129626 -0.055455419053972 -0.547086454511343 -0.254621025326816 -0.352298859114823 0.247351997810337 -0.566347229324188 0.349818942037169 0.323741045933253 -0.45268248316511 0.167643608629436 1 2776.77176046689
"1" 3.10550335256034 2.49082279297555 2.61040335726687 3.96926128669188 5.0206418056387 9.98574229270631 -0.0775162227023733 -0.559831547214329 -0.431003431906622 -0.0592219252401406 0.256451833262528 -0.550797263340652 0.318398178106406 0.311204533546905 -0.430341783632508 0.232456858701336 1 2875.02707980092
"1" 2.98408729627418 2.62722774302739 2.56917115291511 3.98761227031887 5.10335249463333 10.0089749530199 -0.0471742486449487 -0.541035975922424 -0.503558599767258 -0.147651791649328 0.224376682941263 -0.607433602697383 0.311591539236699 0.36402462058432 -0.427773238775734 0.173562026564287 1 2941.342366407
"1" 3.07315825316112 2.53636052854159 2.47965027389349 4.08128406068805 5.11729314962192 9.90758662397515 -0.044360646122738 -0.546029512824187 -0.448681784752183 -0.0141872708356846 0.221990679666611 -0.631808837200749 0.255286842534603 0.387156703293531 -0.381780703120596 0.219498881846642 1 2963.26049561381
"1" 2.96954061279312 2.63791639315857 2.41693615874096 3.98076808476645 5.06085191226861 10.0182620701533 -0.0119339952940166 -0.519220185929619 -0.366547990785455 -0.126626302038041 0.163726041046553 -0.612103023564563 0.323652182102475 0.367247992923403 -0.433456308877164 0.21255750853657 1 2978.70740081647
"1" 3.17040011021748 2.82429294432101 2.52828357701302 3.78213247133523 4.91112786836701 9.69870284634333 0.057457296237114 -0.372004379156692 -0.169711797918121 -0.416493632652886 0.532151172207724 -0.521248786743777 0.0492929447057839 0.594467264960539 -0.399869458730058 -0.497659334619763 1 2977.22194551831
"1" 2.94511419583493 2.681790773762 2.4609149907457 4.03001771317535 4.94889783941376 10.0139239585543 -0.0885158168162111 -0.563672961095038 -0.288282301516764 -0.220129860485574 0.290259279151819 -0.616537718887399 0.283268769825055 0.374435949654438 -0.403523197300744 0.127574283385355 1 3018.21658141015
"1" 2.95153064504924 2.5606432296923 2.28259250979808 3.42316664524149 4.83393998694808 10.0983367805117 -0.420216876041245 -0.721638190056173 -0.38250101604008 -0.0358673778640762 0.908351957759343 -0.253542992526175 -0.38374072624888 0.0162131828142519 0.122718125884043 -0.477861234773047 1 2897.92534725961
"1" 3.02742737686258 2.58157948869157 2.53704547343181 3.99569743526319 4.94639927450807 9.95586255457297 -0.05301145180869 -0.542793136486797 -0.303721401733569 -0.056838293012954 0.226024922139361 -0.586833005356076 0.327873384562862 0.344578848537531 -0.437485800609585 0.185514968295583 1 2977.01027661658
"1" 3.00430945952088 2.58554701245422 2.48176448980096 3.99203684745039 5.01135848965907 10.0141670245231 -0.036878686793609 -0.534345634254749 -0.35168479123017 -0.210721509685678 0.226006570028314 -0.612191765577773 0.33474336048244 0.369128040016475 -0.44154429743329 0.130292975045066 1 2817.77846104572
"1" 3.01938418730135 2.60467348999008 2.65216602343497 3.98288838178311 4.95320349555285 9.91410408958333 -0.110177470001078 -0.580971114683084 -0.36783605607073 0.0626253926840938 0.328124468893326 -0.607012115408846 0.268057052164318 0.370469406886096 -0.389347313327218 0.122466207206881 1 2992.69672501809
"1" 2.98943094496821 2.60649873479604 2.50738374761019 4.10309339708562 4.88271813565127 9.98073682337472 -0.0640723151468241 -0.55503017240786 -0.259850308331146 -0.197934002032957 0.264244281960358 -0.615247101275226 0.296609711796607 0.374843311688665 -0.414037227704688 0.137081333610608 1 2871.34069380715
"1" 2.93058810500023 2.64973117479596 2.61502938987702 4.0459759998437 5.02780066388434 9.98094907278455 -0.0545705276843146 -0.542820331273962 -0.437829736499456 -0.158052669113255 0.237168603604407 -0.584716442523639 0.32725613671464 0.343564803485693 -0.43651626404757 0.178028104940404 1 2690.4732522452
"1" 3.00586762113609 2.6158383618426 2.57824246463841 4.09570195759582 5.10238689216987 9.90768300370384 -0.0711568132613053 -0.560788265373665 -0.480512101255802 -0.0504021411995594 0.268410593034105 -0.647484598950286 0.238392654573081 0.405678495355831 -0.370337295460373 0.158805246313448 1 3007.64144390252
"1" 3.06741452678438 2.53143268452614 2.46845948342007 3.894193943488 5.06141563172059 10.0511153320582 -0.0129083677758743 -0.51770525373826 -0.388510198331851 -0.126092875945976 0.167751372174877 -0.588213650346557 0.360366602312415 0.344844233787889 -0.462716607118265 0.193173797178857 1 2864.62717534397
"1" 3.07921601305405 2.52576746362965 2.47927817039065 3.96376665921065 5.05745894187309 9.98499057618557 -0.0289607593610455 -0.530035600895489 -0.40034723517952 -0.0478426171236534 0.193609093012415 -0.602741829972462 0.332675949660099 0.358958889993515 -0.439871946887218 0.185321758476882 1 2960.37027695376
"1" 3.13938774382748 2.62889384084615 2.72438845242585 3.88581377436739 5.29159397322076 9.69866560652798 -0.038269903420153 -0.488192403648135 -0.610372876005069 -0.153472248935329 0.377719355213382 -0.657695620033196 0.293151155454779 0.452084912936198 -0.399124494989776 -0.146841566147253 1 2982.22050534464
