"1" -1.67530965448262 -1.36352214273688 0.792745777707959 1.46216441139329 2.72577245176022 4.0011463202888 -6.77115700332814 -2.89231508113755 -3.37709803260147 0 2329.20608131176
"1" -10.2267776259107 -1.38355079219468 1.06332387373266 1.51521754706832 3.03727411449782 4.04789206649576 6.60546300581392 -15.8552257709517 -9.2652614008262 1 2167.52741899828
"1" -1.72635460826627 -1.3083755611074 0.901129085055511 1.58509298836808 2.85750128027604 4.2361349494974 -1.54028483448686 -5.71561524003944 -5.33451197274284 0 2386.87118551546
"1" -1.77925786721663 -1.2310819388169 0.888765159252472 1.51566020015013 2.83137272430465 3.95099426925829 -0.471372994647504 -3.11308103479641 -6.67479801553058 1 2571.70111947354
"1" -1.62421795411425 -1.33549639967009 0.91558995197322 1.41571369274953 2.83130116945712 3.8280476029578 -2.4281141236688 -2.93056724158968 -0.0673448336641324 0 2419.16122966591
"1" -1.93176258926437 -1.41388510635282 0.710619760188982 1.48416856119902 2.66413782851204 3.6840296874384 -0.713278488952809 -5.28816427730298 -6.43970657619906 0 2250.98422882509
"1" -1.67346777663146 -1.47312365048899 1.03468230016702 1.58529778303243 3.24473444336543 4.01293315767348 -7.48283573062158 -3.87461227873744 -1.84634041434369 0 2260.70727494635
"1" -1.59318078320271 -1.31243534974331 1.0833689159312 1.55847355356951 3.15580433311157 3.97515532405319 -3.35163568313141 -1.89130862704016 -6.5651026568029 1 2492.79936180772
"1" -1.7100730688656 -1.30863554287798 0.832205099367783 1.64409823446518 2.89126713049826 4.11258430972848 -0.955914468578337 -6.59865960063953 5.29288050108382 0 2424.46785317839
"1" -2.54947236454393 -1.44113432868067 1.08485088456787 1.42984682146455 3.35863678796254 4.06826608486876 0.85627778121435 -2.62856953234836 -11.4180877759591 1 2322.32379938112
"1" -1.77196659595761 -1.37602215766066 1.07584431965588 1.55279848834453 2.94961976909737 3.89142828178508 -4.38972298936646 -1.80912849416864 -4.0804088122306 0 2331.66484733152
"1" -1.78403780959751 -1.24669564686614 1.13461505713 1.23687635090656 3.18954605564328 3.55632968778697 -1.6151564344228 -3.74781789624018 -5.96058205577987 0 2442.49975091509
"1" -1.82636991561171 -1.47544463481913 0.975228883518863 1.61638032126251 2.98329999093239 4.23494311164104 -1.97074588516403 -23.7354767781922 2.4024929050864 0 2184.81498983017
"1" -1.72169379909627 -1.43213441074925 0.954320818184114 1.59586656417455 2.91934026298671 4.62882913418956 -1.66596878672533 -2.33489193708487 -6.89459164308306 1 2330.05752734752
"1" -1.74568694783869 -1.42778269351865 0.935216363557011 1.64790758429362 2.91108068237329 4.15726832476408 -2.05512155127307 -5.08575580183517 -5.99973193656687 0 2270.91491718281
"1" -1.56590238105511 -1.39906372043077 0.701880405022582 1.65513012142149 2.80541269795484 4.39970111560928 -3.29569690430493 -2.46115974023969 -6.35352787156207 0 2370.57117725947
"1" -12.1993106651735 -1.46334269361754 0.975918434633373 1.53311985361554 2.81985927155105 4.10407027409332 7.60327736250766 -5.98154699414201 -6.32824305096964 0 2028.81758436082
"1" -2.29155768461717 -1.35570261193793 1.13353252839634 1.46784133118261 2.97363564096654 4.01743056383778 0.373221208631234 -3.91442522506681 -10.1210394548735 1 2349.45139851449
"1" -1.5872452401244 -1.33949472500086 0.998259050630236 1.48785636517343 3.03597327707417 3.93493119954363 -1.38931779497305 -2.86945780733752 -0.40012578416177 0 2494.34548233188
"1" -11.7705898339821 -1.49165996251766 1.22786694409526 1.51259678955043 3.12350786700874 4.15697982294351 7.35206450312044 -5.956092817188 -5.47739338093384 0 2104.00004012523
"1" -1.83474690600203 -1.43075460370785 0.985033895926235 1.4547057330161 2.90825454191754 3.86969183868921 -1.07488728653967 -12.3812626160364 0.335154616871927 0 2272.77588737915
"1" -1.57755966731986 -1.52627631621863 1.01185332631473 1.37996218392944 3.00343022665987 3.62584658638002 -2.54543809059137 -2.78676028699917 6.26484016341048 0 2307.97400261514
"1" -1.81715800315099 -1.3646670373456 0.970750157958235 1.55028604401754 2.97356651374281 3.84667458557535 -1.40569309368013 -5.62180736975027 5.79527395245112 0 2304.75404337195
"1" -12.2210790317257 -1.57738236297405 1.14377356480693 1.41989810374204 3.22872984125354 3.93015023665957 7.50977083793541 -6.08703257454692 -3.2488248595353 0 1875.81265865184
"1" -1.71076488548238 -1.26849516638137 0.917076101623221 1.37320865160333 2.81214889329775 3.76074394426027 -14.1702967631766 -18.9785899713272 3.15540838451976 0 2386.89817646321
"1" -12.0168679601485 -1.44563557939653 0.994489811187109 1.2196701715507 2.96176647406041 3.51608483511551 7.50942822315459 -5.94224219797887 -4.72716467004422 0 2105.06261359295
"1" -7.60662356028932 -1.33186511102996 0.936592888329928 1.48835322796868 2.78578648892392 4.31221334335277 4.54087895781803 -29.6090350203029 -10.3794414005725 1 2178.11096435304
"1" -1.71531513074505 -1.34773288695699 1.05937485577464 1.43678868250476 2.91574531812334 3.92081803009965 -3.97130654599148 -2.87452470538461 -5.98462282423326 0 2354.72610142976
"1" -1.58359553395805 -1.34248553673227 0.982015938287403 1.60692151960697 2.74892539677704 4.25016337943328 -5.54692458686063 -2.99551224232216 5.38885444560822 0 2409.84906274226
"1" -1.76733170007716 -1.30449590339847 1.10163228779401 1.43384994138836 3.08123853694849 3.83391083625518 -4.7104945407472 -3.39018605158305 5.744872353391 0 2343.73166109654
"1" -1.64428144233785 -1.33336003379391 0.716014427362328 1.58427924508517 2.69107532223452 4.12061733494798 -12.3790879886413 -2.88274290304792 -2.28324663101054 0 2354.43600295786
"1" -11.9325344630491 -1.48963051101438 1.11621915640172 1.71465955854796 3.23458653892474 4.44603079336358 7.50880019289631 -5.98707665804559 -4.61107701335199 0 2101.09045905167
"1" -3.91438699240954 -1.74971697537262 1.14181427623579 1.39970220866701 3.25433293216152 3.76965296740431 2.43785657506394 -0.290902256587139 -11.777976525196 1 2192.62647567647
"1" -1.79840502578397 -1.41526726568463 0.945354607559444 1.62412694226004 2.64405784709731 4.2972082493158 -0.982726901957751 -3.78555442054395 -6.54206640986158 0 2323.96509175332
"1" -1.77507104107052 -1.36888753186252 0.974488968237671 1.56167201975107 3.06852630355777 4.35487212697261 -1.80947250926164 -2.10711235093564 -6.77164202224134 1 2355.84123664252
"1" -1.70600449365948 -1.31933119216683 0.8723081432394 1.34173414464682 2.79944624805484 4.0764441313229 -1.03670037267694 -5.23488579972257 -6.08960196813718 0 2430.19292553992
"1" -1.60007744267483 -1.35458603389826 1.08292052204801 1.46864422009551 3.12393794509066 4.04225593545422 -4.53385873141801 -1.68563419575472 -6.1349750342729 0 2451.30541151753
"1" -12.091978260475 -1.42498321188181 1.21707646045282 1.5659532011441 3.22639038063248 4.07825178508904 7.50594157322349 -9.57238460641373 -8.70483945693757 1 2141.23213826159
"1" -12.0744000917419 -1.58530989226581 1.19310456777193 1.42297514318089 3.55812411172136 3.83500119837105 7.54030162015386 -14.6896560465951 -7.90163074614548 0 2057.57643238355
"1" -7.92149594537746 -1.40136994820508 1.19596875469358 1.87956272573812 3.81643406613214 4.85806319379249 6.62497183653789 -21.1802454003014 -17.4752384474743 1 1699.75214512359
"1" -1.66198660459574 -1.34507678278476 0.880483816374925 1.54240944653067 2.85071094086033 4.06330879555483 -4.39917808262842 -1.7820683718936 5.97062575422301 0 2380.80553039626
"1" -1.62879465171776 -1.3597791041464 1.14799218673525 1.39272572578937 3.52066024052598 3.93311652723872 -6.01631901471383 -1.87384837550097 -1.99790071837141 0 2413.9838072106
"1" -1.69429599190758 -1.29520342900777 0.879426710263982 1.60042777944851 2.67201598210159 4.18282131665388 -13.6854566687566 -2.69746867875354 -1.94226969841742 0 2376.49494253064
"1" -11.8760610838519 -1.46000688342992 1.12753354717885 1.47150894813767 3.29603557893092 4.10439263311444 7.34709152917009 -14.7294725220151 -8.56187307563619 1 2126.76034144468
"1" -1.74983691534816 -1.29228000058317 1.12719949483139 1.48189022789086 3.2161046460024 3.98987595968628 -2.43129257299875 -3.41526268079071 -0.515564302917094 0 2385.36569261582
"1" -1.73544411210172 -1.28113375051506 0.953231353263288 1.58703374250304 3.17648007227466 4.33493855178913 -5.93339841395666 -3.34538260710033 -3.97431810670169 0 2358.86675359812
"1" -1.688510872262 -1.39809572220214 0.947923085107345 1.41928554414098 2.6106963268923 3.76888846526174 -5.50407369478377 -4.87979040120531 2.25346788860335 0 2304.18325727487
"1" -1.5496757980794 -1.31615271223553 1.00798658798119 1.59697060861339 3.06408880358907 4.0711153569087 -14.9195946039771 -16.5492214013076 2.67570805359965 0 2446.84964536755
"1" -1.99139472804854 -1.49243061253463 0.68933767477338 1.54454016160301 2.42725209468879 4.16125217640904 -0.590788328245405 -5.70081842888474 -6.12382894393594 0 2153.86988133386
"1" -1.69700315335054 -1.25393545790163 0.95677010629219 1.68348911949513 3.28215444787961 3.92768083747451 -1.70199398673512 -2.99671435821494 -6.57288183808382 1 2478.19373920535
"1" -10.6772747329502 -1.43569582092587 1.13989719859606 1.49509187169405 2.99477821834438 4.06215028329611 7.03097447397866 -5.15420796764037 -9.67439105709791 1 2124.20349209562
"1" -1.68922641879146 -1.30444853064421 1.08222192780186 1.46980216749109 3.41750290332506 3.97919853111322 -6.48221052443647 -2.42133310866507 -3.21336759529345 0 2398.56885563454
"1" -2.65856153220535 -1.38348938268005 1.00394685008712 1.52727832799044 3.01805545479303 4.39795870439915 0.77378100826746 -2.20063814021758 -11.8845310000791 1 2307.11528535944
"1" -1.63842358909455 -1.38172002995805 1.09650546862641 1.41391725230199 3.13612291681053 3.67009210501511 -1.55428038187018 -2.55229443267096 -0.257386695913268 0 2435.58580267212
"1" -1.7734275435436 -1.40489832413438 0.844485195732617 1.40472460357525 2.68171845286446 3.70999266188947 -4.0851157182766 -3.28151012749754 -2.76030798275164 0 2256.48904384314
"1" -12.0237237096931 -1.54549335722175 1.17538733599475 1.55203166943077 3.46422271150927 3.91797123443037 7.51185402511275 -6.05049386632667 -4.74657701332895 0 2015.63843214892
"1" -6.08196669828275 -1.50968217964346 1.7375302065404 1.80561335730522 4.41594653357955 4.71086001822314 4.9246434322168 -11.4237774233671 -11.1866175063777 1 2317.9346995061
"1" -12.0071308429693 -1.46748039566159 1.06576094624007 1.58346799749682 3.29089125015193 4.20043370103626 7.50629799332366 -5.97672162669122 -4.61859827762072 0 2065.60668385754
"1" -1.72932237385523 -1.48649919949147 1.27039496895483 1.62485164529382 3.34369237580193 4.23329927267715 -3.24356333607533 -4.74526165919219 6.15845853781817 0 2221.96947402789
"1" -12.112980988997 -1.64813906190555 1.04312078865042 1.59723837187789 3.11599728814833 4.22791330128034 7.51268197412259 -6.09364691267631 -4.40306282043694 0 1884.41395875865
"1" -1.83312374464614 -1.43473290774216 1.07379877038265 1.77235000313088 3.2760621577294 4.40740319596549 -5.78691207363461 -2.78105193059348 5.10171604494046 0 2190.90153737728
"1" -1.78949901339559 -1.18965462621772 1.11287090755443 1.46311408976605 2.98753221669359 3.97472641143881 -0.851025388289827 -4.67019619785162 -6.54505149316762 0 2530.67294832339
"1" -1.68007023336732 -1.33805240745532 0.853077607774819 1.45250525924536 2.95190058662909 4.01011125651113 -6.1192938945582 -4.15656676487652 2.70614343120503 0 2340.30971624448
"1" -1.60893080788112 -1.30027567978633 0.811021001697609 1.57753507735227 2.81806578254848 4.23525624055568 -1.69912418325859 -2.64597548054702 -2.2839731298454 0 2482.65614189518
"1" -1.73659869950079 -1.24038589521351 1.04656961055527 1.43510356914617 3.04071312081319 3.75798781177099 -1.30477911730731 -4.66755240389814 -6.08736968909527 0 2481.30775067305
"1" -1.67391604170923 -1.43274383824225 1.01265821296613 1.59840825060032 3.10892571574042 4.182308528872 -3.86147814936431 -2.55455620433736 6.17256836638689 0 2294.91186753403
"1" -12.3918421880641 -1.54998408244762 1.13478412799347 1.3814026038363 3.22770992187821 3.85907206233331 7.71769713799735 -6.13120767546229 -3.42584263951814 0 1936.80296146357
"1" -12.129229675879 -1.42474391908421 0.999661999184615 1.4631394266214 3.18086620196729 3.95617257965038 7.60358256586707 -6.01047653860901 -5.09279622249284 0 2108.81094762729
"1" -10.9182972536921 -1.51582050269678 1.06972978293581 1.60512264909524 3.3618042734938 3.97129652324125 7.02800294831488 -13.9474869855769 -9.42484727848946 1 2042.55540247338
"1" -12.3293761030691 -1.44394788818485 0.990455673879277 1.56854236199646 3.15312534318704 4.09461858734357 7.79836534909931 -6.08151972703814 -5.6517665345858 0 2099.11032529498
"1" -1.55908045041886 -1.25397773994393 0.836297572970463 1.57425741208958 2.54101477817282 3.94221359819911 -5.77981365073726 -2.26388157067706 -1.7956823397601 0 2505.63510793834
"1" -1.6962791333615 -1.33430522132167 1.05403649975617 1.57754517449168 2.94403031419609 4.09290830850338 -15.400684077463 -14.0211974478588 3.64575489569553 0 2345.78057883804
"1" -1.96067600799182 -1.28024991696527 0.930715977517616 1.37764600065823 2.9320766050413 4.05113657483705 -0.203335442068878 -4.41205182771328 -6.72326945618633 0 2449.692833814
"1" -1.61292317223183 -1.25106066472374 0.886509609958151 1.56940259672727 2.84196781371716 4.15135485825694 -2.17523528061759 -4.23555375083301 -6.57922268939811 0 2483.23161785676
"1" -11.6928678735011 -1.34039938242269 1.17947551058465 1.46073685111374 3.23518440277934 3.776339597709 7.25292513556328 -5.8077767613771 -4.82263648425365 0 2191.25265731123
"1" -12.2246384845488 -1.61367584789814 1.121303899223 1.31578685276225 3.09817820500503 3.78620903782514 7.60487205385911 -6.10234420066242 -4.34956577398927 0 1907.46319382331
"1" -1.87686653497692 -1.22551306365953 1.09045017898891 1.5718325044114 3.25371782136236 4.11620528307739 -0.485411754526612 -3.43086955394111 -6.51860131385323 0 2512.29517657121
"1" -1.71257211866319 -1.3745456762581 0.916465214666608 1.70681617045812 2.95149471259394 4.45299421908553 -4.09092350346081 -3.38005539711485 -2.50864333597278 0 2299.51582896801
"1" -12.0420922516937 -1.47109716722068 1.28583851197572 1.51800908716253 3.40065740597956 4.05544661972417 7.55011483275187 -12.4820031439066 -7.65072009183066 1 2179.48602155397
"1" -11.9811552805885 -1.69470264044729 1.43710397572098 1.62188206796145 3.43693660162431 4.15632626462359 7.52538044233742 -6.19179200251609 -5.15360298469571 0 1972.89556432775
"1" -1.69833890931138 -1.33165483563021 0.91433766551196 1.33749378513497 2.83243214804249 3.80515876842589 -1.98981861501736 -2.33835023894639 -0.396955190963081 0 2407.31501215621
"1" -1.79620475388836 -1.50914764304078 1.12851173846146 1.75495560343952 3.01329537149924 4.10177844660114 -4.78632501978754 -2.61656646628196 -6.2085204162931 1 2182.98598617619
"1" -12.0917318755751 -1.42189556274506 1.21259464314033 1.46323152171557 3.42931863405941 4.03013206949342 7.47830884202674 -7.21135101381149 -8.80044953283859 1 2134.51410834537
"1" -1.56006528408484 -1.41075931860978 0.934015532383977 1.34453349927302 2.83362661172862 3.89011776912825 -2.31877905903247 -2.15468878399538 -1.06834627944161 0 2439.82356167409
"1" -12.2144588315633 -1.54242470192804 1.11264824511558 1.61901929156382 3.1947763438889 3.98567672653998 7.69419042396946 -6.10389916785201 -5.71082708161918 0 2030.57992580387
"1" -11.6222445221902 -1.41240540542287 1.25212165359443 1.37867992050412 3.19203360896276 3.81573591610435 7.28795799120939 -5.86981556078576 -4.89110628252923 0 2233.19266868341
"1" -11.9950891718613 -1.48003406374205 1.42521493442341 1.50360600115346 3.53100262505212 4.18331087994761 7.51333600999252 -5.99200822218367 -6.89863218405881 0 2081.77332489334
"1" -1.83948921283357 -1.4844658200169 1.20096780577534 1.38965217453306 3.13995998965141 3.68055418067119 -0.977446710580609 -2.882274782334 -6.35488164648482 0 2297.55001118524
"1" -1.69177172689244 -1.44537848164352 0.961812916186071 1.64804706476288 2.88402494652017 4.31345326471255 -2.22814524278876 -3.87091594979326 -6.52945427072783 0 2291.61950432544
"1" -1.72161447605436 -1.34351740249747 1.01646282881366 1.48212408782804 2.96997543473402 3.79075243668832 -1.6942029264856 -6.54151453090562 -5.30618909099933 0 2376.0028832494
"1" -1.65849910133961 -1.36570058878713 1.03598786118804 1.47001507036817 2.78597382671111 3.90533052491873 -2.98900620272892 -3.94226372411632 -5.1784163005115 0 2372.54561729784
"1" -1.73996338101855 -1.45553373464084 1.01478520074129 1.3532751751742 2.8752494027971 3.80033694428753 -1.63424843833262 -5.25124804547417 -5.56650187905535 0 2286.22531630203
"1" -1.66782074098417 -1.3414293666014 0.863267891812077 1.5248326964391 2.82781952778224 4.11122234620882 -2.29373125373721 -4.41332460596872 -5.9722876338781 0 2373.71598219142
"1" -1.68243027809337 -1.44764281196225 1.06082020952339 1.4718881132246 3.25248091949605 3.99077283496917 -3.33041623955357 -1.56907581300029 6.16465860988179 0 2314.95180843452
"1" -12.287741524942 -1.45769283413496 1.23799139625326 1.49047628150481 3.15399538086716 3.80365102601041 7.61204130937491 -6.02859208390193 -3.63667809257427 0 2000.9607026119
"1" -12.0323107350013 -1.58609413496732 1.32294801232916 1.50130068156851 3.31457580727118 3.9564455087932 7.5160822219847 -6.12452908071037 -6.71103603292796 0 1994.01315938398
"1" -1.44131850486828 -1.43909071379818 1.10998491754548 1.46560252752278 3.38451602638742 3.81688110123834 -3.13615606059468 -2.61422801318173 -6.85760723354385 1 2481.50653543204
"1" -12.1987636411683 -1.42974737610307 1.22054058004263 1.49688457440078 3.13368769738182 3.82714760528683 7.69743764519897 -6.03619073885941 -5.59896101309994 0 2142.46626337449
"1" -1.73316411164831 -1.40144008494541 0.910385623068908 1.52460099311058 2.98325350742526 4.2809589323823 -6.83275705402169 -1.71183474202325 -2.77979183709888 0 2305.18805966776
