"1" -0.413524523091695 -1.26366604509381 0.349800683801714 0.839010774778019 0.317578372125095 2.78420534023099 4.34305444983641 -1.30786694687181 -0.565260915025898 1 -435.663267670514
"1" -1.98452230127487 -1.56198185531223 1.27635761050716 1.2598502851976 2.97352915810158 3.03692256670009 -0.979765008502806 -12.9411912712631 -0.114331145591223 0 1018.43906198284
"1" -0.228878282753608 -1.28038456231958 0.265185200261353 1.61466836047685 0.276900691147784 3.65062441185372 4.42188637491797 -0.604811964471512 -0.470369497736548 1 -562.63517212915
"1" -0.233822139279051 -1.34592343297799 0.340408970471407 1.73080965456919 0.312417557521332 4.32825894337988 4.19983714511341 -0.758823063950103 0.0394456805767285 1 -553.403840716812
"1" -1.89053433635775 -0.336788700243084 0.511996675687033 0.0652149813221722 2.62234393376362 2.99643468046929 0.112706700273712 3.02543026208546 0.0688226278821696 1 694.095010987752
"1" -0.40487498711746 -1.17655490671225 0.267008374293451 1.20937089050349 0.252127413550647 3.93136234979407 4.55997112284687 -0.878277546717119 -0.213938306917893 1 -708.477353854194
"1" -0.476305902838113 -1.59419462935753 0.400696833678827 1.56011869891617 0.397759002595705 3.64367323729468 4.18471119333361 -0.504646322981472 0.0324471384723829 1 -442.043782567713
"1" -1.22146847544738 -0.834710279298403 0.581392204400663 1.1321625414819 1.2200196913133 3.42649931492935 4.34929645310015 -1.11119285441285 -0.265483547069333 1 367.946565857614
"1" -2.05117728461298 -1.63446519987195 1.5265427639347 0.98815199383362 3.12670341976784 2.80613957896873 -11.9829457302515 -14.3426483073903 -2.44113956926526 0 970.165344689251
"1" -0.661888337147218 -1.06535914074678 0.385222051315994 1.39229540873167 0.420474099584313 3.81434466380142 4.33423130338307 -0.617498787074471 -0.471174650903278 1 -355.027135520137
"1" -0.98175325165396 -1.12022380492331 0.291889473661177 1.37958938093203 0.32092995407959 3.78641027581778 4.86766440814953 -0.714134037297633 -0.190899759451961 1 -653.292568678193
"1" -0.594291413056289 -1.0566160272891 0.411788616611855 0.985573697599137 0.393724941369162 3.14608281342059 4.27208542751541 -1.28875155471291 -0.22567928902462 1 -148.087767009811
"1" -0.746261334714325 -1.50458661107967 0.258492777307314 1.31142075085598 0.263349471692798 3.00224991627635 4.7942786920301 -1.03638827834932 -0.143640674950429 1 -861.110088342019
"1" -0.093086351413547 -1.43195572038222 0.18251431706723 1.74174510185267 0.176034271437602 3.89998800939527 4.7519147577978 -0.551609369044448 0.115438510121124 1 -983.634223061183
"1" -0.171102694809214 -1.28073704990794 0.245366132192243 1.24294942581041 0.255880426053374 3.33511096157815 4.5077818365773 -1.26377937966018 -0.00595547820307092 1 -752.962958791524
"1" -1.97410695948565 -1.54049151050102 1.06556580533565 1.35861312116694 2.88177924455076 3.43045842506858 -0.99807411132252 -2.16518577746137 -6.5558637741614 1 1020.95131946921
"1" -0.0269808438051979 -2.84044182708263 0.310086797351302 2.02741998362843 0.277146392832151 4.15866643110855 4.04962210390619 -0.230958799721653 -0.00265044551272409 1 -580.392502469833
"1" -0.828579960362437 -1.58166232936807 0.380189516774128 1.14058519636761 2.37202647006309 3.68839652174795 3.60956352040592 -1.38325200521712 0.256279585526854 1 597.227083337953
"1" -0.31790116597207 -1.31636452346986 0.361816435049792 1.29896492666557 0.307233155849412 3.67799170545328 4.17563918429426 -0.751181533222317 -0.00349105003208154 1 -632.579028082673
"1" -2.32011306445805 -1.44495461897156 0.979247835118046 1.33598494458874 3.20204003944911 3.24703642671236 -1.33254864814161 -1.48310640066299 -6.23625684664468 0 978.480180914039
"1" -0.53039666746536 -1.36320627183088 0.25881017529687 1.55066782981459 0.230886447633529 4.03450464834734 4.60291441712101 -0.550431785349173 -0.247583141160608 1 -637.776432685492
"1" -2.22489140321869 -1.38784969042571 1.12162113013158 1.0076059648123 2.80697848995206 2.97990482960999 -2.08437805829449 -1.60824251925098 6.0625323575483 0 1014.99808038322
"1" -0.44262872324502 -1.0417236858193 0.307626327486601 1.08306811670102 0.317308230590353 2.7570505680352 4.44576147611103 -2.52600633839227 -1.30717629100408 1 -411.44637471408
"1" -0.572123292770327 -0.92290174150063 0.466853925915927 0.953996376316749 0.412994554905313 2.57107160010109 4.19987496182517 -1.6995213864811 -0.0156632769479983 1 -141.217466984923
"1" -1.62975727793412 -1.65639060407362 0.204661583807726 1.6176436895598 3.68255890065155 4.24972606189837 1.9036903799857 0.185448207588517 -13.0607725385269 1 948.103000996087
"1" -1.87818265928789 -1.42507427948493 1.12792696115122 1.36204184036724 3.1626955545173 3.71189256615833 -1.02100573609758 -2.67330183313002 -6.27046912071202 1 1092.82570680372
"1" -2.15027772577984 -1.43436838229043 1.13621126512937 1.28248235706936 3.07838962887775 3.18555666836052 -0.792328068143869 -1.40090586560448 6.88319432831253 1 1020.30460182248
"1" -1.03834178664131 -1.55408673686768 0.382683569096723 1.17609027445152 2.42893033550923 3.48269216395411 3.61797019773223 -1.01928534280514 -0.014052551500911 1 510.267413656775
"1" -0.449816920480166 -0.917095916190315 0.246426527773934 0.185510747267226 0.261733980664351 1.78813084629193 4.69224259167246 -4.64145748222745 -0.757191124448723 1 -586.125718403215
"1" -2.03726767273762 -1.22281460838153 1.10124252418964 1.02079731095065 2.99009005918923 2.87993643490059 -1.99617445246943 -1.26813512423363 -6.66025885047991 0 1125.12017746176
"1" -2.04784216990014 -1.31297001604648 1.103724746956 1.19466463643876 3.03140006799795 3.07021977953365 -1.30159339944812 -1.61298263069922 6.91943098736009 0 1094.51965677449
"1" 0.553829117581217 -0.624356025763366 0.21773008555731 1.17233579716767 0.231959715854094 3.20314882116776 4.31438312551545 -0.833974448130116 -0.0310964596359808 1 -854.605233240063
"1" -2.14672115309609 -1.64796620934152 1.07109899171206 1.29977971015572 2.91777666413343 3.03354080428102 -7.66750659035032 -8.83531089923836 -2.01281197873253 0 945.183011088584
"1" -2.22443590490483 -1.48191221541949 1.33660039497763 1.27679559975334 3.28570348542544 3.34782592304346 -2.47881612674561 -3.88971578353033 -5.13123621613132 0 991.439417136482
"1" -0.457664719447575 -1.26748871022889 0.492899049113312 0.973409139927564 1.60207278682435 2.45501083883146 3.50172470639756 -1.66027090358564 1.3162314643763 1 644.617942912484
"1" -0.237578938530272 -1.40429446175667 0.22406957132754 1.24421962315823 0.245640676700241 3.79059515230411 4.60491287395032 -0.549146100787407 -0.217591626469636 1 -900.223851593626
"1" -0.652712049343792 -1.16054135554802 0.245686573963026 0.0491583494885828 0.25552244319323 1.97777886727485 4.84447485200817 -3.25364749306174 0.0298276936294984 1 -824.81170088279
"1" -0.533289958376866 -1.48534712479319 0.0984718715639138 0.937596645071817 3.51841567954853 3.09259319693751 3.09714016016225 -1.7877855176905 -0.000924462340491176 1 764.000420917402
"1" -2.03802116058614 -1.48978153964929 1.12538129264746 1.27470994887864 2.69003447419126 3.13091782816173 -1.5552373560755 -2.42500125361674 7.20580568372095 1 1028.81440371769
"1" -1.93947584976753 -1.39756998730313 1.16892036096017 1.11657081395329 2.79837882789985 2.83220609769134 -2.19045705568956 -1.51814659464 -4.49421119675082 0 1086.53454345727
"1" -2.28404248386884 -1.60499402681007 1.02541997465477 1.1166918859391 3.12646413572639 3.12639581824309 -1.70718984513926 -2.407969015498 -6.31299796440065 0 920.535803842684
"1" -1.20328847087266 -0.762542005983874 0.492767947444547 1.91436319333969 0.891720701112848 3.589171313239 4.53206735166666 0.0465505473222692 -0.723519471216784 1 61.1533642724953
"1" -0.427838906708304 -1.17171322755226 0.461462839727751 1.52349029161948 2.16394252332311 3.71774701249484 3.37286910294384 -0.775633556154012 0.124357199043818 1 746.178818640294
"1" -2.10387084124644 -1.66798423022907 1.08589446201539 1.58597190383813 3.23003874435839 3.73121239153621 -0.813488543255445 -1.42199260443963 -6.99665639680838 1 942.451351820559
"1" 0.311638420445533 -1.41075428607889 0.187813529702766 1.06468102807734 0.208280372565726 3.32019533890324 4.48174038244067 -0.986051321749315 -0.128157803954561 1 -791.814505712373
"1" -0.566056853249007 -0.629938290161066 0.344770752469709 1.00812995367821 0.363060032665441 3.62066388309861 4.39708702008553 -0.521047710706844 -0.984332652180349 1 -237.814464633087
"1" -0.268607695855351 -1.04766434978835 0.181557248499629 1.38986747188718 0.182814566351535 3.82700581962842 4.93589531747992 -1.14697609775376 0.00235643267882274 1 -856.118082928107
"1" -2.40113388688887 -1.71770478800631 1.76015405336144 1.20391522963559 4.26879453187955 3.08151101954129 -2.17666671898257 -2.71680611893901 7.13199095440927 1 858.542129624691
"1" -2.23741052960089 -1.58022203651011 1.27328269081026 1.35862838934913 2.93732779008671 2.96553757637066 -10.2976246945057 -11.5226132687869 -3.40537837183743 0 952.461547799472
"1" -0.987058321730336 -1.28616432205109 0.473368157521509 1.36101328526698 0.385762812951257 3.88712438095021 4.34864456203185 -0.941934293450618 -0.0189621038755421 1 -340.720489570518
"1" -2.17908766001375 -1.43470985414056 1.27423269296088 1.04074116962731 3.32081947104846 3.06944524635621 -1.25731259448367 -1.0140719555553 -7.59198090395115 1 1005.32814937566
"1" -0.4686948731702 -1.20545179804248 0.21314626717323 1.84020369174505 2.9058149859907 4.17841327327676 3.1807356206817 -0.610958697693103 0.131061167584844 1 798.375269330043
"1" -0.80020292842627 -0.565710330927522 0.130112075474755 0.903883184517806 3.34060771726958 3.50529607036939 3.60347503418741 -1.14302221648726 -0.169947118543015 1 650.613730998573
"1" -1.08754706460898 -1.4302903368102 0.24298851719739 1.25522198192088 0.296021159242128 3.34160558779677 5.06269832776996 -1.64948743179243 -0.420812564619433 1 -790.983499223565
"1" -2.23403077480259 -1.55504467657509 1.26497828785697 1.19602576489949 3.04669696625692 2.8581838218553 -4.53748497328664 -5.63634209442246 0.0630667081536565 0 960.912867544734
"1" -0.382751747773354 -0.806693848879609 0.189291953383737 0.526813192451097 0.233631085504623 2.76296348903891 4.88700236713033 0.113768802697505 -0.209143400303714 1 -692.703628262485
"1" -0.127993500009213 -1.06596082877857 0.132621577086757 1.32206042857107 0.165262901357237 3.6397226034523 4.95656111593093 -0.700994142457171 -0.318228113797946 1 -800.498929348065
"1" -0.721995667510746 -1.40835165370363 0.548653569456848 0.898354489946564 2.26612247206446 2.7136766280962 3.51732533048391 -1.50063481244116 -0.0312789696722748 1 567.384533983086
"1" -2.14286289764265 -1.33938101660599 0.995084666468895 1.4130696130153 3.3631116545626 3.6262071546544 -0.694860253822596 -1.66995592193488 6.79943843844936 1 1058.1953456817
"1" -0.630946590864496 -0.286992556384135 0.51162902112978 0.791543218525086 1.52842835010823 3.30202355857356 3.93971530779216 0.56061080395312 -1.11781659547957 1 342.259879858209
"1" -1.61956771098921 -0.614057437751933 0.618091477166823 0.294950446216666 3.08084694787854 3.11578566423312 0.0537650957369343 3.23365026349381 0.350558216667031 1 605.661766059507
"1" -2.03162623958299 -1.54407339794939 1.26331045003482 1.05796758047818 2.7836936178121 2.97301111901161 -2.31533101940438 -1.50883764230192 -6.39132630757498 0 1004.85765618341
"1" -1.20564579565007 -0.483062060787671 0.34303640709528 0.680803922310936 0.607801878514081 2.9220369560118 4.67584256029536 0.482298645631643 -1.41544232199015 1 3.47737527200479
"1" -0.598598335882399 -1.18750902632157 0.329753167374454 0.711647117008495 0.283118694561064 3.09118408504026 4.48519177664956 -1.55079838768529 0.238811394792877 1 -490.468575030387
"1" -2.17706591213586 -1.57350087241965 1.08292787392279 1.11475369384873 2.63547179985672 3.14260080673147 -1.76586825652464 -3.49098699422734 -5.41745511431454 0 958.124287681936
"1" -0.146684389197854 -1.50692522490499 0.215659066367688 1.2598663877562 0.233460550386952 3.63057131393252 4.59427610787563 -0.591803092473087 -0.00906503382771668 1 -908.842479571649
"1" -2.25643889343252 -1.40865864718212 1.20086247151092 1.12652150705332 2.78695061987546 3.33733344072747 -1.86310745102945 -1.23119985730362 -6.44842209553274 1 1005.05071833329
"1" -0.599555525530044 -0.476185022055224 0.349400263486037 0.392564968173669 0.438001175297705 1.98837753379252 4.44106999483893 -0.521340024758431 -0.872520691919089 1 -229.160783671719
"1" -2.18931472515263 -1.72868271099743 1.20488114825471 1.17590139105902 3.32407851520981 3.08040050960558 -1.91634933242616 -1.569786848518 -5.97628818149573 0 901.910317279306
"1" -0.628716770493335 -1.91019319566668 0.416108174495534 1.55960539542821 0.34055156480696 3.45441404803784 4.14927061085643 -0.343566388678857 -0.136363080956099 1 -212.377086324175
"1" -1.94080132990497 -1.54487536616116 0.926484290962539 1.01472188460169 3.35873995902516 2.79467515021305 -2.13553325612251 -2.16314262492731 5.54217013675588 0 1020.62624416823
"1" -1.96037080669117 -1.69250215370401 1.01430388184192 1.46023499978698 2.76251882124401 3.50008645800279 -2.62868801953919 -2.8582783860318 3.8143295521442 0 973.928318082335
"1" -0.128270070704358 -1.50962311449982 0.341753972417747 0.948045203225266 0.309703718570912 3.3328238016709 4.10349177973885 -1.67801245149937 -0.037388839713508 1 -542.4599632673
"1" -0.719915733802941 -1.58460804780761 0.417351022053579 1.42890294896984 0.409935694096348 4.16330799940009 4.24417085721669 0.0177836622045067 -1.2927175302915 1 -384.603439619596
"1" -1.39613833253642 -1.29703604391933 0.159159441282995 2.82972345285349 2.99377929758875 8.02117224839061 1.94023841455178 2.24847530768704 15.2015844914457 1 1143.38626352695
"1" -2.15983168208424 -1.57733115210452 1.04727171448237 1.10077773628117 2.79150821043806 3.14585466534496 -1.96492419375436 -2.21537131725687 5.52360620980274 0 959.833504727123
"1" -2.20474404805416 -1.54680625911706 1.16212143067962 1.37786668260335 3.07834223361374 3.41026259583148 -4.65763775245415 -5.06523299862249 -0.558777424898634 0 969.382215458952
"1" -0.705872563107221 -1.23055279612566 0.535982985318655 1.36139384757867 1.74153609029292 3.71707861978075 3.67847772413858 -0.917845640704187 -0.0731416346889376 1 549.882022570253
"1" -0.669823675094484 -1.29233854608133 0.628936912387161 1.41442331690899 0.37516525782306 3.53907506328402 3.93379994535727 -1.15307796767601 -0.114141848208018 1 195.414100185717
"1" -0.252125937094234 -1.37680260171728 0.357087558374335 1.31832244503721 0.297100064021942 3.77454216744982 4.122721474742 -0.561249457140035 -0.313902939250328 1 -387.424937511199
"1" -0.916416883778362 -1.67387834070908 0.13228700748433 1.5561435349249 3.75623829782646 3.89366222349003 3.29864808058101 -0.208039029770265 0.0206493988075998 1 657.438706066416
"1" 0.0298730404523599 -1.37050883923294 0.136648894628164 0.890833308968555 0.1613073404122 3.06338440069178 4.93796852814312 -1.45106544457427 -0.228493908654793 1 -1123.5650621122
"1" -2.22482007488422 -1.3965632719658 1.31750844818516 1.28093481198093 3.10615281101666 3.13493315799652 -2.08352138343393 -3.63575513892596 5.78480956178575 0 1027.97578492054
"1" -1.82176626176011 -1.49944027240267 1.10230979033779 1.0411030836091 2.57465870978103 3.20266966528147 -1.23952461472025 -3.10753362128545 -5.36693943171096 0 1074.01768342974
"1" -2.18176990915734 -1.51725579877308 1.13448111263841 0.973980883536889 2.45223997625838 2.86633558991884 -13.4901104964868 -13.2869064074545 -5.58351391203102 0 977.592096364961
"1" -0.446921450495512 -0.989197692411731 0.329378924731729 1.27191232239977 0.335195353484576 3.22494755771448 4.42364930569489 -1.93584977809047 0.00318477880031496 1 -520.905114066616
"1" -2.23112638230262 -0.099205965736788 2.00979065407831 0.265996458327727 4.17649146727847 0.269550569541667 -1.91098662305704 4.32239134105583 0.733689087109727 1 -744.341759335968
"1" -0.670629861114224 -1.0993427749702 0.31271455035418 1.56168104184762 0.299032473642854 3.77674131410183 4.62883069693182 -0.457355850337543 0.266202826802244 1 -492.175053043593
