"1" -0.798514670262837 -1.43332127587185 -0.0194056434710393 1.06709342496931 3.31559983514953 4.09991853622077 -1.39074163474942 -1.35612980109941 1.70518667329982 -0.411414360650426 0.360073220861435 -0.348281875355079 -0.0425783269401352 0.701722513689617 0.708419760306757 0.119394677308912 1 1051.56386987645
"1" -0.401092568966804 -1.42419923806196 0.256951145789151 1.45396839975579 2.82823875997203 4.6156796603816 -1.60891797873668 -1.4580674982291 2.80685491615825 -0.971530622861663 0.378098470914885 -0.911590562913767 -0.150794163746807 0.306390421218269 -0.00211200697422582 0.273068619492044 1 819.552900049095
"1" -2.60776098230751 -0.318992252084922 1.09665258319217 0.227092580292356 3.61435255720649 3.42236802630545 0.754547959705456 -2.15061520635212 -0.713162390402839 2.5884822520361 -0.0157422638657584 0.198664931883436 -0.60478412955998 0.538248509654288 0.418873113738891 -0.343543172442543 1 952.038679506028
"1" -1.92556948045393 -1.46437018316965 0.53511563036434 1.09242540554828 3.39663559642318 3.38499727505041 -0.786901272592747 -1.56933063315941 -0.399246842465865 -0.764130886788583 -0.0654791999340699 0.544184982190478 0.780417522704252 -0.200098450837053 0.508336705738995 -0.240713416078505 1 1117.58227767864
"1" -1.80096676343877 -0.14891710303817 0.609125806959543 0.0860267410312601 2.9624115182647 3.73881089509699 -0.345231093126118 -1.98755826497185 -0.26823929738329 2.49982625752356 0.061818158178496 0.585343229616935 -0.280231420248907 0.386922152471477 0.731523792852957 0.140092199417472 1 1036.31922453476
"1" -1.07350035522371 -0.969505767064491 0.418901363144537 0.519068345733989 2.33682160726217 3.86910026752494 -1.02697260876824 -1.75256383231735 3.49865768446792 -0.593097891306725 -0.0763524037565516 -0.816981465921352 -0.17683042195275 0.0635193984564969 0.319638485720838 -0.135338333181179 1 792.029063684971
"1" -0.593938797926912 -1.32955851744486 -0.00543484842754582 0.807870476042102 3.86564457620181 3.42234018254215 -1.56516774813978 -1.74163619506824 2.81855936433396 -0.609655936325693 0.0666589925527146 -0.839895629502184 -0.547285091363059 0.00725019085056322 0.646879706713926 0.342198504994125 1 922.713491564304
"1" -1.55243693036078 -0.0305780965006599 0.242442014903147 0.228127136579006 3.23872709588345 3.3129475736137 -0.113904322901374 -2.22285638541199 -0.216117189559763 2.50662346155423 0.122487919432626 0.699856764560837 1.03888358459709 0.0563286393862601 0.802761715454983 0.520984678752043 1 1099.7504105503
"1" -0.654469319218185 -1.23759814852693 -0.13830344391766 0.963545488724289 4.5241326379221 4.11268858538286 -1.95827446376164 -2.26043996626509 2.89523073800297 -0.839763391051556 0.49501231470947 0.484514414895568 0.57041039559141 -0.209517255971829 0.97429459304768 -0.176999702290275 1 948.008986284787
"1" -2.09027793229409 -1.37089166113155 1.10792967690332 1.02168598906843 3.34461222571671 4.02925592406493 -0.422519318880037 -1.35091970924179 -0.78721402468445 -0.300919902267866 0.229264820972214 -0.0598734419738193 -0.472591567736178 0.670246752111553 0.573269240795224 -0.0855378480200116 1 1160.12411298396
"1" -2.10964853242196 -0.314547291406023 0.963792854468973 0.129877837435399 3.14370154010648 3.28397553085288 -0.635677072444898 -1.73366281168146 -0.818544113339672 2.62845893069866 0.18196473805018 0.185082472076971 0.39905501945088 0.295438426155352 -0.628035786770099 0.162900127384121 1 823.518183996302
"1" -0.69853328917444 -1.07842098205085 0.0172395386367544 0.976050596726032 3.08015878180091 3.32263364482604 -1.35502240647223 -1.28084298623546 1.47100934477679 -0.152784079405581 0.402546286512517 -0.34999879503032 0.598366031941654 0.780786399927122 0.489693766234528 0.398896156766408 1 1215.85845574247
"1" -1.49977835147844 -0.406337083819714 0.388317615212173 0.025708473018932 3.08748467856111 4.15233931615691 -1.47989351073383 -2.41869586049941 0.25352186610861 2.56604895532169 -0.0482779060002883 0.658095152340485 -0.426545945835192 0.33673037130613 1.08199211775464 -0.22754491444389 1 968.338172145681
"1" -1.1030045070731 -0.850411578667132 0.0671376201566082 0.201677715366771 3.37179106906141 3.12323337463635 -1.04650029630141 -1.98140312954853 1.29201377799641 3.09149986732383 0.27101388290887 0.133244094518688 -0.00600266283935688 0.253811896268074 -1.08135962033766 -0.936574982517046 1 735.677783923598
"1" -2.06029942215616 -0.501876083290095 0.541018760962334 0.0416861069103963 3.23629799254933 3.95395559700086 -0.394707537320844 -2.96047807823652 -0.722996273890578 2.62548599097919 -0.305803834246459 0.845544503824545 0.0111558946077318 0.108047533819223 1.48316367528549 0.150538171759128 1 926.750426701545
"1" -1.07079500472624 -1.20849247933607 0.0809687730481586 0.910029160002943 2.95208190057752 4.15947652386548 -1.1227568411855 -1.71347417031213 1.34238048828165 -0.400509851999087 0.111983615547404 -0.216887379496295 -0.681690933046415 0.251618245939516 0.759741211791633 -0.0343673647716449 1 1174.63982111935
"1" -0.973465654490477 -1.32629592027062 0.142988537475131 1.961146040259 3.73019638110842 3.83386302817442 -1.20077614131574 -1.62018228795721 2.99335346940735 -0.755108773244497 -0.183310626353386 -1.30310870059111 0.470969041887417 -0.00208480373570689 0.25629213138688 -0.0330431850448492 1 741.421506950066
"1" -0.713913085262773 -0.846466146804072 0.0440371216926675 0.483192149965269 3.52229513652335 3.77446272881827 -1.40448181858781 -1.55819837638161 2.9100766960366 -0.310656930564878 -0.104236425809783 -0.916816532572453 0.00134918930003028 0.638733321932196 0.730807543880321 -0.0694856489030935 1 863.216320709545
"1" -0.247875120383161 -1.15006422271472 0.125505166011661 1.28098904167882 3.14293436159536 4.1079793508737 -1.61989050521447 -1.32201317381805 2.72081326395268 -0.752668957304047 -0.109454975525319 -0.75441281611304 0.211547325987813 0.139157822745721 0.244081602695705 0.0225610181143471 1 1025.39949350193
"1" -3.62624993874566 -1.30252914290983 0.838668836912566 1.10816776157291 3.52720482307603 3.59310119293022 1.67023238825717 -2.22087368913948 -1.02806644900887 -0.933632951232194 -1.05096502712026 0.224739210060857 -0.11301304269213 0.186156188377735 0.772497974025303 0.158221292751117 1 1101.9471238397
"1" -0.719915311943717 -1.66753339459354 0.13801434051954 1.22840036832171 3.18949211689289 4.16293176476252 -1.48921893318408 -1.75063381903965 2.68051727521701 -1.41214043826346 -0.62273306654994 -0.448906975357761 0.0878286704491417 0.107500110454001 0.915615187929813 0.150762021387046 1 818.555133182161
"1" -0.786909380995431 -1.22007092846839 0.270695772709051 0.928109508260153 3.03690152113242 3.12285561697863 -1.42829938608069 -2.52188665076403 3.09808849029306 -0.702409951003535 -0.322260611390614 -1.31118055285948 -0.243511360391137 0.197344062804188 0.699704369553572 -0.168315858614583 1 843.564187404119
"1" -1.45983391437144 -1.26156478333131 0.450058094681555 0.692443969497788 3.244004062954 4.0397249472748 -1.37842286941706 -1.40758163982194 0.0591269233152287 0.100823735455454 0.152915851531538 0.471097776347047 -0.202913361827503 -0.177025730759198 1.30951181611001 0.0151916077043473 1 1231.22444605551
"1" -2.05157884040831 -1.29369320468112 0.879158804233576 0.933167608126215 3.26776487227841 3.6249367424074 -0.779382481083835 -1.83915355737215 -0.767671819291264 -0.376993129828043 0.37578077926063 0.41413354748762 0.631796953056644 0.393884615429614 0.707263169170541 -0.303499472244123 1 1135.7337142046
"1" -0.985955580569063 -1.43175360115461 -0.0850391524768177 1.38355946987126 4.02342786755051 3.52498474245698 -1.46749987202415 -2.25822275001652 3.08788389106069 -0.949237904789376 -0.332829623128742 0.0101756571379931 0.269749950720705 0.406393163323824 0.971221307163137 0.357656557039248 1 835.542894374665
"1" -0.722778214392076 -1.22219123521941 0.558566616453634 1.05460299811852 2.12593665812123 4.18051008792781 -0.864185228415801 -1.16379034119944 3.12432889662921 -0.571218026815305 -0.096395625206611 -1.09503076405277 0.458644205791921 -0.125411761840943 0.74164500996976 -0.193537867458362 1 786.665186110129
"1" -2.12019187107907 -1.35256055840222 0.68899066505095 0.9677067165928 2.96324010961046 3.72908492667644 -0.646974319120409 -1.45732240525306 -0.424075764055461 -0.484436738316364 0.0610210525575348 0.34195793155674 -0.264437042539996 0.748124891641185 0.664716222562466 -0.266500415090801 1 1100.38291925629
"1" -0.44435944233074 -1.14683228587405 0.257342007431462 1.21866614758485 3.25371964223217 3.8684251063585 -2.31189724827731 -1.94982324927221 2.86536168544472 -1.05562067729724 -0.243470795172337 0.372893848242302 0.146250970317364 -0.00533863958539997 0.122490346828227 -0.0161619257090545 1 1056.52035214433
"1" -2.08164489709907 -0.268235586188091 1.3934824937524 0.103996659716198 3.67846649282083 4.07437364091173 -0.0643595839767806 -2.49534276035706 -0.988872306435811 2.50836668694787 -0.50377793904866 -0.439903571443515 -0.858536250785362 0.0969472848485466 1.38153539785173 0.194957932231539 1 1083.23303260825
"1" -1.54841885290188 -0.631317449511877 0.867777304941501 0.00204865472537953 3.05892722317201 3.92606033291098 -1.60359041318601 -2.32868391413005 -0.372253075720517 2.78615739702698 0.0943994453101001 1.00739547703304 0.0876980407860579 -0.15348111694503 0.00213623149878245 -0.287449526395524 1 964.546258798136
"1" -0.643805883795383 -0.984235299386106 0.250966496387289 1.03256635212059 2.83579906217173 3.79756545983406 -0.96377750925007 -1.62789127298142 3.05757034378993 -0.661961967399487 0.236305906047521 -0.924676304381442 0.0910270432962442 -0.246228618908193 0.525795400615922 -0.0267338356361341 1 969.712305908368
"1" -1.06781492723024 -1.14839827405662 0.0722322347456796 1.05175810561484 3.76795742376747 4.10819519973411 -1.45645611169145 -1.60567890014971 3.18112226494964 -0.299233726259789 -0.516425859291587 -0.48899858957863 0.0224286293126696 0.0606373919464889 0.881848470543587 -0.0630566853806135 1 844.919686471838
"1" -0.636289616274976 -1.01323999741777 0.0353383863675046 0.144776014430168 4.09364532400538 3.6700385063813 -1.87750068050272 -1.73511895775888 2.82185635259633 0.708749027799785 0.196310430157165 0.135675222840989 0.0232116568652873 0.342194159441747 0.836136752910822 -0.499472738009979 1 953.578474882781
"1" -0.776491965532657 -1.30805814579416 0.0705821837707181 0.544594818771357 3.0820833277534 3.62911186759311 -1.38764228038487 -1.50036249953298 2.12842504267087 0.281932890128238 0.519228907253274 -0.540047898942988 -0.160944684475436 0.295496068108441 0.953863333576084 0.450163557857367 1 958.313110917994
"1" -1.22756215787045 -0.535404296366416 -0.106544486644251 0.124798769058413 2.55740763772955 3.1375866347597 -0.927963122122102 -1.3900409432641 0.0391161975572098 2.92240091038222 -0.766483847182176 0.775336501255838 0.522248646303541 0.149649059720112 -1.61122988964574 -0.355966927160032 1 836.790512089125
"1" -1.40973536788838 -0.243868789517765 0.201452971757224 0.260431101877637 2.97246175262175 3.67324316174445 -0.927316640695206 -1.76279641613009 0.446750613867095 2.56790122761477 0.116115776080184 0.0309891072854814 0.865984063063723 0.134926169617116 0.346681620225813 0.418619969312171 1 973.134234346544
"1" -0.706211000571084 -1.29148205741669 0.179543115389044 0.813602134110298 3.43343787011429 3.17799450728843 -1.47675978165636 -1.67937431895766 2.97969558636833 -0.861213306894107 -0.271604806542045 -0.593344785508488 0.215730204058562 0.77723801399427 1.20406877538522 0.521390060123881 1 813.134283813526
"1" -2.23395571452666 -1.42586451836683 0.701481782350795 0.967002111377946 3.35408213232968 4.29095961658285 -0.167617705827875 -1.90739496086903 -0.642440274217539 -0.275670118540147 -0.472654653418389 0.948157476793234 -0.953445531997995 0.223198741605988 0.825897958690591 -0.151759377885138 1 1106.28432405435
"1" -1.6264603448728 -1.37598182201566 0.313131083261633 0.71542116550465 2.85727179698198 3.83027172250559 -1.10037448330749 -1.36136695598853 0.519631725611461 0.239425661849323 -0.0845617197168742 0.323517658865535 0.51920709606859 0.608739864408328 1.20229449694307 0.837862461883494 1 1109.42062465013
"1" -0.501362590617752 -1.11616574077253 0.149584232472125 0.725351892929987 3.51409841244533 3.8669429148365 -1.82702049991684 -1.48708668290729 2.89302911478923 0.104306960485195 0.136294151500196 -0.331316240889318 0.350839049629218 0.759175474233981 1.08786346079209 0.151945083482637 1 948.571115900977
"1" -0.558475203469539 -1.15251571354388 0.182444917323528 1.24089230731215 3.37130168177662 3.62036427061172 -2.02148512028466 -2.10547567225965 2.890521544116 -0.650700826359627 0.21692509716064 -0.432478984647551 -0.185729155338684 0.272733973963107 1.1591385763531 0.128827866689018 1 934.202871080361
"1" -1.603473967129 -0.634005262352952 0.909879575561405 0.0715613789191954 3.22567558117999 4.16097231733217 -1.6550457520131 -1.76300608681875 -0.555240907045521 2.7251626231289 0.0455645423952759 1.00436764421187 0.213356331819632 0.757869838436685 1.29404878019818 1.02030779127341 1 988.572508794459
"1" -1.62496042715491 -1.40302381024517 0.140335545404085 1.10320370026168 3.10958659459242 3.71642912140257 -1.27929928985241 -1.73512841484248 0.777388923145203 -0.578463670607041 0.35794079542569 0.12053962347218 -0.00876242131584978 0.618888530910745 0.689164279366071 -0.302854780284978 1 1066.61545177992
"1" -0.365894904875076 -1.01031168378606 0.138350892922302 1.17737915514829 3.02843259689577 3.35017914962964 -0.975640728202692 -1.49298486351157 2.82078247294918 -0.984763543417715 0.393511735416366 -1.10076269429212 0.686076887486524 -0.0531217069436467 0.266350245448219 -0.0495506358578535 1 1027.11580094811
"1" -0.673690157004025 -1.03798418970769 0.166255553054264 1.88306893747542 3.20035340612926 4.5116844054062 -1.78789695434516 -2.26524272157255 3.02705619758902 -1.00610399541353 -0.315491866617001 -1.14801959094609 0.260115945225715 0.135040959103343 -0.200762986697706 0.343438651632559 1 939.500949791607
"1" -0.259371866395792 -0.940321732553776 0.098274691059563 1.05109121410935 3.30802864648855 3.95437354888031 -2.02470887579523 -1.47027071771701 2.70210383401843 -1.0014615320329 -0.0717335346190933 -0.787263373720457 0.177543829575082 -0.0231998342359539 0.549568610925854 0.0964665890692976 1 1030.54171029385
"1" -1.04901901623982 -0.871829922707109 0.0827673573535959 0.496570807368657 3.08700746772784 3.45751351952033 -1.97664434206232 -2.03620355371869 1.0370901284216 0.219469789531324 0.769252332915253 0.373791352373811 1.02583328573376 1.28436970870564 1.87932143083441 1.30525766087351 1 1231.90129214482
"1" -2.58997149726881 -1.44996055955876 1.19512478882822 1.22654591375503 3.10322373443932 3.76751826886422 0.347646169039807 -1.26962366024984 -0.782553303120966 -0.801783499577832 -0.79854958145055 0.180389443039607 0.0770521342015851 0.145307796399888 0.844654914918043 0.240228392519695 1 1122.83644432504
"1" -0.551637415023745 -0.958602385759832 0.384152406647396 0.363352800885812 2.35947425299714 2.89436806963681 -1.17558269069735 -2.11614769742 3.05204294042009 -0.654660584102627 -0.430408879597182 -1.24121106256009 -0.0913124943474164 0.264872970175944 1.35284756351745 -0.210727160820232 1 798.855425956115
"1" -2.17684502390409 -0.582257335503016 1.0331599594326 0.121293409876045 3.27116819342027 3.89248065810205 -0.790499054135926 -2.6476340911246 -1.04589270429202 2.68990206805711 -0.247834612983732 0.767323243867801 -0.8096584664019 0.26929813533974 0.890735854532794 -0.00931020727056213 1 904.618625383853
"1" -1.5615559535731 -0.387306815275192 0.346190410919831 0.151560912526042 3.19653961836126 3.47676933232863 -0.59971363181195 -2.19007470296725 -0.00506049674974245 2.75371344554923 0.150383536549947 0.587934186241467 0.225418036759561 0.459020395947686 0.11013094752475 -0.153198027325308 1 969.105739748547
"1" -0.937796936411136 -1.35914244674825 0.00529682851085956 1.08945331388635 3.43096663503735 3.68975586389626 -1.51084576680305 -1.88157560942007 1.97706990853351 -0.733844837087287 0.495956355857402 -0.265623589450566 -0.326250287691254 0.12511763689256 0.705373650952178 -0.0829282911065673 1 1010.35303683845
"1" -1.19837321356731 -1.0753213476132 0.257515970119652 1.23717840636894 2.42782432934868 3.62218057216963 -1.14954389491958 -1.42737064026995 0.173380754781376 -0.272496807953662 0.342146060436968 0.0788916402072549 0.5328542235562 0.440778886333051 -0.121015201548862 0.795146326736614 1 1265.57255123627
"1" -1.36911424341555 -0.368528664720592 0.717488517437162 0.271630088118169 3.20023204681969 3.32965980151757 -0.682530061297741 -2.47968473940565 -0.36419419778952 2.83672442313051 -0.07659627628169 0.774185338748822 0.232349706246873 0.232406070748506 0.997110258256188 0.0543140950354887 1 1064.78388540273
"1" -0.367360175848215 -1.06517433485387 0.143316795719837 0.818880927163379 3.18677363195094 3.68908290427501 -1.07674955965859 -1.69557854333883 2.80110415032027 0.0987707577398645 0.116120283120057 -0.789712562136645 0.666145057319095 0.13399220376762 1.0651182808625 -0.0932797882783655 1 968.015847030949
"1" -0.807466053018017 -1.24753677285261 0.223481736842357 0.832055882348612 3.05139717609753 3.39914462629323 -2.72601309132558 -2.48218570742337 3.06934105659215 -0.876189956689096 0.501787810705842 -0.681534019742532 1.07141415393611 0.165304256424522 0.994863462804575 -0.112363462160311 1 928.656415700312
"1" -0.416349000960403 -0.600804138594621 0.155788118426443 0.759795809161784 3.10787669390522 3.53310434536898 -1.5904198868304 -1.70393371336833 2.93771610545783 -0.560996151310942 -0.16386263941636 -0.758053975558854 -0.146872037528898 0.219281790998739 1.17704352764163 -0.0140569784043261 1 934.635312467406
"1" -0.446335934123013 -0.937259563939179 0.363907779630385 1.03722966593631 2.62714665471752 3.68521245381383 -0.967162082640694 -1.37444851001835 2.94473232077114 -0.632884737894982 -0.0816325191145351 -1.19871541904384 0.244114235427459 -0.158647159838278 0.497596708618095 -0.00580075603864052 1 902.965460356734
"1" -1.75074929981531 -0.443069897988532 0.329776527911774 0.122479796634892 2.77076096011878 3.34717010565856 -0.905385719193899 -1.97322135691199 -0.411513196013205 2.75781788093982 -0.260254389217442 0.590723231790458 0.223858584069678 -0.204440625620606 -0.404940104447551 -0.0728033863870563 1 798.275347526067
"1" -0.927907951355059 -1.43163697053038 -0.11771304541993 1.2455889149943 3.86697959941933 3.49693214229498 -1.32008189669184 -2.20762752982217 3.16412936690045 -0.797888379281207 0.321106938784448 -0.298243870001594 1.0565058046182 -0.45402730456613 0.555183862383819 0.11657226794931 1 817.387417849868
"1" -0.969464798579792 -0.659684024286902 0.0680807850113634 -0.07845222714472 3.60786416351112 4.34922653260327 -1.66054533594567 -1.89711986828023 2.36538571690085 1.9645105681657 0.391558879911006 0.0059291122802516 -0.0134418058921532 0.591707326141036 1.40578829877948 0.331809714921453 1 900.201549667798
"1" -2.45400437318442 -1.45567215461568 0.551679866573724 1.10532278375982 3.2361371945163 3.66230352566433 -0.0780823817438549 -1.8519093177269 -0.328978937136618 -0.577151828517688 -0.193805169172741 0.816078900610132 0.431141485193922 0.354091479080216 0.614331623830635 0.210379959205745 1 1043.1306576077
"1" -1.01385239143812 -0.412435602207548 -0.0230039423878695 0.173374715494591 3.6732119302645 3.31112215930273 -1.22589051826677 -2.08991818195578 1.94405501693635 2.60978991164727 -0.299499382412016 0.405389569662667 0.492117328208664 0.235578340589526 0.230353821782601 -0.396102859532009 1 862.953599744314
"1" -1.80882972108768 -0.337796698593957 0.696918304097114 -0.018287619220715 2.9671705036912 3.90436998166255 -0.799597039726493 -2.21252101853938 -0.542770502099024 2.68346069307701 0.0803876971592026 0.719020801913331 0.131839999649618 0.192039909811804 1.57539310105255 0.104996753402988 1 979.128230831704
"1" -2.07236561796149 -0.696449432845302 0.659249511294089 0.179136905525908 3.11070997424853 3.33217518725728 0.117591364548339 -2.12783510688521 -0.735096584007162 2.87158496492514 -0.248116189131776 0.421956709118405 0.335811148558044 -0.222762217141388 -0.644423296181846 0.176219708166115 1 884.840345958033
"1" -2.14291322895799 -0.227397059919579 1.05394716667378 0.224104878438266 3.28782950313818 3.48096066734487 -0.437493502226323 -2.12136689288684 -0.962612038989415 2.55803611883514 -0.205509858866465 0.377762185296247 0.0156100807169647 0.393831460148766 0.115779401304025 0.0636946298727553 1 932.651939506479
"1" -0.579671569437871 -1.26457867628127 0.108556327515805 1.46915106565421 3.33684056185649 3.51526704003304 -1.11487702733729 -1.32453285050774 2.8745685598412 -0.341004658222652 -0.0194646166644027 -1.1256640116796 -0.0229372501747403 0.364637886298035 0.454045135600513 0.34011524227801 1 820.442397675004
"1" -1.31570235019935 -0.980011035361171 -0.274765885657384 0.121480159425787 2.97114423857525 3.09430177372825 -0.98942342098168 -1.85925645593856 1.02258221802602 0.198118229787569 -0.0476080564817425 -0.134868960596052 -0.234550064807318 0.593580767235246 1.03253697532469 -0.0714505004459306 1 1009.88023898879
"1" -1.71703671348306 -0.288685758339522 0.865216358457054 0.154851060413627 2.91849161315587 2.98644221803233 -0.466281926032077 -0.188235034131541 -0.655703967860727 2.63816957834536 0.0143810808057559 0.134977646596888 -0.156725285359222 0.112629065131783 -2.0926754480546 0.00977965043743257 1 907.958185825395
"1" -0.290123819053149 -0.640960055107781 0.22903970162266 0.00583453461952899 2.95961608073359 3.24949348826677 -1.43503320946495 -2.33013530102669 2.82503480756077 0.972478885612818 -0.0489570537566281 -0.682092145347071 0.100185276410404 0.739586071042943 0.856921319069136 -0.0176580738955921 1 829.077166675286
"1" -1.38843880174305 -1.54700030048653 0.170615040313055 0.453699424189064 3.31359442080786 3.98301014605587 -1.95835269825178 -1.12318377127496 0.710660691886595 0.612829136487539 -0.11372975491132 0.608426789875191 -0.605713460030386 0.173142609137877 1.43890698574644 -0.159422402433772 1 1063.55890526012
"1" -0.711165001494937 -1.0537014561132 -0.038545385811811 0.33971087112716 3.72437999458741 3.65750927193486 -0.963975472207775 -2.08614810571847 2.98474269490316 0.913280756156189 -0.453270639065763 -0.789691848884374 -0.657207053380697 0.248576820451242 1.187476527819 -0.0221295067460406 1 843.301492977684
"1" -2.59945434442906 -1.64554770635448 0.465104971765891 0.934784011349868 2.55259549357275 3.70656736789616 0.516780584620161 -1.87440613426652 -1.45121905595116 -0.961463026971712 -0.839442939371418 0.476182388366928 0.0200594919363714 0.185241135409614 0.635576027171565 0.174187099332467 1 1008.2391117579
"1" -0.627834049502457 -0.901815407367192 0.115105940846849 0.813723868104526 3.21504197184137 3.21620349918748 -1.20009729811023 -2.23606919195727 3.10256303693853 -0.672289905345111 -0.111421151950632 -0.876250604203469 -0.422803244992315 0.043490257204016 1.09262426719718 0.0533275998566215 1 969.028463245284
"1" -0.218894300128336 -1.4132438236794 0.34709605872214 1.6774173206729 2.40166844604692 3.8454832384617 -0.894489564071235 -1.13148669046223 2.70641487631479 -0.364044447456612 -0.172821961401798 -0.96983162258752 0.50456256577458 0.217463981304769 0.225159042347736 0.224501629093394 1 768.511184040235
"1" -0.878731334497043 -1.3657198613814 0.319953665915145 1.6419300988261 3.00979712342034 4.0887612485079 -2.82091213330129 -1.97043024576262 3.15665910548401 -1.09504036202364 0.0141421640654003 -0.767498216864808 -0.781253715228631 0.17434521831626 -0.161190370063221 -0.0206007360147568 1 881.914069109296
"1" -0.400084679237126 -1.29891942583607 0.134987820689333 1.62142651676057 3.05775690239857 4.17224929589107 -1.71263603288582 -1.618325276426 2.79711162029751 -0.801557544193415 -0.101073341712019 -0.638544349667333 0.488202460997059 0.226148652522675 -0.53378914364008 0.267270468375554 1 872.581440195407
"1" -1.79057760258787 -1.00425951483997 0.261540316111003 0.0966019800904165 2.95158177649491 2.96669110050302 -0.535199750856851 0.376870358458357 -0.602821497869706 3.17241784057652 -0.149640499647087 -0.0186419951093043 0.268922319491502 0.298320053613178 -2.11090792072808 -0.517851610804951 1 768.928473322445
"1" -1.66656460983344 -0.351580375594269 0.604661769205078 0.0746827945505117 3.28221665145828 3.81283819504382 -1.04493649363963 -2.29743494118863 -0.798532836112399 2.5866007611611 -0.0847320697729682 0.324991244145573 0.355845449234558 0.294438174911356 0.9693679838455 0.299311109572703 1 1039.9848415253
"1" -0.5050088837177 -1.5057999920402 0.17851608772535 0.722161963353871 3.21896497370024 3.60485592829666 -1.56232488095364 -1.28640251201604 2.79889132210239 -0.56014211634505 -0.510292436196757 -0.690993672934034 0.0755591822084002 0.122744556163113 0.931145180677694 0.171236571966327 1 870.073692375367
"1" -0.690942952620966 -1.18420935420706 0.563684991401804 1.389611364653 1.73712373889994 4.39410136765654 -1.14267211517634 -1.7023325385447 3.19273502795585 -0.976133898552423 0.241809606187637 -1.25809561918786 0.158956864466195 0.229730789156507 0.397458848673563 0.153994998724519 1 711.685168504804
"1" -1.90667473684777 -0.384721436898474 0.671197226330563 0.0490677611386844 2.93579155866678 4.38858936098806 -0.898675342438705 -2.03013360448019 -0.740665037597508 2.51954619857291 0.564307807032482 0.510588118695026 0.180951647989096 -0.29664902519257 1.07796896309895 -0.813688349520797 1 992.065730341101
"1" -2.28154575232431 -0.482522147950516 0.735450845198135 0.0509116619596746 3.23855342506681 3.86822480918386 0.126044619775286 -1.86006559203233 -0.775379897145333 2.6147662981163 -0.521780178660725 0.369043630844236 0.16981070553204 0.193914533996975 0.653118424865442 0.155486129968756 1 948.377143301648
"1" -1.6395829655536 -0.864904187131943 0.140141504641943 0.0971053704743498 2.65111140391554 4.04137106202605 -1.75640869515112 -2.75141560936162 0.972016203877267 2.9096564529029 -0.110958549942877 -0.270855613038654 0.252248142301025 0.315172535588404 1.55462982513184 0.0981602743571764 1 871.033725344243
"1" -2.08090563552289 -1.52097214597905 0.570831040958642 1.23176658158538 3.56555267776215 3.69654124681193 -1.04781321004134 -2.11417677511118 -0.540564158158901 -0.95012880807224 -0.269223465462243 0.643773270098941 0.64113969712255 0.196749565638715 0.662315701619578 0.358497059788256 1 1041.48573997352
"1" -0.558226919586841 -1.55296042468568 0.330257044465032 1.24327022009429 2.94406635563344 3.98951843209254 -1.03722313291207 -1.3646671654025 2.47571743722951 -0.605859308936323 -0.0812393707919676 -0.650846821735717 0.452672429985829 0.447253071999405 0.0569331386476708 0.483381291257045 1 796.020613603172
"1" -1.52410989310594 -1.06293730208788 0.411904404641576 0.836932342875544 3.05925698558776 3.7783783086356 -1.2907915343904 -1.95128803870393 -0.0910549557449106 -0.493419846499185 0.341668213917811 0.606514633741346 -0.559996068695047 0.182572242876266 0.74035192300395 -0.126592174406901 1 1310.20282293766
"1" -0.497709232441913 -1.28205738946684 0.141970688772159 -0.0149473702065999 3.10408744400906 3.63357274661853 -0.93842489168391 -1.75376454726375 2.85036466229016 1.02800537287078 0.353059083271963 -0.833813446520104 -0.29352179753481 0.11647556113103 0.63740492527708 0.451618123816017 1 834.176704144311
"1" -0.530364168781085 -1.31650169942752 0.133915778190368 1.43167942809407 3.56129935131745 3.67981166282372 -1.72748845073256 -1.76069800231353 2.83854012855781 -1.14583824111808 0.168166959519044 -0.0568973339415999 0.78416104504781 1.00796101813925 0.7881893047337 0.896899778082177 1 887.42553010005
"1" -2.1875600291577 -1.81901564124541 0.396710962617156 0.782025243658389 3.30463566074972 3.45467963021749 -0.596225278112809 -1.31131055560711 -0.422463436030737 -0.252054374356387 -0.32530388133472 0.447890440208382 -0.336874957150554 -0.20638054966637 0.551538948071081 0.68978122074058 1 916.588482921108
"1" -0.313049181684122 -0.994516309595078 0.130306688209834 1.31856908780862 3.19821487425379 3.30073622092202 -1.40808725576751 -1.56801178329955 2.75843716391275 -0.901871997898506 0.143860944762956 -0.792959192858521 0.288801922371655 0.476752071266344 0.229213609467479 0.428717580360354 1 1035.80344364716
"1" -1.77950897938582 -1.49145959919479 0.651214049967443 0.954958548196143 2.8768437871923 3.5942665207178 -0.901245479080386 -1.29588299636446 -0.543332064409665 -0.168977966965339 0.0375769509493811 0.264340720663581 -0.517106594164286 0.490091441509004 0.841282410805715 -0.266828545762954 1 1128.8521620663
"1" -0.201064783257196 -1.17608465952441 0.120953308847322 1.35688945207624 3.03589719902097 3.98802373615071 -0.774887366296687 -1.60623837410874 2.68095234477073 -0.826386615585155 -0.0768378851189805 -1.1891880758285 0.201798859557951 0.320701639493307 0.155559174034092 0.135323252500748 1 930.673207829584
"1" -0.846208652062963 -0.892677356808162 0.0149173816937537 0.137572527366655 4.03049852165054 3.80357839462442 -1.67987993828558 -1.67153743670147 3.04387694111117 0.74248783037317 0.233170718468077 -0.219734134422805 0.41435747663973 0.35480262597208 1.05179948509848 -0.330058147842785 1 934.997171398809
"1" -1.299791165694 -0.129960245435083 0.351683603564725 0.113688018350049 3.04398925448142 3.71379995616955 -1.01363903413945 -1.81104763359954 0.0205329695614602 2.49082916414261 0.179265964735114 0.331796321246473 0.0768670566614205 0.222065260800332 0.734481099038663 0.087747768315446 1 1116.37368038986
"1" -0.604337614368532 -1.13452685696961 0.134462032906621 -0.11152443937442 3.12322463358506 3.07694011856961 -2.42180795970235 -2.48612789376178 3.04115882791236 0.263929682750418 -0.188028134237713 0.106745178583168 -0.345181342571298 0.297371438987275 1.38992680953501 -0.107301554092603 1 908.962150434612
"1" -0.425289463944286 -1.08848907437267 0.291132411989654 0.458103022565733 2.70363053933242 3.34595181129056 -2.01984179189182 -1.99016040436625 2.93503833584472 -0.39739685484406 0.378318558618112 -0.687159297429438 -0.154116315325367 -0.0202275372850515 0.938044333654451 0.0151626791334205 1 906.209706466305
"1" -2.21556510134324 -1.4772903480071 0.712036403097916 1.10570771574392 2.87385687828238 4.07446295415177 0.116484360273016 -1.85646522851916 -1.88238923420233 -0.433444093657702 -0.406689791896793 0.739502363801865 -0.868757341397537 0.212575981809989 0.852014688347359 0.114485715130334 1 1134.33023332313
