"1" 2.88301118224541 3.27340846115201 4.14647468625935 4.08793437689669 9.48221756105692 9.34857332848135 -0.206377400028209 0.457597243157805 2.44917176255416 1.72334467312258 3.10566683473876 -8.14815184426341 1 3428.88091405234
"1" 1.05461618122308 1.58401078662018 3.67796073858453 4.02557530366313 8.72233714230519 9.48561071902585 0.312013853129672 0.0952191294833493 2.64907859145688 1.28132689138422 2.2271834956934 -5.78751457407036 1 4832.81920336036
"1" 1.01104312928365 1.2526159203384 3.92705924523264 4.11900137801237 8.86110800533563 9.22752807617755 1.31168093033065 0.944864985628548 2.1940994253522 1.71813883103215 2.79002800864873 -7.22109841300461 1 4788.73841435634
"1" 1.83986066483389 2.09042037031574 3.66461477323355 4.44151398917616 8.63471729399124 10.4231190646231 1.7678762818181 1.11078831297447 2.05267419948516 1.18393399029707 3.2035450932341 -5.84718401965517 1 5091.33114315559
"1" 5.12528170584364 5.38910827499026 4.25624939220439 4.67944556557195 9.27929968218864 10.2937996912531 -0.595508821082148 -0.548319727572255 2.52864601396974 1.76334186711805 2.20358385917073 -5.8200759726309 1 4784.48995805444
"1" 4.98724367344518 5.26829070810459 3.64147482891819 4.13249537241512 8.38209953256588 9.61039807965585 -0.721991599524196 -0.569834665860888 2.15998281922109 0.868928156203159 1.93861898254957 -7.10570178339742 1 5491.70849639471
"1" 3.30829407533067 3.67588179793784 4.05319966521252 3.94101698804219 9.59900138657883 9.33385643046082 -0.587101095865457 -0.493710652739551 2.40018358544061 1.7931558555462 2.35950647218105 -6.011905765781 1 3460.47300580845
"1" 3.31180755496344 3.74062168261538 3.61756250443991 4.42736375042197 8.30014268344856 10.1312901410216 -0.148348129156161 -0.493520980451485 2.16085881222021 0.882983099905666 2.17172376574058 -5.31032982850276 1 5319.3400525285
"1" 2.30597213515939 1.78110955284957 2.15924984642356 1.28369748415412 3.08813986557936 5.31942859302249 4.90554514057584 5.02904784380163 -2.71838530896256 -3.74320313652234 5.98440994959471 -3.87360629156655 1 -4044.44510014457
"1" 2.09686620485461 2.08286945618884 3.55468971290155 4.25172194600192 8.2075368717192 9.78757144225153 1.39740828251721 0.67894463484186 1.98099327328169 1.07038442373558 3.59911120362161 -4.89139519030978 1 5300.19508965549
"1" 2.63719462322029 3.14443535624821 3.72521161948008 4.09639285921052 8.82198898208783 9.6977337254042 -0.168587572637649 -0.184562015126109 2.70032109049991 1.52358626709494 2.10932404084036 -6.56895574862347 1 3808.70025034269
"1" 11.7198279070869 11.5415055145577 3.43320404933144 4.46371110560476 7.86971990498928 10.2769318217642 -1.85382985170515 -1.38887672750922 1.57465736897673 0.708815078050011 2.49497561630894 -10.8235421031769 1 5812.10613746877
"1" 2.13826181486599 2.34516400871845 3.36853163772149 3.50043533542988 6.55815017873249 7.72571231971932 4.89757862851512 4.49881114390645 0.414721132476846 -1.09487633525831 3.20002640524187 -5.11186865661718 1 1033.36702221481
"1" 2.34747178862423 1.54462412144955 2.19950232869309 3.22028467106354 5.58884230546735 7.83529430265418 5.23635591605555 4.20641859029073 1.33854252700171 1.87461086920692 2.06390068060149 -6.57993093581338 1 -153.27980339076
"1" 2.83724372748646 1.05324478170389 1.02506739034891 1.71519470935554 2.0184803832356 7.22847109992333 5.27205503610881 5.22873172561008 -2.27616323850755 -1.95008416515286 3.98506104806367 0.535255680502737 1 -6795.37515420865
"1" 3.42301629655316 3.6280722331796 3.63811410357533 4.71892862579535 8.24540929705764 10.6976984129899 0.205833060968138 -0.0560419921676068 1.99213996063937 0.596622174412597 2.80504341677878 -6.4047019574078 1 5394.14545667887
"1" 2.51440918135409 2.95074798256569 3.73876747239384 4.29534413530905 8.64597551453178 9.85716924790643 -0.34272964662389 -0.0683481240568693 2.61156311272433 1.66516073714904 2.38986160886943 -6.14871403273123 1 4179.61622069546
"1" 3.57807732330386 3.7908756310049 3.65932265140282 3.68969192810014 8.93205506140081 9.00410353328233 -0.559272924214687 -0.411539084181326 2.10071279978531 1.65960386271977 2.18270914132959 -5.60195789334011 1 5047.2792036075
"1" 5.10781430814563 5.46264572107297 4.02317210125303 4.30095245822417 9.65249696127946 10.3187289987226 -0.999881900383136 -0.741610980393076 2.47601552466264 1.50895568725874 2.11596014680777 -7.62760286110206 1 3683.00665880344
"1" 2.53021401408354 2.06097180985909 1.8455049854937 1.94797483799593 3.1792548011145 6.0016125097395 5.00901071713865 4.90795900351393 -2.48363170122217 -3.23842091602941 4.26336809839958 -3.22689273720624 1 -198.133187082334
"1" 3.2362067596847 3.96859029319404 4.15803730265221 3.83759775729229 8.88966677001572 8.25546042621031 -0.599554412384651 -0.43595233049766 2.4343644600858 0.856160396610128 1.92477858544477 -5.79983903924562 1 5693.94372892118
"1" 2.04142862808715 2.42799661311357 3.91116203673581 2.89564485071027 7.08838650121979 8.08445837561941 4.9407443118266 4.86273211859441 0.824185000381407 -0.825918245025958 3.95371440918967 -6.45807091027078 1 286.579476332161
"1" 1.05033742603429 1.20898599681843 3.97186008789873 4.01091691772435 8.98995646443796 9.20621836938597 2.26720916567777 1.37263963218137 2.31855908194696 1.6160168813686 3.49387114641767 -6.69251492609593 1 4766.07734001262
"1" 4.89111446077009 4.53859785941344 3.34219806580292 4.84183910320548 7.68623246607548 11.1301213292137 -0.0054228726015029 -0.628223500929201 2.38439099977858 1.72059043041448 2.36742970879955 -7.33255201355595 1 4323.39938858294
"1" 3.30895141105124 3.3919938016625 3.63732147545038 4.4067745898491 8.32345003181341 10.1935171115128 -0.425021294849431 -0.499426654456274 2.02952778218335 0.813574850050486 2.24952133397807 -4.64268270236055 1 5460.12979586313
"1" 3.32329729798004 3.20599086628637 3.69732962054582 4.17718863918735 8.47693936333665 9.68287243246551 -0.151224766043037 -0.148559298658567 1.82403056167455 1.41509224472976 2.41308342871341 -4.87769432572037 1 5238.44920330378
"1" 0.970118902951261 1.55437301011422 4.29985032312905 3.7411151099749 10.0971397298197 8.92215946946049 2.45493111236697 1.78752171861741 2.66814525325053 1.54534839349754 4.17895657204858 -8.46868625273597 1 4710.0256432645
"1" 1.50339332099514 2.05308374887348 4.05140815927392 4.2884714488093 9.22485587199678 9.75838386323982 2.00065533543711 1.23707659167729 2.72752555920725 1.53296450536679 3.79601825376356 -7.43041183838376 1 3607.64987090998
"1" 3.59874556028273 3.77257328126009 3.47009680973599 4.33231790824944 8.02243433133331 9.94571282551253 -0.499168812231508 -0.508705735122531 2.59778559447698 1.67119937044714 1.6561675134332 -4.15302216956108 1 4396.71456270019
"1" 3.36272554156836 3.76444441539689 3.82105333451406 4.09106655695409 9.14407180693316 9.75989360904874 -0.556246326421237 -0.33621774406267 2.41919029272492 1.37837314365965 2.73093818006356 -6.60830213959557 1 4847.13573599375
"1" 1.58843540474932 1.67516594136066 4.32632741676632 3.94661318893445 9.69941980090748 8.8473310913821 4.29654610372469 3.82044848462716 2.72326272560244 2.20107818234465 4.13577950997833 -7.04338721277122 1 157.837297717459
"1" 2.33005888913819 2.2071446755056 3.01553259107168 3.30142642556848 6.27481518805412 8.10380032595142 4.79626824410999 4.66299988634602 0.435683417020217 -1.27038521205159 3.08726079410614 -5.1161700807232 1 737.659233902115
"1" 2.1627095469374 2.19241430844823 3.46047613101536 3.20041280492023 6.40377395844029 8.42508568561568 4.84227433689444 4.73914209431519 0.510365254775912 -1.10071267076369 3.54877629657254 -5.20652989606234 1 665.081511949844
"1" 8.41915530383195 8.16978991923727 3.66286384511328 4.5315389128565 8.26929912755038 10.3834304348074 -0.719605028649866 -1.04993235387267 1.96629649166595 1.23370061506117 0.90134185292424 -6.82197136876725 1 5655.83123880356
"1" 2.39603069022666 1.92662179268944 3.23343326576619 2.12370196339677 6.63205309579793 5.93210288911987 4.78088425027337 4.88847139542889 0.717436930368711 -3.79653233960256 7.27796818082889 -9.86448628050472 1 846.802925651369
"1" 1.92638124353152 2.62169658998075 3.96348316404294 3.50234517665972 8.54826855384361 8.50937591477738 4.6433666186155 4.526774105818 1.59699966567479 -0.142764034491341 4.81140167902149 -8.44183366520299 1 1344.91363805872
"1" 1.53609699025618 2.18616616225803 3.82776632099732 4.05123994734778 9.01089973485063 9.44743310217203 0.299978328257669 0.104556528896198 2.31661879458338 1.20941655884529 2.16767841466689 -4.69504729552114 1 5056.13493753332
"1" 4.35975538925994 4.556152339467 4.08496435127014 3.8034526630989 9.77436351092734 9.06408935291765 -0.768209973434026 -0.549912779118325 2.45846938354501 1.50397746390696 2.79057814372518 -10.7408264399936 1 5435.1908620368
"1" 6.69091920606806 6.47832197997353 4.25496933598575 4.86413146487893 9.4540436310711 10.6553857362311 -0.325071184624914 -0.435891971324246 1.96014227786996 1.04572147974537 1.97695604721323 -6.77181096048991 1 5686.44510939691
"1" 2.20418205497328 2.44030030698849 3.78302463520008 4.06172145823591 8.57714085482417 9.32493056492394 0.350853948682761 0.348100676148603 2.03001373493493 1.1233578699503 3.44866642879933 -5.3826447866723 1 5308.37933937325
"1" 1.99420749356353 1.83647398610602 2.39510306597893 0.891466664109855 3.55704765979723 4.56324003483463 4.81418122927145 5.00474781043076 -2.29348978584238 -3.43660210449728 4.63925431557883 5.38508401605652 1 -3387.84246817644
"1" 2.37588355831843 3.04681474772127 4.33523604148914 3.96695351618327 9.47427652334713 8.90881517443347 -0.0899859050594795 0.185248550857054 2.3511412002018 1.37893213855555 2.42491164909039 -7.60560914775132 1 5198.47288911771
"1" 1.50314495584776 1.38135739504355 4.26335090178175 4.81849798494539 9.88887098205908 10.5681288692765 4.48767244976173 3.6669435913385 2.92383735442979 1.70945382117613 7.70337122691603 -10.8266218916022 1 2395.61051897786
"1" 1.55813616480828 1.63114220225614 4.05219487259502 4.18689549919653 8.89633715708719 9.18990436091005 1.17897980081061 0.384662180385052 2.32006109895662 2.06446053761004 2.42985874728995 -6.747230631462 1 3266.61989144687
"1" 2.71190171033658 1.39952222646416 3.04335485750523 3.63296387839336 6.87709720997044 7.95161542530821 4.83751858794812 4.26189397769099 0.68859779724605 -1.22504406015714 3.75553215760725 -3.94013991591076 1 1327.91361196374
"1" 2.97457916432949 2.91944892613683 3.64652435820985 3.76426754295739 8.20471828638293 8.60024925055516 0.112798408377771 0.160847337918016 1.85363569622828 1.21259602241431 2.46334213340115 -5.0606966888993 1 5467.13856345334
"1" 2.63523634187213 2.93467181847797 4.13165351266239 4.40857431614807 9.76910168721417 10.4271676905629 -0.325175775327418 0.0417073222845463 2.41379507403904 1.63392291267165 3.02947932779855 -6.81239231542948 1 3618.98280320293
"1" 10.2988539705597 9.90791493656302 3.04732935073011 5.26298424864224 7.088267196081 11.8376141637193 0.0106696251699157 -0.275347623122775 1.79806468664104 1.48525943294007 3.41362022069605 -10.6877823423784 1 5618.33347473643
"1" 2.11538314326169 2.62491230092196 4.00469028663135 4.20720636483482 9.15036447583837 9.60223906478385 -0.141182591908317 -0.0568770520487968 2.64289356074768 1.58383327813445 2.53369855693753 -6.165008062957 1 3584.6844007555
"1" 3.07794722293235 3.60688283431748 4.30340921825183 4.00143384131875 9.52846382309333 8.85875202953355 0.0557898906972515 0.414920960384209 2.47230542831995 1.76892716541602 2.70981460807559 -7.72800923705831 1 3706.9784987403
"1" 3.55626865586454 3.38676983831128 3.87155501375814 4.21424076931246 8.64468165127321 9.39512947828437 -0.051325568067957 -0.192030127201812 1.87950661861529 1.73856560914025 2.05344472783353 -4.86971495367473 1 5085.05594065996
"1" 1.76236776270457 2.53881910046921 4.808709437172 4.10034542102595 10.696435343744 9.21971421343309 0.216446525205567 0.312872703145458 2.8007582520037 1.61307849028402 2.25247319057047 -9.52935056630459 1 5068.72724171075
"1" 2.42030701482477 2.91750392248226 3.77164428005575 4.24325690318537 8.54535659676864 9.60832497802977 -0.119331325172161 -0.0454994985971931 2.70587078548542 1.54131098875309 1.99237167211959 -7.02053037011795 1 3950.16215363995
"1" 2.37320089577309 2.54973486473789 4.13121424762813 4.20939406706045 9.27422755199983 9.44645194322655 0.703893888576951 0.417969413411815 2.4058461290372 1.82932039404358 2.65497765852749 -7.53253030341193 1 4025.46661830937
"1" 2.39884788998877 2.7487607695374 3.9690505834611 4.17126269132307 8.99712535264701 9.31724863918961 -0.76232197292921 -0.138761905173512 2.25936502071361 1.08082229292834 3.30801610258115 -8.44604318594235 1 5273.80645719287
"1" 1.94300839974435 2.04457070972546 3.42412881190311 4.12212643568598 8.13199866441926 9.82035848167233 0.608255041375527 0.320168303797238 1.81904853366802 1.28021200525687 2.64514118785501 -4.5811833344754 1 5221.28280835414
"1" 3.47110442961435 3.8009877616636 3.64317539469908 4.51912085823226 8.30914489964621 10.3043675989022 -0.952276564459563 -0.489493521628369 2.1128664320026 0.598365270054224 3.01518275453398 -4.74010114698083 1 5400.96725172532
"1" 4.31803139846797 4.72720642185933 4.23591053668241 3.97087528160434 9.41214395067576 8.93441966380636 -0.906829304562092 -0.463729185513152 2.16682459589894 1.31141289853635 3.07568465845452 -6.63494873482334 1 5340.18295859825
"1" 3.89691564394228 4.41168874071512 4.18801769506118 3.97634670217879 9.36086543608896 8.82759056098071 -0.781033404740771 -0.37193271834027 2.155282011874 1.21985084134598 2.83603345136153 -8.89377317260695 1 5376.52472912418
"1" 4.13831421579482 4.50803521020629 4.15376386910122 4.06013674833903 9.47500503368054 9.26160337909706 -0.557245224839553 -0.353753664265507 2.40705858611516 1.74593840276617 1.97913846008343 -6.32922323244875 1 3666.33399512323
"1" 2.17899238291097 2.3744922388062 3.59689703313725 2.60187060407634 7.42269031379723 7.24003948124076 4.79292855063774 4.81147594458127 1.50582576118595 -1.57736574649812 5.31546019717892 -5.0154269765929 1 996.919532121217
"1" 5.04527751669856 5.35905435420172 4.56073093656969 4.50863232183412 10.3614681998364 10.1241127897556 -0.674928758404872 -0.180867237138094 2.11905006487198 0.724078452106423 2.57234058512773 -11.6055079353354 1 5661.24780789835
"1" 2.29355725397341 1.99108403321934 2.57456521022326 2.98769556291118 4.14538209980391 8.00794053718283 5.11259796123771 5.01049701194138 -0.837907406645482 -1.82503676009416 4.13564360697972 0.26391462809291 1 202.702546753368
"1" 2.20830322569532 2.38675433612851 3.58638876662934 4.24022303124653 8.26335522896414 9.79212907409015 -0.829906041127243 -0.681218096360375 2.36656462780988 1.48461010944098 3.09356343181917 -5.96186865024349 1 4771.78035079535
"1" 1.71732143838799 2.37533859776208 4.08207950209025 3.98418242336236 9.37336184931786 9.15205860399721 -0.383289629918024 -0.15587457828146 2.78532166140242 1.4973147765969 3.1048033259253 -6.5288634447607 1 3763.72521723525
"1" 0.494310734268694 0.962416106227914 4.18142980855812 4.44471940579565 9.78984991765133 10.318357031923 0.604183125032241 0.72068171780691 2.30434532150842 1.29693814893748 4.38553876886816 -7.18893556011735 1 5009.02561268982
"1" 5.2750168764233 5.08327901518158 3.67214436111882 4.93525651574297 8.30529150579304 11.1652266558548 2.41918953669268 1.51407215134022 2.33629891769299 1.66620859320077 4.68971121599311 -9.9982292878285 1 4050.12074734422
"1" 1.88917532858315 1.69674553497062 0.511013905091756 1.70293958812089 1.3617886136857 4.46303791348303 5.19224544621923 4.80722059739519 -4.85460707392975 -3.13307091786077 2.64887531097995 -1.0704428616735 1 -2976.99546923061
"1" 1.70458227951315 1.88597817770728 3.74579627792895 4.27513182055762 8.33098064479033 9.50505282119909 0.166631311050183 0.102550142052036 2.5945877974797 1.7415353469083 2.25758368879001 -6.03096975014311 1 3445.32692485141
"1" 8.34493721315529 8.79483855223434 4.3519126288919 4.51713455441941 9.82120173990776 10.1190171954718 -2.38904159783085 -1.07407909209161 2.28449783064339 1.455080958851 5.3570402869157 -12.9735712751032 1 4904.07018321799
"1" 2.18776553885702 2.26639110550701 1.87015268516807 3.85044769174678 3.97192314365367 9.6582447588541 4.40959529038319 4.52061289836065 -5.36682516296405 -0.584440715396011 7.67943630300442 11.0722689943317 1 2682.71306657168
"1" 2.45535526311127 2.2061975205452 3.93278483433898 3.08792671587643 6.88207112784959 8.77475859554528 5.06960058020594 5.07850545790734 0.913118837935766 -0.186826851429793 4.21131827252942 -4.06520065642876 1 -1422.16093686377
