"1" -2.09210141084315 -1.60041969951645 1.18783128282121 1.38353521727296 2.8417862126359 3.33848122231799 -1.23092232287006 -1.9191332161208 7.03054768789698 1 1945.00748715186
"1" -2.10597458533948 -1.44753425803083 1.34300307119575 1.18449545837881 2.99242376024956 2.97670696070121 -3.43008302260623 -4.49979086694616 2.71716494269788 0 2063.22666029931
"1" -2.11960164282375 -1.45470632706227 1.16296008258138 1.53748932755175 3.05383766936848 3.59045183642394 -1.16538732869449 -1.40488496325225 6.64320431205793 0 2043.86835639582
"1" -2.07647121961425 -1.57416977215852 1.18875463763277 1.30448541626687 2.88108714079687 3.58685944151312 -1.19669865699662 -0.697028068797849 -7.1037268454581 0 1963.03313875353
"1" -1.99486256334799 -1.4930638046749 1.51791682685802 1.26691165369694 3.26610663399006 3.56024749579542 -0.99866217200398 -1.13267389976508 7.43400772948611 0 2079.38102819786
"1" -2.11097592681667 -1.45228547802864 1.07141442406448 1.19637376444837 2.57404097657082 3.11091379727689 -4.80482459642748 -1.34362886491509 -5.01186318151541 0 2042.52244144161
"1" -2.15670421350762 -1.61275329293578 1.28124030530362 1.27141946114314 2.8444105272043 3.10469532096913 -1.28547942890378 -2.3220286610065 6.55496320663767 1 1907.3174743426
"1" -2.0947958610558 -1.55576706215478 1.31625847257035 1.0878457415916 3.14283529142416 3.07248360659147 -1.42807507632793 -1.62326381108499 6.92769431120028 0 1968.37359619136
"1" -2.04032473989367 -1.49747251963503 1.24189104078747 1.13176438259159 3.06651620238906 3.2139968572545 -1.09112693192961 -1.1636136985236 -7.87912876656291 1 2034.20287962148
"1" -1.96498536848645 -1.69785299103817 1.03627326436216 1.5041484022827 2.70687785483266 3.59821361612979 -1.16468194134521 -2.73739318843742 6.97894875269786 0 1925.71478980592
"1" -2.18076379323055 -1.67142492330031 1.09858772661784 1.28124659996664 2.91076876675136 3.24325044224985 -1.97615879744595 -0.71219995895062 -6.77322141737674 1 1838.60572381871
"1" -0.54133770709728 -1.81789411676274 0.0668137532699035 0.81358485172733 3.00747828401235 4.1142131892185 2.67274907101489 -0.714633665239441 0.4807641529339 1 1689.51250920088
"1" -2.01713266662976 -1.58648787059951 1.10287381121297 1.42550803516649 3.01087245620052 3.48611272351542 -2.09077463956235 -1.53484372687652 6.93448743143808 1 1993.812249548
"1" -1.9671057209636 -1.48700986431897 1.02852970591881 1.43560438503721 2.93298725451564 3.45235435218425 -1.79926351292235 -3.4637434474785 6.63767276565038 1 2086.19906376866
"1" -2.08481570926587 -1.50058790610573 1.0752708780444 1.15781713652854 2.91556151818809 3.14465243171057 -3.89749384089117 -0.790499293789779 -6.12651094370444 0 2005.44280645785
"1" -1.96592774763336 -1.43307851958267 1.02952248866667 1.28490737977157 2.75289265949063 3.25230109636932 -1.09986431300584 -2.67029731626547 6.74948075955032 0 2122.02223447917
"1" -2.1369031460184 -1.58346256760871 0.946170582072405 1.18997122720065 2.41971769748913 3.02134056031656 -15.9546040137492 -13.8855568760173 -1.3260757307579 0 1924.67651830883
"1" -1.93534447455515 -1.49989056189288 1.20338500875339 1.38015323690938 2.96200377538223 3.46727064675091 -0.945174785825022 -1.25983209570439 -7.21406870975846 1 2098.72607464558
"1" -1.88202646758194 -1.3690588617355 1.24657100609664 1.27346355624842 2.90687206183314 3.32437951316401 -1.73481572262167 -1.66553872295897 -6.89268645464444 0 2235.79229000159
"1" -2.05574299258865 -1.48327476926107 1.08494606381148 1.17645626531499 2.85717557604815 3.10162593759832 -1.53982644227046 -2.02578554067988 6.91014122191162 0 2041.09582896898
"1" -2.01479877427451 -1.50477855320515 1.0495232946837 1.02998901479246 2.93316628192616 3.1050827220252 -0.714497098870698 -1.15767278763083 7.15333630931528 1 2011.8305795794
