"1" -1.62006268824409 -1.40766727810111 1.07477990507825 1.57704849584629 2.82030884657485 4.21975191382924 -4.58917588563057 -2.89241544526244 -6.19201564003024 0 1184.39116611739
"1" -1.39251304432309 -1.35696922919287 0.787929922881833 1.67010340601604 2.79199089361308 4.05988413245372 -2.26697039186061 -4.87682639976467 -6.24911965482239 0 1270.95610592318
"1" -1.53159949064403 -1.28925194508735 0.922202156958906 1.45685125930045 2.79473695428027 3.53516744702296 -4.60266775900764 -3.80944642271803 2.85781033241213 0 1250.63022007638
"1" -1.73141437427244 -1.40457689264312 0.85069301724586 1.58566794578569 2.9220169376037 4.18856094388919 -15.4333114121763 -17.4967085603618 -2.66340891637961 0 1131.92731448925
"1" -9.43781097037917 -1.42065464743696 1.06913830762739 1.41337385785954 3.41325978134274 3.75465359239418 6.21448754674618 -10.0602352698728 -9.69615653636666 1 1097.48029441382
"1" -1.58727975719515 -1.23977348343861 0.979898815122748 1.33060419299755 3.03326828154048 3.82988501718078 -1.8374265131239 -2.7025857511876 6.86196654321509 1 1264.4954904079
"1" -11.8222975475449 -1.62593170622789 1.20243063843921 1.72925045248219 3.43751061377437 4.20229161663749 7.25655675290705 -6.0300826050227 -2.12830897488304 0 949.207464155369
"1" -1.81589831223654 -1.36971383384102 0.970887248120683 1.33277584821503 3.32601410252993 3.4945533328638 -9.63708146887328 -15.1253211250098 -7.36774080955573 1 1133.48512708087
"1" -1.7723348288665 -1.34306752361981 1.08563944799405 1.76153685667027 3.000248213678 4.63189173577289 -2.47056243380974 -4.17774816202411 6.62845176374175 1 1152.98188552746
"1" -12.0652307440078 -1.44709766276562 1.26643952972689 1.39543327711681 3.2572005564393 3.60989162086284 7.44839509792669 -15.7799862462184 -7.71104221264582 1 1055.57423576151
"1" -1.73803730034364 -1.26109828955287 0.772777388822366 1.52344798437566 2.36746378399035 4.26321598746043 -2.84031255403476 -2.77771923760327 6.36264476368754 1 1185.63848204898
"1" -1.67373931254787 -1.41279507010534 1.15587761078577 1.52166145093278 3.33050539745327 3.8548646602751 -3.82401641127188 -2.46179533673557 -2.10730224454626 0 1177.87052700715
"1" -1.66751984397143 -1.41577526593193 1.10963171874587 1.53417680920008 3.01887239300949 4.05630682781025 -1.87767490531378 -1.28093749449601 -2.29207000994762 0 1237.01247817677
"1" -12.6076454823394 -1.64832736290602 1.21699870371765 1.5120729468151 3.22665112030735 4.38222825490901 7.87968137571581 -8.20396425689152 -8.07776285951364 1 933.164722557735
"1" -1.56566325689954 -1.23514938969281 0.95872391136813 1.66685898939204 3.20499300898647 4.30466031726819 -9.55313196835703 -11.8472991791724 2.38203681754646 0 1249.86256858156
"1" -1.76794398827961 -1.3653311887428 1.2489498024724 1.31781862641284 3.30383617630588 3.7161702692454 -15.1826395235515 -20.241936757425 -1.17037779123981 0 1152.76357759525
"1" -1.73563018859209 -1.43815977683161 1.24763400741505 1.54183628580107 3.27310992264344 4.15010676454444 -2.17467414303426 -5.0400805730916 -6.58466375420124 0 1146.86533416387
"1" -1.78310168564084 -1.601469186778 1.29014489077204 1.69566580227468 3.26064645156763 4.38821844238042 -4.57742653594666 -0.807927152776796 -6.59492426306742 0 1123.04277942077
"1" -1.74430813846297 -1.5502429296677 0.866549496816232 1.47699189046399 2.91171443301045 4.01168199244196 -16.7674194028461 -14.111353843683 2.43145867323628 0 1077.92464628594
"1" -12.0758230455915 -1.58032194598949 0.857072156009438 1.45790790075807 2.95752176286058 3.86245902490804 7.60046891584756 -6.04384227756278 -4.13474047089881 0 1021.69267900299
"1" -11.9465265551276 -1.31282125325199 1.44739184195351 1.56610716807755 3.83970394707049 4.11463503426733 7.46654731157359 -14.7036163171783 -8.28591628939357 1 1151.88001558934
"1" -1.82806340112247 -1.29247140675666 0.677980324752986 1.67691075065257 2.39547730636834 3.66672769310203 -1.62459760168835 -6.49959972602651 5.43471066677478 0 1159.74057725496
"1" -1.74489298019744 -1.34724498070721 0.850155367846453 1.46695006133155 2.92031360932502 3.92047790186876 -3.68965461916579 -1.86247434490245 -3.05986612253055 0 1183.41884184491
"1" -10.4494239691524 -0.733521089699436 1.22382706708269 1.68567209192204 3.58974828515886 4.4450864240629 7.42919735497281 -35.4913583811043 -10.4241171575293 1 1027.6345294139
"1" -11.6988007552398 -1.3716914841118 1.32051842154114 1.29087028395289 3.49495813250705 3.78960724430997 7.26748218480326 -5.87369815803568 -3.63797276504508 0 1092.9985104521
"1" -11.0297517783765 -1.80650089472294 0.794209180859047 1.65413856253348 2.93541914881217 4.49332040378645 7.34713009799696 -12.0476792863353 -10.9948247301265 1 1129.08854354152
"1" -12.1338270141006 -1.63775845762509 1.55291973113378 1.27773849150413 3.95909639857247 3.61032363087385 7.43067603928705 -6.14891530204092 -4.67561353616687 0 925.87831151074
"1" -1.62129476759006 -1.24356146486462 0.949230593913221 1.38982680062211 2.94641164138325 3.72631269992103 -4.74529487228572 -3.7193753128036 -6.16265641157377 0 1243.56478741947
"1" -1.36066879649153 -1.05800430019791 1.35373260976164 1.25386221526408 3.45717801719021 3.96652458411953 -3.87353634519822 -2.59515883032267 6.75112274604248 1 1404.11965199346
"1" -11.9669519508462 -1.35429734914598 1.27687977501972 1.24670362455806 3.29293830720751 3.53427334048695 7.45944328950789 -13.2021777408821 -9.10635956366668 1 1129.74151304527
"1" -1.88351238073884 -1.45467579405855 1.07717464612513 1.08189603345108 2.98174479881341 3.46586207519082 -1.01441771728425 -2.67114995272403 -7.33135628168484 1 1147.2782367721
"1" -10.3716973003255 -1.40723696061595 1.08856394891039 1.3107907011413 3.11630526827544 3.69920422027185 6.56249259748136 -11.9929546642229 -9.02568905918317 1 1110.20378368763
"1" -7.19936259854626 -1.12483092923731 1.05013272252939 1.40207501393715 2.92883853938609 3.61960745083015 5.70713177657401 -65.3613188480108 15.2823870956211 1 1082.61929349568
"1" -1.68798773968752 -1.30619168810769 0.56412557904328 1.56426023548426 2.29649657238435 3.98694808597931 -7.39103283501448 -6.88095252001541 2.21322896980725 0 1159.12490333772
"1" -1.72956036757143 -1.13915851577847 1.01995355330376 1.77433714657849 3.07974868965997 4.20545090082345 -15.1575148204071 -17.9018597294972 4.63963372300867 0 1242.62907563742
"1" -1.83789412599379 -1.3219539433751 1.32329753341 1.51462256287838 3.42046694126123 4.35804083197786 -2.79283913044373 -2.62685531650619 5.01039035378165 0 1151.96362212566
"1" -10.921029537552 -1.52343735885966 1.03311214609576 1.62195937480344 3.24335279529486 4.58393921926328 6.97615616856362 -9.57541034114527 -10.146984394431 1 908.576563933998
"1" -11.8371913851894 -1.49378968971995 1.1842414772941 1.50828212382559 3.45111786662788 3.94372169766698 7.24085100155803 -5.98404583915532 -3.04859728199145 0 991.827488045816
"1" -1.73350028911984 -1.24957236621425 0.927462364391064 1.76603070721191 2.85196850192958 4.25815700748107 -1.54816353807 -4.23656821953814 -6.5326303964918 0 1224.34159726732
"1" -5.52930142505723 -1.54790183256837 1.14711556706757 1.59658819771333 3.17047553961774 4.03678960324587 6.76621138882578 -2.28814293239219 -19.5620627414323 1 696.231940148998
"1" -11.79112424319 -1.33683366488992 1.04213832468688 1.43304234741965 3.02148228454729 4.2701338754533 7.42649340416987 -5.8323589139631 -4.8398448265843 0 1134.5788811465
"1" -9.37801926156432 -1.5846359523812 1.35070167369891 1.51346938662668 3.7546702126991 3.77752397561831 6.38357609909619 -14.843650319025 -14.5128991516317 1 1205.36549632161
"1" -1.86362442094161 -1.406541070416 1.07541987426276 1.61465137659845 3.14025134867654 4.46552220690134 -1.27283374451831 -4.74567344523778 -6.50153902617214 0 1135.92644461783
"1" -1.81400638506249 -1.52505443075866 1.21822669782803 1.59518092326847 2.88251121971383 4.53650656653129 -0.59414210184838 -4.11370035153662 -6.43261802898149 0 1153.47660422164
"1" -1.80298209063247 -1.26098520924499 0.882473551056373 1.60070288918366 2.8707638927165 4.2424651841651 -0.850527988603856 -2.80352977521158 -5.61505000402908 0 1243.09062137499
"1" -1.52833777517116 -1.51326365050793 0.95778684788354 1.46754816233957 3.03202086431834 3.9439499618979 -2.55647508791395 -2.92243080833946 0.267750533084216 0 1179.58072506551
"1" -1.67977617399071 -1.63833778146081 0.629534579667755 1.66357030079217 2.54501339289536 4.46406803252688 -4.13498298604909 -1.18419817383245 6.57831881142921 1 1078.48116328638
"1" -1.72682131114631 -1.43562992215918 0.954391312446396 1.53750207007952 3.09278120856106 4.14845186789512 -2.10513739207873 -5.27105916474934 -6.08039640660333 0 1144.29570768938
"1" -1.69576705086872 -1.42064312596595 0.92308655387449 1.272625495922 2.88177902268963 3.66391444244276 -1.57562568324304 -6.70409990747022 5.75441235037437 0 1168.30879422567
"1" -1.72329004325133 -1.38035846708161 1.04307328805152 1.54934860086716 3.17930576012691 4.27962397638263 -14.2319410370524 -16.0089984061325 -6.26455298996539 1 1149.96797817901
"1" -1.71201085901776 -1.16833299485549 0.703605647452215 1.5894092166966 2.62454958476634 3.95923457633206 -1.02250123869481 -5.1370297603374 -5.38108238710627 0 1270.21169527005
"1" -1.66889191927866 -1.44742352477428 1.12952084702654 1.53516939118929 3.53901243365012 4.21921983991092 -2.39528522713396 -3.93788020592782 -7.05924288588994 1 1160.76095761394
"1" -9.66411532429742 -1.45523446055224 1.1204441589293 1.34687987352784 3.21305331862481 4.45419046865095 6.5172557246191 -8.93314002089503 -9.58180724460452 1 1002.25131252942
"1" -1.76576169652864 -1.59385362267822 1.03635961741337 1.57605899705024 3.05906264648969 3.93687021653409 -4.70735547936339 -1.11850849906172 -6.53104174657874 0 1113.227661095
"1" -12.5287120737004 -1.51332656203178 1.17591229197399 1.59542391955347 4.01530157752248 4.16905369713801 7.85344610855079 -10.9225085560198 -8.87849760889184 1 1013.87223833652
"1" -1.60902787268388 -1.38010444924494 1.4173614653531 1.45026380572278 3.38692642665327 3.74198330414589 -3.88259358049212 -2.41114580057424 6.10075306271279 0 1206.08662059889
"1" -9.86864219243456 -1.5763792612345 1.41685313231538 1.73156305544349 3.525224078819 4.49546337819923 6.39271592139486 -30.2267119911109 -9.6496456995504 1 984.359466355719
"1" -1.79369360304176 -1.35878018024831 1.30177007054321 1.41468409468345 3.47163314155677 3.70719684540789 -3.03585788479193 -3.61067869509809 -6.48161881320795 0 1160.61860292613
"1" -1.72104465715307 -1.40876471771465 1.17333768198842 1.72659183578473 3.25615924888946 4.04235508466587 -1.66423337585924 -3.21500508233113 6.52708336322738 0 1162.57378994426
"1" -1.7979041205798 -1.34894342071707 1.30325261348801 1.46027759250685 3.4498336981605 4.09016013887886 -1.90798798786051 -5.99995880662243 -5.69247010246617 0 1165.55021780789
"1" -11.9408610594547 -1.2264128065365 1.18316432917259 1.56615940690082 2.86442161306059 4.023233476494 7.58798397244096 -5.83904434173061 -6.09334562823588 0 1191.27654881935
"1" -11.6565656526975 -1.53112464202346 1.25014833694327 1.24599226993667 3.16458807949506 3.86823795510591 7.07486454002076 -6.04658312502516 -5.90963729861592 0 974.382832022587
"1" -1.77761433080087 -1.43700781758905 1.00771025715516 1.48201297820558 2.74469433209345 3.7723393005912 -2.2162997545243 -7.0313306221666 -4.93327515611536 0 1130.92041725284
"1" -11.9352651572524 -1.45860505557234 1.21821203419101 1.219202667131 2.93571975645442 3.82548536274613 7.42152658260098 -5.94545574452519 -3.98770996712639 0 1040.99934801904
"1" -1.604819166169 -1.20637949522462 1.21776206064239 1.63991840303144 3.23232735785331 4.14644970697325 -2.02469374741187 -2.45329869891803 6.89376756609869 1 1272.09674312815
"1" -12.2736655989311 -1.38442952145492 0.866924935923017 1.32223675760643 3.06034858673309 4.15802267415418 7.60723043925418 -5.95038419462672 -5.36506401964262 0 1025.97287483834
"1" -11.7639694876937 -1.38829898053949 1.47619578720203 1.91268587668951 3.81790085401255 4.84369052199716 7.25430751290261 -5.93940496084392 -6.6576859829101 0 1037.92880476794
"1" -1.80522049073284 -1.42191286400633 1.09714613064214 1.7022799017717 3.41874081187647 4.25670147230579 -1.13189518084654 -8.58998661824242 1.09465819928251 0 1147.54133544273
"1" -11.9813781307346 -1.36476741544016 1.18800345806988 1.43714830530091 2.85708971012161 3.94045100541046 7.45895295928161 -13.367790421708 -7.95685364257552 0 1121.80731622922
"1" -1.60917889613344 -1.35856965474968 1.28975722447722 1.48027244167108 3.60432994693887 3.77143495945247 -1.58888511478876 -3.89507184317927 -7.01657420573114 1 1236.782594926
"1" -1.7351954039961 -1.43600519076627 0.900686960947379 1.51184613976356 2.77359539539293 3.82428954864343 -1.04985735189565 -1.6068179449505 -0.728433707985278 0 1212.64657960714
"1" -1.61447609540051 -1.35555957357622 0.935760382446245 1.42032027428914 3.26306118608183 3.90893645362305 -1.28641476488323 -6.35772569140294 -5.04482639196166 0 1229.75293872902
"1" -11.8080661570983 -1.43339730904563 1.53996658847457 1.44263044196969 4.13733499015927 3.82868769095615 7.2481215715561 -5.95657386873316 -4.12514743219625 0 1021.07612734994
"1" -1.46467971707625 -1.09245288409215 0.82168619010635 1.5897574569857 2.7846042963205 4.36423537771449 -25.3101885601004 -2.36232262640511 -3.39690706595743 0 1341.5294071377
"1" -1.85229364168782 -1.41642452087621 0.875691558767149 2.05138480344572 2.72461323518263 4.94777621031485 -1.50016493256314 -6.50797209308154 -5.29062059920683 0 1105.75826293427
"1" -12.0526660544545 -1.33893830051201 1.22146841270592 1.7187525010891 3.08625626270583 4.10501765054259 7.60085797969047 -5.93159562187389 -6.58046862306786 1 1116.5115857819
"1" -12.4461416254248 -1.53564757349419 1.16645279161974 1.55691693339316 3.40100716494288 3.77724632704835 7.64700692686569 -11.2159544585494 -8.52999560635269 1 964.244454480794
"1" -12.2171552770536 -1.54284652422555 1.07532159648224 1.69742374181295 3.13466467786128 4.40453310239813 7.43773625268555 -13.2116696521815 -7.95692585599936 1 954.526080865867
"1" -1.84825601479265 -1.22732564690882 1.1783835340555 1.3414617649287 3.03270320705488 3.89922375501433 -5.24772325411567 -22.8583251835213 -7.9211071537651 1 1184.32700039899
"1" -1.68566361098643 -1.36285295459683 0.872795077836083 1.65581922819529 3.14391069594487 4.29636064432915 -2.96644509048001 -4.33632917320732 8.99344444098815 1 1165.38890567229
"1" -1.79019163601761 -1.33120669581559 1.07717250060817 1.70036404336244 2.88113465663222 4.24597974365253 -4.04149697538446 -3.48196993125515 6.24442293728851 1 1153.36968179337
"1" -9.07432286412721 -1.42393405666999 1.44230445376433 1.6032627380012 3.67780041862172 4.18886968975609 5.42485026822641 -19.8931068520043 -11.2741786509266 1 1028.22537178291
"1" -10.8963679525392 -1.86716276889206 0.769900187182885 1.44739678893627 2.74230188180404 4.40209707076545 7.18075635251414 -18.1222831038736 -10.6882657401815 1 951.563905157588
"1" -1.57203700994368 -12.037449341302 0.95614468225441 1.62893954959441 2.77656657699239 4.49608263722404 -6.10820561353408 7.61185455310537 -4.15525656305412 0 1043.01209265002
"1" -1.72895780895943 -1.47469123280525 1.18201229509465 1.59597148507604 2.93626219377098 4.15126902592835 -5.08644481263465 -2.05111319304835 -2.30048916023557 0 1138.1671538492
"1" -11.7062846830813 -1.40982566352048 0.915245351165948 1.36076579167384 3.19107648477665 3.96608473355915 7.24153335860301 -5.80926159111814 -2.96953963996772 0 1056.32612065642
"1" -1.66741862894449 -1.47244593351622 1.18444594668477 1.3695085080431 3.53255583473389 3.97960376431811 -6.32192345576561 -8.07606111279717 1.40414297905756 0 1138.48371057877
"1" -1.67972843554494 -1.37214170246254 1.0591923005454 1.54790443424336 2.96652418568105 3.6661881782475 -5.10800589776973 -2.44479754379507 5.06790591306133 0 1183.45922952417
"1" -1.61489561223521 -1.30868106690866 1.12113666574892 1.41164650687593 3.00896049931012 3.61951741156621 -1.48264374356581 -4.00041422178198 -6.61924456059002 1 1258.21118489146
"1" -1.70147096519866 -1.37352067756919 1.12391634802571 1.32412452739991 3.00522089710252 3.87585529770359 -5.3611930894917 -2.40964554336489 5.87116700416682 0 1176.36609672699
"1" -1.56747798412229 -1.35026800072064 0.791398585428472 1.48589286275748 2.58877760600736 3.64315846758074 -1.29514812300772 -2.33038174087462 -6.56284627561588 0 1268.64722910909
"1" -1.63643097324703 -1.32686506033136 1.10683220904943 1.48653117616832 3.01386248250919 4.04269823000426 -2.37152389661787 -2.51933933528613 -7.28492978939756 1 1233.02613076401
"1" -11.8743223379372 -1.39205273787868 1.29086589789901 1.42168686694872 3.38121079959342 4.03935204172984 7.52378939916039 -10.4953959842145 -9.38911954283148 1 1127.34172923911
"1" -11.7908338688923 -1.5143785571127 1.43805523692491 1.06798395859682 3.42359647120482 3.62141365399916 7.2622381778006 -6.00357913031756 -5.57257409104508 0 1007.33725337595
"1" -1.56248666329188 -1.07373231299416 0.888501987654148 1.44768385772748 2.95105885895807 3.74450702865801 -3.43729018630216 -4.57801139530118 6.33742120117608 0 1324.89148943815
"1" -1.76365884936768 -1.20414326231015 0.90515185390808 1.35279912530173 3.24970836990668 3.66277507146701 -3.86216002365178 -2.08449133349922 -4.17689452864018 0 1235.76999024538
"1" -1.901222464467 -1.48476437204797 1.30364533251196 1.66752971618602 3.7888842526712 4.60552765350266 -1.42151332658857 -4.87724210273958 -5.14470461816515 0 1088.75594944995
"1" -1.65478590858757 -1.4454300190649 0.901736061682235 1.65593731582015 2.8220265362432 4.35957510897091 -5.15172885293769 -2.09077373113903 5.80916822277963 0 1153.5496424794
"1" -1.6247550402621 -1.29027413818963 0.862560497240147 1.56185142197764 3.08316845914046 4.06367174553365 -6.37550847286535 -1.88198802692821 5.49029253604413 0 1228.2097072208
"1" -1.65300465683998 -1.64413438451386 0.837059611595525 1.29171586422474 2.80869919202855 3.45169057383856 -2.3767575078816 -1.17008380241681 -4.28555316357145 0 1145.21044423984
