"1" -1.93003636251707 -1.29952611348138 1.03169570945245 1.12423564784663 2.76885547561663 3.07736892569296 -1.11266426574407 -2.92548070231576 -5.92757842670561 0 2242.3513108418
"1" -2.25052396260643 -1.55640397519283 1.34700429836594 1.10659954784949 2.98878610944661 3.09100749325485 -1.82996701678998 -2.42683099637578 6.63775962443802 1 1899.50724948265
"1" -2.15229804334155 -1.56022074982575 1.17219086982757 1.14824126475616 3.25841297676947 3.12091356336584 -1.74128364918284 -1.95511389281564 6.18999697437722 1 1937.28259317245
"1" -2.10856348753977 -1.55926951653762 0.999128604999007 1.11539881673918 2.86974702045981 2.93136786961875 -5.02833583549998 -5.55077710716405 -1.14716427117496 0 1957.80037230691
"1" -2.02085733017668 -1.59755118999781 1.07705742606877 1.29545896132632 2.78145809466843 3.02357154055918 -5.12540532190661 -5.63003694153028 -1.52718077903735 0 1986.72941348505
"1" -1.86169159938855 -1.45545734346304 1.03032592407276 1.01181772535351 2.96976426197196 2.94523911351142 -1.00667104015542 -1.08039205661382 -6.73634673343813 0 2128.71939496731
"1" -1.879525646504 -1.60864395605994 1.04533905032611 1.07249608742355 2.71209982170553 3.16007741067455 -1.55470811743506 -3.20100032631748 -6.25986965391621 1 2032.84858966796
"1" -2.00847514602067 -1.59723232450968 0.969007128294303 1.24377332844456 2.44940769198551 2.99172671195575 -4.53285909689207 -1.46422132009894 -4.0530949321921 0 1979.73332987196
"1" -1.95053636876838 -1.49820840088969 1.05369361842947 1.20410301888906 2.67257593109809 3.08100919660277 -1.51028152580682 -3.44695551139715 -5.76125155951003 0 2084.1857119296
"1" -2.0394073361186 -1.5015218225436 1.0969232199932 1.01376169618695 2.60631618037868 2.90113416356441 -1.93388234270587 -2.55004139012983 -5.45154114969033 0 2026.75317617974
"1" -2.11875597923529 -1.38305995018302 0.999030050920951 1.00894753256526 2.88731156289266 3.06745024044518 -1.36758929854437 -2.95802727586841 -5.57872422923019 0 2071.87725676381
"1" -2.00745266048032 -1.45349393896705 1.18448875253132 1.06308080298169 2.71555158451855 2.87451806634049 -2.46285081184314 -2.60143038278471 -6.21948551013584 1 2092.48519443948
"1" -2.18995255141105 -1.5657125392191 1.10301843745794 1.01101054650771 2.59957213397663 2.782054588507 -4.66906763685066 -4.61676100480182 -0.219600511154651 0 1912.17174257667
"1" -1.90356373940916 -1.61208364305536 1.05471622657623 1.0660274686324 2.74347604626789 2.79481117222507 -1.30782396333458 -1.75221798004257 -6.28549918413027 1 2011.54398771274
"1" -2.08183598334058 -1.41647341004199 1.11010430323478 1.31601056413348 2.81015786624686 3.48632934819948 -1.99589803352599 -1.71253449640333 -4.68834032776241 0 2087.89132479083
"1" -2.0062766635333 -1.41109452231745 1.05043771515353 1.21131676607439 2.77462932911426 2.96635273447474 -0.853693475861882 -1.50900909393013 -6.32825608032324 1 2112.28391573072
"1" -2.06285078320234 -1.57401265302764 1.03378734491994 1.27826260572061 2.7297349827996 2.95784628364977 -2.38369771689768 -4.66414294836894 -0.272122134716897 0 1977.76534868825
"1" -1.83066722605516 -1.46064355038437 1.03089921043957 1.1627487882913 2.76480509802802 3.12310520462981 -1.33397195776537 -3.21592955894737 -5.81103676539966 0 2172.46518871686
"1" -2.02575258606548 -1.47419920527296 1.05519295402886 1.11162977405531 2.82207172930616 2.99796495466736 -1.37059318020228 -2.33945860276794 -6.74401196086204 1 2056.56744559822
"1" -2.10559259935081 -1.48669281105118 1.33303645434034 1.10620882588203 3.20395712352705 2.90079434622444 -4.5981339676735 -3.87992919340035 2.09417042549724 0 2025.34415237966
"1" -2.16491546222876 -1.65976378675713 1.09736765765679 1.15489288690387 2.76318619399122 3.22778873349437 -5.03356848505982 -5.71335901643773 -0.129948389199352 0 1859.92262868246
"1" -1.89923523166918 -1.57540731620266 0.982748083648019 1.35872018818538 2.5765266774205 3.26291338684617 -5.28270669660881 -5.55872767086014 -2.87994278435347 0 2061.04997824715
"1" -2.22615038991683 -1.5922936870625 1.09646547818372 0.97383146047704 3.03994381413491 2.99129566549923 -1.90687752338694 -1.31929497727441 -6.66110209525425 1 1853.15464569844
"1" -2.12415510909504 -1.41540780356817 1.20587221684521 1.18377304201977 2.93625771091676 3.19036651575695 -1.13833521509607 -1.5315993911578 6.93209601120346 0 2064.4576184976
"1" -1.98732107098705 -1.49178831957536 1.06349049780424 1.20559847395285 2.79311568160732 3.01921505448967 -1.79441732764012 -1.73837329524285 -3.85632313029291 0 2071.4784984617
"1" -2.00288260350203 -1.66984531435655 1.02216643446022 1.31896271680283 2.77831111363455 3.07402230698661 -1.30369770906083 -3.32421574161237 -6.15738162107648 1 1930.1449989157
"1" -1.97157694265136 -1.61993164214329 1.13446995347933 1.2868140183756 2.67293125625985 3.22622227650297 -5.99824414831019 -7.22016368560486 -0.667447652114256 0 1997.4868804891
"1" -2.09978124405788 -1.59827702704824 1.06048254735212 1.11651251196981 2.88104112466888 3.40099191135929 -1.29587411403208 -2.22557928273682 -6.8024971741102 0 1920.8345893537
"1" -2.26199256521883 -1.41395597571725 1.02894277198302 1.09419977306872 2.77646428227091 2.81547040787291 -1.81481584044198 -3.26007804306387 -4.83087195306576 0 1998.62878974696
"1" -2.08254911463804 -1.50245377801653 1.08530580829092 1.28990414179713 2.89636980227298 3.16648374928046 -1.12306340672125 -3.45917315929592 -6.08499716128694 0 2015.78690248032
"1" -1.96776620644848 -1.49974545767495 1.01833253192243 1.21816844429557 2.75949106850992 3.0184560559501 -1.50240709107304 -3.12089508126384 6.31031152125238 0 2072.81288045281
