"1" -5.31945555481141 -1.55568107056479 0.92494303882046 1.16364290646984 3.60760780001402 4.78793426585617 2.82575189656371 -2.12294390130119 -1.39120187514087 -1.69055657627015 -0.910479450226141 0.643063952108444 0.139172693038383 0.155680901981587 0.101852902440624 0.195057157498075 1 139.742951209233
"1" 0.0282463803637389 -1.42462612620429 0.342495947290356 1.17581596136517 0.336557174472162 4.53445609866114 -3.7012562331484 -3.52275541162495 4.9377031409518 -1.86836590574553 -0.248342367835864 1.37598949814392 0.259540900577682 0.129578847335881 0.0513622879239232 -0.027251282811875 1 -411.909749153387
"1" -3.14671611125975 0.499477607420926 1.39381263604277 0.308950588984305 5.35688196712958 0.33346212898086 -0.151146085655891 -2.94850071654157 -2.20782348993673 4.74250227530014 -0.379686560354784 0.671614158860988 0.0212029711117563 0.12189799050511 0.925860080407796 0.113990161479428 1 -400.214464708117
"1" 0.0675735085450896 -1.60330890191515 0.148327185399912 1.32542049826552 0.202370194973741 5.083839374783 -3.50103425731507 -3.33964135301233 5.68570525668073 -2.41499474363916 -0.485492159060102 2.30147724391968 0.166571409181386 -0.467605027076852 0.284055848331599 0.357922590153968 1 -617.937347669002
"1" -2.11142998892647 -1.67857998851743 0.676568981331515 1.18862803472797 3.92556268758641 3.16983573158449 -1.13350687025152 -3.03797676095914 -0.868975507129824 -2.31018015494152 -0.552873515463783 1.35035409295872 -0.190826658014562 -0.22222634695656 1.2568990873112 0.248469812175052 1 162.16131909819
"1" -2.25439842192158 -17.834305572771 1.75054586309929 5.69307863949762 3.85759404289938 11.6558457646729 -1.76400542116615 11.1559608517989 -2.18274686829881 1.98015717619374 -0.049389437849237 0.254353450675925 -0.404528441854698 0.0186400339830353 -0.299112022900301 0.936137606229071 1 109.282113850591
"1" 0.203666639663458 -1.06253723911837 0.106594841495387 1.97918106854731 2.56704908412617 4.0112555434071 -1.15693413004119 -1.14650341527733 2.14529008982699 -0.383198462560374 0.198717802836132 -0.939006767613587 0.281624231664619 0.355416981407561 -0.0637769722880328 0.183705152802915 1 206.117384787771
"1" -0.366080688506999 -0.38416117095529 0.460825743090337 1.00987554913572 0.708039585454612 3.86878457326835 -2.61098376489031 -2.41170980610782 4.70970594880638 -1.39098248804648 0.266304146705026 -0.961350093456281 0.0388200399003023 0.340607098531889 0.636059163204287 -0.0405231362817223 1 -111.871069298226
"1" -3.23094834365645 -1.19520758330059 1.10386707690923 1.32330543950206 3.73808451434636 3.24645418367132 1.37590487806552 -2.78553767964622 -1.39156399551265 -1.6002453051302 -0.949266602120856 0.515554712737848 -0.00982886580825377 0.244887131070251 0.192552752504309 0.167881635407985 1 198.99933766189
"1" -2.95830804596756 -0.902997945333523 0.411470865710482 1.04966151525904 5.83411020944944 3.33976748749651 0.671359740145077 -2.37949438289694 -2.22225036371543 -1.37997506157414 -0.596403152727841 0.739310139765756 0.0331893338116212 0.136295399187878 0.868794562786736 0.213591572258914 1 210.014761038532
"1" 0.309569112475876 -1.29133715345908 0.233199251570066 1.28654948804919 0.230716144280224 3.01388411432703 -2.87102516869332 -2.320638519385 5.19348059777885 -1.04234873347133 0.235404255626933 -0.646067482750187 0.0910022966184341 0.149008769430966 1.04737595820813 0.0956870316386534 1 -495.177992138097
"1" -3.6345360149842 -1.26351689718118 0.539723900974087 1.64492937744202 3.63257845189239 4.1215496357604 1.49899238797478 -2.43263658548949 -1.38289174278278 -1.31139712519174 -0.828846747700752 0.695299773809298 0.0921706434511845 0.162546132897256 0.231959577453189 0.19640050360943 1 178.091014032207
"1" -8.6086293441111 -0.975284919869372 0.474190379760963 0.93229641506539 3.9645094117328 3.51550387728419 6.13014735821395 -2.08737580885487 -1.42780788034071 -1.36815625677762 -1.29230411017369 0.928441993336528 -0.114080281034853 -0.293950729614697 0.366481102124205 0.387914315401673 1 188.075319971442
"1" 0.698055851692002 -1.30432638064997 0.356073172123578 1.74981585106765 0.340152001364728 5.22478837927919 -1.44260944336746 -1.11432920256993 4.59881893186215 -1.52322576673979 0.0827909245888249 -1.04960415823283 0.278625764889376 0.201394334402543 -0.0784978708214011 0.257597135625581 1 -333.213343533635
"1" -2.23337498486233 -1.23157470072921 1.8498701085273 1.45082996859799 2.82801801304741 3.75353006239315 0.0888010880910674 -1.15243436759441 -0.663957291688323 -0.308442581324241 0.230082767561501 -0.367061239506701 -0.552142748893686 0.537517564097684 0.0412647291642931 -0.366964184313185 1 207.437255612718
"1" 1.0077006212966 -1.56058267322768 0.272238327462319 1.4428980209218 0.266936761982854 4.92789945199172 -2.22850630360417 -2.39466299018631 4.7279215260639 -1.53387528322349 -0.395300297402027 1.16818635457333 0.201465487104224 0.10114664076206 0.0682393094820201 0.221535838565362 1 -469.376844640496
"1" -1.2312296364651 0.502708295348549 0.925137400424291 0.280090310887383 3.04064851828609 0.313498269909155 -0.842858048703073 -1.15667192590054 -0.884758238723934 4.85943013644944 -0.0349936329286965 0.240596238228711 0.141176625839807 0.188454138160529 -1.14049577265261 -0.0572728438168787 1 -405.988075676056
"1" -0.698292632812048 -1.57048199951132 -0.300295737783756 1.67474323491205 2.88953796664196 4.22112843826183 -0.423827035959679 -1.04629302212103 1.15495732863601 -0.726627627814184 -0.0339427242542592 -1.12438620961904 0.24463211296161 0.398178581224155 -0.163799146749626 0.206299501650978 1 164.895065463537
"1" -1.35103632527322 -1.4190157790883 1.72410157946863 1.09182975658432 3.19366178317489 4.32202778786539 -10.7395662286397 -8.58578152640582 -3.60485103559037 -5.27152818940923 0.0524044134212898 1.99415024609623 0.0796960336161008 0.158044035224828 2.76210314079253 0.153026407702234 1 208.744001110374
"1" -0.464931461066711 -0.877197930935269 0.371391539332794 1.98434456914028 0.331741556078073 5.02880778837606 -6.59710165392036 -3.96457466236 5.27861231480219 -1.71573456814567 0.448357932894251 0.754263439776361 0.371891321050852 -0.0631390062981374 -0.304786335591547 -0.121452240560981 1 -314.988037720088
"1" -1.42984311545567 -1.53328405853609 0.860353917175719 1.54861282565477 3.27442748332278 4.91529971142733 -3.50345000388314 -3.06295352688688 -0.214523291162173 -1.86086791519533 0.0513805657811266 2.03057614054406 0.267132554637251 -0.210491072006788 0.175807044851301 0.195070800124807 1 194.188048120499
"1" -1.86392330484783 -1.95638731134528 1.83581460891914 1.45465481365014 4.4883386437948 5.07512809449963 -4.34201278313409 -3.90973323299727 -3.66537608024439 -2.72821665484189 -2.3352489626642 0.16901199140579 -0.752936897830357 0.00986330987182575 0.956279160122272 0.578510184296052 1 150.686708135998
"1" -1.81290293057329 -1.57884184767557 1.57852858062359 1.51823535460421 4.91129974878441 4.03981444376851 -4.09285059296613 -6.4293683612269 -3.85946458247509 -4.5266349435215 -1.45655803506187 0.758229711840665 -0.992072401313614 -0.304039272025246 0.698316425947846 -0.331514964898758 1 173.834995248542
"1" -1.1999340336109 -1.72942326557644 1.2168440482184 1.34093469392125 3.57472774885483 3.07399718240125 -5.86690526061588 -2.73699162385919 -2.87555498424321 -2.7031446944145 -0.445586644602503 1.15391006435857 0.199279470470996 -0.442466916701891 1.1219023593934 0.0746347919650234 1 205.546686607993
"1" -14.0244920780707 -1.33538686748843 1.85830557334349 1.45372165871712 3.47540013395026 3.47623416899196 9.4736997795919 -1.8465107423526 -0.260795475083424 -1.41150622199148 -0.725643633845583 -2.11917070762276 0.104700114675684 0.905650750319377 0.379428017079004 -0.0696630814347209 1 174.547738482026
"1" -0.446352284872992 -1.76950204835714 0.0857810867997559 1.75598916432005 2.54686096752707 4.49980400546131 -1.04290072145655 -1.20369549873157 3.67113190279199 -1.3754777540306 -0.242725522193933 -1.32224071714413 0.28228022408464 0.279039052848413 -0.141167446517926 0.23298675626578 1 38.8978494700696
"1" -2.6757942035483 -0.0956943181849216 0.711519396643697 0.369870765162124 2.16615500400937 0.347661998133518 -1.09028387030891 -2.07214404713865 -0.197064908161518 4.80225609043331 -0.128677498772955 0.693727321905484 0.142226245453333 0.1830742087432 -1.18856376179838 0.296280790032947 1 -334.634115715135
"1" 1.10768587755286 -1.07826571468571 0.202251286389044 0.920706881223154 0.255654003657029 4.15878109084686 -1.17905252378293 -2.39343060149972 5.00231243938248 -1.37046952906932 -0.510766770517542 -0.600498406665642 0.123564240418132 0.273053650228868 0.503561450686502 0.215632716662029 1 -553.729667149888
"1" -2.05824249069484 0.0263884481729579 1.06595086777168 0.207862959751395 2.73762889634796 0.232204118385824 0.0117461520444163 0.435705398683617 -0.4194953104591 5.26112260968161 -0.305977633430958 0.100441047983669 0.387958403963467 -0.0513237424872259 -1.78712737647184 -0.0549131527843232 1 -529.269461046802
"1" 0.20876529265436 -1.76395577962856 0.298237473481005 1.99437652164358 0.314638686407943 4.41809860654103 -3.43880602623582 -0.719506905060233 4.93718547788191 -1.04738939280268 -0.232173008296682 0.0667624679833077 0.317464085458301 0.310138896248104 -0.0623125718802332 0.383180473780856 1 -453.619815839487
"1" -1.69095901462444 -1.21495978507306 0.430518170725664 0.734319797207583 2.7595161346006 3.85708897731702 -1.16645484364916 -1.84198242371808 -0.233198750582575 -0.672265858820525 0.906286810770871 0.50708632178474 -0.145692606223107 0.428474927924252 0.604886822782699 0.336663385957843 1 196.19263333354
"1" -2.14702014182403 -1.24772862557232 0.589583442397422 1.24717173514874 3.35802711183287 3.63080210834423 -0.483856480601654 -2.79043882755434 -1.26790757800524 -1.56634391950795 -0.61789694782511 0.967916208748054 0.0555221840105405 0.0956808045833794 0.536684465498464 0.211469672942062 1 194.647866379901
"1" 0.0528502702157901 -1.53440536970124 0.122528580766264 1.97319449550257 2.61597709003099 4.93376653725373 -0.944079049486745 -0.987121154487986 3.23697421970748 -1.20217665013201 0.0230806026213299 -1.03394087511144 0.298697175172597 0.359921747268487 -0.137631647821668 0.214832389350855 1 99.1793229859868
"1" -2.02127885194097 -0.302072629469806 0.35615937072138 -0.261534239792132 2.93298319959195 4.08264115379229 -0.1597470682338 -2.8380160415153 0.684096400017845 3.11083294053883 -0.443809220347608 0.200568815598036 0.264511037084604 0.277932542392669 0.814317230440865 -0.015051198358761 1 127.604465702016
"1" -1.610399266752 -1.30408938066963 0.922293041485721 0.477616191832326 4.83231645383109 3.8517274105266 -1.98365368809035 -2.39672669543255 -2.10269866412806 0.299916370868634 0.0515720413494661 0.315724824200299 -0.319081239695333 0.20221624986159 1.67624541446636 0.0284084408816561 1 193.353910894695
"1" -0.399320080977298 -1.23974069828689 -0.108240823569932 -0.670299405854513 3.29354728636105 2.7867245010616 -3.67774306613427 -2.5572534018359 3.46147703039286 0.833547023867364 -0.107111047540599 0.396953776365294 -0.0813908472330082 0.400526976943966 1.85865718185383 0.121419866781961 1 118.131641798962
"1" -0.578710190702096 -0.586485742821521 0.0464070299051651 -0.014253438621775 3.35089001888509 3.78456714877377 -1.89050869333236 -2.71080950233295 2.94852489543555 1.56678630667551 -0.0430628073310589 0.249895454887848 -0.222492410475596 0.240668970044651 1.50799595023798 -0.192090766593985 1 139.682110309417
"1" -0.687048693337334 -1.14060612766696 -0.013139603186109 1.32875804699728 2.87642519920407 2.99960816797324 -4.47015145672546 -3.18710195307068 3.8210945448119 -0.710932696250225 0.164135931476705 -0.634603959207183 0.22782654504945 0.435441687807368 0.048205071858538 0.572500850636301 1 111.498881958762
"1" 0.214260399295128 -1.32606988416056 0.328051998662982 1.07591877513406 0.36197362474732 3.83113006519419 -0.975787506704183 -1.56866419355779 4.81572105831913 -1.14614021182649 -0.0597047149984087 -1.33603827344219 0.249034386241641 0.246067306966468 0.0190680179530155 0.182196816729514 1 -407.267026498597
"1" 0.10195477412795 -2.13544913873747 0.298974521199316 1.04836506072214 0.348180177784532 3.99056241724871 -1.57744637639361 -1.23869982235587 4.92718190279378 -0.794335956610909 -0.375485972916473 -1.45483900630684 0.240809228434877 0.245740768332518 0.196912139795488 -0.756513599108319 1 -482.990197106748
"1" 0.0604407524818339 -1.40835462214508 0.290734556061139 1.0623327970341 0.479290730649623 2.55414011782656 -1.31803748057108 -1.54791784142316 4.87396717981674 0.931335274230064 -0.357041262084081 -1.15992969666245 0.207283723357113 0.439853126431689 0.191757133575924 -0.772732869997217 1 -451.550106505461
"1" -2.08058426138609 -1.98611824197218 0.58788104920154 1.40523713597932 3.15155477560203 4.12432413925653 -0.0362041621095164 -0.622738843140086 -0.369761838697221 -0.222664899994467 0.14331316953704 -0.683271556009791 0.318647836428824 0.335253001146418 -0.444139811257686 0.201281657626949 1 132.126043142383
"1" -0.65910450296647 -1.6133530476322 -0.00579647664525447 1.59912027210182 3.65815615664777 4.86502764065959 -4.94533896540735 -3.53083886126618 2.39829343838656 -1.94262970741791 -0.472501937733585 2.71563372785699 0.228846620189528 -0.330846898107822 0.350055411510557 0.31173729260496 1 152.134755356345
"1" 0.160833380645858 -1.15075447969059 0.276878836690918 2.22637211604164 0.272193543676927 4.14947148318992 -4.21059415065737 -2.70306949449679 5.1435097854015 -1.00428468569518 0.729185728553243 0.256188195706616 0.325223684459789 0.359355253670072 -0.129718357787115 0.666664008299236 1 -412.262361118377
"1" -1.00967848601088 -1.60238138055819 0.561817961688932 1.1630568812009 0.937763608003791 3.98479565556932 -3.82722845313364 -1.52731181395019 4.54849443115654 -1.9156935539073 -0.655933056788104 1.47525074960909 0.168749301314118 -0.269955506235087 0.871475669008097 0.43953413178989 1 -48.3290951619947
"1" 0.577541999819011 -1.46132869592099 0.512440277670878 1.56219973449845 0.369767050330716 4.19631763811954 0.164411841139189 -0.941460040141081 4.16442275123648 -0.63763846294121 -0.246627250764185 0.58935704356046 0.243386674138064 0.232055460482808 -0.190671542062319 0.325231555296826 1 -253.398095099155
"1" -1.92181955227413 0.500929702958552 1.17337534907572 0.147723366623501 3.99017430413013 0.25060231296612 -0.441541593571648 -1.03066425025389 -1.32463040081381 5.33724667655868 -0.25455041337119 0.201656354048934 0.0919832903697827 0.17370178355641 -1.07303927526835 0.0402284285173277 1 -588.900775158081
"1" -1.42238233280958 -1.30282339460693 0.775602529470779 1.45545576677439 3.60999334176615 4.36124309488068 -3.46158255120508 -3.41468188336962 -0.842485098208312 -2.25792875579544 0.252811324331247 1.65348536880607 0.219549263973752 -0.117527581734535 0.239759708036394 0.223079400587948 1 210.023708339
"1" -0.167705268295258 -1.5736117874964 0.334626096533537 0.897619754017854 0.272206235447667 4.00040765927516 -2.62966915192366 -2.36829824038703 4.9525263699364 -1.50943326749808 -0.468072397292557 0.481414776763785 0.121191420764648 0.209576199778217 0.662942778851541 0.17068067179326 1 -355.038563672433
"1" -1.02377781901651 0.703442200686167 0.757140075915386 0.232837839824822 3.06634412517934 0.24545868396844 -1.9777988724303 -3.36787240113412 -1.0913632751965 5.05654565637475 0.458503482364088 1.0226651878008 0.129288547385048 0.0954983326443663 0.693694353604195 -0.0649436071230439 1 -456.861795754188
"1" -0.316300377429447 0.708086574512129 1.57854565155215 0.241886080838876 2.56116832933453 2.0112309862586 -0.466022441715355 -1.71475942718617 -0.567530805056366 3.43730817423426 0.0791675857987107 0.401053775929415 0.441204194203025 0.199908659531871 -0.952356703431192 0.497167314376334 1 141.757927279001
"1" -4.81122807382276 -1.0461350528712 2.12461178918102 0.935360150222057 4.5171329947969 3.69250901487342 2.81686096020268 -2.46092391529917 -1.84231808285036 -1.53252331188802 -0.0143461145686806 -0.327986793345323 -0.0670826442873789 -0.235414977883733 1.91762382830799 0.0554721866330501 1 180.120624136423
"1" -1.99442102515758 -0.396793719770794 1.02133155706696 0.204763363053219 4.56064968310085 0.213286227716978 -1.12757189965879 -2.67907384635503 -1.85291953111863 5.59152715255645 -0.470833162813889 0.472117517294659 -0.0345409246112751 0.268650096040843 -0.975075626264814 -0.314300277027893 1 -589.608898326993
"1" 0.353999583637946 -1.02594736418904 0.321488294088683 0.498689750889557 0.342775525308124 3.68661655463272 -1.02787703467931 -2.41552853971512 4.79497878082562 -0.899407331916562 -0.244026018582451 -1.06774867767446 0.123436449422262 0.27845541590046 0.282860839709654 -0.24738322426077 1 -410.90975355581
"1" -2.87591868205103 -1.02958430683533 0.0749829487487379 1.30363601150664 3.10082996900859 4.14024162096982 -0.255970296919469 -0.829420766591174 -0.253811140448626 -0.460969344245546 0.143860348105642 -0.759445164835234 0.30458435004978 0.371661067134323 -0.325792802190966 0.199635116482895 1 175.615980979252
"1" -3.05322277383797 -3.61761729066912 1.6156973949772 2.35110842695029 5.06081255741163 4.264359645958 0.229121396681806 1.49955437424803 -1.96598069589454 -0.232067140872023 -0.667585527944945 0.290493521133298 0.30784603004261 0.23480881494008 -1.07410826844296 0.194647547869637 1 116.412917921853
"1" -1.60139833400418 -1.01882556893063 1.70683955469453 1.5363706774397 3.92478136073284 4.25752749736773 -3.19629102530262 -6.67023704072938 -2.21873147174574 -3.1361203616327 -0.915160006433776 0.290428369803229 -0.428294860335826 0.314450796505474 0.281976800216046 0.457798817864719 1 221.958965178101
"1" -0.400196583239157 -1.39953056311778 -0.129909017262717 0.881886449746238 2.64760484200136 4.13944786969666 -0.4647820260547 -0.948851660704019 1.37473611535198 -0.528038532795333 0.0208554904551347 -1.06065406291052 0.255624413615976 0.3788595433187 -0.184915445743647 0.199447703052703 1 178.939509180434
"1" -2.03241041265464 -0.0984834453737752 1.43909344181978 0.262589489706161 4.1863594169881 0.269548965051479 -0.800588075670991 -3.72088192990879 -1.6452749610046 5.21306816555198 -0.52302571239319 0.897182700460057 -0.851596897093213 0.2470854026736 1.77485390214809 -0.023048034087529 1 -457.59492259354
"1" -0.168570912825686 0.610949371904555 -0.10449804492348 0.288991888541388 2.62733345174383 1.8695666400432 -1.4986188946415 -2.38662739509854 0.598272701439073 3.59717082421213 0.331223005093392 0.0105048816527384 0.589979288657831 0.22882439805617 -0.595250702001866 -0.643530411528318 1 95.6450978481207
"1" -1.27301332882397 0.122501412863673 1.4871679729894 0.31117742249944 3.7508384897735 0.302538379115536 -2.58088792973519 -3.52017987646158 -1.52263082996296 5.04744104861891 -0.0953692957248702 0.548356563781234 0.123314939576394 0.207561094627583 1.4096974493222 0.25269930100176 1 -430.137471965369
"1" -1.27573154435235 -0.155024366241045 0.853791235321664 0.325093064486051 3.60659580302928 0.32214184852173 -1.44011191488906 -3.24712240786458 -1.5983554079965 5.10691618483052 0.0296240941642119 0.545995397413709 0.208871977227284 0.256918809625209 0.645196134207207 0.205261050047952 1 -414.313824472283
"1" -13.7413508757611 -1.00008388667172 0.98104999430667 1.68599964064366 5.28339876072517 4.30658438586335 8.85268998785599 -2.31864504980643 -1.65609163779931 -1.67220806645532 -0.549309579856893 1.4515039221929 -0.106000544469621 -0.918591693146318 0.0933295648282111 0.19878918579216 1 191.66602996598
"1" -2.34297688908492 -0.0163409653649843 0.834043498446275 0.0417980676898204 3.02504051192684 3.09527620108451 -0.0153639499363619 -2.80806116236984 -1.11631735608098 3.15348229730687 -0.509043882051652 0.516708593336144 -0.0607778312553702 0.207699105855806 1.31200971429329 0.200780026265835 1 121.641682443225
"1" -1.54571122020228 -1.19160374324936 1.47365621333971 2.20171806150095 2.92052889068798 4.4864271925647 -2.00093733430433 -3.0820759177555 -0.576143262021322 -1.3853425678357 0.127909399988249 1.44179628294392 0.286715968013565 -0.0502610006455925 -0.54617000797635 0.00710793528888344 1 214.156625062978
"1" -12.8778443125101 -1.52107262453304 1.81377830636672 1.83469262306119 6.71050535268193 4.17254379933628 8.74940845035741 -2.58360430972829 -1.64664740958112 -1.76927316330932 -1.11730176213628 1.78609779546274 -0.160467760748922 -0.664256349218272 0.826374809405399 0.173209497787722 1 139.608100539695
"1" -4.6245557902632 -1.12015352470878 0.650863140519729 1.33421620312438 3.49622772240394 3.7404620748233 3.06195109126485 -2.47814432675103 -1.36616651870019 -1.45949905936339 -0.946706700157331 0.733147962571789 -0.0989665283413813 0.0550488402947763 0.456013502622848 0.21470536651936 1 192.969026232886
"1" -0.0597818561733594 -1.21393229206641 0.263448533323145 1.30204757190069 0.263874767752522 3.46763038421065 -1.91335077658082 -2.82695569248809 5.28025798039744 -1.49111596385394 -0.486867555931967 -0.193559431913076 0.156935348329256 0.332625284216551 0.335472578368549 0.236641263176627 1 -491.420821344422
"1" -2.02882705303724 0.686691842920003 0.849218119117879 0.30603837761469 2.69332985965065 0.30709996200777 -0.128904604451112 -2.90995295471575 -0.4139071879774 4.68343133702688 -0.246479797349925 0.756671834926223 0.557934942853214 0.188648839284445 -0.142131920982623 -0.225446515642485 1 -383.796131828107
"1" -2.18410228106842 -1.29341022466165 1.10282771562124 1.38325837274398 4.40170700212158 3.3523340008469 -0.267390342623398 -1.73333229066445 -1.66887215761595 -1.4117774392811 -0.792071264213146 0.328700210885544 0.192279220399222 0.186694380808093 0.602418670137387 0.186924311287862 1 199.204916736688
"1" 0.470086723151507 0.44515662393466 -0.0628405599916391 -0.0678020538718167 2.9811048311378 2.86354330000626 -1.60019140332189 -1.69702358830442 1.72595856177783 2.05619962615118 0.646054202994277 -0.6318193797797 0.143193829805949 0.332159210070926 0.449495175657399 -0.0183154472959521 1 217.217081901435
"1" -1.69872903626661 0.230986688051212 0.864270686331095 0.376847084693058 2.51112990557152 0.343695843235463 -0.22539976022106 0.305784147766842 -0.320366998089644 4.40988840073315 -0.16146417743055 0.0661648658167371 0.32155152484765 0.179288694171845 -1.71833215910614 -0.466441448624388 1 -223.817502430151
"1" -1.7427663656696 -1.53762463987081 0.561849311968663 0.988600260112719 4.06050856624028 3.30423592932563 -2.34026760272147 -2.30021684290823 -0.607388832292291 -0.703954478341579 -0.144311732127159 1.37708714920048 -0.127521785947212 0.0215752151614341 1.68891005914123 0.189569572868821 1 179.74673777745
"1" -2.31079745543823 -0.0222279386282182 1.20940510755712 0.266805668430415 3.4458457005114 0.307314564854961 -0.270994094611115 -0.0740384625119515 -0.909090001612323 5.04836798686765 -0.0861793760405062 -0.0747909884235376 0.160871941613625 0.260519467442673 -1.46568300058816 0.16741372889819 1 -494.402078621692
"1" -1.15901670296535 -1.63366657921301 0.252493858172915 0.811070026474279 2.84813802888383 3.02694298561756 -2.3455121546876 -1.86239835856571 1.37892405778236 -0.671421287788463 -0.274385842847938 1.42783440946517 0.0824810472910063 0.0915855490160827 1.00655811635143 0.184745812719319 1 172.146729345133
"1" -0.0572061024099284 -0.980418525296468 0.46753667858487 0.679966732294365 1.36200270947356 3.26546829893584 -2.49793083691243 -2.74789362659371 4.01625717958605 -1.02654096718544 0.0431079067868604 0.288574133015711 -0.230542777570622 0.195735511937229 1.53962587822848 -0.192709667761333 1 27.6205540027968
"1" 0.0358662740474316 -1.71662552097652 0.30104259186606 2.02524246336305 0.308265302155461 3.90448538465632 -1.67652004461059 -1.57560216559712 4.97361232066554 -0.688705135141957 -0.455516997509424 -1.08382839954771 0.218764771867863 0.323458794062455 0.0425395960743214 0.381937625118847 1 -477.117258986487
"1" -7.9653639276437 -1.91933658209775 1.40102420626853 1.79956562146412 4.31282707325815 5.37700782846764 4.95610776178567 -1.89472679974045 -1.58035833950098 -1.74186421226954 -1.26663082247879 0.464449249492749 0.0552203751639267 0.100214787085938 0.0363541206072383 0.218269275978973 1 126.68443645886
"1" -1.90234490277583 -1.0788779394357 1.97918718202085 0.266025594261124 4.47911802643608 3.30531965499205 -0.72835864696918 -1.65877432465722 -1.5827688855601 0.221538852052011 0.504748679661259 0.0720953361316933 0.854573628123738 0.595331073151485 0.308701950706959 0.735438757768077 1 194.568050759566
"1" -1.6819903478107 0.384267575576731 1.09737437374387 0.195692141821162 4.40733910776267 0.245818435520387 -0.478386172676361 -1.39454330600138 -1.49037352740845 5.26759549817893 -0.06229161199646 -0.0029731771815341 0.614136650534924 0.267590206715937 -1.28911080710009 -0.227653707266416 1 -581.862979747586
"1" 0.902013717248312 -1.48966915024706 0.288860882469229 1.30507761227956 0.290547352748218 3.63960370914892 -2.82968555156383 -1.95136435205991 4.68872542506538 -1.03580584668949 0.4873628598622 -0.0820123295355736 0.198014421720735 0.212667706707669 0.103717642376941 0.0510903110871322 1 -390.894751198439
"1" -0.619344972949187 -1.59192033930556 0.487492928751339 1.29351702353106 1.29475782283087 3.58446791313302 -1.60918314655123 -2.15900769968021 4.35176663982282 -1.37700933497591 -0.598289121178954 -0.678997393988513 0.204273394539145 0.186831995015872 0.58926489902355 0.262972366573238 1 -33.9444930797981
"1" -1.46022389329433 -1.45807605268251 0.735687327885336 2.10337722271999 3.3046775699889 5.9662281138236 -3.08864597803687 -3.25774038604014 0.167978882089821 -1.78557506672743 -0.115555693580566 2.0618761536241 0.336617530296744 -0.358334674450436 -0.0246377880164714 0.230697584627746 1 190.902326563077
"1" -3.24500918466069 -1.04110060423129 1.11282349490456 0.721236622572027 4.13326145630585 3.83806269203243 1.31474696374106 -2.57865100124971 -1.59019141867182 -1.34264773073263 -0.784332329446184 0.40680343129912 -0.0282836365996787 0.194314048713093 0.801269081174227 0.125743468216618 1 201.272353091821
"1" -1.75713733986408 -0.314894893658403 0.800771352143034 0.0111444524751438 3.50654929158434 3.1091258183833 -1.00762449245569 -1.73904197840208 -1.09690490682907 3.38298358736471 0.878597215568063 0.401726927665512 0.329733546888042 -0.257321711552118 -0.28428326039797 0.297018800865592 1 92.4261088074909
"1" -1.40966635515222 -0.966021276957785 1.47611539468165 1.23404772420151 3.79769555150332 3.44852062172409 -3.49436709004831 -4.61736041082451 -2.30222065903059 -2.99105525822165 0.415107252777744 0.36875148855006 -0.260215227615405 0.391812035112952 1.06976822543606 0.156077878371671 1 236.929696833531
"1" -2.56448276288521 -1.86542816899589 0.256356880057263 2.23730024337659 3.75667073716527 4.08052144643562 -0.175824747303306 -1.75938852153594 -0.769363877097302 -0.72375475126686 -0.656604498998758 0.765822975274403 0.148669265932387 0.253228773827815 -0.00445210131265465 0.278454787281714 1 142.498782753348
"1" -1.83168636365414 -1.74641909931417 0.700070598207873 1.22876688818994 3.14950565502391 4.16967832742661 0.0207794109124918 -0.567860784543466 -0.396238728379357 -0.196470396273219 0.106804757327984 -0.641486215832745 0.337235374357633 0.328701641510592 -0.522506458934628 0.201842618106503 1 185.600508156615
"1" 0.672267962977068 -0.832671342639977 0.224298331153404 0.422222545049613 0.258980810443777 4.12665710336232 -1.46693783433337 -1.7028806361762 5.07230548809471 -0.971789179992944 -0.0781207365428196 -1.04363163876266 0.216513085140858 0.452989858401183 0.204287875343182 -0.257100720146267 1 -526.635765936089
"1" -15.1267047426911 -1.36545429778852 0.659966674270242 1.3445123695959 3.90755605635004 3.82865979461025 9.68174146075198 -2.35454131968504 0.108654943932494 -1.7720842760805 -0.530399527243666 0.773308852432342 -0.203131742509657 0.109539174108714 0.29715008995088 0.205719422787739 1 165.003498036966
"1" -8.87026106289644 -1.25886562215313 0.831335616314144 1.61748354818794 3.59591490321592 5.96902136088954 6.40570407989258 -2.60172648433873 -1.01033829250989 -2.00624709784607 -1.91073380640942 0.898436304287152 -0.422792542084307 -0.771443263104834 0.698428077505221 0.161818881151444 1 172.181212372707
"1" -2.12797415915604 0.469246281630346 1.46237851750642 0.186508451096659 4.20926788374166 0.223597928840122 -0.0317878551936368 -3.42797271778779 -1.6945272978979 5.29919161644661 -0.422257775944164 0.696651206748329 -0.143433172575322 0.226910746755326 0.507985536989933 -0.211115874555874 1 -588.691576158917
"1" -1.93922892841467 0.0860825308479012 1.28645857663615 0.181754454158 3.4886256372202 0.212480362214141 -0.35315036738651 -2.65580144035841 -1.4488900584988 5.52657004664092 -0.201182361434467 0.442038407911036 0.295104299289641 0.172613118980649 -0.885823899662396 0.163900013618934 1 -609.946722189066
