"1" -2.0331030108868 -1.80786585576274 1.13172543644681 1.26929926461397 3.28701059070726 3.63796803984127 -1.15413494059042 -1.84229167108224 -1.25413927778469 -1.06093126312094 -0.608520247871258 0.696425276599755 0.277188145540744 0.157074878205648 0.450588438652203 0.175505333127624 1 162.93394694221
"1" 0.0799346605350115 -1.47553260094308 -0.179612563159495 1.94902579456652 3.50048067282644 4.36835231284069 -0.586643371567294 -0.54156744287009 2.74880794118576 -0.406066617504748 -0.329499218618731 -1.61078061234423 0.141698966251989 0.478205747804422 0.542565324668257 0.248907185078585 1 131.561371503614
"1" -0.516206817385197 -0.732909623722302 -0.0512035642961703 1.82139664744271 2.99306576167919 4.02553601521151 -0.39181095481837 -1.85150337444267 1.92055855323573 -0.610822651210572 -0.20654607405916 -1.42424168881206 0.214193575730038 0.469083199412932 0.0374343792241463 0.198832406646656 1 190.533886382658
"1" -11.7613985922542 -1.58351423628463 2.77736803261531 1.54130722690311 7.68392420760044 3.97417785909389 7.25901814056849 -2.60509090366674 -3.3514629901043 -1.47851496546884 -0.388910018541139 -0.729572626923002 -0.0109688952905392 -0.375419336545652 0.347874912896213 0.21190046436628 1 139.905459164578
"1" -4.96941430988416 -1.48954803602591 0.467173020758083 1.11364780685796 4.6134511966582 3.14834743486824 2.2464720953694 -1.94219215034226 -1.44642408688875 -0.410344804766609 1.15169636064922 1.26232960477171 0.0111684164082206 0.897583004111903 0.524349287621461 0.347314014291371 1 143.834561928625
"1" -2.31787741644032 -1.30880483851326 1.00614327129159 0.885334958194366 3.80690315509308 3.56563881581278 -0.460777032102717 -1.17958991983699 -1.00649391714559 -0.0959444670236961 0.367846412701394 -0.212494262227434 -0.457402495201513 0.594021178625164 0.106918113323818 -0.380173061527741 1 184.316349990786
"1" -1.45790210672151 -1.42814646983891 -0.175668523532205 1.4550236022587 3.86929125429585 3.35115167087847 -1.65344123285821 -1.72980822607511 1.3836826186017 -0.565847064155817 0.887823115079078 -0.613065779351883 -0.328551631292282 0.00449817632232311 0.46771575515006 0.723741217186165 1 167.878741924014
"1" -0.0945177280095968 -0.677445432948585 0.421268101607223 0.62193856577629 1.70427822840778 4.6259797090584 0.826069093234852 -1.25667150182487 3.44147234488254 -0.969422736974069 -0.0495333688458597 -1.91372982427521 0.119223819215526 0.294699680589944 -0.15217434407474 -0.142194792766004 1 93.3546358709282
"1" -0.79244518789249 -0.489630135709243 0.566832825694047 0.388326240153317 3.23925003790164 1.98548258611235 -0.620349357812776 -0.685752180895582 -0.787026492516343 3.63734694197795 -0.0123757044900726 0.0722752151244788 -0.0196266242188071 0.179006316124251 -1.71180321508277 -0.438695945838236 1 131.251205390115
"1" -0.912013408110068 -1.40296806481656 -0.0666497836754334 1.6000670506984 4.1970804559076 3.51993721532631 -1.08750715670583 -2.94029048533576 2.52626412066383 -1.70557578106707 -0.881089488929288 -0.233573550030978 0.309296103182162 0.175523407488473 0.443939341841551 0.290087243095013 1 157.151711514844
"1" -3.58050867118908 -2.04467309807706 1.15059294480826 0.764055070093042 5.1669061430549 4.57430168409846 1.39167976387669 -1.87253482334902 -1.93177200452578 -1.40823391381683 -0.963917586058209 0.408963722442133 0.280127455102566 0.227224445942219 0.208763447630043 0.206626359606636 1 128.015950877403
"1" -2.55784809715621 -1.21945342702927 0.46665034514634 1.31026937603251 4.09620068924723 4.04787560778013 0.262845847200348 -2.68929840262654 -1.50399552263876 -1.71795610007328 -0.809063542104589 0.66763038714542 0.0888751776014938 0.199972565814492 0.28256558426564 0.248130485743133 1 191.110120656007
"1" -0.0772337256104044 -0.939218639529928 0.0428923852857886 1.14274124710197 3.08928659027265 3.60997964805364 -1.60584779446615 -1.94068382692031 3.04324576133948 -0.890362409101842 0.0707619486268346 -1.08604059291903 0.116193807829496 0.333821565623554 0.37947273525315 0.183585081855314 1 153.958210984479
"1" 0.0396700901183445 -1.7243417535832 0.258322126758059 1.50722092229099 2.57652777816244 3.55177192312819 -0.693673205166455 -0.781514655408152 2.9331049548132 -0.148877739730576 -0.0894818228901172 -1.28500586483543 0.221165891761637 0.363057649013448 -0.0874292486230982 0.179698555178787 1 96.0371727373595
"1" -1.81561488012201 0.435519646899822 0.681599270031322 0.127460525770148 3.28507448333721 3.01914109916682 -0.315232494313774 -1.47307795583989 -0.695716807348189 2.6375896140603 -0.260397010502197 -0.0984841215134219 0.125965243062869 0.166646889626339 -0.427019667705142 0.0980933852539212 1 160.192896501515
"1" -2.27159012552052 -1.95616742243316 0.407687076598808 1.32851437192312 3.85727327407363 4.57978720435988 -0.89215949318951 -1.70509856379834 -0.917694023360717 -1.45813492296312 -0.636358829179513 0.794482790518593 0.293452795895823 0.146811210902361 0.237629043781898 0.143122696413418 1 142.710595465664
"1" -1.31486146971902 -0.20371976588331 1.3138028628028 0.58275379566937 2.94530932473917 1.70062504406289 -1.99773333411592 -2.37216600732048 -1.18176226413824 3.36783488970484 0.0636332199669317 0.482964636214095 0.274938518483464 0.130309687267804 0.334555250016645 0.0520819515953481 1 147.569560647499
"1" -0.615152308253555 -1.5618242192478 0.496771303184816 1.56293369766903 2.14798887907764 4.68336033227454 -4.36282000742695 -2.57792372794872 3.45866270685271 -1.61083648506037 -0.523214168350285 1.1101930561958 0.191215412472414 -0.146290138766233 0.0405980204279299 0.151185858364904 1 91.5064607576728
"1" -1.30528151602083 -1.12047906062469 0.528350907453479 1.02821005091925 2.77975452891575 3.06961049388342 -1.28764633224611 -1.58473690251137 -0.478955926774102 -0.156063883197184 0.726590786179547 0.338383170352647 -0.175566052781036 -0.114141127644376 0.313572690549732 0.477064392023126 1 221.962624204768
"1" -12.9746264095309 -1.34164400843195 0.523014372241307 1.35828086619163 5.57055023458543 4.69876100110911 8.44162656393702 -1.83733936935919 -2.03124596885989 -1.80496520771751 -0.37431460869079 1.79589889487313 0.0697777693748063 -0.74441612293668 -0.409651783458738 0.118911269684373 1 163.016801124204
"1" -1.63356969179623 -1.36486688656855 0.106314093042984 2.25280917143558 3.14276133597972 5.03925080700931 -2.24749828340385 -3.62125717969261 4.0956932263226 -1.15605391248388 -1.08386668564186 -0.997749532810492 0.0726751844940771 0.316263572294538 -0.138908989796738 0.43566714977972 1 112.553248463749
"1" -1.32772466424709 -0.325602360195808 0.0986573053296274 0.300053934147144 3.08850085446619 1.98627750328874 -0.966750405957255 -1.13262551961347 -0.295173976559455 3.39674593296184 -0.0653595760620434 0.0885190829975956 0.323783056367962 0.217141719755289 -0.918754463089235 -0.0974290723119983 1 77.075883801177
"1" -0.221724951452779 -1.47011343644487 0.272580570686307 0.701752710131544 0.246021392001202 3.79780525679476 -0.0371152970813254 -0.392317416658741 4.19643109745034 -0.549737542004787 -0.741048093399079 -1.01413001646737 0.145184065385617 0.293450717404046 0.410551921227983 0.162427242698128 1 -50.406718310564
"1" -0.242575870426505 -0.659199694935408 0.123645842032083 0.259320206667648 3.12030044281181 3.33106993544041 -1.76646568661777 -2.77759843587021 3.06951256242142 0.544832006385619 0.0196571393231096 -0.829434419873704 -0.11295983953272 0.229062499228864 1.13744499059024 -0.122560327015964 1 148.744701837773
"1" -1.75483915015687 0.112374562536334 0.603395618210227 0.358077174652967 3.1291726581907 0.354682009536226 -0.677437378934721 -0.323796997131186 -0.799108383005641 3.7765210024168 -0.239068159974921 -0.2339008086576 0.598843132293109 0.225594655024593 -1.28954060781574 -0.0474514364296611 1 -2.39179695943449
"1" 0.183549712329663 -0.460333394917217 0.352521306518812 0.118913548259332 1.97513949814683 2.86183807731336 -0.448974892675144 -1.6269605506571 3.326656349991 0.0360100254102508 -0.140567371460231 -1.58893988700766 0.039049803991294 0.421874785155547 0.461691139981862 -0.169409622868945 1 92.779745096756
"1" -0.445080010785912 -1.49908390487301 0.223400030995465 1.88759475535061 2.6237519579489 4.28031534591071 -1.44235597243257 -1.37743689527579 3.23848195233104 -1.04006171787685 -0.128566117249871 -1.28752304861944 0.28718719949538 -0.318324189248995 0.0608425688103101 -0.00155936398315131 1 136.084232029772
"1" -2.49270759394285 -1.65258483055773 0.978842509400462 1.21721660106197 3.61767380349856 3.80877269565847 -0.142598037280247 -2.19498662533275 -1.38371696548388 -1.33247529902581 -0.755634822047249 0.613071648880615 -0.00616058831349109 0.226808008432086 0.650535112496077 0.292182071519324 1 161.134189890816
"1" -1.36134560852673 -0.891457062470234 0.371206914725723 -0.0168991687367555 2.73773608813738 3.82141888088246 -2.67044296355946 -3.43649322753051 -0.797179033473973 3.32949059484895 -0.0677876187175898 0.972844465023952 0.0127424752705842 0.256458522712025 1.28642960743985 0.0169244501450409 1 129.692589719072
"1" -0.635133023027603 -1.2667004792116 0.456075064241545 1.42810801345331 2.14538419877738 4.58054470588332 -3.69438807456539 -3.53409678051948 3.61579466956132 -1.8309330131739 -0.24395410973831 1.40974965080062 -0.0515658073605782 -0.243649147610245 0.514754023798263 -0.156505481358876 1 136.054604308323
"1" -2.1274800064125 -0.0697654063290188 1.66776029924665 0.0293908445414119 4.48977157164189 3.1595089882149 0.376043488468091 -1.31154759695993 -1.32726916720285 2.86089229609259 -0.343465380836767 0.594632707003722 0.215419848672098 0.157900010652449 -1.12174022241808 0.296339309110116 1 135.54637015639
"1" -1.83716736139702 0.0826845456240796 1.38555727623111 0.150176169251062 4.17857357557106 3.13959012056425 -0.402762165953802 -2.12961910812323 -1.64016456220962 2.79223552947578 -0.154162486904289 0.210494639355052 0.183008508423911 0.210216220602696 -0.0958131809865278 0.15007988021863 1 155.363264469459
"1" -2.1870839082529 -0.266276583055614 1.20368778901435 0.0101480286168163 2.70219444890521 3.12393130948036 -0.326220684552862 -0.934427961099185 -0.486823187816563 3.01954958519857 -0.109315712245677 0.0579779149099101 0.362935211569272 0.172569716649285 -1.22022113486979 0.249834558432989 1 120.099863756137
"1" -2.14024155345997 -0.117913073373864 1.11021219578163 0.4702996098905 4.82484249510611 1.89626925176554 -0.482740856193109 -2.29977197224139 -1.82860830706375 3.18654715962346 -0.240248129156224 0.394543317971248 0.294503602883456 0.177408424680172 0.0953233913208845 0.0506319997333019 1 136.474677874209
"1" -1.65402364850286 -1.98531566991891 0.828094849937812 1.11542563448977 3.451008966191 3.77062427614069 -2.29141373653576 -1.45841114143499 -1.2315422678717 -1.20788378256546 -0.547876090980681 0.818534147012986 0.168590004842518 0.16580572611492 0.610511770865185 0.227370220969612 1 168.056358274414
"1" -2.96298385805198 -0.77435164807509 0.752433878398352 -0.151663203115663 3.83307429824802 4.43619415341769 0.998084739763662 -2.54994556189521 -1.43099476412999 2.91085016660685 -0.686656872255164 0.622377813350237 -0.107460905968754 0.185190409275656 0.972167417781583 0.216218988703631 1 133.89122698748
"1" -1.34079321722644 0.0390584626027434 0.973061318519951 -0.0540239416241566 2.89538959932881 3.37095836175241 -0.780887339846164 -1.4849815973773 -0.671573109114539 2.81146411199436 -0.199261261474695 0.171825671514438 0.212399142855449 0.169507481553795 -0.783088882357669 0.223220854402192 1 160.853711488585
"1" -2.80614867154427 -1.30723460799821 1.75900449208245 1.63748212142692 2.87992466350246 4.30627500654192 -0.150239881069156 -1.30492098901033 -0.627119245374341 -0.630772670644093 0.414988655432458 0.271249225115193 -0.894168469219677 0.116170633175689 0.12904228571098 0.353269227418694 1 173.598384007287
"1" -1.66921298420917 -1.33981164741511 1.75354459188493 1.82534167112509 4.11883729479144 4.21075243844643 -4.27851767664614 -6.7452299956866 -2.43111841674476 -2.93912667249781 -1.80624702647555 -0.0985069590940975 -0.358196252661774 0.388377144323359 0.237992374855506 0.227252245816881 1 195.674996126556
"1" -0.386051953558494 -1.89747616083588 -0.190620543882832 2.31189042201384 3.66152756420259 4.15203390146451 -0.724313073226814 -0.832822652651164 2.45465843698802 -0.761672328570149 -0.201124602326803 -1.45014393467601 0.190922605580028 0.454139157010834 0.0760917566355635 0.220611017401824 1 95.0570199611711
"1" -2.45389762527894 -1.32733048739118 0.806219963771562 0.911376529550244 3.51593623191224 3.57625145575186 0.807500864727424 -3.14867308773075 -1.23146933875897 -1.55827436583804 -1.11841871070075 0.294613940422849 -0.397048756763212 0.242076410459783 0.855767090952844 0.0662724439437206 1 206.961358167043
"1" -1.52429590789036 -6.95179083034171 1.26058106824394 -0.517462689732092 4.16435628960113 3.05868184992213 -2.96818846221538 5.06653243420577 -1.93038202628314 -0.327163836059618 -1.04999122993281 0.107905883021056 -0.654896029523757 0.0111965442765303 1.91991748729665 -0.00380515111034343 1 171.944907116111
"1" -5.71001538002999 -1.42984573965307 0.684525170898005 0.947688100755834 4.32162938161946 4.05681598068321 3.50369582620497 -2.10441647204312 -1.52416446504523 -1.37614716890764 -1.08262807947364 0.382881465086458 0.0271358896770906 0.279535470051295 0.12264517282022 0.133274351185442 1 166.201727527234
"1" -1.35398606609098 -0.239298039768476 -0.13787038875219 0.345210181292513 3.0957374747898 0.356646384503846 -0.645670335785671 -0.21692229476723 -0.536474504927035 4.01624647245658 -0.36269759137864 0.158553416808436 0.840897621740104 0.153876280176215 -1.5537987871522 -0.0231227116458123 1 -84.5030034261817
"1" 0.0904845263184631 -0.695330843462443 -0.202076542787081 1.98253399877668 2.70244294232254 4.40999387286398 -0.883791599152834 -1.38364937660079 1.57490013604437 -0.843136924248648 0.219416402849145 -0.918217066109779 0.249051673183902 0.335680222370633 -0.120074014963675 0.198638473395603 1 221.026502052591
"1" -1.60277982984855 -0.920794253837744 1.04357805930836 1.12192407072832 3.82344447967151 3.06712741099182 -1.8337113725116 -3.50026888270434 -1.61679685731193 -1.87999583546224 -0.364071898331148 0.87553219196607 -0.583033898870637 0.0554674635078447 1.15444102489695 0.175417697195558 1 233.333823523648
"1" -1.0297278379022 -2.54424611603691 -0.315475421305176 1.48353687540702 4.31907792923032 4.70302611052787 -2.2676281897096 -0.611523211007099 3.24259214853518 -1.37279932039994 -1.29130238977131 0.0754883751379258 0.30812063579843 0.182503363341289 -0.0731697573652709 0.348638018325355 1 78.1534785612248
"1" -1.67596680020193 -1.63287825461664 -0.170418604505261 1.62943514032867 2.93807029905502 3.69653979634051 -0.676998320408026 -1.08555137689232 0.208262577040943 -0.236407993882426 0.388518843118955 -0.240559539772223 -0.60023282367606 0.506677712642364 0.045692363642629 -0.343310836669046 1 162.155706688141
"1" -0.273141850165764 -0.627894652384325 0.155322712201392 0.393286163743441 2.91435638022532 2.52042866356209 -3.91047094023128 -2.98191650923767 3.21120570552269 -3.94930672452482 0.0318686108738957 0.665673212113114 -0.0382243355500872 0.183642030428065 -0.301132212668213 -0.0830843191991622 1 175.374107204173
"1" -3.66011391851177 -1.15686609292089 0.269778234976387 0.862476936156479 4.04772206632102 3.85166817497671 1.92673588449486 -3.9010804914568 -1.4424645747897 -1.95886734108039 -1.15218185453447 0.988503961174913 -0.499840136621311 -0.326627743635703 1.38310044821353 0.167768401018028 1 195.507982875813
"1" -0.121265379512877 -0.836591150711492 0.392801768891789 0.685934419279499 2.15454951365272 3.65456644351414 -1.55150285130756 -2.13422136964653 3.29035648896577 -1.0562834288237 0.0041973062098122 -0.73651496518062 0.0636362220096303 0.24087219272338 0.544717889564989 -0.041216983426034 1 125.524482565698
"1" -2.12200190685302 -1.81127787511602 0.890613017401323 1.48818294389316 2.96192061154889 4.07490733735775 -0.0692542790478546 -0.593402626315424 -0.318664831147237 -0.196938775172515 0.166273664059893 -0.564216962321355 0.338039605267794 0.36679096987855 -0.419493394746013 0.247660781345667 1 140.282752628201
"1" -1.7088254992198 -1.68448487365042 1.02246193523611 2.60671029318223 3.12481857614878 6.06523964315745 -2.35824390616457 -2.29064147220909 -1.10540802211339 -2.00688260936251 -0.555278291432466 1.09422971989954 0.372552029513204 0.0580768620981377 0.00868460077504255 0.14862987483721 1 173.609201037179
"1" -1.533733051011 0.0552191051594205 0.48246725863462 0.161494678770394 3.5595549261514 3.03097853179165 -1.19494608941036 -2.61380609405385 -1.19350289843379 2.8404924275652 0.0186426612787299 0.645446036562225 0.079959717882714 0.114656153056877 0.325415960331809 0.0307392910236865 1 158.950638628348
"1" -0.371386208875039 -1.16013058768158 0.00176016255371878 1.05830287150706 3.63400742818475 3.37599844007017 -3.32344740234889 -3.07509429726077 2.9728124907658 -1.69664106313707 -0.169382091156881 1.46821301432116 -0.179740838487524 0.105169713246949 1.15325985972437 0.0846631665206719 1 157.840335861944
"1" 0.165830036839963 -0.595826289382556 0.127900614598858 0.377212100227624 2.748795570689 3.46087891497394 -1.58539311383877 -1.84791239405642 2.20184556634085 -0.253900328647396 0.420936408352811 -0.634648724666818 -0.222354853220412 0.355058765598504 0.508746939922584 0.0716406095212904 1 208.35481127107
"1" 0.0851454265343684 -0.917895023980496 0.129023500950922 1.42550351496945 2.12699175972454 3.87947181214115 -0.805799304066688 -1.23145962895823 2.02029575066522 -0.622388730552407 0.15921567545076 -1.07710284830402 0.196679084425024 0.351256321728615 -0.11572021999081 0.157762939903958 1 213.110196022953
"1" -1.71574900230557 -1.56692085425455 2.27312007237882 1.58399015460988 5.30881238537819 4.16843601443515 -4.37879010167676 -5.16928050995726 -2.44526041214483 -2.77061210056669 -1.65178208543513 -0.539025355771043 -0.680041679866556 0.338398534759715 0.465247486763814 -0.191444093385262 1 177.841278177215
"1" -1.79561642307434 -0.821598829065127 2.6543943797887 0.13160645429064 6.80220934379768 3.25227675601195 -1.40857208655686 -2.32937471247239 -3.33782628375265 3.34457926034565 0.0540807756023641 2.43693268142019 0.107993839703401 -0.116910127247687 -0.277445784850534 0.189180102088204 1 68.4211858195367
"1" -0.319768040781926 -0.755554956605449 -0.209040228499314 1.16727111499945 3.86902751315917 4.68301494685004 -1.53726250210636 -2.71537589955857 2.51741109410241 -1.41190912219372 -0.217786698553323 -1.28137092047576 0.299554804494506 0.317887731928704 -0.259786021199041 0.196264788674543 1 168.166598492537
"1" -0.602730918042605 -0.423527892985618 0.317780962400579 0.774148916276986 1.66034062730073 3.00467428979386 1.68961443222992 -1.00760014466776 3.80710463463472 -1.86848551332891 -0.491089513535082 -2.07225113341068 0.223191042900415 0.268723202520867 -0.807721449593883 0.0228531802721949 1 44.4982545933071
"1" -0.847523374607499 -1.10780313291171 -0.314788219323895 0.685589953189178 4.57530072564415 4.52924529391552 -2.79348586525415 -1.91824375614597 3.42226026504075 -0.441283438085922 -0.220048765890072 0.109917771895545 -0.228850356653892 0.0944753425102434 1.53559886984613 0.0103148443055365 1 177.672673909448
"1" -2.0377520054474 -1.42508208482297 0.689194823018672 2.02900096735754 2.92611354006939 6.85660581512429 -0.957095269908695 -2.21203290289652 -0.499268547795946 -2.04041821115601 -0.555353235280389 0.760888403806961 0.267695919998588 0.342582308697058 -0.330563598938871 0.121420486426912 1 176.111632313251
"1" -1.99425022034643 -1.62953982010371 0.93458032258187 1.95267040815874 4.09864703238046 4.60621941273185 -1.41023609585264 -2.53782466558974 -1.72873377508552 -1.6015994050443 -0.898546575601574 0.58923343224455 0.253967355703405 0.198763449510473 0.0357408319021724 0.197024693349311 1 169.462824994684
"1" -0.188627215105831 -0.836499299051133 -0.032292957774578 0.90577882089255 3.69535733877122 3.98347107991035 -2.69826296669565 -2.15928405351879 2.97668412331888 -1.30570262540158 0.382969340620279 -0.706457343069065 0.226685566671572 0.329185829834478 0.331569391858799 0.0131490390033377 1 166.464804032603
"1" -1.56958584000934 -0.836101349778159 1.06595740329703 1.24370357189761 3.67030866283216 3.91298436397425 -0.546859214066749 -1.11852196125265 -1.04974748037723 0.0397521754088246 0.367756325887335 -0.0863740276410521 -0.57542982907957 0.0968678940467971 0.656120298757276 0.450206132463772 1 249.363373916142
"1" -1.92003942025571 -0.843538033800383 1.46381605468973 0.0287602515194678 4.06293672402012 3.31525955566445 -0.225958925076607 -1.58433267873252 -1.15432837500463 3.32222743187097 -0.615758668455201 0.797930696124086 0.0755120782854413 0.227307671535521 -0.249613340619449 0.132929184711267 1 101.247143531444
"1" -1.67642303372887 -1.25982365113826 1.31357704168692 1.38778467905544 5.5315271743456 3.35559527709561 -2.89558855261359 -4.75370017219158 -2.37980201737989 -3.0542804263717 -0.608534725310723 0.421763691125135 0.100742071893778 0.188132233459274 0.721575412323098 -0.0381077235152023 1 202.032471086361
"1" 0.0042118287314811 -0.628475773555993 0.346683725783659 0.723860080878695 2.1415823947676 3.66909334932238 -1.54234040047084 -1.91585369666949 3.25209519162695 -0.818704293611463 0.120366752428993 -0.889979369716598 0.0426213884518296 0.278066626391487 0.630033696668813 -0.077307362654592 1 133.186490973855
"1" -2.02489485265019 -1.77535601637728 1.037644449917 1.31078089665126 3.94603681752039 3.08624506599429 -1.31994665830372 -2.0607219138356 -1.65479519133496 -0.783096706826636 -0.615364645049003 0.563324808185263 0.244715524392206 0.127881879776058 0.673256053976375 0.223121334925404 1 162.671855430101
"1" -6.68222947415257 -1.04405333648664 2.20207632597221 1.36059180325968 4.64334911199129 3.39855002110333 4.62411870713145 -2.83000263835876 -2.06574731958692 -2.20605910432292 -1.60855684833304 -0.0781666269178815 -0.368704856030698 -0.307734448396451 0.248774803789963 0.510148595351045 1 196.031249912425
"1" -2.13030331160686 -1.39445976145075 1.57352408057882 1.66609762486424 3.14380241729665 4.23486352871106 -0.204034579083049 -1.02331429199393 -0.57715221590682 -0.63339833855466 0.490788557382785 -0.0989572195034267 1.06054132739641 -0.0752291390651688 -0.194766759269455 -0.0926114663997096 1 195.004920414819
"1" -3.58993462552056 -1.5852201875267 1.23973983950427 1.0608847990409 5.34236169833857 3.19823500154332 0.46123246905814 -2.30752874842987 -2.1493505919394 -0.940231641589877 -0.591115234049901 0.773735288180681 0.145523239794255 0.126624478574089 0.632581428027497 0.177293654638134 1 134.624301641997
"1" -2.00814975773765 -1.38180250713278 0.704565873981084 1.23507444518076 3.28834988495545 3.87975882197166 -0.976500739896009 -1.7996732302575 -0.841617701792553 -0.930849595878265 0.774653673857727 0.462097709093925 0.120068350197664 -0.317446594932947 0.234042135707389 0.363989725417876 1 184.515845744805
"1" -1.7722468809517 -0.337086788541283 0.33242620188706 0.0966594365124105 2.74288356726386 2.97018475845994 -1.52725073801838 -1.25862720623216 -0.767393272427639 3.06850459482005 -0.33329037405869 0.627766148472102 0.274758345303108 0.200567982231248 -0.947875446476463 0.158180417078126 1 105.686807888457
"1" -1.46758653403609 -0.968767501262975 1.330950819381 2.03004846883296 3.40136018769557 4.00957049216648 -0.208433033203608 -0.902353966712866 -0.803306127077894 -0.21332887008878 0.159104420965152 -0.244919927076807 0.52058852980303 0.456348874644763 -0.173047606425946 0.52588260661452 1 235.05196513289
"1" -0.356699396046172 -1.42241363562518 0.237047486074838 1.84326365497111 2.85191567975844 4.86905362745456 -2.52771298333673 -1.86616083478452 3.15620401634876 -1.35398314742044 -0.126942224994721 1.02233342477917 0.281078459598168 0.0612634004197609 -0.0896895165134853 0.284105140548955 1 135.435911811763
"1" -1.44840353008131 0.111365180511079 -0.0127381249817548 0.241249158864956 2.84651148010836 2.96640490149676 -1.57190599677168 -2.25784364162777 -0.553034624671714 2.85459039236662 -0.553691172735604 0.731006900164838 0.14785618926285 0.0515408145036344 0.419776527724498 0.0777311103165777 1 154.146178832716
"1" -0.683822136006659 -1.45713685045073 0.274626933767512 0.791105804436342 2.45195937533032 4.47431309854537 -0.596226023161828 -0.976088679620593 3.43787445745533 0.00466964094410382 -0.416041316693447 -1.70876254840928 0.0266357207645562 0.464852617189664 1.36041670505151 -0.0460715806479663 1 81.1892597857559
"1" -8.13538923940018 -1.41905960003547 0.785369321618286 0.7221330777935 4.05100937903024 3.23226245383022 5.40696377719101 -1.63135503395921 -1.26213433390336 -1.07240890819978 -0.980364917471332 1.11620103202953 -0.256058640359569 -0.37604009453628 0.378482922748442 0.333523432413972 1 158.511506184002
"1" -1.58273453602114 -0.629176942160422 0.989886989228738 0.192097740476501 4.29993209523168 2.67385949806027 -0.39171836224289 -3.14253570218673 -1.65992799722473 3.35545723368323 -0.489963168915586 0.544954048090467 -0.599852800017001 0.100848902871654 1.72801775553528 0.256411589893993 1 153.299285093412
"1" -2.20517040287347 -0.366701794645845 0.306424257474039 0.104404383439447 3.91792591886259 3.2265323231832 0.596508386447138 -2.09343116986432 -0.30321394612549 3.06762301119066 -0.461454007872497 1.22905124535671 0.0864661917899711 0.0906935894252955 0.095704693952088 0.0107119859700895 1 136.393203827445
"1" -2.90266761307866 -1.32930973472122 1.49571378153246 1.9391893246416 5.11018265800431 4.2484320308453 1.05804359575177 -1.75022003806105 -2.47541505476721 -0.7092228404954 -0.674954283502955 0.775845682798305 0.177582066889028 0.195674687097202 -0.303937702944736 0.201544089254896 1 200.72695568822
"1" -0.0190745942979734 -0.47793400190264 0.366569036254896 0.555630851492375 1.64931597859682 3.67859732816852 -0.168780371120145 -1.80290546510115 3.42634533007221 -0.492140581311533 -0.186840516171801 -1.62584772275687 0.109821811600156 0.377032441548555 0.323205350622575 -0.355237138794598 1 82.1912956098768
"1" -9.07900772709905 -1.28674447857957 -0.846863696874055 1.7464425868855 1.94850344821528 3.96167984590914 7.1673514352027 -2.49150159828358 -0.520268641497597 -1.65448940609064 -1.19628455905041 1.38552660902669 -0.148188507811165 -0.59676037765343 -0.127277117261897 -0.0248644076226277 1 154.773245218855
"1" -2.94755917441699 -1.08422784630435 0.717401039220925 1.14714165615377 3.50259439417057 3.91886858210234 0.94303902874408 -2.79588974327509 -1.39074960885651 -1.79980560706523 -0.882824840346043 0.69741307065694 0.0203473392198678 0.134444538854742 0.180123153511431 0.145484611027608 1 202.290629785388
"1" -0.123488511974613 -0.575058919088701 0.397308141687743 0.525317778765173 1.70031757655973 3.52188921124297 -1.44306294843605 -2.36654509055391 3.47852079897372 -0.94887104459965 0.0273325874570402 -0.856592346043713 0.0353068921940052 0.327365956783052 0.691313472178227 -0.209346971372873 1 118.332841588967
"1" -3.2804571016001 -1.72021859427994 0.883739427355523 0.879170562825997 3.58834277468596 3.24734876483724 0.661855391921467 -1.82782762308402 -1.30397029362647 -0.564423572583668 -0.638549698058624 0.518750518715599 0.0812129154867785 0.194316052843193 0.795556294300416 0.171698840017445 1 137.950001415418
"1" -2.70509904701982 -1.27055286388779 0.293453868824334 0.2736886427976 3.74465130122073 4.2138411118333 -0.47929679291837 -1.45354127774639 -0.501348094280641 0.122830017884033 0.54091768330296 0.901227269150115 1.19817378304491 0.922471212188619 1.43313847791328 1.20283112883071 1 167.399544382007
"1" -0.311486335459168 -1.26357722710074 0.110257684425819 2.02992655418647 3.02064653941864 5.57230070202424 -1.89682895330904 -1.6139705626971 3.09142784714187 -1.36553768042699 0.209196062422651 -0.606930719305619 0.412173122634695 0.0859022258008088 -0.348583205246284 0.371389547684648 1 134.535225532654
"1" -1.97793348869369 -0.896852558399821 1.11573466621495 0.623290913580631 3.01509977926144 3.23800498606821 -0.462449412252304 -2.63214475583481 -0.980022267042138 0.373723399269963 -0.496710872145666 0.942452421807395 -0.765891985213649 0.0237856784415609 1.50317831356459 -0.0127981478276145 1 212.935012825004
"1" -2.6809194778681 -1.7144528462547 0.659234713688163 1.0708268507004 5.15199218212302 3.31184741555886 0.596214538092619 -1.48709107099141 -2.06480399591507 -0.2841958479807 -0.582514284399071 0.862419598178038 0.122514918449788 0.220152714569215 0.310873351950134 0.189930914175411 1 165.751790133032
"1" -0.783032029836407 -0.99655341784403 0.46677863063 0.671262458515619 1.92282351594615 3.4371898475635 -1.39235203266796 -2.21283595445327 3.81827115032125 -0.61710826156528 -0.570531055583955 -0.883361260545883 -0.117577087752041 0.214115593325917 1.11210541465204 -0.163329840530079 1 103.948555946012
"1" -1.48232099348914 -0.192638004725967 1.01397606842394 0.0829003927387068 3.24496057297205 3.27769266046842 -0.481748051243291 -1.02213255290929 -0.954244343287372 2.94434173697484 -0.117178197303376 0.0371502140005121 0.0585391951588868 0.222877828446253 -1.33024309894524 0.26803728057537 1 159.119991047891
"1" -0.493920509199355 -1.47525527864573 0.283753207670138 1.18391279886847 0.301898438493018 3.52595309180235 -2.15152842358174 -2.70150028860026 4.50093089126773 -1.86281547674286 -0.687267851964936 -0.987325888407146 0.111010930888085 0.469918337824183 0.371506221286278 0.219749176374512 1 -121.391405022916
"1" -1.37158915773203 -0.313331162681175 1.09781412277457 -0.207069440471815 3.49558074729477 2.91434235167737 -1.11759947458306 -1.49504666759946 -1.18371637731562 1.87407453808527 0.554941385675593 0.142398748631727 0.74100620923399 0.189522604542122 -0.332993054725648 0.226345964769868 1 204.988662570244
"1" -1.77747039915311 -0.310396127012441 -0.114807665796302 0.443145421816232 3.25104332560656 1.85247635362688 -0.310461627125581 -3.42868854037689 -0.144896569652851 3.32288615489284 -0.284885082360477 -0.171540685597853 1.61947533386108 0.282465538312452 -0.64343015248463 -0.455675210596188 1 81.7209228735037
"1" -2.76810405152564 -0.129304941147 0.870798107611519 -0.260843721620865 3.56143459537046 3.66537563314788 1.37926323735429 -1.58227425233831 -0.846969841885307 2.62194145709162 -0.644208119114926 0.559785523747613 0.0377253396077755 0.222653622670782 -0.383245895417495 0.181205837675965 1 164.906658894742
"1" -1.85116612298917 0.0289915352692927 -0.381039614886215 0.164704251211033 3.43899643794142 2.9774842060647 -0.910036805813776 -3.06012665477298 -0.481987124185584 2.3039950012669 -0.344464589434868 0.98485202543411 0.130427630390434 0.000884708439380121 1.18374099415476 0.128870200795851 1 147.77867202459
