"1" 16.4463054976644 16.2743116544224 2.62201791436649 3.81094212569173 5.0306718508874 9.52980623784123 -3.78965101289608 -1.50117641309943 -0.8036976970787 0 494.912799206484
"1" 17.6040202195202 16.5283514460155 2.6563213401668 4.00332400540436 5.21884970744406 10.4968388264777 -2.55310550208474 -1.02053190044341 -2.73556317634598 0 490.46900382609
"1" 16.0173667481774 15.6196483723847 2.54129483773176 3.72709350571135 5.33010157226724 9.46197596453335 -1.96197642228802 -2.80289300213188 -0.703967023282672 0 485.342788004495
"1" 2.78902281154825 0.206636769625399 2.50914472587064 5.42168538552667 5.88555896233582 12.2719383902468 4.26177641195357 2.40142477868632 3.7510568879499 1 214.793051047271
"1" 2.55957556130315 1.65279821449811 2.69907763641585 3.1317311226768 4.0234211626399 9.55446863187647 4.24692704875103 4.33773388992982 5.16738271127214 1 185.330981547417
"1" 10.9445929050012 10.9346100881568 2.55854353074394 3.81041718138168 5.22998544906251 9.74443767809739 -2.50329544103817 -2.48952074546318 9.5296699328109 1 470.696798155702
"1" 2.45321789014028 1.8533712230956 3.68263092472179 4.38616133415418 5.35200040510501 10.616731008144 3.99306691416061 4.07197822955248 6.54360477146452 1 248.294422795556
"1" 13.3119128220888 12.7802468367862 2.38193105381678 4.05419202450587 4.73785178266374 9.82431784410587 -4.9543359914133 -2.18953556379229 9.12457827753922 1 478.233552418783
"1" 2.35528692102597 2.13934130328155 0.222404083175325 0.130115938257799 1.08103960332765 2.0274577653313 4.97591209127059 4.81922552900275 5.98066502979973 1 -522.255386305252
"1" 18.173265271212 17.6375032050762 3.57141266032646 4.66329564295 6.7082670456299 11.677682135742 -5.23850342192975 -3.16054707296866 6.13658416313979 1 478.584378593795
"1" 2.90240790251331 -0.669797677723891 -0.0662713981581604 2.35996694455651 1.19189621310197 7.66684399110459 5.06645228858339 4.91501269701939 1.45532699450934 1 -422.339367915984
"1" 2.85416662241247 0.321323992443007 1.93192822229108 3.87445145024312 5.49003651435601 10.1411047208615 4.1019922224723 5.94031211174424 4.7259164447817 1 176.337144248552
"1" 3.03470062932092 -0.747028241361798 -0.201977858557719 0.988738553161166 1.0817644846193 3.55998862496008 5.23488814626582 5.39163630907561 4.40779852387623 1 -757.868959337233
"1" 1.63971353271229 0.845942686057592 2.03128784069533 3.80390650817473 4.3487123779026 9.75409617472449 3.12960658975125 1.79557152896439 11.3975869791578 1 429.997734590561
"1" 14.9856685645464 14.5253261430414 2.48045698553708 4.01588740991223 4.91838695752507 10.3836156620687 -0.0686547753927279 -1.08069793553045 1.574554702809 0 463.420642853642
"1" 0.998130629343219 0.183808347603015 2.65185062977794 4.12287612998768 5.06707543444475 11.0060785172808 1.6281065109908 2.92000654831774 10.227998734721 1 439.159737921548
"1" 2.46982694023824 1.0421243864867 0.974883776992603 3.65034414856965 1.69046169217955 8.24354004643177 4.38160390799085 4.03563163302218 3.33930450313742 1 59.8351544525133
"1" 15.6931249348032 15.6650893553518 2.57037338039148 3.7774832831452 4.99787479724009 9.63151932286374 -4.48150319504445 -2.00020403978479 5.72419957510938 0 504.886061463595
"1" 15.8681169775928 15.3961948399106 2.18069914429945 4.91191178232067 4.46248906979612 11.9592359348484 -2.37502998856904 -2.01577041472256 -0.708791691160051 0 481.181360562055
"1" 2.31834153889201 1.80979786893615 1.23203903682515 -0.269934457804836 2.51579599071877 1.93304652750589 4.48129258639667 4.67441508061826 6.1037128756671 1 56.9857680608677
"1" 2.50419121644905 0.71444337163325 2.06179408719185 3.81476080615698 4.50297217806164 9.12848480871287 4.224601322038 3.33451680159619 4.48494739113822 1 229.531702416055
"1" 2.74105559266618 1.55681141328862 0.33470744337065 0.335121736657327 1.22158494724116 2.97790667506408 4.82710002595167 4.90866023225507 6.39004730817968 1 -325.386208267885
"1" 10.5804651835634 10.5548891327812 2.43146545379647 4.36644835722129 4.72857225024165 11.4380905192843 -2.7193685374704 -2.75887910318453 9.97273961747152 1 463.473713981194
"1" 2.93382497629864 0.750988167712205 1.64938858218332 3.82949148071748 3.16992954226035 10.0812944534146 4.32058902713576 4.48077538736735 2.69532338817213 1 182.272286004287
"1" 2.14706399631031 1.98918705410031 2.56412777843281 4.93263107787187 4.86340905835826 11.7512894573039 2.11253674168476 1.8108326336819 10.2847708686054 1 434.175082970927
"1" 13.0498934147509 12.5173354162052 2.25594866835722 3.58498740544915 4.78751231453932 8.69815300847306 -3.49342837310855 -3.49585726398545 10.0139343211351 1 495.426195851377
"1" 3.72766650764024 3.46750921654134 2.06693476544785 5.76375975854456 4.2244249720385 14.4856835993243 1.51369635831671 1.40497531086299 16.0071771196427 1 444.417568651813
"1" 17.0123311314535 16.5920048048932 2.87032014884309 4.47474468024359 5.76582638222357 11.8241601596049 -3.36925581682745 -2.07199232302283 -0.788766396574395 0 546.823281990666
"1" 16.1830005871632 15.9687541206131 2.54089675271203 3.52898650760816 4.69454975492793 9.0627067564764 -0.8199170732897 -4.56021570011577 2.99531139538723 0 486.400676614614
"1" 17.4692673234213 16.7469797922931 2.59486331368615 3.8862743153767 5.12148608898999 9.68385986807231 -6.41552849919927 -1.3180745720169 2.73769499615834 0 491.962086862155
"1" 14.1370468779552 13.5165038714841 2.61061264457475 2.91991485391026 5.1141463806711 7.75254557434583 -4.04392136092087 -4.04678927733141 8.46445837917582 1 505.042459429539
"1" 11.5799961204252 11.3544348052381 2.56502293349435 3.69164512660451 5.65652591130237 9.02917729735486 -3.95292123856442 -2.56531526080058 8.14822579033146 1 476.88141867592
"1" 2.80355049369781 0.804891678971181 0.077777880202104 0.639140191840368 1.19130057303633 3.81693556598792 4.96142478461574 4.76593525919344 6.67348200170942 1 -316.414749565752
"1" 2.84069563235029 -0.211711689954088 2.32933630601955 4.51870210303048 4.6274830965165 10.9257997956381 4.22814298025614 5.03408298642267 2.83546043208821 1 201.159460206191
"1" 12.7252896390521 12.4805137262334 2.63458211646874 4.32702245072235 5.42336643539121 10.4432633813305 -3.46251242115793 -3.51024794081179 9.60115745436085 1 467.087108296821
"1" 2.40577347126941 1.77358852613119 3.47731887928751 3.07424411152429 5.62595709107656 10.1899238232821 4.07578017910236 4.18191555138837 7.96667594680247 1 230.161818003347
"1" 15.3259191451128 14.8853110428546 2.20759945399943 4.68321111003599 4.40771539374661 11.05537200988 -4.3169854463378 -1.00242391017113 3.235780329454 0 469.256867736432
"1" 2.85810035714741 0.281810700081324 -0.197784591064814 0.810327892741545 1.05180736213304 3.21073102780175 5.16689303212296 5.03499773546998 2.18569393217691 1 -680.145269924155
"1" 2.20172234013226 2.59618785688508 2.32269002465843 4.0504044989156 4.52286190071301 10.5983564422147 4.55607346136242 4.60318429993889 8.00193754439936 1 425.428401167911
"1" 2.67253840888916 0.47798773377962 0.418988650085267 3.50982189957495 1.59268687779766 9.05454043689552 4.67673786190436 4.16537797158709 5.56604154100329 1 2.11173261946442
"1" 16.0330808787122 15.6964604158345 2.37092480269689 3.19312148466931 4.95417422700671 8.16598849623714 -2.13423458241113 -2.61973223957332 -0.402531173287578 0 499.785836547098
"1" 2.92536897355009 -0.45545257339293 -0.142671363524635 0.877959832929454 1.14957291228429 3.44709018831676 5.14143668237114 5.0224787641621 1.43427461178357 1 -573.156228216805
"1" 3.04166694598558 -1.58664695815117 -0.10597246520296 0.756520811825912 1.1408919891528 6.56866550912742 5.16379299189951 5.66914556493704 3.44212401545914 1 -506.142477410885
"1" 2.55895844146504 1.38285105302741 0.672667554756689 -0.399422566803094 1.65402696736702 2.6478450188744 4.61567981703726 4.8975584687804 3.18557779893898 1 -247.69559114517
"1" 2.52464714037405 1.79201989574922 2.9834253455265 3.28499743702514 4.42360167208545 9.08748351312262 4.18288926909948 4.25442229956543 3.89932858818873 1 167.081063487089
"1" 2.3409622156677 1.27156297829833 2.39629699038273 4.61612754798582 5.26897635797101 11.5476903667707 4.08331113864197 3.46615955230119 3.47346311803707 1 255.67749541759
"1" 12.6890901001495 12.2736895264861 2.75593709579213 4.79185230609245 5.91130881970313 11.3215203455569 -3.27373950162879 -3.33902913170995 8.34085557752999 1 481.296322713072
"1" 2.91052138738445 0.213684516793359 1.80736895369588 3.69803302268781 4.50133652429916 9.26230022906329 4.56770510132974 2.23723636685431 2.93740505924455 1 192.906301497354
"1" 15.7716198424187 15.2251558048899 2.49623749086143 3.5961688277577 4.71103123681094 9.12157382746029 -0.196610770542621 -0.492626225192792 1.4546490685727 0 469.273682428013
"1" 2.64756225888661 1.47467046397282 2.51560244572852 3.37501006337732 3.64233100202098 9.75663808644414 4.28633362622656 4.38302942478777 3.8464075262453 1 105.580589818858
"1" 2.69372046024028 0.170865901614006 2.25315510249137 4.28310162737278 4.62897721299369 11.0447270516919 4.20371290100731 3.50802072396017 4.39528379501734 1 235.221477872588
"1" 2.8924309157169 0.473248360597855 0.110121564025189 2.36768081320177 1.19008800900586 6.77819159965348 4.95377807774435 4.84247434655844 6.16003111455508 1 -113.708730512155
"1" 10.5442991384813 10.236287875861 2.24458212413304 3.31276322749475 4.80353754552001 8.07160376858415 -2.67815595488433 -2.87288064970104 9.73628360120977 1 483.368632211724
"1" 2.78243116691681 0.0561682625345053 -0.0775576193238058 2.09522970126052 1.16014675023525 5.85028402919036 5.02862136947638 4.81912326980953 1.64246549876438 1 -404.401846748756
"1" 2.87762764555376 1.2862815848691 0.983648511080029 1.14292774538733 2.02496240957321 4.86298930945243 4.56673393039969 4.56915085083967 4.85156572417734 1 89.097560913599
"1" 17.1282758307952 17.2621928568934 2.03587752390015 4.46587809610967 4.30405559922158 11.0705860999489 -1.07131011171001 -4.38014279131743 0.85924810667642 0 488.19773141415
"1" 16.7741925309204 16.4876740152608 2.38880386423142 3.86961093877733 4.79197126436421 9.63052385323752 -3.98349054743182 -1.20412074302036 -0.610396874381505 0 488.367562611487
"1" 4.73912737560972 4.60442998585692 2.7187383300561 4.20471012120121 5.74314270793908 10.2945103103576 0.025834143350177 -0.824229050850294 1.22325240751596 0 450.245832064151
"1" 2.67537670031205 0.243703870600394 -0.246067842259158 3.61596027689371 1.15856302525635 9.56253820108282 5.05324350641124 4.69310910950833 8.73349543419385 1 -41.3774782315322
"1" 2.73081548831872 0.803544843534262 2.6909277869438 4.0530428056173 4.76014696925461 9.96522084450856 4.17284703215978 4.65254686311584 9.33396754510225 1 249.564126787644
"1" 13.4600806373932 13.0064304428565 2.17119985321522 5.05171045740733 4.85413369090428 12.0425384294154 -2.99899563377038 -2.78956728619341 7.74047938461617 1 474.838512481346
"1" 10.4976950957779 9.9511862856613 2.06529165827086 3.51961106110773 4.31343168131668 8.93169589053793 -3.34568998726947 -2.1299819363841 8.53626556537793 1 482.028855751757
"1" 2.5274813148265 1.46161828355672 2.91541372114815 3.74371316701756 4.74096785496155 11.4973979898549 4.08892518387853 4.23837987517838 3.1975229063247 1 229.681860436683
"1" 14.9172662490035 14.3297303497186 2.67816610664661 4.25321570312406 5.32843148751216 10.4843240275442 -3.06841849644456 -1.02417097909446 4.84270580790562 0 458.133398727681
"1" 2.81523087729006 2.17980442326597 2.05941302603915 4.66761141407237 4.32117564886092 11.2205420453658 2.90283883131496 1.44137393680996 13.2402015994915 1 457.046158163141
"1" 0.56411196381978 0.103495367027268 2.39170903402219 4.11616532357134 4.49754747512619 10.0197669328014 1.85157193900446 1.8922145173571 11.2428909899172 1 440.40362756221
"1" 17.2766284756631 16.5800394039708 2.75343411766261 3.99628433374578 4.9489929512602 9.93548739440196 -6.60624552217801 -1.37086786509589 2.68936233832315 0 493.391329628974
"1" 2.47659919919789 1.37657204254789 3.21122390309979 3.44959988089738 5.16654183327328 10.2043439677681 3.98231510253169 4.17691806680564 2.68171407328913 1 157.371748234322
"1" 5.0659186251482 4.68282230431473 2.19230610698485 3.92180115408958 4.42275847556375 10.9600917068243 -1.4600796770842 -1.46043856210539 5.03286377664277 0 464.600587425912
"1" 2.72520329065352 0.29882533198321 1.98476781205081 5.36287635009949 4.5856598164182 12.9491066993795 4.2961015861173 2.8193850518763 2.71297652582344 1 235.923595091164
"1" 2.9660902179634 -0.648481702945684 1.83203956818468 4.65323185667181 4.29162609511849 11.111864467532 4.48414927151163 1.61253120757806 3.95612517775487 1 232.548254321412
"1" 2.59259975746924 1.59447401046138 2.58104556463257 2.80570237431117 4.05544766994455 8.59801621761802 4.22811237306001 4.32069464553372 4.35053405080239 1 169.296404407169
"1" 4.03899926126565 3.60422976084959 2.45389854769334 5.45051410480343 4.84406488554783 12.5413821513023 3.32016211424165 3.54737684505846 13.5202843462717 1 441.623359389351
"1" 2.64637341951238 0.749594196166891 2.69061157154656 3.7311311578631 4.65888912027256 9.33284878476883 4.11099918702788 4.5022486144973 3.82723207865527 1 213.944153068361
"1" 13.0926300544553 12.4351492701781 2.3586321147606 4.06386114339053 4.92203455706081 9.59095578189004 -3.16526684133811 -3.17381050181546 8.20152788904503 1 510.848516562938
"1" 2.61350374795463 1.56666070247417 2.62305710147222 3.60803522308819 4.09946503710287 9.9601491924359 4.16586958282007 4.26209552549697 5.70723542770774 1 206.906096937732
"1" 3.00222034715015 -2.15275869678476 -0.091054717430182 2.55028793620225 1.19749453719629 9.61108393278473 5.12250296482464 5.10510911473157 1.12677829904918 1 -486.130914548541
"1" 2.54621212136129 1.65039464744239 2.84451516657559 3.57677497980327 4.27035151526753 9.86318009534076 4.15364255482692 4.24928984918148 4.52970964763931 1 158.512119699603
"1" 18.0560407191748 17.5625279431545 2.40109256810013 3.45223098924125 5.05728383375711 8.69267959312664 -5.44623122868221 -2.12746085670719 4.84288820298182 0 529.235333802293
"1" 2.50443637503993 1.09628516147421 0.610573289781303 1.72726658414223 1.60130553039368 5.04207628201638 4.58557569823792 4.25472787211602 3.38184203933868 1 -93.5861538496374
"1" 10.2059979696261 9.73256721007244 2.10080787871938 4.01737829913583 4.46983799383996 9.80695424816579 -3.28721296861039 -3.30177985104752 9.47186216224258 1 491.04010861235
"1" 2.41517261182558 2.28596159099204 0.282309540348834 -0.14447064347526 1.13616745860248 1.68585203897405 5.0299446129631 5.01330655689841 6.61451010473198 1 -1186.96585405702
"1" 13.684764805327 13.6064247268206 2.66958754402044 3.90916413444968 5.13397113481711 10.3398949033546 -4.08264233231168 -3.77561888491012 7.36699296477334 1 504.303515761399
"1" 2.50756159823903 1.41046804445291 2.2834748818649 4.55209391584019 4.95879690240622 10.7153854856555 4.18911585234827 3.64047677169086 3.26336993205665 1 247.019195339607
"1" 11.340869044818 11.1220441447319 2.72714405900058 3.96176705480421 5.33514290482654 9.61370884122566 -2.67185912706482 -2.63165190549035 7.69335263250858 1 481.098218660695
"1" 2.56460620295569 1.48859839755751 3.11181425656637 4.01222295893013 5.01045355990252 12.1277212869778 4.06731466974054 4.19486177342116 2.84071952321601 1 161.680730836615
"1" 3.00853362090876 -0.360608738985414 0.0440436733930991 -0.406620019544543 1.27961522389793 3.54827195559423 5.02449553824101 5.17028565844566 2.5355154584656 1 -438.518370505953
"1" 10.0294167182738 9.72984466154609 2.02848851311095 4.4921830294459 4.5589586885649 10.7771638438884 -2.91465553043226 -2.91570813824516 8.5926484388157 1 474.255921921623
"1" 5.95872570055836 5.99286942219875 2.6305325841072 3.90128310218465 5.62426828807992 10.5481210040427 -1.53336015143806 -1.52495498745702 6.98689360129999 1 450.318908701178
"1" 2.6821037628396 0.498337272521131 0.202873660500452 3.59702773206169 1.25049968994103 9.34337894967432 4.82118775389498 4.7864514351995 1.08654786146302 1 -110.220882271927
"1" 13.5676229947048 13.075135824349 2.4552929731594 3.5421384635796 4.62149295713494 9.23489429381946 -4.07093055191842 -2.71444650646274 9.41952275483606 1 481.310875354252
"1" 2.6522218756565 1.02076959845022 2.56899170652399 2.93093380651532 4.38577696352002 8.89202261122332 4.10294119857701 4.34489287099587 2.03226673497677 1 229.464629611743
"1" 3.04457604237882 -1.1455714871809 0.0664262524247888 3.73224957238996 1.28588198209893 10.9467263594135 5.01188839517527 5.7255412481902 6.53187859024503 1 -245.020214476125
"1" 2.90685802440471 -0.239428892465317 -0.108994122473955 0.816263562201545 1.20178490411396 2.07905644235125 5.09802318042502 4.83061243338189 1.75069382185305 1 -513.317293754301
"1" 12.42143295215 12.2695667101309 2.84193631860385 3.74503607850599 5.60951996825736 9.5656107513054 -4.53089087795549 -1.99025138003413 6.97417817484021 0 472.124407825275
"1" 2.5232405110918 2.03947518022455 0.26595289171836 -0.191041418306792 1.16294707301138 1.77499772332559 4.97908757368732 5.02537492404797 3.27541541268313 1 -766.287110940623
