"1" 2.84973504439585 2.69788238489351 2.59242169165323 3.97075547795079 4.64603872876756 9.77048431134991 -0.0995326083240511 -0.558613828995657 -0.0277039346100697 0.325140156345428 0.325511827925711 -0.598044420560407 0.302780725278947 0.348936431680122 -0.417595917598881 0.0999469025497166 1 461.240709392745
"1" 2.9409757780254 2.70834358557715 2.69509459123102 4.21778602939383 4.93227123433083 9.84120371433278 -0.0567819205696772 -0.542720389809183 -0.397708699343284 0.0444657710848096 0.20863428549689 -0.594229526841249 0.313823373785211 0.353233642193343 -0.423217579952816 0.212971873267075 1 552.948315540121
"1" 2.92146820147782 2.69222265478066 2.66419993805113 4.16768555980445 4.84732624222936 9.8839756385741 -0.0657332478076252 -0.548594675719428 -0.252195846013143 -0.056392440361995 0.241856117793024 -0.592159580196744 0.31232728513724 0.35485836917287 -0.42519643821718 0.178703276873246 1 491.049150635205
"1" 3.08918875134048 2.46522181493015 2.48019445994114 4.1477078972381 4.9538671779543 9.88796354411365 -0.0328248082547818 -0.539573678271867 -0.310227123322868 -0.0205740309714047 0.231944689607907 -0.624120030390221 0.302839029219257 0.379011072333624 -0.41758170245766 0.152144741001604 1 429.938669194854
"1" 3.15080754763148 2.43892277775559 2.3854766891856 3.8960333685736 5.09445744602085 10.0474224933892 0.00194657983566052 -0.510542661644949 -0.383518071268938 -0.117890823358136 0.150002621334111 -0.597088681714464 0.361672974213733 0.352203362919462 -0.463246332399707 0.195113087412269 1 424.641493959351
"1" 3.05094613188771 2.55623542103787 2.76904743742614 4.12113908342683 5.08801780592314 9.83396382030961 -0.01584209564637 -0.5288300606611 -0.470263983246512 0.0978043619110452 0.186903600883526 -0.619067349636718 0.309263790856435 0.383850882376972 -0.426109852544299 0.186773748542833 1 478.447956197285
"1" 3.0552328813406 2.53921935820687 2.52986366728352 3.87148799330719 5.01501038359216 10.0544968330694 -0.00826656626946259 -0.511600532370802 -0.385762442016207 -0.106064816211367 0.157764565835013 -0.571833998292059 0.386617475872694 0.330364965694583 -0.482365263504064 0.190047825413573 1 454.511426918161
"1" 2.77968946958969 2.78924143313575 2.61023481975578 4.10122287272691 5.14009762614572 9.94663610154437 -0.0706057184575926 -0.55194251863179 -0.527918421584933 -0.140843047385124 0.27905751856132 -0.629012011997111 0.267663548265719 0.386722166763323 -0.398184469330113 0.134882282917165 1 429.79471066522
"1" 2.90043274599207 2.71619010387706 2.66930985512561 4.06845973396275 5.04988965722145 9.8912573769394 -0.0410052688828992 -0.534115248157668 -0.464555802007545 0.034363996041699 0.208639641431873 -0.597014844244266 0.331341624095188 0.356741016449845 -0.441790807974061 0.176609876353378 1 491.012056040237
"1" 3.08910788502494 2.55267647781305 2.74170073623098 4.23371404255876 5.15540517003606 9.98991186166649 -0.0336363718384433 -0.530083345002023 -0.591515790548367 -0.286622269680228 0.182392993249445 -0.590109521352956 0.347928821439065 0.34778016530962 -0.450760600974998 0.195025282200093 1 511.413563189737
"1" 3.00875829032942 2.57433038657578 2.40910982675352 3.94811770898349 4.99770427867144 10.0229026322339 -0.00770651169244828 -0.513897047358278 -0.293412634020695 -0.118915186415065 0.164972067418656 -0.586846471416853 0.367961623036283 0.341793721264153 -0.467342227750035 0.189305748974065 1 433.313965102792
"1" 3.20031992359855 2.38988669335452 2.51734624601873 4.01749563381975 5.06156963883777 9.98456651991703 -0.0157527437771164 -0.524365306390276 -0.404279649321982 -0.110337599263429 0.176153695002263 -0.605424371890107 0.325866173602041 0.362436696614305 -0.434550979227404 0.207520853171362 1 441.127146360221
"1" 2.97517746446922 2.63840898724101 2.7743430490739 3.99285875401339 4.93356804579185 10.1112990021729 -0.0688311112443516 -0.545495439722306 -0.422197477874895 -0.351801326780791 0.23900894861446 -0.559565650606375 0.354802263168745 0.321122204142812 -0.456624936401355 0.176753885831222 1 477.121906573383
"1" 3.04998042105168 2.56434448878957 2.46937694124049 4.04322366590332 4.8860233510161 10.008995760702 -0.0283794878420675 -0.528340240172909 -0.306285392242413 -0.182364599028867 0.188753344919131 -0.592694388812736 0.348604141490566 0.348689573182716 -0.452202280936519 0.183998910507116 1 507.909288428331
"1" 3.11867125106074 2.49068354056551 2.51244637387837 4.03140511932058 5.05777899677942 10.0098524699288 -0.0159847172886106 -0.521780951464325 -0.388710187726782 -0.160945400758501 0.168228351342559 -0.597097572023469 0.340063572075135 0.352092489854987 -0.448064251894293 0.20847338351471 1 498.995255002405
"1" 3.32575023011935 2.01036945393292 2.81532660719041 4.07302288298905 5.03026334351808 9.78465724895298 0.0521682860243226 -0.530521789350646 -0.562245358870073 0.305162008814077 0.224934168130424 -0.631361757591415 0.321659777227684 0.380231327824464 -0.432193728314848 0.123376128307397 1 374.206474895835
"1" 2.87052970384727 2.73169772173249 2.49431568187811 3.98169117288042 5.05990045914542 9.99370220594504 -0.01945680902608 -0.519994985376088 -0.405723341719068 -0.0858473677926766 0.170944037335713 -0.598560500959728 0.334971480347298 0.354206060417388 -0.44386814076218 0.21050373315158 1 474.226851075751
"1" 3.03053306435638 2.56923382535406 2.29270777683187 4.14771328922258 4.90697451545637 10.0518289259082 -0.0176434998091479 -0.537703574198289 -0.161287278530904 -0.305857763019017 0.260147593992496 -0.684561244535678 0.240364048432883 0.460623616725579 -0.376371858630744 0.0627819924599101 1 478.802451189415
"1" 3.15914701596922 2.48123085246859 2.69060700923098 4.16771777904066 5.09961235176118 9.8687269620141 -0.0345911001164934 -0.537459867988578 -0.506936709672908 -0.000685931297367149 0.205646717163816 -0.639642081774193 0.299583971514277 0.394316556206034 -0.414356030079889 0.157248915555457 1 512.811168150323
"1" 3.04785492937854 2.6098552326851 2.53246929409107 4.25624319184426 5.20695795820842 9.96577841515671 -0.0524441749469969 -0.545195991270569 -0.542476785337421 -0.266981969329191 0.210703991103707 -0.60679378228266 0.312396047890752 0.365173829010514 -0.420693183500846 0.192002150530985 1 559.894314567918
"1" 3.26631397755138 2.35918621584228 2.6137307442698 4.26431467858377 4.99449369695242 9.77323185195209 -0.0688559358546517 -0.555790117295254 -0.433555080275034 0.197616936400745 0.248255429578229 -0.557049367038228 0.353891843883488 0.312040095164626 -0.453072079401948 0.181628380886615 1 497.641108694289
"1" 3.04243729193229 2.61585235959712 2.54029465000377 4.46915463169649 4.87255412886632 9.68151009322453 -0.163966618524557 -0.620637424952369 -0.252059338942656 0.255039756205984 0.351492196730172 -0.627701781061475 0.166367836695687 0.381611568509976 -0.311791165986857 0.224745471804362 1 514.485622930808
"1" 2.88771758293212 2.64887805308915 2.42592980799852 4.51856080521814 5.28689375452869 9.79597882457699 -0.0756923820361251 -0.571619708741549 -0.560294377430302 -0.138667979883231 0.287955507264786 -0.695978253385331 0.159896448208446 0.442669034166617 -0.309332820348173 0.163019245926301 1 414.336937767356
"1" 3.04157072256168 2.51200250425535 2.45859207250661 3.96851623197321 5.18132235234884 9.94618672642474 -0.0821009901512476 -0.546214111097587 -0.501419942430767 -0.0280399957168235 0.33554912203919 -0.607479881055203 0.389841207093375 0.335943272217999 -0.471080959454004 -0.0449357588496003 1 456.544223096082
"1" 2.79460794368617 2.70206641123393 2.83563112763102 4.37305384676158 4.95126798205827 9.7043562328432 -0.178260088083337 -0.614487718480217 -0.329910215121535 0.253018574822633 0.447526086538761 -0.636708145854506 0.213267088889105 0.409703776193471 -0.351004408066207 -0.0476170943956841 1 432.412058929619
"1" 3.02956667433037 2.57400445164974 2.59428158811051 4.00511745452247 4.75556093205979 10.0559964686101 -0.0128994608011614 -0.51234933045019 -0.169416054851761 -0.262695140299462 0.161224767891221 -0.563665290210555 0.394476627779338 0.323130568322738 -0.487269820832406 0.188602052364562 1 481.83272458524
"1" 3.33520832281845 2.70198420760888 2.65683787402201 4.23339892712082 5.24614137157378 9.7037022099984 -0.104836733161195 -0.542643520257328 -0.0818797848241241 0.236452071216779 0.160734515677324 -0.24828293443537 0.580193219501286 0.120883332475132 -0.660331261853564 -0.94775510208277 1 536.886663352688
"1" 3.0621396259193 2.53566258977897 2.35550398553764 4.04289877277555 5.20480157457851 9.99081771184843 -0.0137687436782384 -0.52434811884825 -0.47548497445846 -0.143135825746917 0.180070219883131 -0.640492705858572 0.294867158102159 0.392744691332756 -0.414422496386908 0.188995527538532 1 460.219847770853
"1" 3.10055289072452 2.52015125088315 2.56325566446853 4.09480288742262 4.94970736939868 9.96928826291078 -0.0208804201034717 -0.524284793526917 -0.33785538031595 -0.129248799089904 0.163863739038253 -0.584349274908583 0.339449057713634 0.34404449024309 -0.443759239550108 0.234072105822993 1 536.219788490836
"1" 3.0504011730411 2.59289142112792 2.731180933672 3.98192162956456 5.09725418516881 9.97337570777226 -0.043906283681118 -0.535165935893302 -0.557583315643842 -0.0622961560400544 0.197029244050059 -0.60539004265206 0.317843598336181 0.362895714175839 -0.428374363146293 0.198362054245707 1 521.84588416905
"1" 2.82846955854169 2.74235989097171 2.38309460307835 4.03267741151693 5.13670227820425 9.91123080081696 -0.00234172259730574 -0.514513089945294 -0.418796884842128 0.0376811578374893 0.166423119562033 -0.632016071905543 0.306192817400132 0.386069807783769 -0.419828997185143 0.201928118343105 1 403.730695649074
"1" 3.12915072347443 2.49043971122896 2.66101424620658 4.23915549020992 5.0377970656389 9.8677597504341 -0.0514379109907441 -0.545905495549115 -0.455140314044039 -0.0919581627484552 0.216550971265236 -0.595624535309284 0.301837839422233 0.352869427491767 -0.41646476796833 0.2205440627603 1 497.679192246783
"1" 3.00731490417385 2.63364363113335 2.67552383529976 3.95612936525294 4.87983892128186 10.0230468800597 -0.0367392625835714 -0.525452698817519 -0.313595659595835 -0.12899930134429 0.17574830049949 -0.55139138639816 0.383458985261604 0.314155790040756 -0.479378684908513 0.208465673840278 1 574.341715944833
"1" 3.08028674930115 2.51071763796259 2.40439221890075 4.04608663291268 5.07884596800013 10.0047520147668 -0.0160337760150612 -0.522383992409854 -0.390581525403384 -0.174434865961371 0.187516455915118 -0.613402179167124 0.344134538147346 0.366199551391133 -0.447205394682938 0.159805423435891 1 459.210359575799
"1" 2.95293865155891 2.66677119926756 2.491750048719 4.06983409294445 5.11723452432154 10.009552556756 -0.00597208044323637 -0.512953281871436 -0.442632232809735 -0.185809580610683 0.145297044372599 -0.596176371198933 0.350487898175715 0.353166199407509 -0.451751637917104 0.21801610402579 1 534.303540417668
"1" 3.16206554697164 2.4877635357433 2.47871701893824 4.20738022291132 5.01059143579197 10.022751140039 -0.040023763634655 -0.542217435622185 -0.372242941437208 -0.339947252851223 0.22561750609144 -0.678163640161613 0.252275635475197 0.432300351793588 -0.382949184951995 0.128230774131436 1 526.527404886154
"1" 3.21679329384698 2.39226583381305 2.28278405346351 4.15007646707333 4.71820388973081 9.9448688769129 0.0950107685668826 -0.441649286069504 -0.135425808108809 -0.13809138589285 0.138851007042458 -0.611751141984017 0.632343365047133 0.319857327659494 -0.660189907067408 -0.19443680630393 1 489.948007941119
"1" 2.90359001777344 2.67182603611717 2.38970217200721 3.94181645191202 5.03087241793759 9.94535277734345 -0.123882891303716 -0.541302910274271 -0.355872577029921 -0.113015646827201 0.402978720739846 -0.774942414515784 0.111678404268824 0.456426265687248 -0.226892983014289 -0.0855936463283288 1 471.3861424282
"1" 3.04981003929801 2.53963647048614 2.62041137338234 3.99350867270595 4.93765643581399 10.0061976873998 -0.0395636262591178 -0.534001173744485 -0.340632049270894 -0.127432405409999 0.204547213260283 -0.57269950754916 0.341494701315606 0.332733200871669 -0.449386778841407 0.208325858539433 1 453.145007919409
"1" 2.81483243126911 2.76295855098165 2.61779465225689 4.05484981996793 4.9214113447564 10.0206748869993 -0.03520424375528 -0.525000275949865 -0.331505083256642 -0.239475395516806 0.200269314978143 -0.566315367227302 0.367131902986712 0.326888976572586 -0.466860972776116 0.185626132378624 1 432.233075428451
"1" 2.98874127182549 2.61919818815144 2.6019003612133 3.87806776951479 4.97212896371422 10.054150573645 -0.0173337406133516 -0.514367522716677 -0.379176899085977 -0.122196481303534 0.1505755668654 -0.545965736341924 0.383898719626116 0.306993373712567 -0.480676848523339 0.241442694693837 1 504.148927564889
"1" 3.08188474341089 2.50754686439005 2.48196358780306 4.13648293789425 4.92665047978041 9.91287758062461 -0.0552912572204066 -0.54264981826043 -0.311277847119436 -0.0360192567599875 0.270254263117106 -0.600373634883242 0.386360552773979 0.348716923915652 -0.4805695577691 0.0283542136674579 1 472.210060331232
"1" 3.04445605655778 2.55597796929251 2.4582538048423 3.88482876928776 5.09582587023396 10.0535333185353 -0.0023892607457003 -0.509494901936406 -0.427138888539205 -0.129452188390735 0.149243403845478 -0.589089316069831 0.370649000846291 0.345673714903757 -0.470383969899067 0.19458152746578 1 471.782473358441
"1" 2.99654104836953 2.59274440560419 2.48381866521332 4.00751800857414 5.06941267568965 9.96805034562276 -0.0296272473362593 -0.53055456786927 -0.406489998919338 -0.0608118843967916 0.20093103197239 -0.605283888197893 0.3258629096509 0.360401919629761 -0.43753670995118 0.182441614303579 1 457.929984598194
"1" 2.9529834804139 2.64144763720334 2.51432753426933 3.86956360803414 4.88294727880331 10.0888448536305 -0.0208729661166944 -0.517915672783176 -0.232342785587499 -0.207290673796809 0.168524800474366 -0.563129848835528 0.371162643469955 0.322693777970019 -0.473171987070787 0.214545353788117 1 458.012719890036
"1" 3.11317446056841 2.65656668917044 2.58697757324304 3.94247857827321 5.16543140782083 10.1916611675114 -0.0531661213630708 -0.525730407238832 -0.313670334489725 -0.501691204478566 0.300725144430132 -0.741616819167204 0.2672168180107 0.509366517872304 -0.394810851617898 -0.178336721767136 1 519.606926205424
"1" 3.02075745915181 2.55284818981954 2.78601629564146 3.98315867991246 5.04864683769885 9.97835160555066 -0.00791601289908004 -0.508595602246904 -0.554702259325567 -0.120769704279031 0.164868817115676 -0.560469004544516 0.400135706951098 0.323077891058773 -0.494546283839525 0.176861573674323 1 417.268030858609
"1" 2.99538731793672 2.60730733385228 2.44764734509126 3.89998631855424 5.0626406159999 10.0303060229799 -0.000520350475081027 -0.507502043321956 -0.387489604998141 -0.0713953107431591 0.143691605099198 -0.588503617520958 0.371855585893552 0.345764209271472 -0.470781524951024 0.198888313402568 1 490.577285045237
"1" 3.24754300248196 2.30928961486486 2.60613812669136 3.99893772546647 4.87271326723047 10.0448934856757 -0.0640051422436356 -0.559672539671772 -0.26200163939663 -0.241775891948028 0.281415947011471 -0.597905250144832 0.301940524501427 0.357662017294504 -0.423183086459536 0.138785218258725 1 436.361061456052
"1" 2.82377503044132 2.73432308058866 2.21177615760883 4.13119669698475 5.02486321656413 9.88290481111435 -0.0131032841294398 -0.51752106757196 -0.204874611174026 -0.131459667396963 0.213206464252032 -0.647324235639323 0.345227549819907 0.397327843787358 -0.447719122660261 0.0717823555124452 1 426.652324435912
"1" 3.49607705492703 2.0631340639111 2.33113237892657 4.10344978212743 5.28101992766897 9.92244587441003 -0.0194299122431492 -0.543499856774345 -0.562263282404485 -0.0274100368008335 0.221995213043597 -0.643901565442883 0.271531561221392 0.39437720855009 -0.393911491845799 0.177161290061187 1 424.799685484525
"1" 3.08368745736976 2.52504195873024 2.5595534089677 3.91125969337768 4.98184537633494 10.0754659353212 -0.00974716134038393 -0.511734778606607 -0.360469893952911 -0.195547959698977 0.153864214447582 -0.567496660061121 0.390524053510885 0.326955105622488 -0.484600207506626 0.194973424906046 1 500.717533604408
"1" 3.13745180406711 2.30459402831837 2.53602941922595 4.11181184295734 4.78732204189126 9.83118346840089 -0.0509862967950745 -0.559283745536508 -0.169555828503562 0.154903601215646 0.278671371424122 -0.569818990838596 0.269659204453129 0.323664678280321 -0.39844209562356 0.254022127113862 1 351.138570751117
"1" 3.00425932605467 2.60103860455328 2.43811817738776 4.25622471613964 5.16590451074146 9.79175940145368 -0.00666535192411821 -0.525013874744101 -0.500099464474467 -0.0461048087482773 0.189246393837047 -0.667710799987952 0.28230467691098 0.418625362482726 -0.405004902286669 0.149086189165361 1 481.27607304591
"1" 3.05271815085484 2.53952593522639 2.32642573963119 3.9977648042243 5.138228590239 10.0355159904845 -0.00469775382944366 -0.514732537551367 -0.401650144958242 -0.191802956265514 0.159806422395167 -0.608949410307773 0.343332548461207 0.361558844938399 -0.448930743239494 0.194876524352253 1 436.754186248729
"1" 3.09634978514254 2.50345348640522 2.49130514851271 4.01181742236339 5.0857957127796 10.008026599349 0.0025627945701456 -0.509482153778843 -0.422722094604862 -0.142773094582561 0.145634030669609 -0.592281876614162 0.367015396554509 0.349742803040627 -0.46465465685883 0.199448140334094 1 470.113307830446
"1" 2.97710378150041 2.61094374844659 2.56135983623301 4.44198518587972 4.96259234169652 9.71979578752329 -0.0937368238521074 -0.583236051145186 -0.318806453861328 0.165381631923012 0.285060380090071 -0.676573440282529 0.213788059962912 0.427703667513655 -0.356695937508261 0.118074224492886 1 472.072255063475
"1" 2.99870734329195 2.59601583296221 2.3858168664254 4.20912008622101 5.13110115306555 9.9301418214994 -0.0124704726010207 -0.525996985185269 -0.442468914812409 -0.163862834759832 0.18336275435565 -0.648284716128773 0.285734096067168 0.400137803199126 -0.404596555022325 0.187427841194582 1 460.50173769023
"1" 2.77929179298637 2.79690901240324 2.83689666991284 4.09757439500624 5.05440332869111 9.91821941289171 -0.0621025952067059 -0.53451667507587 -0.557741263477474 -0.0755971702672529 0.237907096467124 -0.579132586731017 0.337240120434945 0.342420879273769 -0.446241549460193 0.165911056012645 1 444.147470608596
"1" 2.9914860583225 2.62039834076215 2.60879767439675 4.19421741126408 4.95335287583524 10.0250552569221 -0.000812138304055607 -0.510048616153296 -0.462250324484852 -0.318629924658278 0.150682450282045 -0.588042546183198 0.374778843670728 0.347638262306576 -0.471725588954443 0.187580150585759 1 478.829972963107
"1" 3.08104364384991 2.49712205156841 2.33218943051781 3.97461573994222 5.06532419722893 10.0383940433549 0.0156835093969698 -0.503015417949584 -0.3297013758515 -0.173280362394763 0.140009983649063 -0.612535600994055 0.357474178810285 0.365537195699881 -0.459482646806788 0.187170484172412 1 399.021881280185
"1" 2.99255674447744 2.66748664935847 2.61361001670039 3.99902237542687 5.00347182410021 9.88562619440358 -0.0413549353455272 -0.535184037032178 -0.39725760177508 0.130644030954026 0.196999855226197 -0.607256917294342 0.330232030869528 0.364652099511501 -0.43966672347152 0.175136564923865 1 568.500430224655
"1" 2.98716175779165 2.61974063795174 2.59002070100151 4.1048115251243 4.93172413157382 9.95514676512681 -0.0280237549794895 -0.53053378438152 -0.328420838374599 -0.149327053210512 0.203694193440284 -0.609117522220447 0.344781828225357 0.364627996097632 -0.448814769149434 0.146191896054612 1 484.163815243322
"1" 3.13227222278787 2.4883601424608 2.77622394250777 3.93878254306094 5.11399400061604 9.93387874346521 -0.0256434689207674 -0.524963423176913 -0.533085780619182 0.119247604327105 0.176769661632541 -0.567714308732942 0.37053004345369 0.325127550579293 -0.471454768202299 0.202619369724785 1 499.408765631417
"1" 2.96049738427999 2.64950049354746 2.41916860088469 3.84582861635553 4.82532077708918 9.9130836348626 -0.00378634109045742 -0.511405128547912 -0.0977206600938799 0.263321048843269 0.185010492130187 -0.625353821900294 0.363975357029553 0.385670269402675 -0.469919867336002 0.0988748367770417 1 496.045197212523
"1" 3.03596667724152 2.57571144278285 2.35314114708188 4.14685066180112 5.14870373571148 9.95538620047918 -0.0215605259591167 -0.530807379386806 -0.471521535809402 -0.201037344482109 0.195927338469481 -0.658296006729072 0.275231836378026 0.408470357925785 -0.399112263681014 0.170978127351499 1 496.77614744284
"1" 2.96811326712817 2.60300919311702 2.65864882315167 4.15280661962283 5.81904897572559 9.9703130691711 -0.0509572236582201 -0.465128053875217 -1.30113477468097 -0.285273293901183 0.238781814281245 -0.714650226918571 0.376524018375796 0.345777046953016 -0.385384641086602 0.0526752210927193 1 449.641447222342
"1" 2.51418629230622 3.14262923310508 2.71346640830378 4.1648809785442 4.83916995858364 9.83833164813835 -0.102703810952635 -0.546651417191798 -0.278465402559839 -0.246041495122512 0.234363019606705 -0.593240093193163 0.30310773599174 0.356675405656816 -0.425702450118174 0.192151991520928 1 494.588341016554
"1" 2.96531614970229 2.63761786075978 2.37470374128014 3.89149830843924 5.09800923089504 10.0665411974106 -0.00406383505372701 -0.513059307796422 -0.366885588821967 -0.161388374212749 0.158469513407965 -0.61714345654701 0.338264834154562 0.371915991316255 -0.446859258095887 0.186251043048769 1 478.880438075234
"1" 3.10050192423366 2.61130819685701 2.43882247692814 4.27313747192694 4.82605925215121 10.0167752073464 -0.142226886417576 -0.57067428133037 -0.245652803521799 -0.367043226173458 0.376253673185004 -0.519016481808108 0.524518437103339 0.245147387862449 -0.575419463223014 -0.20469581920383 1 509.025550651051
"1" 2.98472350360767 2.59410817261138 2.46175632358334 4.09835308664325 4.95268057999927 9.91750619363929 -0.00952905535116197 -0.520037477833038 -0.253418335617912 -0.00166485451187992 0.183485119998994 -0.62177946475256 0.327156696176504 0.375588633282281 -0.437492056081956 0.170998312072887 1 450.219671040785
"1" 3.00532081434651 2.59239390180502 2.48240301431628 4.02767408579881 5.132295819285 9.92226504143811 -0.0168516937052342 -0.521299875061921 -0.47144455906858 0.0404697021299206 0.175321790525882 -0.606719445521499 0.334427266341663 0.362229906938895 -0.439795967087838 0.195744689316601 1 469.217311676284
"1" 2.95999075793505 2.61561416296284 2.64204046037548 4.17568134542582 5.08699629037373 9.98049069229259 -0.0552162167434975 -0.548125325939402 -0.520575910190443 -0.238936893940817 0.246394328793794 -0.605424159792005 0.284475937137777 0.362882102802654 -0.411183930394206 0.191588479520317 1 441.35140177489
"1" 2.9630105865017 2.63702212330202 2.44503353643953 3.95487536401213 5.00521223255104 10.081531402614 0.00502384631658256 -0.504581597986024 -0.326894507347222 -0.24284873769079 0.143543581853356 -0.603854479298934 0.36704116676912 0.360216849439127 -0.467345579268733 0.181037734708363 1 465.181918513659
"1" 3.11946591558618 2.44117871702256 2.7274934096017 4.29910121336901 5.09107351561963 9.6971238398117 -0.0171601312035311 -0.535906888817266 -0.517844693577857 0.357801989150498 0.211693228926838 -0.650578855883021 0.284135277562163 0.399961968908116 -0.406024427861611 0.155981475745922 1 445.298739577867
"1" 2.89496605490304 2.71460045276623 2.47923848524613 4.14767928204867 5.1342657540588 9.96402306748868 -0.00911237357407371 -0.517138046862188 -0.457895453336793 -0.26320161257951 0.168472768566253 -0.62813151518483 0.328804470007246 0.381931153004122 -0.435909247445077 0.174747219057791 1 480.530395198672
"1" 3.02657339863681 2.59187272241428 2.4362376883477 4.02755624587593 5.008657678294 9.95968780471034 -0.0238974432252063 -0.526503776365025 -0.328880281643668 -0.0603287397752344 0.184955803523185 -0.614347225746203 0.327194116080125 0.369509091136829 -0.437390758038772 0.181431371483492 1 512.430234248168
"1" 3.17462600181773 2.46639529947154 2.54677192344398 4.24063861447721 4.82928478322169 9.91454233400032 -0.0393804413231228 -0.537770973971682 -0.277919745416915 -0.133159330707711 0.216292583456941 -0.596670574578969 0.362621306150309 0.353969086093374 -0.46436546053382 0.124602533858889 1 509.998680892934
"1" 2.85128715087065 2.75459084706489 2.55297212866136 3.87455696253482 5.00596916454838 10.0876762106736 -0.0114972743203007 -0.510027935398031 -0.386272277322713 -0.196125235476231 0.151086759953537 -0.56102961480288 0.392946258606484 0.320089470872817 -0.487553113065863 0.204257044325733 1 481.153294866653
"1" 3.15910420567477 2.41790135883608 2.66474144910769 4.22659920214967 5.0526540067327 10.0191957243159 -0.0119596762987315 -0.526031477863827 -0.45416301533039 -0.376020786435751 0.18658378313844 -0.598573777207387 0.347552620589563 0.355799479470682 -0.449849820148682 0.177539330147023 1 437.904977452422
"1" 2.90989043613441 2.68242098264022 2.46620321434962 3.85080186110598 5.06016200915637 10.0660385831987 0.00431534916767618 -0.502953600825265 -0.383856516157166 -0.127820625487422 0.14078643163471 -0.580400400629062 0.387898112222407 0.339213847707509 -0.483271437497866 0.190045127402529 1 429.568389492074
"1" 2.98628365183155 2.60798119538931 2.58825105542055 4.36426241262421 4.99267629348128 9.97984842943774 -0.0345944624138167 -0.535301201998772 -0.359893129371147 -0.377123197194206 0.20818182880392 -0.615267292574007 0.306440062918969 0.372598009235426 -0.419575438038316 0.186530282304542 1 453.480175736551
"1" 2.99683942354428 2.60022641020509 2.25409188753217 4.11799607831874 5.24700955118585 9.94423169101217 -0.0254802855600822 -0.530861464488019 -0.455407063755402 -0.162731631376929 0.194175965378831 -0.616664132446394 0.3103094405707 0.364394058350818 -0.421409445088226 0.202546895299196 1 470.322130329352
"1" 2.95808659575876 2.55360834514774 2.71219716946851 3.60824097232619 5.22230003419018 10.0816561242506 -0.099595665649063 -0.540942799504783 -0.553516153866431 -0.116971418573692 0.419845244868158 -0.658062514085869 0.412348493028979 0.353330217079808 -0.45888766313937 -0.271473693815343 1 459.113008188621
"1" 3.30066284004449 2.38594331719205 2.70377503898596 4.04235821314054 5.61791937777218 10.4036767044653 -0.0662162014545953 -0.554884533585643 -0.940714014567667 -0.839073763779163 0.300442288643241 -0.763838669507072 0.170062425882397 0.479211025006512 -0.291762846729928 0.0157277970200529 1 484.819445112189
"1" 3.13006538118565 2.48145462530711 2.46026460932599 4.12020243118919 5.09243629673035 10.0079045254564 -0.0478280057036951 -0.540083096780927 -0.452518336758462 -0.273834417095097 0.23977599621323 -0.615630397617762 0.348759306765159 0.367387504931315 -0.450289925478022 0.0935294040457736 1 490.785087900041
"1" 3.13807583227779 2.42212368813122 2.43219427773514 4.26466248292795 4.97410967217446 9.82308173394087 -0.0157426323582319 -0.534729770873856 -0.308654407230703 0.0602422713095699 0.203154070219383 -0.63829045049139 0.275729024431406 0.393871113550876 -0.396392432158965 0.19685779733055 1 438.378839110607
"1" 2.91875469863451 2.68390744316971 2.65293155192465 3.80668625182151 4.82111619680318 10.0412727849225 -0.0433919860499306 -0.526609417617628 -0.256326399815101 -0.0592475663559163 0.200399267673543 -0.544826042618139 0.391269457118866 0.30707339058901 -0.484600561100907 0.184356187600839 1 480.451718163715
"1" 2.84063099824501 2.76133448656717 2.74362815822168 4.06999811049183 4.97181389777395 10.0307154410944 -0.0503292741929332 -0.535014169372229 -0.443377921138894 -0.264135556986197 0.216010788383884 -0.567969700871951 0.355254799295257 0.330916051771089 -0.458600604992116 0.182225784983284 1 461.006678820142
"1" 3.14945229023263 2.44621829166827 2.55183709315733 4.16355325777737 5.05513472733895 9.98295560172461 -0.0264560844690445 -0.528984699629035 -0.429356375084934 -0.227403615891142 0.195697313853356 -0.602858901681294 0.335265493462511 0.358108641360016 -0.443077069643983 0.179062860596887 1 462.478618835508
"1" 3.03221326323047 2.55829924255384 2.64281620059278 3.87351716402018 5.10802185233169 10.0113908715503 -0.0117728776754371 -0.515195099100818 -0.531767211244051 -0.0165663466396322 0.165226855501966 -0.576999445359332 0.3732259634317 0.336318034990356 -0.472950929956233 0.192792182501796 1 437.903462261958
"1" 3.01216707832894 2.5814570937897 2.43513019363036 3.90083367923653 5.13305267134795 10.0048588417456 -0.00174637639943619 -0.511083756148183 -0.45369996186666 -0.0304413532833537 0.154263756230681 -0.602721399923645 0.354100953989665 0.35792762124148 -0.457875628987224 0.192201075263911 1 451.558996680936
"1" 2.80361027606605 2.59324252054224 3.62168678010181 5.14934455197923 6.92349112551426 10.1830174760369 1.59826904521282 0.160095152850636 1.53000541020861 1.04297237486229 -1.06059715048879 -0.915322063750716 1.16285119763944 0.783455075429467 -0.896678046204827 -2.27058898514553 1 413.462179816595
"1" 2.78757702518583 2.73295634116297 2.70628476044219 4.17438707904453 4.89465236300191 9.77396009518522 -0.0849578442557819 -0.557639125199772 -0.319107169037626 0.15138077692508 0.310853243130414 -0.602414806786185 0.288606345476079 0.365691823347233 -0.415578560084076 0.110874165180819 1 412.635772596695
"1" 3.06562315880736 2.58308025768301 2.65168820511638 3.94524289416064 5.3482847419917 9.98004134309215 -0.0358154518417635 -0.544251956424326 -0.73135504272754 0.0364710919023782 0.245379458650745 -0.72264618471972 0.211529080567736 0.481945358798903 -0.346910427169923 0.0660206776236135 1 513.537475106684
"1" 3.09080759555054 2.49528562082803 2.26328833013052 4.07230212606628 4.98402716715435 10.0345089696987 -0.00532734780263496 -0.519716780538099 -0.214738145968394 -0.271223774098475 0.179623412479688 -0.631807926324833 0.326595172724938 0.383359617578541 -0.433615196289593 0.16272199490727 1 458.851002317875
"1" 3.16927411243412 2.62146793464427 2.54098538031452 3.84378468108296 5.33292467800816 10.2853974353211 0.043829534866935 -0.551143575636857 -0.290351179806563 -0.68194922692571 0.243984618424654 -0.379559644978879 0.490302445228445 0.371537610214978 -0.706702747921895 -0.0965512938505199 1 495.799311166772
"1" 3.04350999451254 2.52868628062111 2.63099825672262 4.03247750075688 5.08220200083753 9.97948813618696 -0.0420537792024523 -0.535189392907313 -0.463783214039759 -0.118589226213327 0.224776093823736 -0.581671905566056 0.355478914059704 0.337538157812846 -0.456415838321062 0.156856235447854 1 415.688777829189
"1" 2.97976116331184 2.71885124537144 2.51183682207528 4.03431695827105 4.88533673609082 9.88353087097998 -0.202743741136893 -0.635550776487488 -0.243597982126022 0.0172657728320291 0.460054340767522 -0.630460304257561 0.143498653135571 0.381428398200402 -0.318125725003343 0.0890207167300145 1 537.78623251209
"1" 3.12591520807715 2.48002557866115 2.5722434064825 4.03370551395381 4.9893392868752 10.0178106153722 -0.0191837646245577 -0.522840432710549 -0.391604471044644 -0.181618376070552 0.168064505115103 -0.584680263628658 0.344239034913632 0.34419433918485 -0.448455309939573 0.221777180266582 1 490.427381110661
