"1" 3.00846449905866 2.59926542444446 2.72934297625292 4.08767891106202 5.11537468125546 9.7972279469576 -0.111611040201284 -0.444540441150888 -0.193176933515607 -0.0100965875688166 0.466283045099589 -0.724014756028731 0.613319466743704 0.240849611791186 -0.466241003116965 -0.620255962074415 1 5749.95432497636
"1" 3.10512247768775 2.50705768980693 2.52443047703751 3.99011215684054 5.01668034579421 9.99200900875792 -0.0435272473227425 -0.540486894441233 -0.367747973357454 -0.0949445030276563 0.227199419895894 -0.610575902641112 0.323318650287236 0.367618130044422 -0.435763808229933 0.147100687173986 1 5922.6725184752
"1" 3.03193648229851 2.5900613180348 2.58188127823424 4.08678697063949 5.11438093072535 10.0120757223498 -0.0672831144492209 -0.555835032936255 -0.415571841543899 -0.284894028743696 0.300363950988797 -0.632261514144716 0.35749453749843 0.387310929140693 -0.458631238278524 -0.0333697942108876 1 5838.68872173092
"1" 3.08868165505451 2.50482916211926 2.58761756376733 4.10828176658803 5.06020033949755 10.0173824283 -0.0322336013504772 -0.534861418407199 -0.463734748456478 -0.240880870331149 0.207855690382968 -0.596973260741713 0.333431044350498 0.354519513521298 -0.438929122920179 0.179845001239252 1 5574.56784058173
"1" 2.97293916323559 2.63844379908855 2.46359041391492 3.98945449530427 5.02803615380718 10.030900024484 -0.00961648331657709 -0.513755544862544 -0.344458114704362 -0.162132761172759 0.157036280584867 -0.589939514661102 0.364228391646893 0.347742118444247 -0.464125432815008 0.1950447830082 1 6016.23779814075
"1" 3.0092490495088 2.58319158798241 2.47633520880154 3.9931331098369 5.00496211513607 10.0057454307276 -0.0146671933763582 -0.518930572909767 -0.308434592630051 -0.130060893765413 0.172242020904244 -0.579500627844215 0.364935055740913 0.337373336775422 -0.463999402693754 0.197388364858008 1 5591.94428668763
"1" 3.01021579478691 2.60843346170771 2.5240892768308 4.03912154586453 5.0574078548688 9.98914690159584 -0.0295437916037372 -0.526771184945697 -0.385309366584297 -0.130170132154252 0.18974146370355 -0.584506363534428 0.360296750524884 0.344463911102345 -0.459895043095438 0.176938607444917 1 5985.32218818998
"1" 2.95592434144786 2.64209399794964 2.55819106412424 4.01449078954033 5.03641164221505 9.97574806656723 -0.0545262959407128 -0.543153496043588 -0.349634819629053 -0.0659104878671145 0.260659646109275 -0.61043113211539 0.334590243928543 0.370943156011464 -0.447283439340917 0.0864297988841337 1 5678.29337083152
"1" 3.02369808450516 2.57089276089041 2.53933535365414 3.99445499182235 5.04213909245354 9.99040183669326 -0.0335063055734062 -0.532245788197899 -0.388094294282846 -0.0986044577412775 0.211173745620343 -0.601013387458615 0.341046266009467 0.357598914959251 -0.447354760481032 0.156433708028679 1 5629.20822251189
"1" 2.98993824963041 2.6133600962978 2.54816825564649 4.04246303661134 5.06695067716173 9.94051625631179 -0.0345140385051881 -0.53157003077285 -0.419593834622638 -0.0305284151072794 0.199817388856078 -0.593307911142788 0.336535221060489 0.350261686612603 -0.44193890656291 0.189918914001343 1 5763.11501043326
"1" 3.03619538612487 2.56589415066312 2.54737911257591 4.02630801546181 5.00230958221487 10.0107373338912 -0.0335208960917697 -0.531404627583383 -0.367676814246296 -0.152240565944244 0.195530406498963 -0.583832153647455 0.337005248499354 0.341945249101585 -0.44456028698227 0.207392770487798 1 5730.43588734849
"1" 2.95707937845072 2.64487543764871 2.52673762622283 4.09705014514774 4.99954556893884 9.94243331553744 -0.0448937775232584 -0.538774148999501 -0.376577605326055 -0.080751079775051 0.224178875515111 -0.603297202771273 0.32285819262516 0.35975335878009 -0.433459350758941 0.166533768774929 1 5743.97340836591
"1" 3.04673959427743 2.56937270510915 2.50219276051198 4.07620508180072 4.9908392720683 9.97099421776614 -0.0504127957557393 -0.542654290759786 -0.335023056309056 -0.119992618682275 0.232311078029619 -0.594366244775343 0.341692144626813 0.34920542515121 -0.444927063924264 0.149022802162026 1 5910.70183641361
"1" 3.01458286224518 2.57678670262244 2.55495949362993 4.03948721946721 4.93912667355881 9.98086460956914 -0.0371091402371461 -0.532053918466357 -0.306386390195851 -0.108596153307127 0.19984030084621 -0.570208973747957 0.351567825334335 0.329397104328333 -0.453377989762308 0.205633758257552 1 5549.77179870976
"1" 3.02409207103864 2.58296341034132 2.61386157202704 4.03685185193106 5.08288864651304 9.95858671874809 -0.0730934662597926 -0.554420015507112 -0.443840326875842 -0.113835600786841 0.30522868889163 -0.638978622914972 0.299637388239061 0.388899316523179 -0.414727627559347 0.0463040027590979 1 5752.51166307415
"1" 3.05832697377741 2.53742714938028 2.64854925959093 4.08295272705996 5.05330467119844 10.0188288341556 -0.0426534186142293 -0.539324675541734 -0.4256325154425 -0.241739449260374 0.229249581095405 -0.587411890989387 0.346256768328084 0.347024808685666 -0.449655928633634 0.152288859554765 1 5625.32300275036
"1" 3.0313136655063 2.56750321285894 2.4812323729256 4.09881746439038 5.00083622866175 9.97231429895584 -0.0327066664372428 -0.53022525941549 -0.325117048921725 -0.177672303253729 0.19403034780546 -0.577070333333609 0.351061190311427 0.335022236972948 -0.451923527558736 0.202148180672026 1 5697.29348262096
"1" 2.95664415595797 2.6510318540382 2.54991834027426 3.94837701841254 4.97836713153515 10.0277455097823 -0.0305730648791744 -0.527266369221117 -0.35361062840644 -0.146288429225381 0.20038707706743 -0.603387695042877 0.346849504928748 0.362041904947593 -0.452941201154199 0.151815452607246 1 5820.71638075649
"1" 3.02318565116959 2.57791646259958 2.52829555462496 4.08085963507641 4.96014883777909 9.91062663233963 -0.0257314895653228 -0.529601751225885 -0.291879206028223 -0.0419456259755052 0.199611313463124 -0.610934430243286 0.327204506655549 0.370056202558647 -0.435877791579755 0.169917619309519 1 5782.91973424843
"1" 2.94162380131756 2.65513274790357 2.5490967469026 4.02852305175716 4.99817169129563 10.01077086536 -0.0392815835623173 -0.531134824323053 -0.373889618431844 -0.177479282175375 0.207166977692657 -0.58178698802158 0.352069875021745 0.340433615980845 -0.455884037066079 0.175968846497235 1 5591.51903115845
"1" 3.01031122204567 2.58329322355575 2.43855217233493 4.0962533512589 5.01929295613132 9.92860228793712 -0.0464724013968811 -0.541673447806619 -0.35018447289693 -0.0664982596998862 0.232790721077531 -0.597793730108023 0.331596149556629 0.352364906493075 -0.438286213461475 0.157298766403688 1 5677.06148615784
"1" 3.04105338982923 2.58203790223526 2.52229652861633 4.06231029765981 5.01554222205878 9.98679234392581 -0.0232448569513141 -0.525384406404392 -0.362610364256058 -0.138824342988048 0.178584958244167 -0.596375025839298 0.344890768010294 0.354435993252505 -0.447873517054274 0.192537727320446 1 6187.15087352029
"1" 3.02164982102803 2.59110920023939 2.54459757860558 4.03355461845048 5.04338962488684 9.98322857318403 -0.0618887630152952 -0.546582427627898 -0.397761433432839 -0.120095274920977 0.239530723673003 -0.580426493941424 0.336472229540499 0.33736083182495 -0.442568417202114 0.171644807979401 1 5898.5551286846
"1" 3.02956386333478 2.5641675659108 2.51850967516545 4.01561857053143 5.01694668768927 9.99577641109827 -0.019610208290298 -0.522958489324187 -0.345194414526966 -0.11759361553317 0.179798532179857 -0.59033126504502 0.350004070193857 0.348246669243818 -0.452391744005682 0.193837787310934 1 5565.48198012276
"1" 2.99403169335583 2.59904041959601 2.52718397124082 4.10586172233384 4.99662228367265 9.98517727788987 -0.0302817542408856 -0.530049931786871 -0.315867353688449 -0.190539534562249 0.20383568112237 -0.581231364361934 0.360199500738418 0.343572345908239 -0.460387631765393 0.16582030044625 1 5596.58183030718
"1" 2.99748924342913 2.60699088900195 2.53597834869236 4.07581367811981 5.00332105631082 9.97869872576262 -0.0374400541370594 -0.532369672852391 -0.375095210807121 -0.128551783096466 0.207477915737249 -0.588782603524986 0.350181136833081 0.346295786105532 -0.451746403863081 0.169313692363198 1 5771.29431274013
"1" 3.03965158014646 2.56051528037433 2.51112642398813 3.96081863290312 5.05875967805778 10.0257591712435 -0.0155156068372202 -0.519526841976689 -0.412009761202866 -0.12387187791225 0.165612482628754 -0.582745986860865 0.352598604672564 0.340477847815228 -0.455515712933657 0.216085773422698 1 5678.11559071523
"1" 3.06337620567927 2.53837653045506 2.48423827544168 4.07569357060146 4.98064676742193 9.9828058364615 -0.0365626326481286 -0.535979665319045 -0.290732361886625 -0.159417282631449 0.207743499963788 -0.594131506537159 0.331019434858292 0.351987077326727 -0.438108323585262 0.1876309336181 1 5779.53004492398
"1" 3.02207520708584 2.57723206505787 2.51610959405037 4.03210847650252 4.99107996300542 9.97696370902036 -0.0312366873122861 -0.532254049894069 -0.364591672752902 -0.0853942446675194 0.207620216900292 -0.60662233774916 0.335760997080157 0.362559301747036 -0.441200884761066 0.160375741033709 1 5736.7836632561
"1" 3.03774733145873 2.56243045932205 2.51677446342529 4.07271503598397 5.00960823851845 9.97941443709443 -0.0287138128248722 -0.530800297838919 -0.348724796914733 -0.132000634329978 0.193016006453706 -0.602475974931926 0.320443628131081 0.35904007156434 -0.431418085508666 0.203755982958783 1 5723.09737156169
"1" 3.01404547835929 2.59241574103824 2.46634186182119 3.99262986291959 5.03881222871301 10.0049860951751 -0.016240662120359 -0.51998472864901 -0.354754950670902 -0.101066697530499 0.172544686024675 -0.596987375506627 0.352237122934086 0.353868416015972 -0.455306682734999 0.186206241365743 1 5908.75499291265
"1" 3.02293168235833 2.58513028752831 2.54456600257492 3.96752424566092 5.01199534114751 10.02010481366 -0.0326570068219584 -0.52878164415024 -0.366079809185777 -0.152988024016417 0.196951275333996 -0.589186719721049 0.350554416407337 0.34762306657781 -0.454703759527609 0.175876393705873 1 5868.21495051184
"1" 2.95757572884116 2.64870127651657 2.54891051132634 3.96721350485802 4.9683491411021 10.0180172154654 -0.0338253587662599 -0.526952842269288 -0.332302332366371 -0.125538859814616 0.195428132068211 -0.572847640131533 0.368523343582266 0.331432243730363 -0.467155803147161 0.179442252083388 1 5821.48851287513
"1" 3.03895115561635 2.56093979795232 2.46014763691287 3.98037568882105 5.03070560969489 10.0313577353636 -0.0217760831338602 -0.522093974236442 -0.345301971560824 -0.155511518074815 0.177576859654381 -0.582424871714662 0.357663792277942 0.340086172426874 -0.459818465190602 0.19720605463975 1 5694.0417020739
"1" 3.01327457400044 2.59656562460352 2.49876803261451 3.99734492977286 5.01552645501677 9.97427915042844 -0.0265149717057601 -0.527640116067213 -0.355658910488731 -0.0497504934488861 0.185727422077421 -0.598935076326061 0.332886311165293 0.35592933119279 -0.442664862340664 0.196889801279866 1 5973.53017954389
"1" 3.06481269033605 2.53931744334055 2.53232550338541 3.99655956801075 5.04188951406245 9.99480144519884 -0.0312571021426134 -0.531040471167259 -0.381067373443992 -0.10198878871815 0.199166756897683 -0.59599596686877 0.336967299254728 0.354619116339723 -0.444454317397627 0.181907995211719 1 5804.32771120731
"1" 2.97624664564039 2.62534314078075 2.54418561534645 3.96167882932083 5.015647914265 10.0263912380746 -0.0166694085345395 -0.515993231522184 -0.379455547818301 -0.138503566256173 0.163903923006085 -0.569814016341785 0.376179971714901 0.328397090142845 -0.472608532954931 0.204402106119946 1 5699.59594034802
"1" 3.05987112796004 2.52933894156508 2.5500158378166 4.00858483675635 5.13234796745001 9.92110537003204 -0.109263038094506 -0.506814799463431 -0.402170787242896 -0.136282297628703 0.312627914020564 -0.665531107739625 0.39186669809864 0.313764069342756 -0.397566512268885 0.0161476191245962 1 5703.74855927307
"1" 3.04242732401926 2.5338309637736 2.53954803148768 4.07483065172126 5.07042727019434 9.95670988641979 -0.0377185291234079 -0.536192447688085 -0.413127084793786 -0.0944827232865387 0.232686364004618 -0.59286447971781 0.355239522534349 0.348044981422173 -0.457033623614927 0.128531126078087 1 5457.70710466436
"1" 3.0242430290315 2.57249034922029 2.51742873154085 4.00961630996994 5.02220713039771 9.98215510176387 -0.0321078076297366 -0.528572862870958 -0.371289330701841 -0.0813036978617806 0.198080212217911 -0.583078047618576 0.353036836040575 0.341247728599367 -0.454420338138406 0.183620604883745 1 5645.32349757834
"1" 2.99682398096772 2.59048696252885 2.52000737245306 4.1107034887673 4.98741778721786 9.93815844360102 -0.0210245332965712 -0.526438407864605 -0.337746187608895 -0.079549836892019 0.184391099397979 -0.599050295129273 0.3217171152922 0.357579728388465 -0.431940774449067 0.214956668873979 1 5509.58587607782
"1" 3.01413778624918 2.58358791692343 2.4878982958004 4.03451393085929 5.0450778346657 9.973716207625 -0.033780384965136 -0.531526470999671 -0.375060142682267 -0.101191881107458 0.195384757930951 -0.578476304553841 0.342883548620068 0.33532576751839 -0.448228286341653 0.20981451492139 1 5676.44442623015
"1" 2.99387655872577 2.60946333491059 2.49915298251212 4.07016510018829 5.01391829213292 9.98075709647645 -0.0298351371351484 -0.528918325356074 -0.355085991142443 -0.128539963061634 0.192961411012572 -0.596524873320814 0.334294097083552 0.354937891682602 -0.440877250577884 0.192657754622387 1 5761.56195912601
"1" 3.07977064928825 2.52873089697023 2.50082835340625 4.0170724827557 4.9024699330652 9.94663393682327 -0.0320075614659498 -0.533701749350024 -0.269817128302038 -0.00690617696552836 0.205150454929865 -0.603678111772799 0.329279820056136 0.361319989881037 -0.438225894483282 0.17490458345552 1 5962.78829357872
"1" 3.02639102038138 2.56929098612542 2.5049802160927 4.05784715816996 5.04590509001388 10.0138517672302 -0.029441710062197 -0.528012659263162 -0.387262921571445 -0.221091772530007 0.197451598340618 -0.580615173579825 0.361430301850352 0.336718865112768 -0.461953040053222 0.176812263540025 1 5610.93870786501
"1" 3.05066147087096 2.55173336750331 2.56451014131117 4.06142261426057 5.06356733329968 9.93448212729772 -0.0661167721876032 -0.552804271473578 -0.408758854823143 -0.0553273509702875 0.265234306957879 -0.600669780912194 0.321634377129514 0.360525885636851 -0.431578057304234 0.125818533902774 1 5747.50380886122
"1" 3.03181788539533 2.56771548018395 2.48252539299809 3.98021448814634 5.03075641597793 9.99283859314414 -0.0136682698893449 -0.521290071695561 -0.338799250937515 -0.0847974138239085 0.176012297722584 -0.61124346775236 0.333476463263545 0.3680835280835 -0.441159150286731 0.185770175837567 1 5731.62138459846
"1" 3.03738133454987 2.57041015948564 2.4079259371311 3.96421375119664 5.08472579871626 9.99564635550838 -0.0198276700924124 -0.52520515009534 -0.361626565211118 -0.0699627854684021 0.186304699881578 -0.617546477847092 0.328935794841504 0.371549302814262 -0.440557429362391 0.171500754965418 1 5942.34938511292
"1" 2.9908767607736 2.60855738963382 2.52850330858026 4.02267093943098 5.0503831360177 9.99618590776785 -0.0241871852537827 -0.523993659551301 -0.401588903056532 -0.12894780028853 0.190380939923985 -0.593344405726559 0.358062925333231 0.349850080424764 -0.457011187181274 0.168343237298045 1 5657.41857318235
"1" 2.93051072705156 2.66020488439798 2.51469066080936 4.08143799967858 5.02958819262468 9.96416697661303 -0.0341814010551303 -0.533015277268097 -0.359032844051217 -0.12682251398662 0.200926702105596 -0.598854212505612 0.317524364259339 0.355387913723742 -0.427838494505457 0.20775410766891 1 5509.29363894598
"1" 3.06341361524412 2.55079485278635 2.54195402888777 4.02806146651758 4.93883421664484 9.98993772237028 -0.0531432582948782 -0.543036204110142 -0.27558753415552 -0.134296675701306 0.231266100939596 -0.589080464095894 0.335291553916554 0.348893736174109 -0.441654015713625 0.163640272996436 1 5935.00078466916
"1" 3.11575628485909 2.49359848344501 2.52639251541985 3.94631444750616 4.9994674618369 10.0418060896853 -0.028993082678295 -0.527580632842877 -0.350174358777781 -0.148676978729013 0.184664142444068 -0.576492609797579 0.356830292124443 0.334991605018114 -0.459110590584012 0.201010592764133 1 6014.87992594513
"1" 2.95600858342546 2.65411549881939 2.57013256288751 4.01341181245779 4.99595355749864 10.0220732878841 -0.0390656978275693 -0.530503292732309 -0.373334929416642 -0.187944105690168 0.197169079378935 -0.572760180404123 0.357579689394239 0.332578593104274 -0.458057102702818 0.194007375893795 1 5845.87058375492
"1" 2.95971707802932 2.64905533149645 2.49413390397513 4.02777789977044 5.01198461174217 9.98995081258605 -0.0311504859044614 -0.527634214663492 -0.349944437489245 -0.128051589337334 0.186573521271608 -0.588482230926049 0.337931586040095 0.345277461499419 -0.444544925826768 0.208464873918411 1 5904.30227433551
"1" 2.97686985945484 2.63254190478531 2.53981369094866 4.15522343999029 4.97608513609191 9.93725269475639 -0.044993860907801 -0.54114696534578 -0.308301444125744 -0.137916879669167 0.21655713531297 -0.596835369942732 0.315347176292825 0.354184689949635 -0.425382801655638 0.198706437288756 1 5847.86347440458
"1" 3.05911381382666 2.53795271641314 2.55203093683273 4.07228093459996 4.93694437273512 10.0130374264476 -0.0350905904960427 -0.532764927631032 -0.31134110042147 -0.218955522509454 0.20307364142661 -0.577030160736278 0.348981023095828 0.336926024946999 -0.452392687596154 0.192966273031786 1 5665.56659501537
"1" 2.97186165223689 2.62782815018535 2.55455196895781 4.10660234754357 5.0262202545857 9.96912289811296 -0.0520376257841014 -0.54570260663045 -0.350208346968342 -0.158249534001834 0.232047729042012 -0.6069002166967 0.296143348461857 0.365370622552033 -0.411778639579654 0.191570847756612 1 5669.03617139958
"1" 3.01465970968117 2.59215636795692 2.52184503635127 4.02694150881338 5.03009804487917 9.99341828926589 -0.0315379496642677 -0.528617849153038 -0.376689165000262 -0.108223243562088 0.200080777642811 -0.591001579430901 0.358674673986397 0.348544791116065 -0.458322180468978 0.159971713118928 1 5819.59891758811
"1" 3.03745519609338 2.56792401598833 2.53453691258545 3.97055484135046 4.9928350012421 10.0540860305731 -0.0308645145507514 -0.526968559469928 -0.358933816442166 -0.213428200287432 0.192122349282408 -0.573770903975822 0.36695425063682 0.332768496922176 -0.466989773676204 0.182382356799283 1 5777.65458981504
"1" 3.03613920455304 2.56147955208671 2.499748353489 4.11120580049032 5.02365140907457 9.97338331093373 -0.0346850739199732 -0.533541404557228 -0.3708920297826 -0.154979889988753 0.204796014168498 -0.601300732849333 0.326853095382423 0.357742262894215 -0.434659697698906 0.185670817237201 1 5653.17343072681
"1" 3.04823176881634 2.55124355629131 2.42973507555706 4.07608677974859 5.03619714584732 9.96219593818458 -0.0296574602744706 -0.532425939076884 -0.327281604067644 -0.090613307726525 0.199621436891525 -0.613768529436226 0.314524510377135 0.368642934312817 -0.425800567021224 0.188212758862742 1 5740.29568130943
"1" 2.99077029837502 2.6055734190421 2.41966458734174 4.04832647541803 4.97742822904642 9.98512758710861 -0.0267334283354214 -0.529728211552621 -0.286607413307039 -0.125999388501568 0.209872794180171 -0.632932092067141 0.315525765797206 0.388278886362385 -0.428078365583624 0.139383342373123 1 5682.89932736558
"1" 3.02739041315995 2.58227954407682 2.52433340452045 3.98053098542108 4.99467735185904 10.0127533598039 -0.00763757331540444 -0.513778137726142 -0.351032858557019 -0.122744303223341 0.160939162918857 -0.594125309493434 0.364914932479825 0.352001363089018 -0.464936562805753 0.182866269031936 1 5898.70778022692
"1" 2.94084166279717 2.66008587066697 2.48388372813109 3.99082197951255 5.03701349821318 9.99369114309268 -0.0119637943004182 -0.515809901271446 -0.368318686426812 -0.0938571667983144 0.163414516763714 -0.594322359539072 0.348297657561476 0.350857073715403 -0.452200893654053 0.205926411819985 1 5709.27472781317
"1" 3.05494601008864 2.55330816036625 2.55960515858937 4.12089419342524 5.03787937122907 9.93372959066795 -0.0531797069246687 -0.546618812440352 -0.398445209359083 -0.132201486709196 0.245242293970626 -0.611426268202732 0.318035941876853 0.370134516001575 -0.428348729342438 0.134918574074879 1 5824.79864021219
"1" 3.04342658128264 2.57066044131526 2.55843841433574 4.10118824125316 5.01116487493914 9.94047856117271 -0.0316888741605712 -0.531430989554994 -0.410646056714124 -0.09567555724546 0.198373706360633 -0.607886341226164 0.323940752691288 0.364785815306142 -0.434264357274762 0.182994947337173 1 5932.6478084728
"1" 3.04112942893304 2.56051229052354 2.52342054877549 4.0210646760436 5.03274354479873 9.95127256124082 -0.033591374876707 -0.532237837411642 -0.385607357829628 -0.0215407652576561 0.201128241821437 -0.596245071624501 0.332954826351316 0.35375116397753 -0.441513412391405 0.186496545410963 1 5795.02707721484
"1" 3.03624784869444 2.57073929320395 2.48207684741611 4.06211303164299 5.03067073647526 9.99532892014708 -0.031263069243695 -0.530554420405388 -0.356251779325614 -0.170476987758114 0.21357362763386 -0.611130169315843 0.353528892703486 0.366880598567234 -0.454983393178677 0.118853434700743 1 5832.0373946104
"1" 2.94861658379787 2.66076090507332 2.52722615395496 4.08379032192394 4.95757313361353 9.93544505287436 -0.0372293788643941 -0.536492781269446 -0.31173648125039 -0.0540385017514468 0.213257804310692 -0.620936405269148 0.30306638542283 0.378271398688957 -0.418534919721107 0.174735354687398 1 5892.43368859968
"1" 2.9767831844475 2.61354620491331 2.54068933862026 3.99797795395882 5.02450914540392 9.97198174711924 -0.0299997344086582 -0.529573067627057 -0.372599757666684 -0.0597627576642872 0.196782648082661 -0.595565069174869 0.327297470174375 0.353315337635053 -0.439493790989948 0.198639978676595 1 5530.12858012414
"1" 3.00904752793324 2.58723787123185 2.50677403137928 4.05285759833158 4.98442134623527 9.99563291071952 -0.0250823786300904 -0.525446333967744 -0.334742537829181 -0.164024378173773 0.193272421329833 -0.601915173694157 0.344148787442956 0.35882212304716 -0.448015868456832 0.169697867873266 1 5630.78014357164
"1" 3.09529182849976 2.51091373310372 2.48722383736302 4.05500756954035 5.01081454518391 9.98028773510501 -0.0356439812464774 -0.535343029972198 -0.330417619536423 -0.123097208317963 0.200280420400008 -0.581909492985839 0.340661823868095 0.338193468734573 -0.444001707021138 0.204793100955803 1 5855.16731754517
"1" 2.96575224617871 2.62978650640999 2.54290843539617 4.02605199693267 5.05237891097757 9.95616665440431 -0.0336625697759933 -0.531550896390211 -0.381510290749255 -0.0265979300726953 0.21385880201341 -0.605489540835197 0.338128336514733 0.362249826595237 -0.444270212020685 0.150482047591621 1 5641.97877503746
"1" 3.00033864626685 2.60360058778731 2.53411814647401 3.95447431491324 5.02491143321935 10.0188430073028 -0.0195627844694221 -0.519032573990922 -0.393503871039088 -0.123548551406154 0.170872690540786 -0.575540549065766 0.36844521118947 0.333497458781511 -0.467620811227338 0.199413004958072 1 5782.84750680675
"1" 2.9726639579186 2.61489235472668 2.60387260412806 3.94968901549575 4.96904384789026 10.0048452080186 -0.0324742136740619 -0.528833674121383 -0.357012986475644 -0.0683096659773971 0.200445019972284 -0.574293340696063 0.355946691734776 0.334542238740791 -0.459913014211367 0.187721763850459 1 5519.04430921649
"1" 3.0477613240299 2.55944278107026 2.44322557673029 4.04845386993146 4.96055745773054 9.98442875092017 -0.0244484021096739 -0.527281902828036 -0.252077996323835 -0.119731280533311 0.189219349513935 -0.597165560290104 0.343477675331253 0.352632027658563 -0.446936936057836 0.184943510924819 1 5881.73136757233
"1" 3.01794740465816 2.56277554488547 2.53977692427525 4.07004329127164 5.059046919357 9.98096360832539 -0.0266926507740865 -0.530202236226215 -0.410995768205447 -0.141778486704831 0.210896751810537 -0.607644033260556 0.336981604476823 0.363278733725729 -0.441360638927061 0.154126424220632 1 5458.10707727147
"1" 2.97922310955401 2.62648705671264 2.56564925893347 3.99803553652232 4.96892942787742 9.9963791159806 -0.0244749994141146 -0.524175310055719 -0.350024186075608 -0.0914325511455641 0.17617389363605 -0.581173017278988 0.347250974814527 0.340152641667667 -0.450247750580461 0.216376651445253 1 5850.49728232815
"1" 3.04068735382695 2.56427537428453 2.48121097782278 3.95993413707968 5.01366715204721 10.0185803194204 -0.0205293660222542 -0.519564265617311 -0.33505139564905 -0.121962200674204 0.176374617962776 -0.569242171220881 0.38382312182751 0.327484140223945 -0.478265412348475 0.182156918189572 1 5842.02773497839
"1" 2.96319929261795 2.64546048998783 2.54140939773265 4.05281332924599 4.91103844066575 9.97996643438968 -0.0376385661277134 -0.531947372673868 -0.260498858779912 -0.115539576667254 0.204255430745294 -0.594232144731035 0.340141995744789 0.352277395113587 -0.445070275134501 0.176972687281224 1 5857.02420749302
"1" 2.98867444236588 2.61429596093523 2.54590798430543 4.07296764506416 5.02176660894797 9.95385566129354 -0.0273627946209405 -0.526794633354059 -0.362058865621902 -0.0738027453707701 0.191138797909269 -0.593473322649173 0.344571848840785 0.351204705027286 -0.448251561859032 0.185378785892978 1 5759.393312722
"1" 3.01244066618812 2.58840504140498 2.4882472782415 3.96020140765291 5.0752222963898 10.0026145057963 -0.0150109146973017 -0.51949589970054 -0.399252933983526 -0.0782885329350461 0.169050424021236 -0.591472204865497 0.349360250429859 0.347803628352809 -0.453490724372419 0.203593033343287 1 5729.91360024249
"1" 2.93558541613337 2.66942448399748 2.54336043700691 4.00594411283782 4.99957497246902 10.0160603765201 -0.0189230623383558 -0.519160108738876 -0.374142395044763 -0.173773884646609 0.172763978407933 -0.585958079370085 0.3574883426858 0.344584754815075 -0.45932508316706 0.195526678021756 1 5766.9542413897
"1" 3.02244554029086 2.56654771916221 2.54536407230838 4.04471891676112 5.01336157518906 9.96581434973515 -0.0364286205140616 -0.534887941920522 -0.386667352178602 -0.0790195438959227 0.216495343084949 -0.602380059412384 0.333982472129265 0.358068110212745 -0.442139763555761 0.159875897134691 1 5541.17267556332
"1" 3.01359889627895 2.59096538924332 2.51375627258858 4.0378343778625 4.98668441317893 9.99868522511926 -0.0343899325640994 -0.530272562430195 -0.351389567520555 -0.14823336400575 0.194997956759223 -0.580685452718181 0.35065816945523 0.338854132545348 -0.452905759674046 0.194287556793641 1 5816.08444618743
"1" 3.06683342851788 2.53992819538246 2.56396725745714 4.0735070759129 4.99594127432231 9.96499491849554 -0.0247305634145009 -0.526977068755986 -0.331857586314721 -0.0996268485946516 0.192630367754373 -0.586463648444855 0.362988324802109 0.346288451528499 -0.461924016220304 0.166668029019422 1 5839.68448750525
"1" 3.02254820859656 2.58323811738902 2.46803069781627 3.98558763125542 5.04466898984897 10.0037484494427 -0.025338099185728 -0.525156969220374 -0.362609241979714 -0.121164933907169 0.187450364241646 -0.588877037563059 0.355367448104476 0.34738852068578 -0.457848839778085 0.179089357312717 1 5836.0282137053
"1" 2.98996692101657 2.61862539671876 2.45507453247302 4.04344759696152 5.00479771090549 9.98277498175211 -0.0249736899925478 -0.525350689419832 -0.328658845226185 -0.114709890321946 0.18073952177903 -0.59588323423073 0.33555990889089 0.351833650754537 -0.441455273814139 0.206596222435854 1 5914.30966603472
"1" 2.96396943458116 2.62918155842385 2.59121811239556 4.12514849796725 5.05120998680216 9.92199114379657 -0.1028913470741 -0.558432757963788 -0.369426689156671 -0.127015766075484 0.350601921078743 -0.577832506137646 0.402576759222509 0.315990543054433 -0.481898088950914 -0.0392637801536314 1 5673.57329324299
"1" 2.95037098134608 2.65480832695497 2.49105477698592 4.01578436088724 4.99944268913946 10.005249872113 -0.0240548090398726 -0.523452573354862 -0.336520101866888 -0.126836300870074 0.177590163764765 -0.587627243257384 0.344234761852482 0.345319043366531 -0.4502131036346 0.20782293202926 1 5813.85304714278
"1" 2.97962432700921 2.62396596659139 2.49477214297521 3.96103703929125 5.01513253676834 10.0115264186935 -0.0141529785729772 -0.516244880813756 -0.349063626095048 -0.106874370525434 0.166437636688516 -0.579455336916147 0.373142718729598 0.337895716767982 -0.471127576899948 0.18969814861107 1 5796.39895955036
"1" 3.02610107652707 2.57440146071122 2.56435649157059 4.01510535236502 5.00763605834144 10.011726392434 -0.0253554295489417 -0.526399293095537 -0.382027857252389 -0.145601138939598 0.189113291969967 -0.58870400183974 0.350337453528999 0.346593695446259 -0.45382013243846 0.186020751994434 1 5706.88123261984
"1" 3.05390827991104 2.55309889113916 2.52583485755075 4.01004123173102 4.969901016462 10.0080961912421 -0.0316424608823403 -0.528675562452606 -0.335457387873764 -0.129377882805227 0.195806601410793 -0.583314066867847 0.355698009131194 0.341250293516767 -0.458229292196264 0.180295641489991 1 5865.93366357826
"1" 3.0384535160271 2.57256505112197 2.52640121308915 4.05131289848358 5.01920552173185 9.96687806019449 -0.0364344338622531 -0.532602884823849 -0.387765215606301 -0.0946194843544021 0.199224742396106 -0.585543503718463 0.341980434302903 0.342317692818224 -0.446337619895564 0.19595594949476 1 5903.89095258293
"1" 2.98753832611378 2.60763622608445 2.53534201330024 4.03120964990175 5.00316032489948 9.99582200099016 -0.0473621640107767 -0.538335301804529 -0.375381028976823 -0.133799365884635 0.221710695658484 -0.57994094603902 0.347283914294485 0.336749828544466 -0.451252828498065 0.174125930201992 1 5616.68691154123
"1" 3.03228636690075 2.57586066253363 2.52673629540391 4.0436190777671 5.02693040479932 9.98111632827157 -0.0359700611853664 -0.535019415987296 -0.359188934662027 -0.143307274943186 0.214361558232157 -0.614803767164946 0.32810226929954 0.371430838399109 -0.436123728705117 0.1487906866072 1 5838.13429252392
"1" 3.00871544842741 2.58639329687782 2.47858694026025 3.97841009505603 5.04927023703226 9.99264343561888 -0.0137569211218872 -0.519776706731876 -0.380690015367966 -0.0765338843427291 0.170110082371525 -0.597496630410196 0.342615126018303 0.354390367761872 -0.447942821522863 0.202009349668341 1 5587.3987399561
"1" 3.02765768871955 2.56953182223938 2.55329107523851 4.01511487346049 5.0056224851245 9.9762498940905 -0.0341287279205577 -0.530834790842045 -0.375943550259404 -0.0713296820312853 0.20220705496854 -0.584029859612508 0.348659871977873 0.342290898671639 -0.452148827984088 0.183518181866545 1 5671.83667385133
"1" 3.02171009254107 2.57700411618811 2.46559767193474 3.99739770475988 4.95669786654977 10.0067405259369 -0.0269619960329995 -0.527472811307521 -0.259781804818802 -0.121865175587718 0.185908590739647 -0.577734451478678 0.349908413558826 0.335737167202755 -0.453727855143153 0.208623101208294 1 5739.60661694656
"1" 3.02064970915153 2.56324614661373 2.57410219890982 4.10830727213918 5.04806844379781 9.94618408288467 -0.049664865751212 -0.547029322411165 -0.354424632510449 -0.162628740717792 0.264991203849705 -0.624014471483555 0.315757892095739 0.379194480784042 -0.427964514158997 0.0941878529682183 1 5595.61621882941
