"1" -0.80402435636481 -1.14271581066111 0.072615882767045 0.538067224285719 3.39332355757872 3.68010558227919 -1.5647764581091 -2.05406230107389 3.05214493872733 0.246348297850535 0.160689507798309 -0.796772138059405 -0.146588808226826 -0.155917720048928 1.30272304133402 -0.0416720362837068 1 1742.99092711848
"1" -0.974080789748421 -1.16876401917094 -0.112116576173437 0.989872059815963 4.26106164109007 3.39749013140885 -1.94477068564063 -2.41633057042148 3.03496225549243 -0.641747548449764 0.13337384215192 0.649733317835727 0.385532264122479 0.121884501435939 0.639676782794889 0.629002891893343 1 1970.83881430491
"1" -0.604796241061093 -1.37041261673229 0.433229212256619 0.827932647155252 2.41207558169117 2.96428643756539 -2.35681527583999 -2.320606969801 2.98737845556324 -0.796704317753441 -0.436120057798138 -0.497363214343835 0.036554425905133 0.0154113630804678 0.614193249243423 0.050656338221803 1 1735.2832649264
"1" -2.20450121658329 -0.339899551319753 0.604987512481318 0.148604757695291 3.33491729915055 3.68842835026849 0.159939560937518 -2.26056419677199 -0.688903318010028 2.56180751063237 -0.169539359732516 0.655474691099361 0.00522809062290338 0.263932715754674 0.752550371014375 0.722064635073785 1 1912.81951978371
"1" -1.05751670434706 -1.46096420010807 0.323136594197848 1.25444711858589 3.17141449053395 3.92764606043245 -1.16706435003201 -1.2920691423485 1.41963412056063 -0.474431887950604 -0.193254811721221 -0.314283465752793 0.508920250089521 0.463759017330719 0.42006580501006 0.83738511592384 1 2196.21013412745
"1" -1.95138158889986 -0.434387313610405 0.341231896772217 0.120163798206939 2.94934670847384 3.79127585987414 -0.421462163394566 -2.57063404305782 -0.694021420554356 2.68388926870446 -0.300339072522121 0.767842861886508 0.0885309966018589 0.0340443252343227 0.782975152035579 0.117455017230753 1 1790.99407888516
"1" -0.386113572620571 -1.13793692538577 0.0932933383282283 1.15075788351668 3.22180899130664 3.59169131530304 -1.83373198262647 -1.66211744178913 2.75948001406005 -0.877718033449559 0.314493063846046 -0.438266247062685 0.337751294401834 0.796706174667274 0.323610482043016 0.42526867070071 1 1946.26449097966
"1" -0.315251243208873 -1.06534772182579 0.222293183033851 0.996457945677987 3.03376319772907 3.72614858859358 -1.76453416886965 -1.6078210317805 2.74967327891482 -0.562224714635889 0.148276267506222 -0.799237391274656 0.136933728111392 0.761983425930671 0.635016556028893 0.328805335174564 1 1935.80945236048
"1" -1.8802871184799 -0.495508520627352 0.692657401381176 -0.0315525377429765 3.4932482900016 4.01173701126154 -0.856320731514131 -2.47700839125043 -0.538280272940468 2.47303078553152 -0.265579672517802 0.953659527891323 0.0643417847158192 0.190389200190947 1.24742359522231 0.161773778648271 1 1900.06670016265
"1" -0.585149183716856 -0.830703703814446 0.255683116692314 0.355046396765838 2.96355841030542 2.77463768490137 -1.84014466115664 -1.66516674835342 3.07030866491269 -0.168588792048274 0.188297016535673 -1.05539768997914 0.319216925459197 0.145204057654892 1.41470521529832 -0.217999671803068 1 1835.97118264228
"1" -0.531676688288905 -1.21939669682143 0.0798946135387229 1.10026996985306 3.27472072923243 3.93553384857391 -1.57073618716643 -1.9245548130696 2.63268334731059 -0.857643169941279 0.482193178191706 -0.374564194846378 0.78361445406107 -0.040465627445132 0.750950421511161 0.446604696793517 1 2040.31303121331
"1" -0.359883120646663 -1.20991269512784 0.101217079285336 1.03170664540421 3.22958177497439 3.72930296882087 -1.40463684611028 -1.55709709234655 2.71661480898104 -0.791295974845985 0.141593696966162 -0.903438692047541 -0.22098838198417 0.443931017160575 0.768179504389175 0.217293688229603 1 1861.38351856757
"1" -0.715186236669264 -0.866100750907948 -0.0751106093462329 1.11918297857757 4.03665295671469 3.62757916913055 -1.82465020853903 -1.73237231919995 2.95151428725693 -0.518541643322985 0.184142102848723 -0.709653038092245 -0.173969353628804 0.804995888923028 0.875625267649315 0.908553136880143 1 1936.78363628738
"1" -1.24868702250373 -1.16976317384716 0.189716105655293 0.792008758423491 3.59500247800239 3.52493690834678 -2.0739633969904 -2.06876053514971 0.79913080584991 -0.0311841722869513 0.368076133608363 0.918445318146574 -0.0288359358991329 0.043999693289098 1.62196725048605 -0.231023335862087 1 2452.26208036673
"1" -1.64477464661658 -0.00548045958894985 0.805763392847398 -0.0958975652608687 2.80489465669725 4.16885634901975 -0.618040609061704 -2.07381160242972 -1.28702288492749 2.37710061613058 -0.0992706533961031 0.577225659874028 0.473204958048418 0.180798228679178 0.813923694993098 0.342500978801889 1 2196.83063459414
"1" -0.509753809635719 -0.932364218981078 0.0484247883224658 0.18659396526694 3.48997797051674 3.26300010816375 -1.47862913316763 -2.09021060077286 2.8729207557608 0.89209436444336 0.117027347456721 -0.720504184643745 0.0998386072220285 0.00317527378657001 1.639727803947 -0.292594392019895 1 1561.36864589176
"1" -0.749390795942896 -1.38972587170521 0.0534895511401405 1.34759075307833 2.97446649377011 3.64046979054887 -0.0348382915075662 -1.65374343043209 3.07863389496883 -0.902208323632609 -0.0898709795053887 -1.14157147170959 0.266140140770952 -0.459303582369622 0.163077128262371 -0.0355145596414227 1 1684.51071374113
"1" -2.87812511094366 -1.35501790655412 0.640887561905588 0.805576707394913 3.39372051018357 3.66708377701872 1.00276139987966 -1.92573403959334 -0.689359217547557 -0.0862425804919791 -0.288418499811828 0.83883262940806 -0.5378783578938 0.556787428294394 1.34750604049191 0.242690598936889 1 2214.09499114575
"1" -1.8979858304733 -1.36241525816149 0.709786154180132 0.86236700032671 3.25819883507342 3.5129395723852 -1.0906450474586 -2.09036640291769 -0.583709769481642 -0.508491884366993 0.2034480575452 0.630398963836738 0.79036027838955 -0.00967878829425925 0.738589796641776 0.999365596092855 1 2237.15554178362
"1" -0.92987277728291 -1.10079934674594 0.351457383323622 0.543460267442437 2.61505005390894 3.45944351320119 -1.37963774608224 -1.89360712713986 3.27609833617314 -0.495835173568609 -0.247863613217552 -1.49541443571414 -0.0785337639443999 -0.0371825823349536 1.24838516028076 -0.320628243200441 1 1689.07607800035
"1" -0.804404049138286 -1.31320266434344 0.0373158338863034 1.21431752682642 2.81602081839923 3.84368651768053 -1.32750589179008 -1.3347285247686 1.35887964693355 -0.491773483476809 0.266880985542353 -0.449365497357686 0.332747227236236 0.695813928646235 0.176156349791118 0.462256068076017 1 2208.00215583962
"1" -0.56425609836625 -1.06705502213745 -0.161666224299636 1.06249795964099 4.24055671735942 3.78335531420015 -1.91108256355803 -1.85900915807265 2.79388311417875 -1.06861949203989 0.282607997368579 -0.232670892382306 0.616030904123788 -0.35090763642951 0.204667144718047 -0.117171203337284 1 1971.16393521738
"1" -1.67443952685374 -0.792275136430154 0.629811084058601 0.16275778251486 3.04413877056878 3.74754954042511 -0.796417479999194 -2.62599656320775 -0.675553900971682 2.91780664597102 -0.273697536661948 0.65302081251265 0.16893289801304 -0.0962923829938984 1.20111847875044 0.0136531738227876 1 1898.96187327825
"1" -1.79772628020876 -1.33111995871282 0.688490577286274 0.974916390056547 3.18738199114013 3.93573574427989 -1.02718270873715 -1.74686678477089 -0.474019867040425 -0.313084085734465 -0.048352814153508 0.618131230726308 0.304855287971361 -0.00715939250480488 1.20101224346799 -0.188335668957761 1 2361.25869755341
"1" -1.07193730662159 -1.18357855460936 0.144536160521647 0.883299689618579 3.30134677720531 3.25765882231378 -1.64217640607567 -2.05768998521189 3.24386487462305 -0.840095277054216 0.425370635418352 -1.04378875784191 0.828217462174982 -0.00045726356348635 1.40761972577213 -0.197760802342596 1 1774.19514129087
"1" -0.772167929233592 -1.154359789061 0.0983846448357342 0.982179458250744 3.3641700829949 3.35280619287506 -1.93370038961312 -1.97498784987943 3.04775324441836 -1.04758656295129 -0.299684754882484 -0.360841060019405 -0.191132890097093 0.351611700949011 0.494794619068697 -0.191856810758774 1 1866.46746908646
"1" -0.606103128431124 -0.86442928623216 0.15285891394434 0.260720194447963 3.80958336466294 3.85851009615178 -1.73961920961368 -1.3876042714601 2.94324809244452 0.649661147748395 -0.15239484051443 -0.537845217505934 -0.016541514742203 0.542793276441134 1.32296186218747 0.0131110494656567 1 1774.56208437098
"1" -0.88997438262122 -1.42761698080823 0.269228070957007 1.0079596030243 2.79342603364287 4.24273498639439 -0.998337248599085 -1.23813111729611 3.18634377663477 -0.264729734381541 -0.194843730335961 -1.28147474506314 0.0408249602656407 0.294771259035396 0.988469804835911 -0.256880759580867 1 1446.09322915468
"1" -0.786945521246989 -1.57753335397528 0.189654621072593 1.22939655455887 2.93815236875405 3.61993497503379 -1.21643044449837 -1.82197656596085 3.01899435395421 -1.1582627161108 -0.259670464096826 -0.644056584013558 0.593201458846159 -0.062036996952179 0.426079031523865 0.0796320999841009 1 1633.86768457181
"1" -0.653678455162336 -0.634435043955051 -0.269768306698426 0.162164584097176 4.66524934262514 3.70458681672997 -2.15608420004235 -1.8789817907669 2.76174960855067 1.4543538355024 -0.210832431359466 -0.426970759114583 0.233122951085601 0.130282947590977 1.45770293049405 -0.15904038301944 1 1853.12852269796
"1" -0.628302115019247 -1.49389377524475 0.122382870658797 1.15567445011748 2.72564878055235 3.92388075844031 0.32446415899318 -1.32707091965344 2.96272536432324 -0.856098602145837 -0.307548312530493 -1.31636181891609 0.180101189845244 -0.175146285397966 0.117530041854399 -0.0277515609540928 1 1551.55277173691
"1" -1.08086920846671 -0.882795425962176 0.450721328934666 0.804167260785733 2.69602690492588 3.89859973917003 -2.56211537570894 -2.04523903248726 3.4196803556741 -0.259587689856718 0.0796719732053854 0.62343080177566 0.140785657965991 0.366298250446006 1.71465197498833 0.098525273042984 1 1956.63988471894
"1" -1.35702883049067 -1.44491320850296 -0.154834440991773 0.578070971696633 4.31437596554392 3.92028768893367 -1.94558302894392 -1.76870617312617 3.29546681272701 -0.602528539524699 0.0321547724201196 -1.03694155112648 -0.0599754745792022 0.512056164723391 0.517654879148898 0.0461424179940214 1 1828.15364151734
"1" -0.708772260335352 -1.15471772753751 0.0724430023219445 0.917634531096449 3.50045281235137 3.38252186596571 -1.612258189588 -1.8833787423519 2.92839236687214 -0.687786978702653 -0.134383836377643 -1.08436512786372 0.21112754369175 0.266556410274773 1.06505147893884 0.230115659125844 1 1830.06667581963
"1" -1.88105114904272 -1.42433667665189 0.705594769981709 0.72877479180294 3.06432110242604 3.39094940221396 -1.21389949679773 -2.20748981728936 -0.550005691285185 -0.244811543647968 0.212011748462943 0.705005178102 0.0582980377998707 0.0774587933481516 0.97532203546264 0.56853451384109 1 2169.44423096675
"1" -0.595077980095782 -1.22474078858429 0.120238880218984 0.559654288679774 3.55424350676539 3.1667854448838 -1.72924404395154 -1.84206825758243 2.85907170554841 -0.373755406091724 0.554922499932815 -0.112569660172003 0.48204310361626 0.359056841020222 1.0798987969437 -0.285588158679634 1 1785.41595751512
"1" -0.837075362870845 -1.34281860535585 0.0913470169336808 0.567512549305629 3.238896880473 3.35403997973401 -1.245607760221 -1.78254485436527 2.40976686731668 -0.386066574154551 0.291781586560044 -0.539755102112513 0.375993229101006 0.340971412051174 0.789302315938032 -0.448321614651886 1 1751.23368806983
"1" -0.743396178250147 -1.00851704255358 0.239395204241196 1.22013121312076 2.97812566667508 3.86849613776685 -2.32633080611161 -2.04610543701271 3.08198717045228 -1.14393231614822 0.0752892917838467 -1.14443109590118 0.42377359416581 0.335919623653249 0.751959804824307 0.174368007545176 1 1881.45707360845
"1" -1.895884971555 -1.30001199936852 0.709768994462049 0.557315568498763 3.24067234706331 3.61899438993536 -0.62971358551474 -1.72558763843811 -0.532759024353163 0.254693562737303 0.0335073609779987 0.609838444293205 -0.318799825698054 -0.0561156845132164 1.07325904302459 0.20365098869741 1 2280.65087426978
"1" -1.75108749484342 -1.43972924484688 0.944261920074631 1.28246253786822 3.54151596887361 3.68266849246376 -1.33533373769766 -2.10496387938783 -0.90721924559523 -1.19586472178807 0.0249854959747002 0.698552801772311 -0.266116958089345 -0.230163957520786 0.542726377838944 0.364368905864445 1 2328.18811280193
"1" -1.19446481781192 -1.17157586787485 0.22778442565271 0.787836556395633 3.27189278667942 3.06980070914415 -2.10457223757481 -2.3926875274357 3.36302412118845 -1.25112700582219 -0.34307637414507 -0.139586647323131 -0.057948126093101 -0.0733472445971346 1.2575882737606 -0.0367642346224064 1 1703.52112457966
"1" -0.578460877313994 -1.10710506953201 0.312539927759058 0.956325024537408 2.5931337191738 3.63614274871766 -0.931244563205415 -1.69984531030126 3.00039690856106 -0.576921752452939 -0.0820624800414408 -1.13867358048258 -0.00808820856785721 0.502312167942415 0.657794337446888 -0.108115838796999 1 1762.14337444709
"1" -0.633490774269587 -1.60475859928428 -0.0996111104348548 1.72131592149084 3.4534046893028 3.31941610479597 -1.92967172903391 -1.93909684448658 2.30742448626746 -0.380220270989401 0.462154037020326 -0.276122570762541 0.329263153588099 0.701978667404772 1.46155700401263 1.16126796327952 1 1946.15916674977
"1" -0.360108130415535 -1.17801650163375 0.211868588748613 0.431652115750473 2.97536412717433 2.74040902435517 -1.27308026214652 -1.60695599839952 2.68442032540813 -0.0550836600793423 0.0796294073482896 -0.796368056103759 0.550467716201985 0.33732653853807 0.846185386105009 0.291823235626796 1 1769.0809494683
"1" -0.753555297839639 -0.184877256923925 0.0332059281240976 0.195416070167934 3.18664762175756 3.53943190953338 -0.915952034589746 -2.40412944003851 2.36316002770395 2.48356985442036 -0.149839234657047 -0.462174013752176 0.418412216084652 0.22912722161254 1.1077321569422 -0.293395572309426 1 1578.45612027293
"1" -0.395228644010942 -1.36548095671172 0.237798821986407 1.17855789215678 2.8998305171472 3.83774513667795 -1.17639993287426 -1.4506456362642 2.77435227800689 -0.620976499050008 -0.004460920483751 -0.873261371033566 0.783198807280229 0.145156424521079 0.354514103992048 0.0578366358134911 1 1831.16438108438
"1" -0.891294810514534 -1.13766573625862 0.325617404285448 1.39368087279455 2.45511210795097 3.73886788971506 -1.00214300272593 -1.49900880758812 3.2654051059133 -0.741841256824139 0.0797065018169285 -0.825563460722431 0.242287826900969 0.161294932961219 0.0889507780674769 0.229893123006821 1 1735.26973462595
"1" -0.617502802860879 -1.31881538310571 0.112038353354001 0.68145226187416 3.732423031423 3.60108966476971 -2.01310597106183 -2.22111666734964 2.84104636015388 -0.46416207184088 0.448290363774594 0.429055397595004 0.117449271080048 -0.292855832038835 1.16385238329426 -0.599626091165396 1 1972.09366880095
"1" -0.67627219496575 -1.07511347356769 0.147764268940459 0.644907547424882 3.24406681181055 3.4935384782702 -1.40104503487354 -1.64310672808358 3.01639513419204 -0.0815618443026548 0.0960740133199242 -0.490937853111301 0.278599206362081 0.818559917229293 0.944922392771866 0.069251220778657 1 1866.79016444197
"1" -0.49748358412654 -0.968181180613266 0.346126965294144 1.06884380536828 2.91435986947449 3.93765942593425 -1.30113336016139 -1.36064687051696 2.87885255351729 -0.412588756296694 0.100652555242781 -1.2157455884027 0.198548333721645 0.282238514620891 0.357684251830521 -0.0866165590785755 1 1925.01811039354
"1" -0.864775143906159 -1.19716281235459 0.0432449858349596 1.03883485625852 2.65192894056895 3.66994004652196 -0.375098722743223 -1.84405659185363 3.14698285270723 -1.08202545871802 -0.127666572342399 -2.49302436037651 -0.0871930069046179 -0.0375955716151013 0.684453557546034 -0.013539297420981 1 1710.51633144915
"1" -1.86382315731973 -0.429437197214652 0.161025062583303 0.191804704442349 3.41170960272334 3.61950093776628 -0.937217630225969 -2.43876641728385 0.562396339649167 2.64899882477348 -0.257136239124747 0.416924194267681 -0.0737960113146111 0.175788943673941 1.2932931148603 0.456124155841177 1 1807.1009693767
"1" -0.915454322646853 -0.987325930603497 0.111870398255214 0.832254424653871 3.65419731986547 2.79795741036661 -2.63829061615327 -2.30314396483435 3.16500035337968 -1.02795134017074 0.357208168346316 -0.133965537864174 0.164647643457279 1.32682206358429 1.08238232445216 0.749634408023111 1 1794.59387294443
"1" -0.880928736932966 -1.31490418262768 -0.141090130424016 0.859074667205825 4.14146242015611 3.14626563257478 -2.08198597843787 -1.76117758108684 2.96842219098009 -1.22909687863981 -0.209592587114471 -0.00617119621932619 0.763627073211986 0.171987009929829 0.672550103206014 0.186584011438074 1 1859.62459973096
"1" -1.95412214314467 -1.56064085402616 0.652834397868011 1.04340176575719 3.16343040168282 3.60955355671384 -0.839013374812647 -1.67237973502844 -0.51456203210391 -0.58940153980897 -0.19065002712619 0.315985914843061 0.654531096888525 -0.151977781466523 0.547209688408571 -0.413346194777355 1 2125.32169198355
"1" -0.582942499458631 -1.31201904529757 0.255993857933657 1.07737907103358 2.74275800883837 3.23161479634595 -1.01329251208574 -1.83353846088272 2.95235103382555 -0.659886046887282 -0.422241509234498 -1.24307769361966 0.143422422952809 0.129516716259601 0.277713486563495 0.177485148086251 1 1531.73729710782
"1" -1.32350686939848 -0.731037583366446 -0.00761454301069375 -0.0267278733767335 3.07836683803433 3.10115780154176 -1.1503836915318 -1.65049168929665 0.680508450540058 0.887732865109648 -0.0445133572359025 0.469648126186593 -0.273579057802676 0.0613069623385536 1.54821633185977 -0.361559077554368 1 2382.55881858179
"1" -0.6994389649272 -1.01512032132544 0.170970887671557 0.553942997915197 3.38605603403394 2.74029748104433 -3.31685841564527 -2.5492183140375 3.0146040298782 -1.40589784635704 0.353692894440999 0.682693309567543 0.204882973055765 0.293093873891635 1.28496514539941 -0.144608027586907 1 1892.99174145796
"1" -1.23441815097388 -1.47560898135381 -0.0534938983308468 1.51817273152476 2.71503184896186 3.95593757655472 -1.41599396117487 -1.360910241499 0.824441304295139 -0.550790264528303 0.418225394429781 0.0203757837751008 0.791058600501472 0.262627588799136 -0.302497725116359 0.290116896805848 1 2198.64849263254
"1" -0.555248297194958 -1.13135723179345 0.0112182051222318 1.20334264920099 3.56252469096031 3.6918121023688 -1.95060169149673 -1.84844648089082 2.82544714530961 -0.650323113786975 0.0393372504405771 -0.730063980841297 0.239580312688009 0.402582385701771 0.918880607220417 0.492370444353003 1 1820.29406330581
"1" -0.520710445571768 -1.06360591103185 0.0971404698885915 1.33144270627277 3.62146491999313 3.82637683362361 -2.21696793517991 -1.72853274023407 2.82509824634758 -1.28265890194872 -0.117173747265937 -0.50170637222035 0.324960361852519 0.521035681733469 -0.508124353115262 0.278614225972397 1 1907.3328283278
"1" -0.752385238338135 -1.24573842764658 -0.111859557097629 0.87391426535972 3.70536660571249 3.86886906235889 -1.6376520245421 -1.79731307374082 2.5072746247427 -0.496621194561047 0.359534700778258 -0.154515732896583 1.21681440160117 0.455855351875373 0.975914839215663 0.331514284811931 1 2005.80118884445
"1" -2.00880175543537 -0.828842799754123 0.677985314298622 0.141159359848872 3.73779693656921 3.57950366633039 -0.149712925230573 -2.71512089989359 -0.293768153061462 2.91687976410171 -0.479750241035315 0.566850063544057 -0.674994413249238 0.324732093323302 0.976088364653701 0.25951845349209 1 1875.16211836798
"1" -0.935668804922254 -1.15859392816851 0.0115779325506669 1.18434674968068 3.52618923775515 3.72464246494412 -1.5366657536113 -1.79351382329661 3.13700247489372 -0.75594591297374 0.162423326838146 -0.965148830084876 -0.125344571361754 0.106555439714294 0.716797775477262 0.871128682561712 1 1717.40067157751
"1" -0.796349456203595 -1.03242903387566 0.450713825725952 1.12991868924723 2.27415972990815 3.58702209833124 -1.06274634182253 -1.64178076492786 3.22776047365869 -0.989125406898737 -0.00880912437872783 -1.34882080528228 0.126895881186815 -0.223309446711005 0.323332746964853 0.16345955131432 1 1706.11717228372
"1" -0.415416843567465 -1.20842399643925 0.209590525091008 0.890359462912551 3.16655293912569 3.44484809437669 -1.72687657862401 -2.01335399657233 2.80077765130512 -1.16359015973643 -0.188088262554578 -0.740783243146114 -0.162143047496186 0.276026448714908 0.643343732267919 -0.471805134761009 1 1866.96866117602
"1" -0.742509839260005 -1.19095844102211 -0.0854949750024145 1.13897541898982 2.6232013932604 3.65612333525668 -1.11235019538365 -1.40143374106151 1.14180409820205 -0.493570992669825 0.366311448021755 -0.453687173431088 0.326104948060667 0.529603814872686 0.149503934848038 0.501379402231703 1 2342.6494943704
"1" -0.659575113713434 -1.1630387185949 0.0802536511366316 0.762078597634084 3.63656562715915 3.11636440000806 -1.8189264405614 -2.32251001514591 2.8572265009478 -1.03975012210847 0.0756568851263358 -0.466172744784919 0.0922460401671056 0.329089145954985 0.865880524177992 -0.116328327230775 1 1833.5397010204
"1" -0.793773710003351 -1.05754964637859 0.0308851577554124 0.673184713979189 3.1857514237193 3.3634293625978 0.221928436109137 -1.53582901629151 3.09758765955957 -0.183409938609398 0.210009558572829 -1.90623953884991 0.311748890726407 -0.123029587213557 0.893205648253402 -0.455275221370009 1 1529.41387931391
"1" -0.552386649009833 -1.0832785504256 -0.0227010308956379 1.22551923895399 3.77093524514125 3.66297135263108 -0.970236931880414 -1.08260171045551 2.85017916413365 -0.0154632411104473 -0.130199320372191 -1.1835601929205 0.278935318528725 0.499527564944283 0.28123587483986 0.285816112549817 1 1856.60653271601
"1" -0.770234762324216 -1.28093671557968 0.348206615225131 1.19616535211044 2.59890760059437 3.64691402433969 -1.07145858343328 -1.64755734934661 3.10213324638204 -0.857123161117359 0.304160223938134 -1.2440498799594 -0.0288207980549232 0.0512435888194894 0.276269345833494 0.233481938002118 1 1633.08397252461
"1" -1.69479862523947 -1.2596377071478 0.589372677188123 0.807337325926558 3.27313117926873 3.58266581764258 -1.52637659278491 -2.05237698605152 -0.169690397860429 -0.222579263175507 0.0926751733057639 0.675672851218897 0.352635680423558 0.134332054224414 1.21409425812717 0.773190016879747 1 2357.67742478449
"1" -1.11574703851281 -1.07068465255098 0.158077694365528 0.85109429193981 3.29719680863705 3.19594179957409 -2.24470081999161 -2.41829016942172 3.33940446741296 -1.84192116816188 -0.533285068380694 -0.777244261450419 0.0850894185936953 -0.0777954677168719 0.507270598734924 0.0295382829928928 1 1738.96880981246
"1" -1.05750876145363 -1.33673788707254 0.0711838040757774 1.22358367469014 3.51101746062883 4.01131423302092 -1.13362522400204 -2.05095073809633 3.20627008404363 -1.37266933308033 -0.27524769279435 -1.22345665833573 0.117672296539283 0.692807991831486 0.0172015969078814 -0.123453532921613 1 1548.2094807532
"1" -0.765229414092456 -1.35364650137976 0.124524411542875 0.524488521060199 3.22580504208611 2.92812544369548 -1.84129847243593 -2.06037655013238 2.98934907579623 -0.94233430644949 -0.196644381284259 -0.604995717912186 -0.337824196724295 0.133636389147327 1.24559244032775 0.080237126763392 1 1672.95079247377
"1" -0.623854470722174 -0.874950788370987 0.0808451262978 0.631299015583543 3.32664332068861 3.26817216772512 -1.01625198070006 -1.75687944969904 2.99554423514714 -0.0395493220707871 -0.131420613452864 -1.31453050575488 0.161203331170968 -0.137776305376324 0.487196472132865 -0.183373701116932 1 1904.23802825319
"1" -0.430147474585087 -1.4531859326962 0.454170178441673 1.10073072296342 2.15769286277321 3.5201312315524 -0.429786868167799 -1.32148715041998 2.88710131044664 -0.524032235487531 -0.0404015737743372 -1.31412688841482 0.145791283455022 0.465839734178401 0.136611847874914 0.033710673369456 1 1629.93837136435
"1" -1.44291901461595 -0.442632725942037 0.233542508275832 -0.0120864901825182 3.10773090442055 4.08371341107394 -1.63787841966664 -2.245790153794 0.450470282029219 2.61928216734973 -0.0700157581509986 0.487725616114038 -0.43080191269042 0.297862622851847 1.40576060137605 -0.105999705444485 1 1986.24289286579
"1" -0.551100238085221 -1.16052434863191 0.117243426539831 0.962084597241198 3.2512297560498 3.50664000765752 -1.35318094357814 -1.66986825612258 2.87868981397963 -0.640018345709609 -0.0169187886956097 -1.15213538839283 0.0491445022775781 0.097553186706065 0.240509352308784 0.0543896479436263 1 1852.44876427225
"1" -0.775167553431545 -1.16748982966184 0.166087562106047 1.1599144682063 3.54665600011938 3.48901457541241 -2.9707454858136 -2.04970221353003 2.99810903498632 -1.78307725906846 0.862103145775248 0.567335077371371 0.695357913912529 0.628236809166018 0.821121377808747 0.148593244809392 1 1866.54314850303
"1" -0.604334537551313 -1.34715183485766 0.0056960115756065 0.700359117722067 3.40795808361005 3.55069168102296 -1.05168069282773 -1.48155989345673 2.6927853722894 -0.203656797741691 0.00178885490315366 -0.969626713879916 -0.407478601225244 0.487931087864901 0.559741764485039 0.149104465289432 1 1596.43151861107
"1" -2.05306207914939 -1.28313798379874 0.552174086364779 0.707224691806208 3.53229421699413 3.57237403177663 -0.417566146358398 -1.98464728321865 -0.321471337991296 -0.0454745352600747 -0.254428453102763 0.653987858227269 -0.162957911859001 0.0184371005979061 1.07584152237304 0.583731905949871 1 2267.53158225183
"1" -0.36508400429788 -0.530359636789761 -0.101553061307012 -0.12152527920032 3.41892088850166 3.7978217263262 -1.51357332379079 -1.96062077116758 2.33424009985233 2.05482250583145 0.165779349760067 -0.177083703528216 -0.173091798825763 0.110587201090975 1.20827383321528 -0.293584667242704 1 1707.72243055069
"1" -0.925002040431176 -0.935981059264028 -0.0988958821093409 0.670327540078177 4.31731973298392 3.65668981954583 -2.01751403334734 -2.01716636165604 3.04387267080005 0.301175048373316 -0.193394361405477 0.84221925072081 -0.550888309466587 0.134022707042308 1.3414269627181 -0.0469437262095251 1 1979.91328870447
"1" -0.851947275491764 -1.22384530545704 0.118713096157115 0.849826799703537 3.47797632778107 3.05603106617659 -2.19970677508222 -2.20758376764382 3.03767590170578 -1.65048822693195 0.12070382561327 0.0873187924870416 0.167095349042475 0.761912464803857 0.839287390270171 0.208182254953547 1 1927.18388639893
"1" -0.149197151212174 -1.02795430763598 -0.0472325676464747 1.06993719572864 3.87816587717851 3.76551885690131 -1.69624840252741 -1.53061586840054 2.48113383360768 -0.635887160856532 0.574954286537505 -0.546509958653373 0.21527190490666 0.127804797787078 0.410296106565855 0.915809384068142 1 2013.01086443691
"1" -0.890011768594299 -1.1734776221033 0.384983294826601 0.662687132286658 2.12471192763093 3.40929986192412 0.145465904048407 -1.82413343346772 3.28557131501406 -0.626619043708415 -0.138893506325083 -1.80703135950117 0.240435085057468 -0.0561967938231239 0.758218167081529 -0.483991956339308 1 1362.89475646454
"1" -0.999313139182651 -1.1701165719441 0.103848343072378 0.243544036084353 3.80797287784694 3.37764117475122 -2.32400830218387 -2.32572064875768 3.0628781363453 0.435568424533119 0.0170913227616723 0.252457396839498 0.448620921590004 0.283728790740003 1.25670228439073 0.108586316531407 1 1844.28396131124
"1" -1.84645811488518 -1.38189062214608 0.448398728752767 1.02777627170426 3.07583650366909 3.93854093811438 -0.900567453663074 -1.69422557127453 -0.143725843587963 -0.528276767712168 -0.467175526833741 0.61774682194451 0.234509974022424 -0.036682686372442 0.964645448789031 0.139575424637971 1 2288.45356822738
"1" -0.56222985259938 -0.880665540765576 0.102669889649316 0.788385787994784 3.29480830289355 3.26011469221773 -1.94381719506362 -1.48369222514725 2.95935915675479 -1.12368213849464 0.320606377690001 -1.01287591051862 0.396648125629651 0.257532470265706 0.847908242655015 -0.126603503699329 1 1910.05608248265
"1" -0.431204193101263 -1.10601965939572 0.219076281051094 1.25215790362186 3.02686441824481 3.8826811974668 -1.88889210239405 -1.61999474342374 2.80933934773738 -0.876717095728721 0.00263971050310724 -0.875883624047283 0.0309394247241777 0.615312447200852 0.269844082888931 0.0628184847943849 1 1849.29136318508
"1" -1.454309402924 -0.525865483747901 0.733074768895949 -0.183077395577268 3.06615386575008 4.35103376698808 -1.2080052486112 -2.73281878529158 0.466148472719977 2.64857940565086 0.195634682066564 0.548713736842856 0.566170467669298 0.719693172194994 -0.68364746759545 0.112522298647464 1 1986.8473057096
"1" -0.602726523860048 -1.6022299640466 0.384167161586925 2.3731016034018 1.52433788722633 4.32328270003474 0.983523817009031 -0.432517430986041 3.14146444237862 -0.36673678228617 -0.196547975460805 -1.16382144820062 0.188674507552228 -0.0161213510236143 -1.13833504966648 -0.335909259945703 1 1394.9440666706
"1" -0.687091975079043 -1.28302923362074 0.294585909285455 1.27229934611854 2.72343274771412 3.69982370958752 -1.11361068311364 -1.70014376038574 3.00164790498351 -0.874481143510029 -0.268764255922004 -1.09926843386525 0.0158047260205346 -0.0371991913741927 0.355541941866408 0.0662787125308795 1 1619.25958505358
"1" -0.9628558981945 -1.3972859429086 0.0454283471121888 1.16472122516643 3.61270841849435 3.55157726735783 -0.864789936817687 -1.93129166198079 3.11578023399768 -0.806553426631812 -0.615763840332674 -0.633054232636591 0.189195187585149 0.450376197075307 0.816406839952884 0.282784514538783 1 1584.35332612086
"1" -7.42953454064468 -0.818350013197459 0.181395464743217 0.0777009855215958 3.4540051164797 3.63275726326909 5.1222415069714 -2.33422604708358 -0.894905340728657 1.41856514608683 -0.716454549193905 1.56677270151807 -0.0530126662918396 -0.270093606883093 1.1293909679124 0.317334358988939 1 2064.06136722898
"1" -0.559710891523359 -1.3090357696502 0.108566887635778 0.736491651456532 3.2144171871266 3.46342184387679 -2.03842931500217 -1.82783380476323 2.90299527259346 -0.734822315737677 0.0182175372925017 -0.593061950783835 -0.280999312006239 0.233428666183236 0.979112355667655 -0.13812253326924 1 1831.12511233363
"1" -0.794937342276956 -1.61676144838108 0.0600090657407965 1.08290575675236 3.19337390122963 3.74832443413339 -1.39471594109938 -1.69935532592736 2.98860165776488 -0.805604318076669 0.058815025126168 -1.07877920798581 -0.0288617054471847 0.277066246273418 0.375877183886491 0.133694123176339 1 1749.94362645158
"1" -0.513155598325224 -1.05529192609673 0.127259895338465 0.887323213889614 3.57556115482783 3.03307589870483 -2.52650826693506 -1.98502514307991 2.82576952958653 -1.25765290905731 0.457352846273984 0.293483109860789 0.239406758202036 0.121544483868186 1.19752581989482 0.503766590532997 1 2101.06036540452
