"1" 2.9990890569917 2.61067041746719 2.49553996813922 3.97481514779107 5.04542008765552 10.0010878343024 -0.0212947444472226 -0.523073813173698 -0.409637744728233 -0.109964772319078 0.1732881099538 -0.593938203742245 0.342466210725632 0.351040246714238 -0.446757823503806 0.205889112498812 1 3017.81591114262
"1" 2.96345606006858 2.64255928805887 2.47935205690389 3.9954754072899 5.03444419437243 10.0207864218274 -0.0243287189914019 -0.52473823094932 -0.36561101562182 -0.156200945282347 0.179004242801339 -0.593786288362251 0.338218134887566 0.351397704357795 -0.443483946606974 0.206454794411182 1 2939.80493550435
"1" 3.0738092878819 2.5221844494881 2.57534443022445 4.08525779133444 5.06366438049761 9.98386552088199 -0.0670583159000548 -0.560354160928561 -0.450516700401365 -0.173258401838168 0.264830929688194 -0.621802528264792 0.266569872866548 0.379203217239959 -0.388008978297953 0.175150367464112 1 2847.16752541158
"1" 3.02181094031227 2.55425080319294 2.49347119800199 3.9627716913404 5.00032371778644 10.0034085672921 -0.0452703034668302 -0.541273112299907 -0.332756226987967 -0.102960760442115 0.233338844508423 -0.590113965083819 0.33411588926523 0.347879728777165 -0.440365682961339 0.163667122517497 1 2732.81966336427
"1" 3.04016126612343 2.55829459678774 2.48995870731252 4.05457173524708 5.00987604515986 9.96213792875936 -0.0539559240801902 -0.54832458030179 -0.338763086956337 -0.110534938476787 0.230348244996594 -0.594003903338102 0.301177533684886 0.350485729590035 -0.416732305575875 0.210622700310862 1 2893.119806464
"1" 3.1075936836844 2.51978307323622 2.62871571902204 4.00795817886366 5.03279652019387 10.0297597171075 -0.0695493937494854 -0.556498653734362 -0.460332220810327 -0.197607172070264 0.253247484096925 -0.582535452853668 0.328131197404828 0.344075487077875 -0.439927316744564 0.158683714965148 1 3034.45282150976
"1" 3.0857458943604 2.51040091097186 2.54938354891885 4.01051413301585 4.92823901621053 9.98004635881557 -0.0695164965207545 -0.557232261444999 -0.343568125149911 -0.112375263955524 0.266010272574782 -0.594850091226491 0.318738975819026 0.352783341405124 -0.428813758723007 0.143085501635631 1 2889.79496987153
"1" 3.0195874582089 2.59573488675912 2.47953093619907 4.08276615215528 4.97004439061955 9.99516459975395 -0.0458319330876656 -0.54272269399249 -0.30879265343892 -0.179643205714886 0.219152428113234 -0.614588535874971 0.295993038680438 0.372810542619512 -0.413212417542248 0.190051684679019 1 3024.15746514213
"1" 2.93722908136107 2.67498268286621 2.62089065617661 3.97363847621651 4.99179964456096 9.89892246365163 -0.115946501831024 -0.585293975111775 -0.373420732426003 0.0402305405236019 0.35493052390931 -0.624816780474713 0.241904692061858 0.388380888854009 -0.366691130622293 0.0940485025267727 1 2928.0875736291
"1" 3.01672138536655 2.58864790085791 2.5563377473354 3.90708765624994 4.99132109362408 10.0059408154478 -0.0501907186598152 -0.541929405854682 -0.371306827900554 -0.0681288709663694 0.228297568360405 -0.590703674879957 0.330991211861576 0.352483274943137 -0.440539250971025 0.166853372048207 1 2934.03933136856
"1" 3.00821740406753 2.60393370463203 2.60582074332185 3.98118167774617 5.03018219705406 9.97149445784799 -0.0766169177850853 -0.557770396285986 -0.456752831972882 -0.0996524863552914 0.274220479420704 -0.600059777622669 0.312826306868175 0.356374542051885 -0.423800599432768 0.135281238293595 1 2956.41430621409
"1" 3.02127103835665 2.58810792830246 2.43921198207448 3.98677930339178 4.92138792540508 9.94798757857115 -0.040905213991655 -0.542057753484103 -0.214346942895229 0.0030627551263767 0.219795368102119 -0.623374917440301 0.285663063072132 0.380951676326331 -0.403689411668818 0.190580423506232 1 2992.55588118535
"1" 3.00684670445814 2.59391694515523 2.53557276279256 4.0939188232265 5.04279486060137 10.0342011132517 -0.0600226024298334 -0.54843958563293 -0.40188656639791 -0.300463837338277 0.254602807208811 -0.603769670222354 0.321347230874619 0.359923802186599 -0.429956749905978 0.137171801565157 1 2856.25565413944
"1" 3.06525687805132 2.53970490614159 2.4873057498012 3.9650507131782 4.95520721938258 10.0395821638467 -0.0432239618336966 -0.537358264899268 -0.308785963083679 -0.179804781629702 0.210687016822587 -0.573565246871391 0.351138601257059 0.331640369825088 -0.454664613960598 0.189273377229271 1 2956.19641635884
"1" 2.98436363827974 2.61226290032206 2.52225443860483 4.00154988771909 5.03238800551932 10.0206542063263 -0.061054391546499 -0.547323079111173 -0.403530917452737 -0.192211845235952 0.248837628591659 -0.584031722533399 0.340121917674479 0.341691796634347 -0.444795491337736 0.149052239249571 1 2846.86042841443
"1" 3.05939568202835 2.55416199938668 2.50557726781982 3.99761831971972 5.03023008993335 10.0614200850683 -0.0656553014193145 -0.557851709986891 -0.404082819836648 -0.288938844497702 0.277924712360678 -0.634233946199916 0.279186531649793 0.391354054513385 -0.404926960514359 0.109820134793848 1 2936.62015675456
"1" 2.99424622785369 2.57766113465855 2.62401443034043 4.08719844175405 4.93411013747138 9.85594272235535 -0.1028698030833 -0.579631003063422 -0.373471838081161 -0.00399033699336501 0.329020232621623 -0.59525722547128 0.264833692045506 0.354405650182235 -0.38611799401588 0.157006688237684 1 2811.56295892568
"1" 2.97847432731714 2.63344159401264 2.52527649248931 4.04563888308045 5.05810662494523 9.98521336300037 -0.0386029472570736 -0.53579272649986 -0.414783964458043 -0.121803595173264 0.203916237967585 -0.601916294130074 0.319915651842641 0.358057219370808 -0.428769698074218 0.196702103648556 1 2977.0772963238
"1" 3.03509099498948 2.57903272052588 2.64634005945783 3.96962875528124 5.10283845287854 9.96289258951929 -0.113325221419709 -0.584596854495966 -0.491654638080255 -0.0897879701814362 0.339724984103893 -0.604123514157233 0.264590783296297 0.358145366868968 -0.382682315636271 0.134345028245696 1 2923.60124324807
"1" 3.06954259674451 2.52807667666005 2.59201984520602 4.12831281141343 5.07067778125231 9.94588530342888 -0.0720802331731998 -0.560843683000038 -0.460205905264746 -0.160431249385876 0.274147025128746 -0.597378908441278 0.295787342891473 0.353999814115294 -0.412713104088098 0.165733902892108 1 2871.33741659258
"1" 3.05532347551952 2.54633047057388 2.56017386363473 3.97933379496779 5.03376354821557 9.98656808511153 -0.0532551597536725 -0.548691164295184 -0.40708161554761 -0.0880381711691483 0.244894624422054 -0.616704681834386 0.295587553780928 0.375721466700221 -0.414368229919775 0.15717403460239 1 2900.70643506501
"1" 2.96766492186049 2.62739912277125 2.45134890683581 3.9758587280184 5.02539614132274 10.0117146009018 -0.0294755636656334 -0.528984267862282 -0.34385817808552 -0.13833816678228 0.1964807790114 -0.598167389474488 0.334268219945285 0.354974785804042 -0.440619169002895 0.187928417415159 1 2832.46439548527
"1" 3.04430008970387 2.56404397452772 2.37459949710311 3.98384919877418 5.07092634307664 9.94654757677443 -0.0308913333364142 -0.532654088229793 -0.339413878577189 0.0121377036427308 0.207936516883444 -0.616228401206139 0.327379955760125 0.369873311615351 -0.436444117004253 0.156315516921793 1 3005.47157321752
"1" 2.98636625470692 2.58953612493931 2.48724886948213 4.05041606584443 4.94137777828716 9.98654717296559 -0.0426926723662467 -0.54114964796282 -0.322593957300477 -0.160632306654284 0.215805470518753 -0.59018455736722 0.300378680669228 0.345465217300791 -0.414605257375372 0.235885520451631 1 2726.03516195638
"1" 2.97609911564071 2.63972042068366 2.58232330935766 3.91386474325939 4.99156976296924 9.95588072398245 -0.0487618890779812 -0.539147606449919 -0.369244727486415 0.0607069135651223 0.21817500814037 -0.582070036535544 0.340696038882461 0.342385465812513 -0.445858218918203 0.181115406907916 1 3024.56843544736
"1" 3.06254878511437 2.54673580318335 2.40366403366603 3.96901641523176 4.98607678983717 9.98818340512607 -0.0418747894918 -0.536896685958881 -0.294652711642765 -0.0665225297143958 0.213136700701349 -0.589024789071477 0.343694691596805 0.344950324765481 -0.447894616807471 0.173602905418537 1 3016.28100148379
"1" 3.07748395490394 2.53575077775628 2.45437300950161 4.0759980468956 5.01333168028623 9.97418346865453 -0.0428870103596374 -0.541619511055013 -0.335661899791662 -0.134294288866311 0.222304662584113 -0.620008543522409 0.304549665018942 0.376669381352007 -0.416658526874869 0.167615210259666 1 3017.75151349372
"1" 2.92963721381313 2.67321354607515 2.5728370882158 3.92363192049144 4.99690486185931 10.0375744242014 -0.0406987480555674 -0.530833037302259 -0.397119348208619 -0.165707754438927 0.205193988287067 -0.574669362696572 0.358907907445403 0.334750338426172 -0.459079455345792 0.180295599279766 1 2878.58123316716
"1" 2.9989997565988 2.59673380784772 2.54867557406193 4.079722291542 4.97458599236239 10.0268436950915 -0.0329443605271378 -0.534671747193677 -0.316041856672968 -0.283269692655693 0.218842042021264 -0.619565570920816 0.320689613345347 0.376727184829887 -0.429434078898147 0.146784376724118 1 2837.19651045395
"1" 2.97023419502388 2.63808663828617 2.53250885538881 3.935090900023 5.03653610907446 10.0259351506222 -0.0346827157363594 -0.529725078370725 -0.39795006636146 -0.150582225485175 0.197808465300329 -0.59006549816084 0.344382602556554 0.348480211433108 -0.45002174619626 0.182813251147073 1 2952.19495967025
"1" 3.02818359980241 2.57163887506846 2.61000581699733 3.95042096623975 5.04527142186947 9.99727058609165 -0.0626077471324677 -0.548213010663994 -0.462972522413668 -0.0971932842274992 0.246662823563271 -0.580213070102243 0.335215212795046 0.338719579896253 -0.441494627341099 0.164994370494607 1 2877.3869377117
"1" 3.00792738787463 2.60279819090482 2.44793387695282 3.92715137944291 5.01150933587126 10.0615417610012 -0.0500603844340378 -0.539355044593483 -0.369709184356427 -0.216328622135022 0.227513569356937 -0.584216840988435 0.355191442199298 0.340985639616601 -0.458045448672829 0.147493851386014 1 2979.19873282005
"1" 2.99627838462712 2.6027541018794 2.52424816521491 3.97939271904097 5.06813148673395 9.98527015296521 -0.0567929316745569 -0.551032680680898 -0.436283158169802 -0.0724472805428822 0.255795140448377 -0.623186318901622 0.287470615122411 0.378566915752028 -0.406322000762179 0.150329050787644 1 2882.15756539838
"1" 3.03339111031233 2.58044906960917 2.56730379567698 4.03368662168436 4.99529220630311 10.0161932265683 -0.0419498143335322 -0.537022971353174 -0.348418876930525 -0.20221286123581 0.219134943998554 -0.60212588182225 0.339767238371112 0.359326607689996 -0.44457268137445 0.148784530290187 1 2980.36751021688
"1" 3.02062650985886 2.56961963383497 2.56807353118141 4.07409786667382 4.85557782214556 9.91988711789872 -0.119532405749616 -0.591930581184861 -0.275903619517606 -0.0923108475926853 0.381348217128507 -0.650896427071949 0.223022139126713 0.407412290567808 -0.35975027209614 0.0274228560518269 1 2879.95772166147
"1" 3.05705253052338 2.53990717689456 2.49585669017497 4.05458559923881 4.99267900868211 9.98829362304657 -0.0553038666526408 -0.547908880516035 -0.354632598151613 -0.156833357710902 0.237641337348655 -0.593818232398904 0.31397636429125 0.349138611186093 -0.427369484993725 0.184051129192485 1 2877.56065995074
"1" 2.9709186677934 2.65917250710433 2.51739542542028 3.9430604714964 5.11894238051955 9.98122562481894 -0.0825323209841979 -0.5652542208428 -0.469649200554915 -0.0813909809877779 0.30324143614613 -0.655555619517494 0.267235355776947 0.41130107710348 -0.39518676979721 0.0538275330752146 1 3029.50026317818
"1" 2.88839771098779 2.72975154742598 2.54045605557065 4.06742693778509 4.98249120249418 9.98256464128547 -0.0549840275776305 -0.542386051391039 -0.352998336753152 -0.175809332997833 0.219761313572232 -0.593285347359108 0.309083270124216 0.349886935958196 -0.422806461565802 0.210467218891429 1 3015.12406296745
"1" 2.99770073033216 2.58655117402335 2.60030673351043 4.07566503065904 4.90229701493844 10.0080226928964 -0.0554437421714002 -0.549180692964002 -0.289137468758645 -0.254676171106908 0.243168497318662 -0.579916617832782 0.321391135672685 0.343092588191267 -0.430543581220646 0.186699362276627 1 2800.11441963674
"1" 2.94775926862364 2.67465780707149 2.61134516533255 4.07672154448991 4.96730095751387 9.98586366325462 -0.0739225578890507 -0.552595415834881 -0.382652691618829 -0.167011530026681 0.250317314115089 -0.576489273850584 0.332628032534064 0.336440525900374 -0.438622308802336 0.171364085507209 1 3000.25775344907
"1" 3.00762527485494 2.5901018279274 2.48248800341956 3.96662614943346 4.98159935555575 9.98547782286244 -0.0334969094749932 -0.532658382254578 -0.339587166587006 -0.0373949836656406 0.204408760861361 -0.59931664554795 0.330791924596012 0.357831529391398 -0.437662087565783 0.181694972464884 1 2885.5601585435
"1" 3.1058011227471 2.60982305135099 2.59385599823295 3.84247694959662 4.96528021366321 9.9174654059599 -0.0841858819392815 -0.58073319316652 -0.310592085321282 0.0214235059119672 0.360383498021454 -0.686695769590267 0.137835337314662 0.454306599948951 -0.290537256718409 0.0881864633076683 1 3030.75011188914
"1" 2.94713490544066 2.65526586525871 2.56558627350162 4.01256958741932 5.02075082239941 9.98821342500915 -0.0576954382336009 -0.544927062482049 -0.412102390024781 -0.111720742663416 0.237330985117872 -0.589847332214877 0.327697983160163 0.348955494508766 -0.436948834695677 0.167405805178284 1 2888.16695433967
"1" 3.00135991499773 2.58559005938072 2.5251908499692 3.9680277701298 5.0780047448599 9.99442376844594 -0.0348413789434859 -0.534251201427295 -0.434960427706094 -0.086867315617911 0.212011019555463 -0.605171978863483 0.325444394657666 0.361154057971615 -0.433742905985585 0.173708974884968 1 2756.52099816922
"1" 3.06134175901317 2.50536643735808 2.47042951415312 4.06049739552291 5.03531918829773 9.99905966345949 -0.0547208723676831 -0.549518294970264 -0.376071622480718 -0.166404953848899 0.253827615975021 -0.603313320517278 0.297794104809745 0.359932587300447 -0.416435773562334 0.171675242297161 1 2688.36623418003
"1" 3.09959310116288 2.5114751134225 2.61376189692603 3.95017032173753 4.97639782436503 9.98246267983065 -0.068258716821986 -0.557657774739544 -0.393939242805311 -0.044482953875728 0.261014489865045 -0.599089511208308 0.305626187440389 0.359892697777158 -0.422188147609823 0.155547462354581 1 2963.6748115517
"1" 2.89366800272783 2.69961269725975 2.53918450940036 4.02134813669709 5.02877305320495 10.0249686050559 -0.0599552330698548 -0.544915885320122 -0.392866609508924 -0.206454412573508 0.240343479887035 -0.586519230363089 0.323990070472038 0.343765683805965 -0.433606446514686 0.178347581417015 1 2789.17989232956
"1" 3.01740824162689 2.51988511548311 2.62693523200381 4.14871464792037 5.2054211457151 9.94863685439999 -0.158608678856034 -0.598930305316354 -0.595132232471617 -0.258203569198207 0.462018164830603 -0.61155311536324 0.301875497050863 0.336205085744414 -0.397455216145065 -0.069240261679417 1 2752.6748198314
"1" 3.05438993596749 2.55856953547209 2.45824935889568 4.07548779442499 5.06158039824262 9.95971932953326 -0.0575703333441118 -0.550039154609948 -0.366422727974343 -0.127943980120216 0.243603084283377 -0.604908268794032 0.311883856292288 0.359366663732756 -0.421268677577493 0.164698431465404 1 2983.17909814992
"1" 3.03687682814608 2.58021189630741 2.57853847034334 3.92219204797968 5.04382364815388 10.0699047615052 -0.0295303347466627 -0.526276290892362 -0.423741189982705 -0.194481469528897 0.191215898303579 -0.5901662551917 0.357317559802466 0.350082795067119 -0.460256379154337 0.168089434208119 1 3010.93559386162
"1" 3.10422528307377 2.51017306816067 2.45897197819722 4.04458064031687 5.0628200627425 10.0315763512844 -0.0361237249676677 -0.537406084759479 -0.386877211019114 -0.244794103638776 0.208694076299712 -0.602568693829763 0.327831233896072 0.358180146027394 -0.435542398668257 0.178590405484826 1 2990.69962225629
"1" 2.96552902609842 2.6367792282445 2.51370644872175 4.09464816409761 4.89598388122924 10.0651695969636 -0.156354401949631 -0.59866171223174 -0.272878486129799 -0.410709971823983 0.427828198669343 -0.57188716589015 0.344526433993571 0.328958746097894 -0.44903885424055 -0.0616259573857489 1 2884.04290605148
"1" 3.02749218578918 2.57177699357769 2.59291721994564 4.05156314853355 5.00030403138635 9.94709669854577 -0.0544402545752349 -0.546927486692964 -0.395609739418722 -0.0739363437109847 0.226113937281349 -0.5926823949083 0.298602732494561 0.352941288342601 -0.414157382791034 0.218146023098028 1 2878.110410582
"1" 3.09481578690508 2.50604125378389 2.66753922586063 4.02057273472319 4.96757750283433 9.96975567266013 -0.047949487529505 -0.54271011664918 -0.400930109930913 -0.079327249045895 0.218482691033164 -0.585339615006438 0.315596882326636 0.346395510200958 -0.427577880564371 0.212091036986762 1 2897.62141657838
"1" 3.07096040039238 2.83575445654694 2.39261183477376 3.80165816919374 4.98484886551804 9.58246446605232 -0.499329814179595 -0.736237314320895 -0.158852790226755 -0.185770183492903 0.857478479658748 -0.385185736841979 0.329230565560486 0.206202912412864 -0.483000812600984 -1.19330136320249 1 3007.51517730631
"1" 3.00512209817391 2.58304004437523 2.51634718712223 4.1390322801748 5.17369390272824 9.93589010339829 -0.0457870131324256 -0.54835768395089 -0.555490922293406 -0.121530951687249 0.24308697792305 -0.648663288769522 0.260940576693246 0.402673337191395 -0.383764491877555 0.158541003851021 1 2781.96636913845
"1" 2.96120612678828 2.63899773209483 2.51347009196102 3.92740104827606 4.97346334633559 10.0042295222995 -0.0482865690242147 -0.540383165222645 -0.330355885667993 -0.0930535390255133 0.227566505881452 -0.59133830181924 0.334980372505458 0.347316724870729 -0.442203477871078 0.166989303327418 1 2901.13250950877
"1" 3.03984764545433 2.55414865038368 2.44451388590651 3.96110660552027 5.03997436521887 10.0257008665351 -0.0254626016191956 -0.526846486504065 -0.352719256005528 -0.150700227988924 0.193971103273142 -0.598225631331424 0.3439307558655 0.354511056020509 -0.448724439031808 0.175727171897841 1 2821.17885318178
"1" 3.0608467338764 2.56416787063929 2.46469469894109 3.91759012510956 4.94247800314143 10.0125413654283 -0.0490120940395146 -0.543321448105368 -0.292798977949728 -0.105785237949594 0.244873505866426 -0.626879699673356 0.325718125523789 0.384045291147241 -0.433671809621872 0.0959839099464122 1 3057.05095965278
"1" 3.01574950029675 2.58616592712218 2.53206005518307 4.11712617357428 5.05301790052324 9.86745503312828 -0.0457342238476628 -0.546116592242324 -0.384675967043887 0.0760394898460584 0.225358164144463 -0.624846820129645 0.271200683829931 0.380583505108901 -0.393454847943971 0.20507720750519 1 2921.67948665645
"1" 2.97258116064259 2.63837535139677 2.48273537077309 3.91905966731978 5.01302463833038 10.0075545142497 -0.0307243997855338 -0.528316850003253 -0.3634329237601 -0.0579563696121734 0.193562100055232 -0.595947216158478 0.341996024128793 0.354172263033128 -0.447660365794192 0.180950817897746 1 3012.21151830093
"1" 3.02474838151692 2.56143502864262 2.54272345359077 3.95467462654717 4.96433715736971 10.0048335499673 -0.051347231420427 -0.549052175271956 -0.336521185451021 -0.0925373631868851 0.258381661332589 -0.629735097633157 0.286310735352969 0.388156744655834 -0.405011008406723 0.133509575908006 1 2835.9157635105
"1" 3.0752730840767 2.52852660603116 2.51189357834027 4.06687650964807 5.00425593973431 9.98086160154948 -0.0393352167096986 -0.53890621270198 -0.359015898317344 -0.137293129028301 0.20973397581447 -0.607001675098221 0.306949657572283 0.363383987984488 -0.419508874619543 0.20048547638363 1 2923.92424430547
"1" 3.04213919634506 2.57228638033077 2.41210939711834 4.05389971547178 5.05751537116285 10.0050820217293 -0.0420311913279976 -0.538672882832998 -0.365628007419606 -0.190337697320426 0.208992406942495 -0.60092984793204 0.315043019037209 0.355864491779129 -0.427343965050286 0.200079347962574 1 3013.14310095341
"1" 3.07229289099847 2.59508180861097 2.43911675049353 4.10299495762928 4.86677646423771 10.0621369298018 -0.0510350529475662 -0.565939213176894 -0.130365528726575 -0.496822510796824 0.416875320586191 -0.706809130464852 0.28898875104508 0.477034021335957 -0.413693213661734 -0.378008010483832 1 2935.9226918549
"1" 2.94125238025648 2.6911826585682 2.44762676288684 3.96118351092548 5.03645674409737 10.0102858137077 -0.056957697968469 -0.547872490894066 -0.354159486940559 -0.137982181646957 0.248428419068974 -0.628417606086272 0.300359084610606 0.385013570968084 -0.41860729494819 0.125349103784195 1 3066.86209576319
"1" 3.01959493443071 2.57680813143965 2.55893314584423 4.08639628225258 5.01346764203845 9.97801092729998 -0.0592917193472871 -0.554257457419227 -0.410949969196805 -0.173922770339578 0.248566679021513 -0.619560158630009 0.269866226046877 0.37400727290739 -0.39338754729205 0.193082256436807 1 2857.43300366723
"1" 3.02137352280714 2.58238386626799 2.663448833247 4.0458434746486 5.07852541374715 10.0241785577661 -0.0792278580926363 -0.55928900158094 -0.501595549232517 -0.229136587677408 0.273240885948843 -0.574890154479716 0.325126895856937 0.335965195319199 -0.434005129582913 0.159475135292791 1 2865.70700836325
"1" 3.0245889490842 2.57658330571922 2.45472535118327 3.87679514199072 5.04327976162061 10.0375020127852 -0.0136084912414386 -0.518657580997911 -0.373166292899542 -0.0930385322759533 0.172271697398325 -0.591894905777319 0.36215662622874 0.349604536586149 -0.463249581447908 0.179425735746246 1 2915.1167543688
"1" 3.04661689858048 2.56055232626846 2.62208279728728 3.99932413484378 5.04201869653221 9.99685858880878 -0.0540548984156181 -0.549834597537971 -0.459208659296105 -0.141165295009649 0.243760874683525 -0.608189816053188 0.302536106302936 0.368928793307582 -0.418591217199441 0.162989211777148 1 2911.69590550342
"1" 2.96639604161617 2.59123609864441 2.4279173236894 4.05660652219402 5.02328342055563 9.98649451667548 -0.0477561368972247 -0.543129664720328 -0.338439110198022 -0.157778674883797 0.253887762926111 -0.602597784596968 0.330079663413855 0.358363076466433 -0.435882554996999 0.127468035224672 1 2647.87251840506
"1" 3.08226225738613 2.51325819464404 2.53798337980539 4.01901470506821 4.96268326400563 9.98186928064561 -0.0328463949384494 -0.534310046723298 -0.33665401654309 -0.11522385535407 0.198213823212889 -0.591988130174315 0.324825880181244 0.34984032211693 -0.432279613399998 0.211297398659887 1 2864.48646434129
"1" 2.92851174948914 2.66863977667848 2.59304741877485 3.98331412811697 4.97216317343505 10.0064736865528 -0.0477150724036626 -0.539039123846682 -0.393418613169177 -0.129756709939376 0.217592627130681 -0.583840655797968 0.327377451016913 0.344078313584417 -0.436385387956098 0.19854474275753 1 2842.23221250339
"1" 2.9834928753564 2.6232405165615 2.68913994071484 3.97930192666584 4.90938720956061 9.98638765594796 -0.0661332224021244 -0.549361871576351 -0.345425471256912 -0.0926534032816421 0.241100611028663 -0.558411093912963 0.339578414706684 0.323836987186447 -0.446776293308207 0.195599097479893 1 2923.28220045885
"1" 2.99784913836474 2.59638075528406 2.46286577266561 3.9259222982609 5.02255001139765 10.0141369542649 -0.0258014886269709 -0.526095314288435 -0.357758981243463 -0.0939419903016776 0.192587393339741 -0.596398306025695 0.345309888620822 0.353990913758284 -0.450362368062432 0.176605592037555 1 2825.9373413689
"1" 2.60909960658677 2.34789891692872 2.74087750803095 3.60960068207962 5.15715408661462 10.1105292464065 -0.320006665731834 -0.630768822179423 -0.41566953610287 -0.539056680662665 0.827494433579262 -0.589169206778508 -0.0381537184791515 0.261819194790499 -0.0780936313717242 0.0901905660709116 1 2665.09488769896
"1" 3.00213975943345 2.62240752269268 2.44967161919273 3.95026811294297 5.14275115035604 10.0371345074327 -0.121021433687339 -0.590810006550225 -0.465312969318546 -0.228014885398306 0.38296698709424 -0.693506853511362 0.189240706387773 0.4342348316554 -0.322619195042202 -0.00409893804192934 1 2945.11874642858
"1" 2.96406638156835 2.56074232034186 2.39865195103254 3.8405744992724 4.95503305480112 9.99926156610186 -0.110067859103284 -0.585661318939731 -0.37601566977906 -0.0585893144840571 0.421986176804693 -0.652967592165598 0.177396967332892 0.414849484786524 -0.329601684844199 0.0219276787177037 1 2783.40466006957
"1" 2.98399708036335 2.62382270353187 2.50853010236523 3.98340767426769 5.05024483737683 9.98038067208312 -0.0582825088384205 -0.5475474694032 -0.415973575759767 -0.0794656462965765 0.256315725984241 -0.617011650076477 0.320928758051534 0.373609385320798 -0.429372354689779 0.11034279481269 1 2933.44713786321
"1" 3.00118196786951 2.58642331913127 2.58343652373961 3.97285875968213 5.04976776396728 10.0437017647685 -0.0376417944972544 -0.534546761607792 -0.442675929605777 -0.204292152231731 0.209364598062412 -0.583966462279546 0.335955052567936 0.342468894761211 -0.444060131602135 0.19429018224227 1 2750.55061694354
"1" 3.02939962097421 2.5750832233521 2.46554711447362 3.99637731834689 5.02231690310383 9.97797240230236 -0.0560207082589572 -0.54593701719885 -0.36891181677741 -0.0639193091439724 0.238009186639559 -0.592564393897746 0.329310601024093 0.349108658239078 -0.434252025218662 0.164797729259992 1 2933.71521127482
"1" 2.78792069818208 2.5162174082634 2.02977340930688 3.64728515004088 4.263154718941 10.7178420569435 -1.01860067577618 -1.10610179110296 -1.57582867057313 0.251464030102774 1.19759103162666 -0.824917780654601 -0.014833700074077 -0.310054130471767 0.593645006860282 0.658379576782178 1 2901.49985046938
"1" 2.98694372010742 2.61653040311505 2.57632265672965 4.09094320155052 5.00955564025815 9.98624732400774 -0.0635379041528409 -0.552132259700283 -0.389573345988187 -0.190921192196265 0.246158330238057 -0.599398005443269 0.300857336718723 0.357381038677824 -0.415472498408646 0.18383896639182 1 2889.14307029016
"1" 2.92460929177047 2.6800945656561 2.46044452533937 4.0464316096123 5.03359341686033 9.98447809912537 -0.0361002371669434 -0.533811460071784 -0.358075565091058 -0.131789819158671 0.2078473468644 -0.613796352704676 0.316450268863959 0.370416674742033 -0.427184764021552 0.175170057624833 1 2916.03965930449
"1" 3.04490770380572 2.54701809069943 2.4328599185498 3.95797222551703 5.0375871255767 10.0111999400667 -0.0259810530153787 -0.528844265067397 -0.355578012147979 -0.114719706285324 0.198135441510459 -0.611163876223784 0.326565987626321 0.366955431663323 -0.4368229916558 0.174054011171868 1 2815.08306904984
"1" 3.02753997038041 2.57719319757079 2.53777810600439 4.11281690546129 4.92273885847821 9.9700200509641 -0.0624691266744411 -0.550929626436276 -0.295674541845017 -0.188341788436234 0.234756328460078 -0.574646132405786 0.311955552900906 0.335665269588439 -0.422694200115085 0.222414903644949 1 2930.83176101861
"1" 2.98127757754193 2.60307755971165 2.47651429818309 3.98399747364897 4.91691953066951 9.95547758607624 -0.103216033366082 -0.578572435553701 -0.243708875969399 -0.054735521582752 0.356088473900981 -0.634884039986694 0.283013378520043 0.389381286945644 -0.402774844280637 0.00810681892997925 1 2858.42016839723
"1" 2.96010771294218 2.64048213994933 2.50847570902904 4.09849144138575 5.03306601468748 9.90697229201766 -0.0695491021763013 -0.558149769180923 -0.382413064988534 -0.0870033093948644 0.268918840924023 -0.62786644158191 0.265242165821842 0.384828029059658 -0.390648113426823 0.158069620146937 1 2889.69750521215
"1" 2.92780143048509 2.68738805376108 2.50369478473031 4.01410302399619 4.9818615428948 9.96544460764436 -0.0552064217122953 -0.545976417969314 -0.315876639180759 -0.0757396033577433 0.233611497814095 -0.608215135195411 0.300801620577552 0.364635570412454 -0.415633448097169 0.182111485329979 1 2990.33203006184
"1" 2.97188894766221 2.62259693771936 2.42686590194753 4.04607595630865 5.03487019648191 10.0085678915219 -0.0289826914010501 -0.530350590611079 -0.336962986253525 -0.204102581372443 0.199205942538329 -0.605902256761899 0.326270171422715 0.362223023469915 -0.434696405210841 0.183768839829746 1 2822.37296311556
"1" 3.05106802172136 2.54813595778704 2.57113530812742 4.10209954104906 5.07979270087165 9.93038013821003 -0.0700799152746985 -0.56593709764709 -0.461281466326676 -0.0764345710601301 0.281347038329155 -0.637431033036551 0.248599396241063 0.394838210757065 -0.375372070484337 0.151699599225359 1 2879.49016639917
"1" 2.95322265514764 2.62838171876211 2.61225961246485 4.02247663882623 4.93899084938184 10.0474597913802 -0.0318091748029794 -0.528223625036443 -0.344803202152647 -0.247876099974294 0.19799217331839 -0.575834591047619 0.348856507900874 0.338884258908416 -0.451925025899446 0.197726104132592 1 2666.38469191672
"1" 2.92126559082713 2.68325711237557 2.50777700951578 4.04855867079192 4.9211036093603 9.99045049502262 -0.0623450800652686 -0.548470206161007 -0.27436523780394 -0.153149837260954 0.237186309474442 -0.592233031647152 0.301666637975894 0.350392222890398 -0.417742426079339 0.203935606792909 1 2930.16069919423
"1" 3.01096758360401 2.57385736751051 2.49374421882817 4.0453745771608 5.03188536882351 9.97148947664193 -0.041766434614756 -0.54294598225169 -0.409364719820513 -0.118054496713443 0.24517825473186 -0.629378868233953 0.305796067490753 0.383158357871028 -0.417869243456082 0.125558766060778 1 2817.5018969015
"1" 3.03257407302314 2.52538882184191 2.42197381154981 4.10596893889162 5.00901576753232 9.92950485685055 -0.0581417998685556 -0.553678954486855 -0.321775267129302 -0.0998202589561209 0.270130611411759 -0.616734253633814 0.288898272988454 0.370073694424466 -0.40635432488196 0.147562651916414 1 2687.47937479707
"1" 3.03921069088336 2.57428900318198 2.53251353406357 3.97972465674943 5.12433195405087 9.94404370032162 -0.128933431910651 -0.598369400227592 -0.4634274610261 -0.0463790859339068 0.388152509578974 -0.637530454749379 0.225839121438127 0.394529487804744 -0.355101360538723 0.0520495870062356 1 2928.19697874334
"1" 3.08237489619008 2.52799806952193 2.49231328930797 3.9619453953974 5.05701158719113 9.98009901476731 -0.0233792651642581 -0.529923552286714 -0.375915596980053 -0.0321016115379021 0.183480618108876 -0.60489407516873 0.317879314774136 0.361540301514238 -0.429725453328573 0.212494333838419 1 3005.10551064513
"1" 2.93607847713484 2.47746827412885 2.44919567698195 4.05939429420877 5.09779436285532 10.0383279677847 -0.113539399825569 -0.525400490047388 -0.0356854860689355 -0.248279423034777 0.55498997287098 -0.687840634684032 0.265775633442511 0.39665968985247 -0.330242533884775 -0.457595386212076 1 2748.77146142336
"1" 3.02383586241576 2.57685014076069 2.44229224199402 3.96637220840486 5.05148353810651 10.0024645863447 -0.0250355936828526 -0.528379454661653 -0.368663180303781 -0.0913830372473514 0.191169374860669 -0.602760756125509 0.330894385050907 0.360054226814179 -0.43946394890579 0.188691251482349 1 2903.98121426834
"1" 3.10007655506489 2.48429750545437 2.55074754395335 3.9512190773128 4.97419972234313 9.99275552396642 -0.0198982165272125 -0.52653886076066 -0.417932553682299 -0.0527583925820047 0.189101101272518 -0.595253301582976 0.33815226319388 0.353106031698333 -0.4449832920944 0.192592838669793 1 2767.13303207953
