"1" -1.64543548161572 -1.32175570588007 1.05782891196244 1.61829244297132 3.20118200049882 3.90125541736188 -11.5674769376816 -14.2731052689269 -2.25520257196205 0 2389.82105440373
"1" -12.1773440775278 -1.54001768393739 1.37002255214669 1.5000917925898 3.3364559069073 4.01569491638784 7.72700771524376 -13.2113505082308 -8.50205858963011 1 2028.88265076667
"1" -1.60246134085056 -1.34455904555531 1.1704988158219 1.39818445814547 3.4618755648702 4.09156487765839 -2.26075774255859 -5.66746791593388 -5.64498069012196 0 2424.46501567142
"1" -1.57269927148342 -1.36870012056164 0.889017423075394 1.52874451726408 2.98710825842942 4.0202514215778 -2.94329943923464 -4.17183384584702 4.90223005252122 0 2393.72961356919
"1" -1.63972403572835 -1.32948667927422 1.05201302009092 1.51268758150979 2.85073680142608 4.21235281081901 -11.6800966400809 -14.2447747373054 -1.9913655687906 0 2380.87975790951
"1" -1.69787125625636 -1.29171756945735 1.34636667850774 1.44137123553552 3.53281134851196 4.05852891278239 -6.24772421877515 -3.94532387475482 1.6861960156939 0 2387.0755917895
"1" -12.4013400548851 -1.48683893794082 1.07694493436659 1.526078789161 3.11571128238722 4.03088536604017 7.83364906752056 -5.12950755274208 -6.6169871887773 1 2038.90548199168
"1" -8.35681159259196 -1.45399844181107 1.17722006712019 1.56851202928653 3.39916500294975 4.06229701747667 5.95409882438017 -13.6660476895282 -10.7044001390028 1 2154.41485471523
"1" -1.57802317127576 -1.28739893557719 0.933516850430997 1.57740335246585 3.05730175848482 4.17802589510586 -10.6035558905086 -11.8644436275653 -1.528895768494 0 2441.05236823304
"1" -1.67478885560837 -1.44229812887069 1.11817382903782 1.42655756725445 3.07121115607335 3.74270915593565 -1.68111052283295 -6.6162986571013 2.15167794371378 0 2331.80788259127
"1" -1.69982847812225 -1.46280141948833 0.884068237722468 1.36657620817844 2.86610559168532 3.87212663647208 -11.4748403137033 -13.2559149423935 2.06827912585571 0 2237.72203953384
"1" -1.58161293557467 -1.3149710019061 0.93784763831512 1.59980893678064 2.91018014437623 4.07509886670119 -5.61332868837432 -3.57629146364604 -2.1466452283199 0 2431.52627980852
"1" -1.61869224418126 -1.3557685371483 0.937632071411201 1.51232733906629 3.12170062135989 4.24490704987554 -3.6863766844063 -3.31243207561952 6.26049866071854 1 2370.10855642019
"1" -1.61177120749751 -1.43879829005365 1.15047075105637 1.58034582410053 3.20849910766767 4.26134817828295 -5.48243686917994 -3.28395264270181 -2.69213740561293 0 2331.65927512432
"1" -1.73331271086622 -1.43827260706501 1.02467437671121 1.37890028911089 3.11719349348117 4.05359138799385 -12.6435231083219 -19.3841301731934 -3.92980014276747 0 2241.81156770146
"1" -1.66862835194367 -1.41925485803217 0.985145286530803 1.44805601377008 2.94169309483983 4.03841297953754 -5.52057712951904 -3.38859347638743 -2.68679463259478 0 2306.27701270126
"1" -12.5234840255028 -1.32593444554542 1.28713379198122 1.29928101193358 3.2557521382611 3.83485235738632 7.8973142781725 -9.93352165817487 -7.78998700867196 1 2228.47175281486
"1" -1.49183262561686 -1.35212300434771 0.975068427724872 1.52467296607651 2.87485835420558 4.3447598172939 -6.76614717769757 -3.60773442642972 1.13000730269123 0 2453.76966447887
"1" -1.60612244892095 -1.31269871657136 1.0445341099641 1.51081492332079 2.9446196786567 3.94646622386545 -6.14085557776964 -3.85482092566494 1.69917218598092 0 2425.58853628329
"1" -12.3262456737583 -1.52964648364004 1.25216610570095 1.33203488883065 3.14383939213482 3.69608676659141 7.81783103508187 -5.02110049232754 -5.02235234003927 0 2066.20677160902
"1" -11.9753009313401 -1.50515497774478 1.23233001187129 1.45521959358298 3.12760005731182 3.91027361595857 7.62675121010882 -9.46413356036703 -8.54541113932004 1 2027.99901210982
"1" -1.71899092933201 -1.34749499542351 0.834800320572326 1.61404829290208 2.89563370669311 4.20607321318618 -5.42551465146702 -2.86073649322647 -4.21303014041486 0 2317.94288646337
"1" -1.48395627377798 -1.1786754405145 0.95668642222254 1.50210090688906 2.88609875438243 4.0647542692212 -2.88074974381848 -5.1973138686227 5.45957500483103 0 2601.10673763839
"1" -1.72701873035184 -1.30986458488065 0.977523380342016 1.38426190657495 3.14452698056796 3.78522977032482 -20.6867296019 -36.6510530421489 -9.50790239683139 1 2347.86034589453
"1" -1.61663735368344 -1.2307331669733 0.983220767018787 1.64185817777622 3.11312652850916 4.25229373099235 -10.1403122031112 -11.3590834336304 -1.88210291613817 0 2462.69801476807
"1" -1.79374506094694 -1.59480367754643 0.940033905297004 1.75941036797596 2.83458916400327 4.58132315101529 -12.4911345917959 -19.8062530853076 -4.0388581650105 0 2074.80659451574
"1" -1.6009618519935 -1.30429849475374 0.979933893318303 1.45694974086971 3.0297487478354 3.96965417513444 -12.0299220976153 -13.0464341762064 -1.24617131527128 0 2424.18130419776
"1" -1.59398864531544 -1.37480008794544 1.10724489825961 1.40165489330452 3.07906196343047 4.03277887139208 -5.54251533360743 -3.50003201927437 -2.62689220814974 0 2392.52787074595
"1" -1.74080455481413 -1.39089421273998 0.969028592761603 1.52286367605976 3.05327836005403 3.94102935440239 -10.1731547801101 -21.2442722668667 -6.05445253578954 1 2274.09808423248
"1" -1.56050935327323 -1.37585310653932 0.968142537409431 1.85275454617523 2.96143776801027 4.63066107741518 -6.40248475630084 -3.68241013653483 1.69410857273312 0 2379.07892615689
"1" -1.63333347570033 -1.46743807420401 0.947692856678513 1.56017116594697 3.16813178745017 4.14099553514619 -5.66850947436007 -3.20356516205318 -1.9826986210094 0 2287.87029598732
"1" -12.4872350469308 -1.54453357880436 1.20071195059256 1.37721395458984 3.39178954845992 3.8104905049077 7.8482794196753 -5.1470362074683 -4.608574811646 0 1960.70350159994
"1" -1.74837883446777 -1.35470172559838 0.901132273606964 1.4442154420946 2.99165264581909 3.75754394867821 -9.31284294130558 -17.4090924490492 -5.78096361381093 0 2296.48767944379
"1" -1.73519335366589 -1.28871946314177 1.05505239363181 1.50502240219723 2.98653732036064 4.1508695909122 -13.6015715173637 -22.4508899731886 0.617261265790838 0 2356.40260421683
"1" -1.57288500904232 -1.23263392975974 1.02990969485084 1.46264353182722 3.31901375325076 3.9934564662427 -6.81209715399237 -4.24902956405047 1.55167286856076 0 2500.37570002547
"1" -1.75580620687519 -1.42903948198901 0.901882282753526 1.54537163782911 3.02177647644071 4.00926140872163 -11.284036729521 -20.3063754648621 -6.52047058946961 1 2228.76684169151
"1" -12.3137448861693 -1.60618761515359 1.14234474557977 1.44245703850373 3.42765186981111 3.88722179617371 7.73278573118982 -5.19309176917131 -3.00766030216548 0 1939.69910130899
"1" -12.3467218326768 -1.47934414648613 1.19560814765406 1.74753422362903 3.02049774735857 4.51921100199553 7.82423809689013 -5.11892582594134 -5.03566643370615 1 2062.76899039495
"1" -1.65263079742413 -1.30762462493136 1.24214248887058 1.36683363927931 3.12021144347473 3.77386733482524 -2.2039376659264 -19.7467305782636 2.62233101746449 0 2434.39270172903
"1" -12.434115757072 -1.44516374250635 1.28155640581688 1.35302163775753 3.31722021372074 3.85187397739273 7.76233042853572 -14.6993067594792 -7.46604215069619 1 2110.55852870521
"1" -12.4103954245105 -1.71385363110518 1.05849017157342 1.77014292608225 3.11630785201189 4.56910291656847 7.82942237958438 -5.22052407467833 -5.69620523836186 0 1866.52207698303
"1" -9.26535553881369 -1.57460849388092 1.20448654884496 1.4272688262676 2.99572857083952 3.61831251031628 5.88288959215452 -16.0125557953947 -8.93456430154569 1 2076.32819635287
"1" -12.5409759026001 -1.46288438834969 1.242486782249 1.52542121307019 3.36393439604431 4.09987411022973 7.7256617358526 -14.4630642127223 -8.72386674441777 1 2119.46038103994
"1" -1.70191960874292 -1.2672776051902 1.04686343410757 1.36621704210649 2.80894640675703 3.84080767015716 -11.8079163051332 -15.3003691015589 -2.24077407827607 0 2401.51511951053
"1" -1.71451725013754 -1.46269721238917 0.821889976691891 1.47902800990688 2.88063677127392 3.83212494754343 -1.43985999847158 -7.52020586259254 -4.74083399834952 0 2283.35788963921
"1" -1.68627430263397 -1.3695991628346 0.872132836873986 1.68916034125683 2.60214596809136 4.25136357272262 -5.62681106458653 -2.72153879077935 -3.69177381116849 0 2324.04273717784
"1" -1.74708288990301 -1.46486269115426 0.880759148632543 1.41094566014524 3.19438165602996 3.81932077646812 -5.57594989690842 -2.49209830340939 -3.86191983973807 0 2234.04991281647
"1" -1.61447878233601 -1.22500407228781 1.12641263403433 1.47477894537904 3.11405257372541 3.88550084168645 -5.51110011260916 -3.07497432047044 -3.32932717110785 0 2505.58060473399
"1" -1.70397218507092 -1.26717779093523 0.976293998198294 1.51637197576538 2.94833574582798 3.95497653209607 -6.09225090976689 -4.05787984582392 1.93054435727765 0 2396.09094440911
"1" -1.69857879550291 -1.30623126366071 1.13040036312373 1.35040466709455 3.32916153341784 3.82385834215245 -5.02139432123552 -3.85811392893566 -4.25768585712916 0 2382.08252071272
"1" -1.68572212571047 -1.33048953054731 0.848067089637437 1.50213510950526 2.91715893091252 3.89828831341333 -10.9613626135612 -12.890250179294 -1.93488845834058 0 2342.93596430629
"1" -1.73773199343537 -1.36362101187705 0.989846179851371 1.41927328907945 2.7226427937504 3.76620649669479 -13.7525071829722 -24.4959927340263 -6.31913134573359 0 2303.58303767961
"1" -12.1257144482581 -1.34258217344252 1.40933126449739 1.5493238162714 3.35909429883724 4.25152051180886 7.62848435813575 -5.03584349906595 -3.77574534609881 0 2161.68094410741
"1" -12.352258601499 -1.52441404380353 1.2115853238003 1.69991337577208 3.04753001334503 4.61172196273571 7.73994509105139 -5.16108884558701 -3.85529112042834 0 1964.56629412916
"1" -10.4105053273751 -1.68520702251897 1.13727713166506 1.35780798533003 3.22640423282385 3.63533251051331 6.69825362624737 -9.16028410206738 -10.0384088484929 1 2140.46525122662
"1" -2.12023709370337 -1.50824882768299 0.991404776435421 1.30778308128422 3.00763693798749 3.90344444749306 -0.197832594333666 -4.91276344591619 -10.1704838762623 1 2172.99296823132
"1" -1.69624843566618 -1.26214098535202 0.728726329954557 1.51948357106182 3.06650321589846 4.27334840205257 -1.58170114820423 -4.64432466995268 -5.63093903808703 0 2422.12906381581
"1" -1.82368269534464 -1.45413926686292 1.21399703297568 1.52931252069102 3.33168757110374 3.86202701995751 -1.34242232686844 -5.02026899638561 -6.30851318959606 0 2261.58025060431
"1" -12.4209099580386 -1.45829573520911 1.3561182833891 1.3745027929258 3.21306419691982 3.73316478118794 7.83919173272309 -5.13964081299103 -6.43886274074918 0 2063.55052100684
"1" -1.62331372940211 -1.31983930848002 0.72533066387664 1.47945758590435 2.87443810368492 4.07377945610777 -11.8151415926261 -12.2646439038146 -1.14640781898392 0 2366.90424836776
"1" -1.62709064613724 -1.36593954333555 0.850708438644027 1.49728794944504 2.79991584111783 4.08879297612436 -5.56036836671695 -2.74139366955295 -2.16751728846313 0 2366.34513439483
"1" -12.6072376012836 -1.54681363897675 1.06298226124878 1.49576827350504 3.67399428998488 4.01429023229036 7.88304000551409 -12.29192677252 -7.08189983227167 0 1990.69364286878
"1" -1.68521715291261 -1.39855438750653 0.963024350348673 1.37868861491447 2.85210210899936 3.78601793402647 -24.8692257436429 -2.73673982787389 -2.49691642946859 0 2320.88590697985
"1" -12.4775876042277 -1.48362669999828 1.19564115193012 1.47627115161386 3.3305421274547 3.89468834935312 7.7676869209301 -13.5135784390909 -7.61517670286325 1 2056.0050495289
"1" -1.63654207364392 -1.3507999538161 1.05849521568095 1.72523622577539 2.81018843832895 4.0290112903649 -2.07634382433604 -4.58788752708665 -5.64269238191894 0 2411.82107027434
"1" -12.3954131234557 -1.41420900016509 1.31926944835014 1.56070388639436 3.59481895667354 3.86160102908197 7.8708802397462 -6.21070262403827 -7.7255131639122 1 2138.83380859718
"1" -1.55737234419385 -1.23217521247794 0.799367043352998 1.49531574989596 2.69495824815339 4.02641786686147 -2.22620045638143 -4.65311670658157 -5.80672747530834 0 2520.2687028267
"1" -1.70053736314944 -1.32805494487615 1.13412396092275 1.60968173395088 3.33131216473705 4.25700811056907 -5.57263577801717 -2.85409044965493 -3.1157461395213 0 2362.09315080638
"1" -1.56522776872815 -1.33831611797101 0.836075652403814 1.4804003190014 2.96946108270136 3.81735190381667 -5.69221996966647 -2.71642577164381 -2.29142660309851 0 2431.31949058364
"1" -1.6260690267925 -1.40135140680584 0.888910156688364 1.48967854613004 3.06026116488275 4.08518188161021 -5.69165235069713 -3.41008682213747 -2.4938914011588 0 2334.82727781101
"1" -10.5013016020588 -1.38031908204503 1.25875430329596 1.56358002303841 3.36709057574294 4.29286407896507 6.55623775362488 -10.0756397679362 -9.25916728614567 1 2066.16496462072
"1" -1.63314788667952 -1.28113624318092 0.906212394858529 1.32828893471527 3.07524932814355 3.69644873429756 -11.6312213464428 -14.1580579966165 -1.81651557311299 0 2421.27209099295
"1" -12.5679467415151 -1.49438722023606 1.31976195849921 1.70034535723404 3.30682542501032 4.23020809818543 7.91219097493997 -8.69470005754408 -8.73062388754782 1 2038.89962313671
"1" -1.59484740812753 -1.3938657988847 1.09254551517072 1.43700376881268 3.51858778005116 3.81400316659372 -13.8556534062268 -13.9858989587622 1.14853678302356 0 2367.17074897216
"1" -1.69876178883426 -1.39943442332179 0.828929211649786 1.64214567219084 2.97350711652315 4.15563318516069 -11.5470744382549 -14.0598196464123 -2.88049432772953 0 2272.81759929494
"1" -1.63883717367777 -1.31636596827611 0.909958648829174 1.36001963983727 2.7218365479793 3.58280005546692 -12.3900201603029 -12.1338436753842 2.36813164383872 0 2395.4862115194
"1" -1.51961302819232 -1.20966667460488 0.816196210711402 1.31924078842785 2.64021024171603 3.82739397817275 -1.51837556016435 -4.10866038273051 -1.17711810497556 0 2600.30908880902
"1" -1.74490117345919 -1.32764311108462 1.11570113839423 1.69117000534861 3.22939243925004 4.30228060954831 -10.4770566658962 -23.7990219919703 -7.4469088175387 1 2315.92125143675
"1" -1.71240940992653 -1.32509508451379 0.961168377477607 1.55153521035022 3.13559884713192 4.3636001548181 -12.553064958099 -20.4395368578384 -4.2088377018122 0 2326.81379279069
"1" -1.59215487266956 -1.30680073054222 1.00073111896325 1.52244855089839 2.85807222326719 3.99931273813113 -2.21241841689424 -5.7498860576141 -5.36614069247811 0 2460.8272038585
"1" -1.70857262695827 -1.36503779708581 0.925448078617256 1.49374567415296 3.00371873298036 3.79815682605621 -4.96326382547315 -3.72588863444678 -2.98159628401218 0 2323.37038923014
"1" -1.65326296834144 -1.40210407101491 1.30923441383734 1.20425531700721 3.58197126842759 3.49847535251781 -12.0352656209475 -15.2824892244856 -2.84708470205308 0 2332.51859018672
"1" -1.7105345097406 -1.31547564531985 0.953364768623474 1.62836134504741 2.85119640935724 4.27939469792336 -12.4484234217484 -19.4290343762208 -3.51401266708149 0 2338.53011279693
"1" -1.5109540960103 -1.18012483002368 1.10355346373118 1.59479208037479 3.12664420470028 4.09095751657081 -5.28350007351654 -4.11220337316219 -2.86014479025289 0 2589.05153605557
"1" -1.77670144156717 -1.38590726413637 1.00305413049838 1.35337459712548 2.99173704729091 3.6117221388689 -24.4275535572406 -2.3494705866543 -0.740428635325289 0 2291.0301080817
"1" -1.56661568314146 -1.33658558592577 0.933952963435378 1.42908144663918 3.04912078812785 3.90708978796257 -11.916310261766 -12.5156208091671 -1.20516096932253 0 2418.65263728873
"1" -1.7219831653021 -1.34098705412622 1.15012960218804 1.59130736963235 3.27474394353109 4.37181251957681 -5.06051923291728 -3.78443943710112 -3.80308269511379 0 2328.34848328884
"1" -1.58986600871715 -1.4184542296602 1.0836901254775 1.63840770872506 3.31385918397332 4.03091691141384 -5.52964570562566 -3.31606703762529 -2.65485571698284 0 2361.4182388818
"1" -1.77854305751996 -1.39444935043382 1.18545401256698 1.456781484427 3.12951305542922 3.96248879813863 -13.3702055899149 -18.2996388182807 -3.05364795924891 0 2260.02797415084
"1" -9.12233639552498 -1.24146905562531 1.25027800203597 1.5292154198833 3.36880535902886 4.25567792496562 6.04076733793573 -14.8151429736682 -9.64114826840747 1 2009.44432566484
"1" -1.64647642588831 -1.26426462743678 0.9031293166704 1.5151692365929 2.87006752251571 3.95306618425372 -11.1385296248073 -12.3063133417803 -1.44883918324107 0 2422.42131872231
"1" -1.70480606943956 -1.20887477893845 0.954595110703944 1.36718764129955 3.03268388403962 3.70311101540221 -4.55599016553273 -4.13743471429389 -3.89456888500926 0 2452.29946786052
"1" -1.54798354779009 -1.29153837386138 0.863457263493318 1.52104468630714 2.80799695106865 3.96580080252074 -13.3123487608238 -15.6308035758403 1.83692885468564 0 2456.67187569902
"1" -12.2472667621012 -1.30501028231476 1.27542985858076 1.50529741714172 3.24665244430876 3.99147169910212 7.80671015642057 -4.81847644454812 -7.31571291674404 1 2260.90333375806
"1" -1.6138473663569 -1.23442069127243 0.960360040238712 1.5934929128116 3.0619992160263 4.26979667843813 -13.4710929082737 -16.5785528627659 1.09790502072929 0 2459.46692820353
"1" -1.7003352559308 -1.2880727732357 1.04551051211455 1.61479112388806 2.79440310907282 4.23328804213351 -1.65970935635377 -4.6178796643619 -6.29357333621383 0 2431.1170415713
"1" -12.375039830197 -1.40565038232989 1.26338709892622 1.57356322611353 3.53466183798084 4.19202123786682 7.83211866898287 -5.1209790903306 -5.83159564374887 1 2105.55740132129
"1" -1.63303043788116 -1.51955195348277 0.948705672402371 1.56948653990884 2.76246065417491 4.28493190896162 -5.46122624647635 -3.08630346564352 -2.48108199762137 0 2251.39305883933
"1" -12.2854727971045 -1.53791085736974 1.17557250221117 1.53178058982373 3.25096147906229 3.88178951953194 7.72862277536157 -5.12809479458907 -5.52023385576425 0 2004.69829505535
