"1" 11.5326033506796 11.7346015637069 2.04168805901968 4.0914226544653 4.0086454634961 10.3508248719862 -4.16111410969254 -1.86368098839976 6.45218882690476 1 477.585105339836
"1" 2.38918327567538 1.54480497903483 2.36882387481712 4.332827061001 5.13119679017284 10.0726403469443 4.83887681878185 4.47102206757781 3.19568177109705 1 -29.1654628115721
"1" 2.10245744585411 1.40665401229848 0.192068741197185 2.79938074255969 1.06053938478101 5.67033823277154 5.35384993899138 4.90777633841768 6.3714961104868 1 -193.535735053649
"1" 12.0646652001234 11.8236165481652 2.10225804562481 3.57538556786118 4.23440494879938 8.66522004686935 -3.68372662042633 -1.39259604676833 6.13653276238702 1 477.14554176736
"1" 2.25205506832467 1.78161862001298 2.98405329037042 4.13617813484847 5.16092367374397 11.7511797464294 4.88001393008415 4.74179997409932 3.01814219799464 1 -14.1471274892247
"1" 17.6149490268463 16.5650083232755 2.93347789796544 4.51966569572476 5.9165202432574 11.7320701587146 -5.40984364628016 -0.827175048664608 -0.372749518300324 0 471.542058320297
"1" 0.414080175801363 -0.150545335280859 2.52800821327937 3.49538427899606 5.38227936177764 8.74735409603264 1.99795869923072 2.27121496597249 10.3265235179569 1 438.004571563223
"1" 1.41223633755444 1.85715085268452 2.69681632190171 2.66296461568988 4.92243939133009 7.30985904815118 5.02083007809173 3.90231872697849 3.10377851479586 1 168.780484861404
"1" 16.4275904990244 15.9334489488235 3.03638659683421 4.95566357515275 5.98408004483158 12.2880688643481 -3.91201239472014 -3.87047860891908 6.86119979428418 1 503.074446531976
"1" 2.74769370298537 0.414247180715963 2.85758430684892 4.58685945194463 6.14727141800408 9.57676355757792 5.16755996188705 3.46816870391212 1.26726966336976 1 -185.438262850887
"1" 11.3217195282978 11.4119750990019 2.47696215814536 3.92036518723153 5.13983827605333 9.52343849745625 -3.51290268169685 -1.5875012836929 6.31140456169192 1 467.147741525071
"1" 2.64082435341405 1.26899661423256 0.667605373144262 0.998329940423315 1.4692525673167 7.20174651143241 5.46466154535448 5.3496484983465 7.01078195029394 1 -622.253342253664
"1" 2.99204044201524 -0.802707609979758 0.085248740445874 4.55059683014729 1.79091078436276 9.01330420310895 5.63958162166769 7.22387860441263 4.346545312441 1 -1104.61276772781
"1" 5.00777832697036 4.68942794682227 2.36786413449776 4.00130278715856 4.94230662290463 9.73636750204575 1.4812217281335 1.47472746233932 12.9919396073667 1 458.374532360077
"1" 2.74607162923104 1.35590458913161 2.59264617625024 2.90779018757855 4.11754920986783 7.62024220833171 5.21869319321148 5.30754624807688 7.32273713962011 1 -99.844695676552
"1" 12.6714898627515 12.4896897807818 2.25030092927714 4.31275323221835 4.42385468474788 11.129919426477 -3.63805195514267 -2.91847365542371 9.68136887112681 1 470.732262038548
"1" 9.97618614911269 9.60153957676176 2.37645065633465 3.6793058976001 4.792199075646 9.48295386542182 -2.53415193207988 -1.80785468852433 8.24300952822843 1 472.396604375298
"1" 13.9740428434317 13.5032288402894 1.92014245404292 4.38903919569323 4.11885944199088 11.1450700295573 -4.65787676394535 -3.0454959399527 9.34180874016285 1 479.903871574678
"1" 3.65368859029364 3.12122418166038 2.47018356268995 3.64230282033468 4.61982886889643 9.06883575589942 1.07858753309008 1.50928834669972 9.03713065150588 1 458.917214931143
"1" 11.8976137315175 11.5453392501153 2.40061877657468 4.06884646500596 4.81215811716562 10.0436038760159 -3.59706521950772 -2.81986494589432 11.9875219715756 1 465.152043948149
"1" 14.3758382929017 13.936061171312 2.58045785534424 3.57333613194084 5.10819605507967 9.09392130140421 -4.61136587728257 -2.41073931681401 6.79984084419395 1 502.774405030027
"1" 2.86296688941075 0.889021104431461 2.62476345118809 3.97782829722602 4.5878994943729 10.4145453571935 5.12482817780962 5.2402474695255 2.26042726772523 1 -165.896770106669
"1" 2.53454466740843 0.533907969463847 2.01728228877229 3.83152113490049 4.96906704460396 8.95338279615817 5.14741798125407 4.05391735543007 6.23169535926908 1 19.7559364975714
"1" 20.464995023715 20.1883356011535 3.13128240142631 4.76591732465726 6.00806243556415 11.7364474527829 -6.74019795256247 -2.36648378444146 6.07719482754916 1 485.455318068801
"1" 2.95300012434127 0.510092713123548 -0.0357577593904449 -0.263721571328116 1.16348837490698 2.4184318544536 6.01337201951285 6.17071902170451 2.9612793478428 1 -1939.25690267552
"1" 9.57748467535549 9.45915704531379 2.24993120950324 3.66014186320934 4.52579488743813 9.571681511119 -3.09487099032972 -1.43373656627276 7.16007502015294 0 469.079294182025
"1" 13.7729925762608 13.1069376289479 2.52600210125109 4.33945028719356 5.05862974254996 10.2164202577731 -3.88350824695688 -2.74350697525712 9.96912439160508 1 476.222590313168
"1" 2.81735987988156 -0.232850545065088 2.43856551550912 4.64451036326962 6.04884385758313 11.0955211969551 5.16051081950388 3.04823938304042 2.91536289569596 1 -116.631550119951
"1" 12.0513545368057 11.4323248402291 2.5663843390664 3.24062068014414 5.03440584478003 8.47923100637492 -3.56479490486523 -2.34546969892634 8.03262979046579 1 480.47073959287
"1" 1.38565018600787 1.80444986679394 2.84017789332945 3.97327724754785 4.40519283513165 8.66804828683656 4.55961690539908 3.79704180144283 10.2723308044601 1 240.731743111587
"1" 17.9480462936878 17.8770106821904 2.39930728980728 4.97181537441181 5.17524463705561 12.2947690004201 -2.03556057229335 -4.31084177838689 2.53178458079231 0 495.932451896694
"1" 8.92110639237409 8.57573207941243 2.76477670657041 4.51437394012024 5.6099941114035 10.4632052247859 -2.70000661412718 -2.83142212241017 8.64981442761174 1 461.086747836684
"1" 2.60133546986299 0.664286962705017 2.32971776579328 4.22164035113755 5.30512145322593 9.67576534678226 4.98899083772606 4.19268319317437 4.37795999160868 1 -15.8579932151297
"1" 2.73262947830502 1.6976802320364 2.88920468649871 3.17100745760231 4.59129763465727 8.53720164608746 5.25133934264503 5.27332651776129 5.89065447346662 1 -203.49102701824
"1" 17.8338052543655 17.7694026206342 2.54501398634754 3.50131137314548 5.11093582993297 9.38704570725474 -4.68759222161559 -4.39522657060751 9.48748162729687 1 507.42947899063
"1" 2.44689441052095 1.74690956305342 2.62804867974705 3.81387826851306 5.06035453947621 10.2275253233509 3.09703324848694 2.8294032523184 14.7678624269438 1 420.241161533991
"1" 14.0031985727108 13.8669227291927 2.40901405457841 4.13826082633519 4.93055248321444 10.2363869194499 -4.1111522521366 -2.504306558366 7.54666752017072 1 490.314670321731
"1" 19.2345601128494 19.3235331720486 2.73286642059589 3.76611760063156 5.77318755063587 9.07499159233784 -5.49707810860087 -4.19703110875602 9.16459212915757 1 524.765911328336
"1" 2.60756786077477 0.998789347833384 2.49833457978594 3.69951146709179 5.51321487633362 7.89912851195835 5.26396697726537 3.82667444602614 5.90651545504825 1 -76.8509634689372
"1" 9.24008836927236 9.10749970473328 2.11735120356527 3.77528825352131 4.8420093640842 9.42072033571415 -2.53082415903842 -1.81737545110186 8.00210080595969 1 472.488358693124
"1" 6.65950895021685 6.61210529970348 2.59062218426105 4.26631732802114 5.07856918536882 11.0660492826376 -1.2948982205651 -1.30477573049085 7.61886047855731 1 451.410037730108
"1" 2.58855187892512 2.05768876581792 -0.294372491526778 1.02272611535901 1.84964748844241 1.67330447852848 5.8525822212254 5.85348343615516 4.79701176330745 1 -3041.52394069156
"1" 12.5539825547268 12.3279717949787 2.23791934697845 4.5875556395024 4.41202663521644 10.9174015399869 -3.84823180795063 -2.76297907090159 8.95732945286617 1 470.984224146464
"1" 0.228903008786329 -0.0964794781073727 2.8958217540683 3.911357989092 5.40657120231598 9.89874285613548 2.56453541845232 2.89108518165987 15.8315671836678 1 426.636467224423
"1" 16.4339784736957 16.0987369140214 3.29539237009694 3.96381816574485 6.00404083898458 9.5814888858278 -5.04704841966592 -1.4179231703801 3.63642034506902 0 461.838502265368
"1" 2.73099339573338 1.72935818648426 3.01845642948582 3.30039626156502 4.82187543780889 8.83466003475109 5.2226206989854 5.24025863454747 3.2806626603179 1 -210.788991117898
"1" 2.71805847838869 1.75649930829365 2.92177734120163 3.1830830961803 4.59395322580992 8.66799804821122 5.27677962451422 5.28874456138809 3.78538851982637 1 -260.842301096059
"1" 12.18489806175 11.6248707592547 2.64482890281491 4.35975523369595 5.18586707524867 10.6653691996195 -3.33381196068971 -1.58309230112412 6.56725000199969 0 465.586219285001
"1" 15.8956565582131 15.2633239566163 2.2190880435786 4.71714905740847 4.81349112542841 10.8601299459165 -5.11980454891647 -2.51491140616624 6.03949480253001 0 500.955633326593
"1" 17.1317472533487 17.3239873170063 2.28968510317616 4.86871445354489 4.89480995074617 12.0180338098979 -4.0546712344231 -3.95603729503766 8.04281591888554 0 496.894324392905
"1" 2.47908351130864 1.19975767936172 3.41806295109348 3.7552455993911 5.58697016990017 9.93453356296711 4.85112770988574 5.13922711479627 5.93249661482591 1 -134.504938078814
"1" 14.2116323075139 14.0964378177356 2.57190290629055 4.418079966826 4.89606409359735 10.5450174722811 -4.51857527165918 -2.76597754339775 6.43579767642437 1 518.161391409426
"1" 1.42652007938018 1.74207618274519 3.48418427049861 4.33402747269972 4.44104345788227 9.57123369573339 4.83752555121097 4.390996940706 3.62868541322697 1 93.9525701011071
"1" 19.2518344193702 19.0740004469819 2.23431668598296 4.8028679389612 4.80408458361036 11.6324959340696 -5.7717512342702 -2.18728118881237 6.25058064835233 1 479.484107164672
"1" 4.80056975487085 4.70651712158495 3.02398454081889 3.79924657905501 5.74111723254047 8.94378257808205 -1.21075023523803 -1.41796863600834 4.39043539036997 0 453.431648286601
"1" 2.43951513258728 0.662527268525858 2.10042628158681 4.20873464263314 5.2707142713634 10.1241603248984 5.01653806026338 4.09125779673629 3.67761451484037 1 -57.7248142577791
"1" 4.48508522351914 4.27482477274079 3.02653629691315 4.17133127080479 5.77112673556903 10.3317117163985 2.33280859534035 1.9814434229881 16.8075713633499 1 417.2706599843
"1" 17.8260021210321 17.5315950709146 2.13067817778599 4.95088561619052 4.28634726798864 11.155343854092 -5.59309354661383 -4.0387587071986 9.45511842651569 1 486.468950644895
"1" 14.7711441816911 14.3568493635075 2.66226405351699 4.25737668218437 5.16645806364823 10.6862005057955 -4.82201906108288 -2.9914381078359 9.49166055734384 1 479.727161776157
"1" 4.43808292537964 4.08271649709756 2.53409857634405 4.47664059207283 5.31799167615962 11.4308968260285 3.30190712543274 3.41597874856871 15.268591895828 1 442.226173155445
"1" 2.69610873263723 1.95085251433357 2.43478520008383 3.83109503338839 6.66063655002386 9.36497571200892 4.64286329816017 4.98254958310644 1.88769453193293 1 112.334423477158
"1" 12.8173520093047 12.2326248864889 2.5511031902043 4.53080366203078 5.0249243947907 11.5209586995658 -3.01809731671438 -1.70183175029125 8.06497258880549 1 461.896868984363
"1" 2.87827351943845 0.855163349418905 2.65925907346945 3.93291192388816 4.50354671846494 10.6111891621959 5.09054876251635 4.78167970014472 3.99442425538348 1 53.0712574086165
"1" 13.2082779046146 12.753975287862 2.546921862348 3.53413927537521 5.12694097998977 9.2008583692928 -3.16882009579305 -1.17513738991486 6.30065647621626 1 466.346306709985
"1" 4.08385169372973 4.15226041789206 2.84382271859348 4.56846521585227 5.32041436423309 11.0357949415922 4.1594759934788 4.07917891918467 10.3536369622203 1 431.316271608229
"1" 3.57758149773288 3.30222440366105 2.53844972614591 3.49622640907481 4.73698864685492 10.4665625382864 5.02528871223156 5.14254931617853 3.23509596282686 1 321.750979836291
"1" 1.9492825573528 1.55285728506023 3.55521187609143 5.17628139059056 5.66681040728408 13.6996187213241 4.71844731570095 4.46931636356064 3.35086855374198 1 25.2796043077751
"1" 1.84888016837745 1.72343350936846 2.14891725669418 4.46978263748743 4.73834355710355 10.7473194524847 4.77052257380463 4.21720840274304 5.60381121806538 1 50.8799748621095
"1" 2.58383872110565 0.976161201511402 2.80126912150504 6.31719627865981 5.80359905088677 15.6846928490764 4.73065868793403 4.42107778576878 3.72455138218666 1 -7.05499482023697
"1" 1.76141038289256 1.25590223293258 2.77986505889152 4.08886860528404 4.48101915712188 10.2847281119224 4.45371771523474 4.9012399170339 5.39435181529985 1 153.907461377634
"1" 12.6233888286966 12.8994133585675 2.87444116290869 3.55629201677312 5.92007151259101 8.6354537342046 -4.30999805343438 -2.76798843779403 8.52531913848374 1 470.209887761662
"1" 1.97771857770838 2.00968231518887 2.80826052198866 4.5679128103093 4.95323844195715 12.1653316628739 4.67832749011682 4.44959868449341 3.68978851016031 1 -0.262495123051849
"1" 2.63738766038759 1.48715710501694 2.77554576759287 3.75835953355234 5.39080215509849 10.0697685361786 4.9312179393433 4.81930732828432 7.42827177308127 1 -40.7713806845431
"1" 1.3882818967727 2.22592402124836 1.93117441201111 3.72315191326954 4.14038856536737 8.51548467264089 5.0888950603687 4.3458897699452 4.21767669309389 1 4.82762913978331
"1" 2.19859603417384 1.70234651933793 2.65183394551568 3.57071487819702 4.46352757256017 10.2895060692142 4.98876396431017 4.80869355204017 8.11405822918588 1 -12.5901605932995
"1" 2.88280055832348 -0.403230045075227 2.20522411972459 4.45275702174752 5.24233973013369 10.084705719228 5.33479201609409 2.77968061844448 4.66040720213259 1 -80.2592194912204
"1" 2.79219017930383 1.50359681804312 3.13434072336876 4.25835674539479 5.14990342569735 10.9219784876873 5.11623574249942 5.14195942987944 3.27026300299841 1 -276.594069784919
"1" 16.5991289112699 16.4225749715012 2.68075454776015 4.4586986678512 5.32954330289131 11.2242147816858 -4.79392061926492 -3.23199467846958 9.71741468464502 1 467.528470448217
"1" 3.7615093539035 3.14353930880155 2.37298041403317 3.67963257542256 5.19201636275608 9.17402901018475 5.53148938891767 5.32215680426059 4.46880843347692 1 268.214653502364
"1" 18.6238905204181 18.0902920508691 2.7522186845899 3.82619753375144 5.73110088436298 9.43864679405345 -4.4106168174657 -1.32426162537222 -1.26959371857749 0 544.660665562345
"1" 1.91327089247692 1.05761940651283 2.00521252247116 6.22183661156718 4.23498677411218 15.1287255274168 4.6150667000292 4.12165869527243 6.06789681604586 1 91.4516381859858
"1" 2.0258677711334 1.62446973757191 0.0236737838671761 1.64020325498801 1.20138326010051 2.59003245831994 5.73772486557431 5.17123430180574 6.50345253463722 1 -544.147290133921
"1" 2.71516679554098 1.64697885836989 2.93178803061021 2.8057280640441 5.51056294585522 8.13812436357677 5.02229599249816 5.06692557366479 3.95185311087044 1 -122.013870082311
"1" 2.1518751427004 1.41171258486974 1.90536751007191 4.06074234323532 4.5904569669402 9.94436697860971 4.90482090132466 4.38231207355178 6.67546184327412 1 8.6303642337125
"1" 2.31929469266107 1.97317318286264 2.83660747112255 3.73024104321021 4.93264038723296 9.23626928998716 4.91338660972245 4.7692959637405 4.74461230783022 1 -65.2923484148114
"1" 18.8508202621089 18.4083109550733 2.31810462517057 3.85512252365199 4.79214844256354 9.54073313154229 -4.8809193759349 -4.31407538446024 13.3240073217006 1 479.846005570335
"1" 8.92719787369894 8.68736729198418 2.49537625938707 4.0264859649476 5.17332504848859 10.0285747873138 -2.1339011744415 -2.02382504345394 7.93084932034845 1 472.416909948533
"1" 3.81629645950559 1.0250985769317 2.15657113357489 4.91214562514983 5.23042393363008 11.0376559473201 4.86200397054643 5.16670238933611 3.22051205881962 1 290.957989445401
"1" 2.56805629541422 0.72727084149027 2.37644702221882 4.52874354501157 5.62419743427669 10.4475775965732 4.94793387839092 4.39955549570014 1.17270842444379 1 -4.02380369192269
"1" 10.8538166239537 10.3149332303825 2.51310909915369 4.15828841402148 5.23291368220592 10.0253652381453 -3.88820046393879 -2.52147381356627 9.76603714735428 1 465.500401965221
"1" 2.44983494582749 2.21873344615164 2.77861546452157 3.83611489906239 5.64438423266276 9.87967173101416 5.2132212994648 4.5249110413753 3.72912008555147 1 204.016858551378
"1" 8.34065147751126 8.22714779358144 2.29257697314524 4.32930081251791 4.45716727395265 10.3331478426545 -2.81424425168332 -2.77310866288259 9.44557077403147 1 463.711208487525
"1" 2.21369692673052 1.31133959487545 1.9394762294686 3.63198253770102 4.98198514587197 9.28967735257923 5.01219861242128 4.29910331541238 4.57713105920945 1 -47.4415332207291
"1" 1.60757333020793 2.08086025255014 2.53849238436888 4.38313804702921 5.00280472878257 10.6436896557674 4.94404311763216 4.25479839095093 3.38206965740714 1 144.867713648106
"1" 10.0353874677769 9.70095209433597 2.836560502141 3.69524752167433 5.71502239632876 9.78551995945691 -3.32187212741884 -1.80110513076861 7.87153948309263 1 461.374590193823
"1" 2.80268205767034 1.31404755042803 2.81452723106996 3.6057551774875 5.03665011573148 10.1776197298631 5.11256457407327 5.17931876858443 4.34864950353547 1 -167.175553250967
"1" 2.68168850082326 0.919437595123826 0.19100517832117 3.32864056179758 1.12921872060072 8.8480481086978 5.62633739160205 5.5280799801522 2.43203775012994 1 -527.471741882912
"1" 2.51213228114689 1.61954532180703 2.69941640135628 3.86122710204482 4.62855908279628 9.71607643005303 5.01570813497352 4.88473857058832 4.39957014638048 1 -110.983395004324
"1" 2.92228764660444 0.383382021927727 0.636333666039433 3.5469534506965 1.70448750420674 10.034818992446 5.44752940913748 5.57126560072956 6.0515263400125 1 -555.784785658827
