"1" -12.5667796168844 -1.55015213234899 1.10131940368543 1.24742234565492 2.79778962783778 2.96119242022043 7.85796658713679 -5.68030365507095 -10.8551133426345 -6.31502146388295 -5.27638854962644 0.0748742083998458 0 977.129436445419
"1" -1.49888083990161 -1.25572204878312 0.935424420039179 1.14211287092268 3.30150134903418 3.52553472219847 -17.6445496727313 -17.9218444231203 3.68097404890532 0.0479467483622912 -5.22731161526932 -11.8517725564765 1 1018.15545651812
"1" -0.232568936753535 -0.993676977966469 0.303324683879353 1.37380605445642 0.263196845760262 3.53425704334109 -2.53046004125219 -2.31377129609415 4.32048538535281 -1.23779185491659 -0.22224474649732 -0.16679798384777 1 -350.139291722538
"1" -0.307008190361962 -1.00120521369117 0.245807663000511 1.37287789843785 2.64497657315738 3.51778598650007 -1.51627386980672 -1.47866934593596 3.16657302029381 -0.717714126582684 0.146779279133102 0.0871045885642819 1 968.669365120106
"1" 0.568612239028532 -1.99304104886438 0.335891590452535 1.36552220350678 0.334411183608603 3.75501570955568 -1.88281621747588 -1.47511284911125 3.76984186791996 -0.389154370001357 -0.175156343110867 -0.0296073882477998 1 -411.766078891502
"1" -0.340683824310272 -1.47104223194019 0.358829162489116 0.795667961472452 2.418553746067 2.45896932621082 -6.35586368591342 -4.25360243319157 3.24821357158426 -2.40839660371742 -1.14656128900729 -0.0157164187273346 1 609.540294336075
"1" -10.7672585526633 -1.44588263428071 1.41333208828372 1.08797868401419 2.9362079106015 2.92640601222645 7.05536873148652 -10.6394470504426 -12.9142369879885 -6.19601757418883 -9.95147274760431 -0.0955627630622232 1 1076.65492992775
"1" -1.62798683549072 -1.15287207094758 1.30893679864708 1.1850387839464 2.76928700512714 3.1506446217748 -19.2221922457043 -14.20835438503 -2.39252841428023 -2.70670873796611 8.08913096156694 12.2337604623902 1 1284.30605751341
"1" -0.0934022483535381 -1.38979297024514 0.236538997512234 0.838248504090765 0.243484283422975 2.90705061254468 -3.74681569489502 -2.28716268122649 4.46632435150024 -1.54274746424532 0.541315200280028 -0.100946874050515 1 -562.988335073835
"1" -0.895352157837407 -0.295014052561952 0.38786547050873 0.467928935756714 2.30391987998711 4.32084668054883 -7.48653571813023 -7.93250837276788 3.87416252306683 1.30271438800634 -1.49618522120165 -3.21540497872481 1 336.076221351061
"1" -6.67105977985053 -0.89965131672581 1.31567265744575 0.856545609079047 3.5140776806658 2.39814374203794 5.66649785351109 -11.980220256029 -19.1068969268554 -8.83242268292254 -13.1201822158637 0.22272832192711 1 1204.61490903537
"1" -0.882810673005977 -1.21984187299371 0.505967990064918 1.18465867911004 1.72376157931724 3.41561577613531 -3.03129802757697 -2.19783342383668 3.81043806731761 -0.857605382999421 0.457755141160567 -1.53696278284683 1 625.077775466663
"1" -1.66088774291742 -1.31930717451975 1.27312023639424 1.06580678799292 2.98672867580095 2.89485927184023 -8.96276449383184 -11.1667744680593 -1.46345772841291 -1.09024300503096 1.9572531692004 7.44520256239859 1 1192.30973943132
"1" 0.114661738323188 -1.25023327232698 0.176603399440295 1.30569040835782 0.206766711219006 3.41528902826146 -1.86141919862463 -2.11698522530604 4.65551029231857 -0.689476544071743 -0.367020011372842 -0.0365284765450665 1 -949.299527097337
"1" -1.50470821369481 -1.5013890332489 1.15713050386774 2.67625013937812 3.2143258154062 7.15191369155202 -7.27411171969449 -2.97269357483798 -0.26289024651984 0.598644066718372 5.54356398503168 -9.22688662120772 1 1164.11212781212
"1" 0.294469642392521 -0.956164179929224 0.32492834208723 0.44914882389832 0.23018188338935 1.99771738715419 -5.82329456053603 -5.10562941131532 3.88183081567336 -3.06789628883798 1.9436224334774 0.303716699292261 1 -109.353898611782
"1" -12.8188011840414 -1.73503555725548 2.79383274435564 1.43137075869965 6.72926205572295 3.24911074803427 7.90366927721431 -5.87635904362004 1.28476650679815 -1.96334376834715 -3.38688522125746 5.74010215338218 0 867.915804999968
"1" -12.1000424496138 -1.45660068644384 1.26505602554407 1.380853306733 3.02365055619897 3.05888758711164 7.42410584646986 -5.55352494033983 -6.51314298529565 -6.95182395826086 -3.14694239661976 2.10007734068437 0 998.959496455322
"1" -0.0257225208314578 -0.938739113397215 0.330260820698543 1.72685341404062 0.304769104531768 4.43884631409837 -1.55092904100113 -1.65441727935481 4.16289114821322 -0.626975249469301 0.400689926239261 -0.00165340656514447 1 -196.61750240899
"1" 0.11277475163197 -1.40508839165244 0.319703097547393 1.17814079247945 0.278804532736809 2.84418703364396 -3.79591292313758 -2.79734949516876 4.08386706041041 -1.50095220504874 0.765505466584195 0.910938454264385 1 -411.13788091722
"1" -0.0989930121371486 -1.18482924322396 0.216938513060462 1.12917433024351 2.91023063690898 3.18018064946857 -2.1881982001283 -1.84201758902057 2.93773431336411 -0.705336781381487 0.489270543912184 0.0524652962055334 1 952.586174505792
"1" -1.23437365310972 -1.07068439377649 0.430534333147204 2.06551884475607 1.90009620168369 2.98546334389022 -5.09145025112875 -7.65875979038024 4.10195077510409 -0.328020403544876 2.33264030697926 5.87610204049719 1 770.553432127923
"1" -1.76854049442291 -1.2864191861824 1.33541853712742 1.39966330361069 2.860807215948 3.19828907064084 -7.5302162925173 -3.46022341286521 -1.84623713671944 -1.08357924521862 -1.83486708726472 -7.75938627780506 1 1194.33885920752
"1" -1.69643152152925 -1.62203681655669 1.38232265832164 1.20472253556102 3.16651664184042 2.86779872639938 -9.2551981970851 -11.8404247424856 -7.10141096923615 -8.85921016473566 -2.17557538102904 -0.179208047223992 0 1085.32723356066
"1" -12.4107650876958 -1.18107711117769 4.53989468602789 1.31029415832296 10.8576865527132 2.93280332794082 7.84204109260165 -5.56164567429951 2.49289966985837 -4.65448562081935 -3.69861177941084 6.67305060856617 0 1169.21612295872
"1" -0.169065884310995 -0.801423470192246 0.331424975436872 1.05166239689981 0.314918276959944 3.02501827427998 -3.13197814647589 -2.21448803879857 4.20227776328201 -1.27716551321687 0.638515253504605 -0.374921219204625 1 -191.065873878735
"1" -0.0932869248982893 -1.79038920353804 0.261626953407887 0.877376270140651 0.26367075833612 3.52069227161921 -1.914440482865 -2.0016824930807 4.33557274916737 -0.90245322922328 0.336807319142388 0.817091344227438 1 -569.996246583949
"1" -0.35889174995052 -1.0957409259243 0.0333913696527934 1.47691159701846 3.11510696580701 3.53881841952366 -1.54491202408691 -1.56394586921416 3.13298640419942 -0.552549093926243 0.362127819035738 0.182529106412159 1 933.924655791023
"1" -1.62077573295983 -1.31211659135605 1.25026510702242 1.32496054702144 3.10219445603215 3.27116646063207 -2.31577165575375 -5.05932664953808 -2.20530365291211 -5.54155478581137 -2.24840744165966 2.8474117643849 0 1237.31815824351
"1" -12.6013136210576 -1.51600729616064 1.09508490830602 1.10875698919492 2.899403750424 2.93493700979144 7.86219867205094 -5.64574343063867 -7.05956181822688 -6.59066848288543 -6.81786411120559 -0.218460104293049 1 973.562936059385
"1" 0.26330200518925 -0.920896423457908 0.391671891588194 1.08652282928717 0.36898373309826 3.34578592269088 -3.22305920976265 -1.60957120298505 3.88194598610808 -1.05842395476764 0.298545968321781 -0.041532077220078 1 -104.323632628002
"1" -12.3061974939044 -1.64520543110772 1.2204636913613 1.06165985894365 2.77918903351819 2.89776809957555 7.63941069295733 -5.67145104737576 -9.14569193320935 -5.51953048793995 -5.38607877329854 1.69462528746251 0 946.305949051381
"1" -1.77803834085877 0.226725967842371 1.00410270356222 0.276415195291828 2.58305935949085 0.283503117632449 -0.513366688209561 -2.10046951877536 -0.789322446065941 4.12659938438192 0.489413003699538 0.00714720636337225 1 -458.826955291799
"1" -0.484204366846746 -1.27182142239564 0.397190534093729 1.80240512483517 0.32101421034054 3.11638961613546 -6.914307299248 -1.94238796140651 4.22836460467877 -2.33366593345374 3.16881509689573 7.02407522520963 1 -229.642945825417
"1" -12.2575515401502 -1.48994954326744 3.93944412694648 1.34748478371681 10.0935000913263 3.20646949175923 7.63796575965842 -5.65097059233897 2.153420210264 -5.10563589247751 -2.58492917771211 -11.7787773011133 1 1026.96469859139
"1" -0.798775118159712 -0.657154552231481 0.239188898711016 1.72093961127114 2.99575523932846 3.43585489151172 -1.33717760573353 -2.43810095104187 3.48852013293492 -0.784714345553214 -0.393621035643184 0.310298969870017 1 847.865684291992
"1" -0.809560393746632 -1.23023303681388 0.320047322626236 0.979177306466858 2.58729571689335 2.86722685699052 -4.88878450209242 -6.36650684161343 3.59518452588139 -5.63214291870563 0.450522377895149 2.38061844405199 1 779.644850907622
"1" -0.527211776845446 -1.12497827254562 0.364636138447153 0.680882734527026 2.43656410455688 2.11858162103541 -6.9531178264266 -4.816778655851 3.30050314379214 -7.09084600362885 1.67941846834398 -0.430273315161648 1 856.49766243466
"1" -0.292605557621875 -0.600210819758376 0.478194991009801 0.876200363547693 0.617721896939185 4.04241499404877 -1.45944378968466 -1.35695578554395 4.05545880124078 -0.671287254125817 0.604848065366542 -0.910369062855291 1 330.768851018845
"1" -12.0363011453368 -1.42213380075911 1.03144693447434 1.13627211048434 3.30505813581134 2.92077175992935 7.62386170238344 -5.59480463652511 -7.22560113981232 -9.7668204815721 -3.55882242317869 3.31736563679925 0 1111.63485412277
"1" -1.70394890233961 -1.325825316236 1.05101770514093 1.36196908842727 3.18869581778478 3.68872530267461 -3.45268636667783 -4.37746531625447 -0.426125051765938 -1.3577580775683 -3.12111726274917 -8.4288476269752 1 1179.25221117226
"1" -0.773679543418133 -0.623701805416241 0.648719919939115 1.72805040631231 0.661162801865953 3.52729890568918 -1.11212399168833 -1.10766756704966 4.11442279103801 -0.214975013882638 0.562387811795395 -0.997377430536124 1 622.400482207733
"1" -1.76679287296865 -0.0913908882711376 1.34679737528869 0.104520061960085 3.42083508142402 3.20014311448331 -0.298328846248628 -1.52328472026668 -0.925034136517263 2.91293455851546 -0.0721551028674001 0.158619400934693 1 927.627174234643
"1" -0.450339009582627 -1.50623906769432 0.268422937627123 1.01597319218584 0.272036680036936 2.87120987096136 -7.88502210645548 -1.92921009950607 4.56468127521523 -11.2985625388654 -5.13473871880358 -0.514028699169222 1 -650.462147381895
"1" -0.516114186893987 -0.963730886441326 0.483585625490743 0.918651080580677 1.7371005022848 3.56804579388756 -1.88006814393316 -1.77327210084382 3.60142781413772 -0.980396811019605 -0.0625087353614129 -0.287934064069092 1 623.878681365466
"1" -1.28824886956154 -0.167307430016692 1.42856739379139 0.346744446121734 2.84242109439669 0.298143792632395 -1.05333527119201 -2.19204291933021 -0.753261294873232 4.18437949117201 0.294622522937277 0.807185882275982 1 -180.086500607347
"1" -3.70448870501051 -1.51175992875308 0.960347504263948 1.1881466771005 2.83464308730252 3.27232947755694 2.24347231637751 -1.1375649616764 -30.6062174928266 -0.58388224040612 -13.5133510210511 -2.54250249732691 1 1126.54100186929
"1" -4.80332719856323 -1.24541494570257 1.26374235297424 1.3723810407127 2.83086744092231 3.31299123603093 2.86940554025656 -18.4650791177004 -10.8030241107597 -1.24605956837749 0.0548314547484395 10.0911054200328 1 1132.96839935089
"1" -1.70037282646443 -1.29704781733324 1.0261418195587 1.25436995458114 3.17024060886724 3.30328720940926 -5.47931829310894 -5.35496389170014 -0.824171483982645 -2.50942866341039 -8.94724017443113 -4.91292855591704 1 1190.54765428757
"1" -1.82035888218337 -1.3031349575319 0.973088384610756 1.1761608222364 2.41557481903024 3.11394862192497 -2.63893317142417 -4.09209610198435 -5.75950329936264 -1.51248592376126 -10.0354212968239 -16.1046922741412 1 1144.61122693795
"1" -1.65758950511822 -1.43643748136306 1.08652387641571 1.2483240967082 2.72801246820285 3.0753980751697 -5.72845429448494 -3.1765535314165 -1.4356285399459 -2.21744043148194 -4.66510137793605 -7.049221651076 1 1161.48545996737
"1" -0.154601145714609 -1.27503879555939 0.286912701865236 1.22795599460923 0.250777932776823 3.36096518565175 -0.575026831955933 -1.30616296951785 4.28932303737867 -0.224008206420429 -0.121318849021348 -0.271049894543778 1 -354.498630259444
"1" -0.292660544863149 -1.2177284882248 0.330394046540469 1.4041061095822 0.326973873988272 3.73737619906272 -2.99180131181836 -2.2382265547065 4.31147749080465 -1.14605501041515 1.01789353362401 1.326100394387 1 -210.271400659611
"1" -1.57056139280151 -1.43668774915303 1.20055638837212 1.34928091131721 3.00305277111868 3.66361779225784 -14.939676596887 -12.4072100992705 -2.06546808036809 -2.47751576425672 5.5236565012344 -9.21310077021357 1 1187.77799594598
"1" -0.306945422929587 -1.23986805503513 0.191125872087591 1.1896924398848 2.81799262380825 2.87259367642969 -2.63050794315636 -1.9971469719712 3.10629688494608 -1.37510908771859 0.257092496275537 0.121010372557316 1 862.187681121901
"1" -12.5200236147609 -1.71408354964543 1.21940426528773 1.01940927374275 2.70967501409597 2.73189349135804 7.65808522809721 -23.4303943038932 -17.2834726401847 -10.9397834052266 -4.77152832633876 8.054997439105 1 892.145283828384
"1" -1.90251084989937 -1.97058525490607 1.05562633478913 1.29889811858543 3.1110163477694 3.39664076709065 -3.92593919829756 -0.600970372469255 -3.32022354382335 -13.7773933617516 -7.98364088541295 -0.143511010453891 1 984.463490794729
"1" -0.421092664688764 -0.705181777277209 0.56699695619631 0.910935606961212 1.93514861390842 2.05293481055594 -4.39646624466044 -3.59691998779782 3.50651768765079 -2.49619320515397 1.3030594974903 1.65084369051823 1 897.196377287233
"1" 0.0737363031917342 -0.830296951015556 0.299794942782211 1.39273189960511 0.323896652800748 3.82703346681564 -1.57529246960249 -0.939489084087536 4.17911794252502 -0.917107853265602 0.459233215798933 -0.254298503681901 1 -239.204702802588
"1" -12.5551347924093 -1.43474350366523 1.07223219540333 1.16221139268788 2.66921901574256 2.72306912143731 7.85454127206043 -5.54807962831493 -9.62028455388324 -7.28065158549254 -6.95896162328066 -0.498426327160908 1 1017.3418259491
"1" -0.486190395650097 -1.08727155042169 0.411918858244329 1.25664558075626 2.39421722525465 2.68356384361869 -4.0489542576452 -2.94113149300586 3.40132720633217 -1.84048399104038 0.84489009424427 0.486265652247337 1 719.161161415122
"1" -12.3232937319929 -1.36743818528363 1.24138388724252 1.2766267419276 2.56225145974973 3.29543516324244 7.81753078459252 -5.51388467175178 -9.20305010084131 -1.88888321508067 -6.18186021101954 -0.609470458003213 0 1108.50122853909
"1" -1.58059208017596 -1.22128008092454 1.07252882696316 1.32582288747058 3.07584656271795 3.49693444440758 -1.97314781924219 -6.06717454871174 -5.1633340400931 -1.1114575344424 -5.84905462772164 -5.05575112679698 0 1284.92728751564
"1" -1.41274743525199 -1.25928472684425 1.14026885833099 1.10837067998674 2.73435634944667 2.97151447534663 -9.27932950677656 -8.6084828852586 -0.840649131740004 -1.04093191786458 5.06001760242669 8.11864645956024 1 1286.75860505228
"1" -1.70115926015167 -1.58714677010627 1.0817039759067 1.5017837278528 2.73589588461942 3.42666685907211 -5.32855064269918 -2.36008634780892 -1.5625573324393 -10.5271192385581 -4.18962452481924 -1.73798918285302 0 1101.00840836396
"1" 0.0217859338526184 -1.65885803482945 0.230984577190056 1.25823030738228 0.24043578247241 4.31909041995928 -1.90198584773833 -1.48265199871965 4.4219151919501 -0.995558989324604 0.305042189561372 0.00504961657746706 1 -472.097166843345
"1" -11.9935300281556 -1.39696451495369 1.3986757285033 1.15355985878911 3.40946125863048 3.14939878483064 7.44590422940308 -5.108324378231 -0.64752317793695 -1.13235289631358 -1.1368712624921 -4.93887031892686 0 1067.52223904278
"1" -1.80574921598791 -1.46873291569322 1.14723221341311 1.1851055432024 2.8918023865302 2.9495974688869 -10.688801268854 -12.2920873019111 -9.36590213121139 -10.1351335299062 -4.17705885313646 -0.521846158775833 0 1104.27225064163
"1" -0.349447944616504 -1.2069121426892 0.0842531618805068 1.55648047656271 3.12944721781073 3.61405377547502 -1.87726397509279 -1.90904394106579 3.083677726985 -1.0524354692978 0.266432326697411 0.323797701186904 1 877.859507094676
"1" -12.5830650802341 -1.45371762611468 1.2551113215478 0.907789176866078 2.51367846277643 2.58845593182268 7.86560198402806 -15.1723257377895 -7.23763953009901 -6.47019372470161 -7.51866173426618 -0.801413926203159 1 1044.38346719612
"1" -12.9704665574295 -1.41524873409612 3.16396818923785 1.19575333489635 9.02667312283002 3.03543556235924 7.93939289738073 -5.7964739945587 1.94566507721699 -5.52968934239196 -5.63355812098128 6.23779718077098 0 958.555047090656
"1" -0.161338713245223 -1.022798939075 0.769573020944153 1.19701319549674 0.934691539218784 3.32101374220018 -2.26705541126346 -1.66748369542581 3.56703782035784 -1.09350338992116 0.768219330546945 -0.0688463070074992 1 517.831203259473
"1" 0.229722606752756 -1.3289341751118 0.157391997754971 0.783823813976848 0.160678805083125 2.37292491249804 -2.9200785852701 -3.28682158359783 4.72979898446867 -2.45270418503962 1.04971677933261 -0.0825788754871374 1 -1008.47799242922
"1" -0.0137253519304772 -1.08288081097676 0.606980221643017 1.53006487821375 1.64042455104708 4.39448805655767 -1.65131026296436 -1.07867542232665 3.36102132121395 -0.648551781140993 0.0243647139398547 0.183951286273614 1 754.150506451828
"1" -1.64643580121535 -1.44105045380305 1.04324328455289 1.23048676560181 2.97172428638852 3.68137398668266 -8.68560957171313 -6.76525157726125 -0.906779568237017 -1.03948107209267 -3.17124554537987 -4.90720393601222 0 1146.52175133704
"1" -0.391877909636115 -1.04519655877462 0.221504485003203 1.32287212132766 0.216225976918272 3.44932991059712 -5.55350493637696 -2.85927772248935 4.76555818245828 -4.10202309636537 0.761332758237969 -0.838225172979065 1 -628.976954533849
"1" -0.825044126672082 -0.940158275558896 0.314589979853375 1.2585060798335 0.277391980306209 3.79373149668569 -2.1154728899282 -1.92751916000548 4.74591086272914 -1.20288103411906 0.375266556609386 0.278102426270352 1 -419.129353732304
"1" -1.49841417130356 -1.30476530598927 1.13646281573611 1.3437832353746 2.93587301899141 3.54583809144702 -13.3688906849305 -2.29594932503817 -0.684050253995145 -2.87251769424225 -1.49315283285386 7.68667140159752 1 1263.13121950526
"1" -0.152313052644245 -1.1035977920132 0.281870274831235 0.722643942340609 2.64448935134584 2.84337428907097 -1.97753983160658 -2.39188191418317 3.19356356540928 -0.836258124787796 0.448183924506097 -0.589113309441292 1 819.216563493908
"1" -1.6401258972011 -1.26879631446599 1.0973685252535 1.35872836727234 2.75162850442803 3.09867250331375 -12.6816215290498 -8.71940453395398 -0.905642439609349 -1.51171062902349 -4.00566071121902 -4.33665015760084 0 1221.75286326995
"1" -0.761689867200662 -1.9486486438008 0.282440520368667 1.62920878021348 0.286234581562012 3.22876792753245 -1.48681151493326 -1.43335405056155 4.66776758024724 -0.38162130824452 0.257073952136488 0.0207184313866476 1 -426.773342980105
"1" -0.993891625273034 -1.06502338027521 0.306571196564835 1.13173949849867 2.30012113604966 3.20332159364321 -3.35394972248123 -2.69950895125939 3.77104684636571 -2.54472975765225 -0.226815151671458 -0.0486146904403006 1 724.361813966083
"1" -0.622767806301903 -1.22923720608235 0.301470225338397 1.84712862891463 0.389636196265647 3.38110367433423 -3.06178847074839 -1.8324810259327 4.44278122293844 -0.441088203408163 0.264515255990604 -0.382563148265586 1 -348.935156478918
"1" -0.439676783550572 -0.987473209424133 0.439848023541566 1.28729332413399 1.8640548299574 3.4594028117034 -1.67327252433066 -2.29341475250673 3.52137166246392 -0.710488885550999 -0.0839291427138516 -0.0664016833401091 1 723.853207624314
"1" -12.2211032342561 -1.54173196396097 17.7351708914732 1.18025077455931 43.255515389206 2.93853233485916 7.63037129918227 -3.58125256598724 5.07055344604025 -1.26452365494011 -0.362217002460258 -7.63413508207642 1 991.621470705952
"1" -0.139328807880098 -1.19727640673285 0.0918103010405595 1.45626908380059 3.08008009935851 3.523075657402 -1.83439480369053 -1.77142689746286 2.96922747851963 -0.693234203228829 0.381510021847515 -0.802494541160003 1 991.607476239293
"1" 0.0817874221423797 -1.3904277261008 0.257335065837554 1.40072048206 0.236316972530237 3.78435412185237 -1.93049362217429 -1.31136613080097 4.28205194643431 -0.685714630269186 0.419514977744147 -0.25266913341797 1 -413.342356726182
"1" -0.199924222585029 -0.863171952652619 0.253116829956566 0.84581829694799 0.262665382856441 2.80953939757292 -6.25381397649885 -3.74340954689738 4.52605643209523 -3.40559989128307 1.07040100666618 -0.47653605482069 1 -500.59225032118
"1" -0.023032382369752 -0.812241021847001 0.251517118666305 1.54594468675428 0.221378184209187 3.91077967978148 -1.38745243568835 -1.93505285191657 4.32379025897655 -0.70229133936312 0.382397894426889 -0.667297244382239 1 -311.769686463711
