"1" 9.79489496515766 9.74369162166608 2.34191602737647 3.89740743031553 4.94338167375303 9.49445790013163 -0.879203457215467 -2.54736920130288 6.99987032356696 0 468.40291552405
"1" 19.2023587035822 19.2638238522791 2.35893006453293 4.52984381924603 4.66666887089206 11.1745062985728 -4.98270130114336 -4.20567795424327 11.4428590624731 1 480.816541556481
"1" 2.79254202319565 0.544891806714327 0.182891212944146 2.09102453901028 1.29236426889 5.94079686341399 4.84653208646105 4.61754841500414 7.18634355115125 1 -163.7232680879
"1" 2.58247163786373 0.991148244908367 0.113365962592654 2.07019209062403 1.30930389254621 7.76913357871611 4.76075514771865 4.47789794942193 3.57053137909316 1 -21.3505340434303
"1" 2.47838449196376 2.02754571783686 2.91433564530318 5.18066080826697 5.73968934316247 12.6455462568318 1.5815112105317 2.48099167564871 10.3684258403818 1 429.453805355623
"1" 14.2477481598453 13.9907957099165 2.87197816372939 3.8025975966847 5.44277649806311 9.70055641581718 -4.6676602829655 -2.05028913565283 6.5003842563331 0 508.374972568542
"1" 2.57450115354043 1.05341144753635 3.49206451919459 3.32023034297805 6.43539291936701 9.44322934348851 3.99706362690957 4.27762630682617 4.5785124381175 1 243.985360078965
"1" 1.98580456325121 1.90211101755034 2.56723460370202 3.96340727864263 4.79349742088788 10.4452223473095 4.01413474173466 3.69510964487328 6.3293532481791 1 258.510530802612
"1" 2.66216695562703 0.929215819497195 0.70495088989217 4.15048678824811 1.83383591942474 10.329611432663 4.55269978529164 4.13746386019071 3.67799342720277 1 48.6110945311059
"1" 2.66048821689044 0.486073725959942 0.077275866703867 2.88817449804637 1.14279312925261 7.95396711254696 4.86791898572081 4.59633455445421 4.17512156919669 1 -86.6673355096777
"1" 2.65161147493154 1.35761452622236 2.63008588450381 3.36251992899853 4.34672273552351 10.32913682597 4.14880835159057 4.27653466970404 4.6148971038041 1 165.587233001224
"1" 20.9867327836569 20.5735821534459 2.27855371867432 3.58744071381076 5.08410399561207 9.19202392664706 -5.40077103500688 -1.544895499261 0.733299575631329 0 513.4600596744
"1" 16.7618665209681 16.34263398053 2.30016256142915 3.89530638307666 4.63127469806237 10.2817223490265 -3.71029380944317 -0.850016474081535 0.517803270950351 0 478.523957298838
"1" 15.9725987094804 15.4685238182534 2.98700077365422 5.1968744185553 5.69107991654952 14.0900259779852 -2.82698031643069 -1.41572555033126 2.61161081583094 0 449.478187930358
"1" 15.4453226811311 14.8460423261514 2.27542305810957 4.66676169485464 4.74367961348352 11.7067299648859 -4.25833939686613 -2.19274132991267 4.36669601017987 0 488.335854969951
"1" 2.51556068480106 1.61744266991485 2.23515837111025 2.6752916344061 3.60463517469231 8.5801491783607 4.17270446102448 4.28546216046995 5.32047123490742 1 177.966436247708
"1" 2.50147780056605 1.01587419123889 2.57940096572289 6.32850943480352 5.76116438719397 17.0732986013685 4.01847837332894 3.71994082111498 2.06399104028288 1 238.413273471446
"1" 2.61417635546968 1.45023367896602 2.41709964954436 3.62381431611038 4.08445646739386 10.0695826797655 4.13769929127152 4.25270144098109 4.95799706773538 1 170.630599656984
"1" 5.12215006752164 5.05396698370449 2.45635035302423 3.98505865406385 4.5356676543697 10.2396014334385 -1.2869456312174 -1.21660607870326 5.14554349348878 0 459.324864697396
"1" 2.6556541445786 1.59582176993518 2.89950301549899 4.16683159601588 5.58515259331604 10.282396190293 3.59585688352635 3.83575761143675 4.57338110266172 1 298.402461313434
"1" 2.66121163220232 0.837846128964274 1.98369210037221 4.15738177449882 4.77683074468908 9.87711650616047 4.27147400163967 3.11037459655121 4.83172770751338 1 263.436329858119
"1" 22.762075466384 22.6033434462665 2.99282570949356 4.05292197431115 5.59221260871371 9.84902039440527 -7.0292033153318 -2.41409087565945 7.19361360260119 1 507.461076813131
"1" 2.66335147447647 0.811012560541219 1.74291219354816 3.51239421052494 3.21937767461146 10.1260026926644 4.15621889589691 4.47368605037784 6.149631084379 1 176.547528990121
"1" 16.7517753100701 16.172072154768 2.20000731959429 3.63615736605345 4.64721840088731 9.37727752490094 -4.10941922102558 -1.41657367931808 0.00907695532208311 0 495.168155504826
"1" 7.26062496876144 6.98185684679136 2.52300879939333 4.20172772044407 5.14226604603154 10.2472384483592 -1.70458047567109 -1.82019334248832 8.45521598496097 1 460.606959353077
"1" 8.27046848836618 8.29204056407128 2.89040739723471 3.91301772331567 5.38472376873169 9.18668710511711 -2.73302413561896 -2.82061449671782 8.97580314042051 1 461.148355471351
"1" 17.219177466991 16.9708270450021 2.52123130740033 4.53269911647771 5.38876899442421 11.1526087569214 -3.12404673727284 -0.907422025826924 0.984079045683203 0 462.243504655302
"1" 16.4257743756331 16.2194118644536 2.95118453478679 3.36335360875659 5.91405939019703 8.93395634110456 -6.01129688554636 -1.74144376132926 4.69760894913796 0 480.951794107088
"1" 2.66971612780841 1.83898844872399 0.376109516827818 -0.400911457141149 1.32095183220745 2.12100878403653 4.95116563375148 4.97361121317428 4.87529412230187 1 -563.761064738989
"1" 2.47148928122552 1.67950282056164 3.05652672861816 3.77891565657201 4.74416802000002 10.816183454744 4.11921327234604 4.22894518148743 4.31785131741839 1 188.064724489319
"1" 2.21133677540131 1.68541045843003 2.86099370260548 4.9022979222708 4.92696779709153 12.479467959598 4.08236750855772 3.8731723355581 3.15969823871507 1 182.615031520871
"1" 21.9072827807832 21.7888384150694 2.27770892155079 4.90716402249104 4.91936494826153 11.8803675874826 -5.87356962879674 -4.48894050065807 10.0113405816349 1 487.230727728392
"1" 2.32812600511762 2.36907068741714 1.43395124391935 0.405826901054425 2.28488250046156 4.05317471620024 4.57571427648825 4.5649875891191 4.8176636427727 1 35.8327014553431
"1" 2.7284398265529 1.44258197430076 0.346836783385973 0.0556392098313198 1.27232414209111 2.73727008220625 4.82177019482516 4.94136059227307 3.45010567372541 1 -422.143419848345
"1" 17.4961666054211 16.9821310906567 2.90390266603986 4.80574890784775 5.91215862028029 11.7055574485846 -5.07159707528707 -1.53037554155882 1.83423482644266 0 486.275967690213
"1" 2.60166502679189 1.49934436813077 2.84057925642891 5.01274592318453 4.56990783436516 13.2088374706822 4.09173839134706 4.20210666977909 2.75421847048414 1 183.179618940441
"1" 3.02579586659887 2.59501174097312 2.46314177093593 3.3330050595981 4.98668227097342 8.6567787514823 1.86237793574019 1.75708953843784 14.7975221003287 1 457.583591754891
"1" 21.3920771528473 21.1307215867186 2.20500727021254 3.89628174512545 4.62595681747815 10.1290611764169 -7.50175035421331 -1.96518494359947 6.12536647078673 0 530.561125013596
"1" 16.771051866464 16.4908415624414 2.45060179411813 4.2511182601783 5.0642215539299 10.9413114219483 -3.61811285068491 -1.01441993102745 0.210147613325146 0 470.07453612611
"1" 17.2639092923204 17.1183921676456 2.20042465167475 4.23658658660427 4.48403548516456 10.8460849704865 -4.6192889584223 -4.5804380984736 9.78518928433067 1 507.921794355755
"1" 11.4681583743514 11.4094116219724 2.3054814883384 3.68041451552391 4.76222315404086 9.22210548074037 -3.83432147779988 -1.96115527311099 7.41504065618815 1 478.917541794053
"1" 17.3730696329234 17.0999056127091 2.25203686410194 3.74379158046007 4.85103512527556 9.97472345797955 -0.751119796793878 -4.19636560705022 0.816666724639202 0 485.351726480787
"1" 24.1105169710071 23.7652298649989 3.22916831169392 4.22499229675226 6.45097581869145 11.1117171279126 -7.93541916891544 -2.26958944404367 5.79267523167485 0 496.693407307829
"1" 5.13484497890642 4.67618229539095 2.27869787604175 5.11487097229186 4.85545199275893 12.9118007153731 3.16347192048019 3.17923230036468 9.18478368220457 1 449.83459888179
"1" 16.9124494372149 16.0054624053742 2.12145720528974 4.28017590219294 4.34866293748743 10.3444338198207 -4.80839575753973 -0.672734677630486 -1.24220044002617 0 490.495667930127
"1" 2.9616146194077 -0.140439110121709 1.94065194096844 4.28688429444806 4.84506044383165 9.99780470171498 4.46799675349928 1.74010572870113 3.39840108322558 1 258.272984463406
"1" 14.7549664071104 14.5116795259966 2.22229117560384 3.77479764466436 4.55529933848415 9.65516578933596 -3.60611861191553 -3.6631879930176 9.20702478992246 1 529.300210692986
"1" 17.2835887834131 16.8446425602407 2.65765927947015 4.14231315707198 5.16844179620992 10.0936339789755 -4.73781999957474 -1.65788826487136 -0.0720040336012956 0 535.802031109227
"1" 4.14052193208834 3.85924806839036 2.68219042813323 4.10844206798216 5.3114784832819 10.519281900395 2.07789475456446 1.84348549218628 10.9707890429962 1 450.576437126169
"1" 12.9257227998911 12.4830892976315 2.19747049652027 4.61729062666412 4.48027026173765 11.8712383573298 -3.31036643399958 -2.0490898607484 6.56547700797386 0 471.592258228065
"1" 14.1018472972496 13.5332579888453 2.62329707440522 4.38614303083808 5.35621887899313 10.6044472457121 -4.42579760259436 -2.07019143377912 5.9015154392946 0 493.776395098142
"1" 2.61595630126296 1.35440353823106 0.81268483599315 3.66415518252073 1.55356050888059 9.09526432313814 4.50117915846896 4.38097032692922 5.59603816558095 1 52.3561001669484
"1" 2.72221470387752 0.682202508835892 2.55729696234619 3.98858613197299 5.62281481299877 9.5888044184748 4.2327586665156 2.72150488651808 4.05289869725231 1 270.376388727722
"1" 2.68020007423532 1.21997245457864 0.266784831118142 0.596466249377068 1.23412254327339 3.59261156747754 4.8245295400039 4.67614407483649 2.80344952741869 1 -267.390567262757
"1" 2.61943888271395 1.41704937545398 2.4484129432254 3.97782399314202 3.54187367364753 10.5579661279813 4.22578915963254 4.3507446836289 2.90715950177314 1 117.428854910686
"1" 2.58065857940204 1.67520525030537 2.90320654107892 2.70108452410302 4.57617469554347 8.19556247207209 4.16690558104225 4.26663937589674 8.02269803833157 1 203.291505985085
"1" 2.51865476132709 1.70200339171929 3.12107929595496 3.97348751716741 4.75513590581188 10.9028660826215 4.11890654869033 4.21037431783502 6.50214037894154 1 202.030878591576
"1" 16.1464966567002 15.4545106315631 2.51144638852158 3.93208400181518 4.85025004264157 10.8637567396403 -4.2137088851803 -3.94604490527137 10.6896291170881 1 488.576040192968
"1" 2.99234926966725 -0.340676139947262 -0.0964712217636114 0.526583832870919 1.16789280085416 3.21509938114674 5.12936117829238 5.01136998078375 4.58619002800526 1 -796.491286528676
"1" 16.2836180698512 16.0208503893559 2.36638154717133 3.6114846658092 5.03486302037526 8.728490840966 -1.53122490381352 -2.76201403269332 -0.248451101568349 0 487.80322151561
"1" 7.54648043064881 7.25982658553553 2.72658760398497 3.89995513775003 5.17526515987072 9.86300724599874 -1.0788142499433 -1.1857709310898 9.01883306698737 1 460.511916378793
"1" 2.53370848941963 1.60220447212954 2.97356650348666 3.38719961440023 4.74658932673564 9.85284227968473 4.1153748588589 4.23253722995961 8.73244814256526 1 215.22560131588
"1" 11.5876277856759 11.1959485770518 2.08384386920743 4.24425992215233 4.50067748790064 10.6793859158065 -2.62414985355461 -2.65224142863246 8.98005765816633 1 483.683650116328
"1" 17.2205208166549 16.9051633458591 2.49349779352037 3.98169568161918 4.90578206866468 10.1162522534609 -4.57318517791467 -4.17632344915422 10.431627347679 1 503.571864062401
"1" 2.71891273522385 0.535241259338832 0.0215232186427601 2.60140573117799 1.17626503353604 7.29361301397855 4.91119746923501 4.62781473968836 5.24884202601969 1 -127.72104528087
"1" 2.69486526807394 0.831961128050498 1.74935583582228 3.70195916156709 4.9975684697277 10.142060518109 4.36960821038967 3.31239018495819 4.62114611341657 1 232.101310898428
"1" 2.70313468894369 0.606733837859724 1.8850294198279 4.77338774660239 4.94341823037016 11.5291417259444 4.25764227964619 3.04113852615546 3.79737932027374 1 252.976605147308
"1" 2.6770569823599 1.43615699777828 2.4562574439063 3.17855937865655 3.9848377986953 9.47961151197193 4.20804795295305 4.30003345583989 4.42455460396965 1 151.403607650755
"1" 17.427363146384 17.0759057046049 2.80349495565736 3.86474408809042 5.71606901752233 10.0245182900778 -4.94873961242236 -1.49734505633408 -0.401210285524975 0 517.039610950508
"1" 17.1104024695415 16.5972330295433 2.47000384311869 4.86094838688122 4.83852590259807 12.5242982009964 -4.44625627135038 -1.64699686109909 3.36461273040227 0 478.592255574496
"1" 2.58103261038491 1.58163286483223 2.66389150281325 3.08095057916353 4.24196592252715 9.38831279138477 4.15847582890219 4.25550805418423 5.67794681048684 1 192.847341383433
"1" 2.78743948470188 1.10611549621552 0.225729089697654 -0.191002162815991 1.30345329104892 3.16238655392991 4.93568313133825 4.75952669189001 1.93849085031224 1 -352.045132031124
"1" 2.6393585560232 1.52186597311213 2.15719270694171 3.39567958599766 3.65100792152147 10.3653852791881 4.22537425742299 4.3260267529583 3.47150775848573 1 161.88337381614
"1" 16.1963004248705 15.8166442555901 2.33341285106993 4.42803440566201 4.57829111780923 11.3370880681908 -4.09760190097115 -3.39793469745965 10.3922229017276 1 474.191694789381
"1" 2.94391890584739 2.25261581731461 2.90724246242801 5.08273224747405 5.68581097113209 12.0751074973596 4.54857184023412 4.3241207670382 1.94252085758743 1 362.911634178934
"1" 2.37027624875058 1.54528884501608 0.350939850301815 0.861610770953692 1.31423228618458 4.13629563227261 4.72079595065429 4.3930403939353 5.66985287962372 1 -147.161970437013
"1" 3.05896859954094 -1.08067712731243 0.93102938458523 6.64930206842292 2.49135114644437 17.8396120157781 4.50189411332227 5.59397343738488 5.88375237360257 1 110.72309471222
"1" -3.85425612829608 -4.05762059220593 2.12303590141873 3.97004214470642 4.27054601950568 9.69600960435258 4.74038921556867 6.03630957329939 23.0181565638847 1 369.224326949689
"1" 14.6055068931017 14.6276147875928 2.53248867482238 4.16087178831606 4.94923248594268 10.2824792647744 -1.09611760136469 -3.65405986315949 5.88204401168519 0 468.672331347321
"1" 0.95048515870331 0.821949580321908 2.79052848618177 4.40845618715583 5.72286029848896 10.7056857934012 2.40580848814963 2.15368556852476 14.5820373224438 1 412.962775739591
"1" 12.7885614686277 12.7839862666553 2.05156438523896 4.06122460825558 4.04933754351863 10.1838947683931 -5.1224794108608 -1.79285513052891 6.34369650353254 1 490.586105414792
"1" 12.4754461964031 12.2187796236485 2.20120668672274 3.87268226267088 4.74848421862967 9.75446766604184 -3.97144196229888 -1.99387413283271 8.09502069321325 1 479.713628983449
"1" 2.68858525111042 0.814340275309097 -0.0115644154337625 0.04286018407201 1.15734827099593 2.72104199525567 5.00657333797711 4.70274339345088 4.67501990168915 1 -426.113359462083
"1" 2.67901871944967 0.0570711825924003 1.55063278985328 4.12449040854846 4.12738504421472 10.7105537538831 4.31889392089947 3.07880970313532 0.935196561227443 1 192.604547736111
"1" 5.23087931873423 5.13554786463954 2.22589563074358 3.85426836637604 4.34146461733252 10.0728979386702 2.43608787343929 2.44377378420968 9.77653070518075 1 460.304216872411
"1" 2.84746423884144 1.29145446916423 1.41466435661274 3.02497213170615 2.83702138725479 9.19670639575281 4.4047123507384 4.54655591538488 6.3260423897512 1 179.367406897649
"1" 2.54865047291505 1.76840305198218 3.02762931827238 3.18316933437891 4.80514664348893 9.68762342017032 4.16059279998115 4.22788675977236 4.71549240916343 1 139.193542318114
"1" 2.56770299021891 1.46297754129492 2.73852555354941 3.84361186866452 4.32411711247066 10.4324550855275 4.08836596903133 4.22081058927364 4.30816524493506 1 189.074955177052
"1" 2.688425782166 1.75834370250695 0.0489795010113413 -0.0514811205838611 1.09016329011317 1.8532656825422 5.06590445780455 5.02822033522892 4.48094294063293 1 -991.202525203216
"1" 2.33213762252854 1.73055237081096 1.68434334009933 3.28414833791585 2.64013573675378 9.07263110165715 4.24830056552078 4.10254634861124 3.78794397038189 1 142.624647803792
"1" 2.36043186117394 1.76062928808524 2.41476174881311 3.83802801328551 5.91504343078166 9.41035870147483 4.1910017809814 3.71731003784934 4.3851769265139 1 225.037918408837
"1" 18.0938971623221 17.4148534403618 2.11610625542298 4.10478698773654 4.44999189844359 10.157410165691 -4.51981950638119 -0.763747063870191 -1.7484841233472 0 545.781082132969
"1" 2.52128282958975 0.826316404048855 0.441766100836053 2.3530817594428 1.48300090956916 6.87129831782418 4.62797770732314 4.25784280517457 2.77084691149096 1 -63.0797323631582
"1" 14.3964133833252 14.4698287663207 2.47829124822872 3.68079898387191 5.23759854003928 9.35308174058986 -4.13523115760803 -1.84976388170597 6.54425693183214 0 483.22311028699
"1" 3.38958631583674 2.85916056087496 2.29997271495763 3.78753135560761 4.45810380046407 9.94186779792429 0.23307951398897 0.180527347681474 10.5211194221474 1 459.805205579252
"1" 2.71499128676332 1.29796062138918 1.41883563955611 2.34095231320174 2.73717596934301 8.31138169582124 4.32634186254622 4.54634343707159 4.86614250841501 1 158.220055943564
