"1" 2.99544309409068 2.63806205841996 2.53509781677991 4.08978209450426 5.02761240990665 9.97704060120482 -0.0649951416966454 -0.550999425994394 -0.452236879461465 -0.141197422017839 0.24122161163787 -0.577991377561595 0.334787669827536 0.337927990358156 -0.441905786029088 0.173552482138113 1 2991.98186811541
"1" 3.04003080770516 2.55119982451671 2.58413466895784 4.10420750167572 4.95940900030809 10.0060996755101 -0.052631456074142 -0.544460651072103 -0.370928308905048 -0.243060255262164 0.229690318440546 -0.577693279742433 0.333955625572517 0.333546595015925 -0.439554817946808 0.192723998752026 1 2772.30908006852
"1" 3.02942121177941 2.57277116045425 2.46896259975798 4.07413833434701 5.00560401220069 9.91218248393979 -0.0375659687515272 -0.535734487380446 -0.372328853499565 0.0119693645972408 0.206348473567569 -0.60500944515763 0.317551885683304 0.358879514434388 -0.42625525746217 0.194949435498963 1 2894.4226982086
"1" 2.96618454520315 2.60806407865745 2.56368821287531 4.03495391580418 4.89221182589377 9.9583312239743 -0.0792548958411522 -0.553385775965752 -0.247980546034973 -0.138446318037647 0.312338074234477 -0.591148261641706 0.37050974033419 0.343691628437322 -0.469198957781555 0.0151020832299539 1 2765.59220508788
"1" 3.0000091989306 2.61046913016672 2.51589946382253 3.9343553084987 5.08507501898089 9.98670772668899 -0.0331958834047519 -0.529797516733217 -0.438739698312086 -0.0311226931169155 0.193915950676826 -0.590863012314634 0.343246489399003 0.346996682435348 -0.449171410598919 0.189161348272152 1 2955.37463085159
"1" 3.01520847739695 2.60841100630257 2.69691447723016 4.10664016425893 5.1159648266895 9.99506172223555 -0.0727803024891582 -0.555102824387147 -0.533457747885373 -0.208187856987878 0.268044137983742 -0.617146928652695 0.304837876220257 0.36984922696535 -0.408497638991639 0.13283679118597 1 2896.33808154748
"1" 3.03076161009616 2.63732853845259 2.61520259905667 3.88580199751194 5.22174526755656 9.76470191524966 -0.110264650312831 -0.549201209937167 -0.426712146238945 0.148340243920098 0.431821231417522 -0.684818794426548 0.395312783038133 0.437300240994061 -0.442832591040208 -0.444018552582599 1 2921.62106286496
"1" 2.95568755041209 2.65423726101272 2.47895909338081 3.96777054804605 4.95282878031552 9.97497166272989 -0.0417855443040358 -0.533913747521465 -0.320236079405073 -0.0657073749215192 0.21856379495509 -0.596750951294246 0.351590638234962 0.351616301718613 -0.456623451749567 0.140800480612317 1 2943.87547644277
"1" 3.08318216443112 2.51471366620353 2.43539846595177 3.974840964856 5.0794764717164 10.014702628979 -0.006602514594203 -0.517151226449119 -0.391059387636477 -0.114262286812656 0.161700208113631 -0.609914198285786 0.335745986716886 0.364223930740122 -0.443029034501222 0.201055576182708 1 2811.70782415379
"1" 3.05530238796262 2.54206727484053 2.50991100558523 4.1235606306299 5.04233736838609 9.94999578900078 -0.0262651365796087 -0.535496071243622 -0.368471844125872 -0.123084355907384 0.210540749532374 -0.634675667080235 0.296405132109963 0.388937827634429 -0.410684845944871 0.167355828824555 1 2829.23527170551
"1" 2.9679708368757 2.62028929370252 2.54403121883739 4.00973995970862 5.02258819578752 10.0380669368214 -0.0374902435773928 -0.530276030480231 -0.407435981863092 -0.189468431260746 0.210822875033645 -0.578650873980294 0.365736195098804 0.336784050561948 -0.465398812264104 0.157923116136817 1 2698.32789128139
"1" 2.92086945830232 2.66943273105207 2.64575627768625 4.08656164707071 4.95294597314894 9.964795459035 -0.0511952090475657 -0.540192668648055 -0.388217061721368 -0.170492951765255 0.219635544504559 -0.558558396565762 0.342076593664852 0.32099776834958 -0.445639966178349 0.218497338489372 1 2762.07208971665
"1" 3.02707896931571 2.56756512157277 2.60141926020281 3.94117596066099 5.04163013800961 9.97123360616827 -0.0295899591969753 -0.531722236021928 -0.452265427160513 0.00442888321038113 0.202466650519534 -0.607577751419908 0.318068178905396 0.365291805893381 -0.431341663742557 0.186228225290357 1 2804.08387210005
"1" 2.98688000048762 2.61400280193215 2.59495400642121 4.04700466051628 5.0384141830354 9.96845996957336 -0.0148944700790567 -0.520913032420718 -0.425443527191196 -0.0900920848343915 0.176257423295316 -0.609481067765177 0.335755342796928 0.366789481805365 -0.442533009358309 0.185071756708526 1 2832.01761447033
"1" 3.05022640562343 2.54142060722307 2.57398060093876 4.0858486970394 5.06210881264372 9.94110913257261 -0.04171932829983 -0.539256943023816 -0.428507900909545 -0.0757384571882971 0.225420020940548 -0.595409463927869 0.333435113865637 0.352343240995152 -0.440686830591509 0.163574997275869 1 2787.72645622816
"1" 3.06013349833066 2.53280761366385 2.47961201326534 3.91273620870754 4.98628008407627 10.0701118694659 -0.0194106517793692 -0.523273189897627 -0.323715002080733 -0.17022406517896 0.183193676644108 -0.587636428669366 0.358301159318993 0.345325779815689 -0.459481866619046 0.18230766188254 1 2765.88925914872
"1" 3.12221368622818 2.47664492524651 2.41784821640335 4.0441812783345 5.01823577327595 9.98096969610505 -0.0221520082823798 -0.529526150233865 -0.317959926539418 -0.112183044909863 0.18803177796406 -0.612029799194615 0.317086234985176 0.367389337136859 -0.427304056746889 0.199106886640784 1 2876.659678007
"1" 2.74901036294246 2.32907345946152 2.83729427225403 4.11070969243143 5.4539815067993 9.49202331016693 0.0468844302886395 -0.521871198823785 0.056384858492977 -0.0327926247051337 0.618576986001359 -0.457302572351142 0.434662050143028 0.318301121097369 -0.56479071514604 -0.697485609217982 1 2749.84617440395
"1" 3.10388411769582 2.48617034584223 2.55276638974867 3.92568062370163 4.96959255761672 10.0082526304117 -0.0228847970356516 -0.526974592753411 -0.376128918041192 -0.0473389665598817 0.177068955667724 -0.573891365558956 0.338032514605773 0.332493265768503 -0.44604217486979 0.240069766308202 1 2751.97126350703
"1" 3.01024468587232 2.58004672571868 2.59957838987314 4.07282095523144 5.00464290229683 10.0300356453699 -0.0725199279046252 -0.555660923742592 -0.394072280747383 -0.254308586302873 0.267049389705926 -0.564860002415873 0.34206436649431 0.323564357269305 -0.446171046322642 0.160839333657009 1 2775.14506396193
"1" 2.96869718589918 2.60049705152693 2.45458437584763 4.05081378659308 5.02854944986284 10.0186580150629 -0.0367734453504444 -0.532722968144268 -0.436421269985078 -0.264640200026192 0.254787711463746 -0.597670409751355 0.403194964923799 0.352406601696734 -0.486890124202607 0.0238586268783148 1 2693.65026739487
"1" 2.9610223689728 2.63075478981814 2.4809366812502 3.98967101401854 5.05377090584635 10.027231492787 -0.0163684957275362 -0.519113014938302 -0.386020422897904 -0.163560254678213 0.17043046227752 -0.586831882862978 0.350349880473222 0.343760609275365 -0.45325878355024 0.208943738071543 1 2685.80584501391
"1" 2.98946635765459 2.60278084703472 2.52383172992809 3.94274949111284 4.96885607484445 9.99859636931005 -0.0272753966921194 -0.528106672134894 -0.338025517358332 -0.0519008604102278 0.192675603274078 -0.601607309093825 0.321571271115864 0.36075338792068 -0.435642638898453 0.1989467479766 1 2768.6094822048
"1" 3.07492624339273 2.51322215559065 2.60721037298452 4.09074766302348 5.09603379594273 9.95988179535897 -0.032433352388451 -0.537579643952014 -0.456546628866495 -0.146508442479358 0.213673258694088 -0.62455331651885 0.289627066442502 0.381590222814866 -0.409800945713251 0.186986386962575 1 2749.23316060587
"1" 2.95975679634509 2.59842364384861 2.54099336080769 4.08541720036736 5.06011355357441 9.88476874393336 -0.0315854379442703 -0.539875035316082 -0.369265232834223 0.0332978768120994 0.227371488274209 -0.617647764864481 0.291328879954574 0.374411168714714 -0.409473463460051 0.184381452541958 1 2654.56103544739
"1" 3.00582604325098 2.59401621851547 2.44817951420163 4.02079735704034 4.97399479731416 9.95400266015196 -0.0412877972890652 -0.536270299896068 -0.276132791749551 -0.0219185476537464 0.210306943184432 -0.595664087353196 0.328186865069063 0.350388113605638 -0.435381366162942 0.189983306694906 1 2882.07839832625
"1" 3.02432765893066 2.58569054189334 2.53369225014429 4.10070895921222 5.00810769266774 9.94828601222774 -0.0351751995949523 -0.537021763341074 -0.378935895337737 -0.0833253407605135 0.19411779163036 -0.608279503634255 0.290511098611208 0.363664766780655 -0.408308499547335 0.238472533185904 1 2927.82567267711
"1" 3.03213200948348 2.5748944261406 2.59698863283794 4.10118941203431 5.02238408431151 10.0442214278582 -0.0374311781934443 -0.534030434587327 -0.407842894845281 -0.31760818044089 0.200670472828962 -0.579788579299415 0.34588496414401 0.339640114134572 -0.448818541094348 0.196234622185866 1 2842.63760185876
"1" 3.06942480399671 2.53874864697237 2.49704805152565 4.08608730385556 5.07083501995545 9.99259620448586 -0.0259763944203581 -0.533054432553147 -0.454247802423861 -0.168927035943764 0.199436173987734 -0.630391267047145 0.297259292255 0.383856473160852 -0.41243066435851 0.185582858500199 1 2894.91223904507
"1" 2.97087479440904 2.67080577159027 2.51282290674527 4.02839233638399 4.96714343359224 10.0058000849299 -0.0810972046302083 -0.55509836224127 -0.3060104452295 -0.129809279257887 0.276167484444791 -0.569737798415573 0.37461352995199 0.323773463900971 -0.470879787117661 0.0932922003844636 1 3029.93672959982
"1" 3.02892276059592 2.56032027528977 2.54518304371341 3.94376556132903 4.99211301591997 10.0260746503161 -0.0204903774406573 -0.522542832572053 -0.360293317158202 -0.108589108932915 0.173111932073907 -0.572330813303923 0.352980387209922 0.330948414613152 -0.456365077710361 0.224898634329849 1 2682.66184228167
"1" 3.05859200690431 2.54032902261463 2.60048414208548 4.10643889760664 5.0323183343543 9.93131855674247 -0.04108398230639 -0.538371964754692 -0.430666863627295 -0.0635456460731347 0.210048294591717 -0.59650002134144 0.31738626052963 0.352217922583207 -0.425909329864813 0.205189729405919 1 2827.96489764215
"1" 3.02482703623392 2.57539165882246 2.53526143210706 3.97540392314704 4.97347111809761 10.0404128921241 -0.0372477038996731 -0.532183842030945 -0.33912584928473 -0.178874679986507 0.198213532532504 -0.574857690952061 0.347801851780063 0.333540366120994 -0.453248978340208 0.203191564252639 1 2841.38058634291
"1" 3.05680384694163 2.53528508920093 2.52324006158351 4.01818137408624 5.02070714362943 9.97633847455106 -0.0309505776530647 -0.532634690325278 -0.371420502187632 -0.0778751622703959 0.203421388199355 -0.60012884218888 0.329167379392433 0.358130022027804 -0.437017737100176 0.183737556477613 1 2781.9846403565
"1" 3.00715788997818 2.56966412621075 2.48956369411324 3.92411767960783 5.04071714259657 9.90288617999122 -0.0776466247350911 -0.55632896306231 -0.378714634104043 0.0395206315031328 0.297538064596756 -0.592878578170929 0.337165437483085 0.347871674481922 -0.445619968887522 0.0815348141685864 1 2771.58684001743
"1" 3.08071916157982 2.52333551691936 2.55269825357717 4.07928216817425 4.96765821134158 9.98719650995523 -0.0490938278582504 -0.543910294162588 -0.30972175889094 -0.170223618009751 0.215938173731609 -0.581843876653425 0.313518147682982 0.341670482767547 -0.424182728085514 0.226744681782139 1 2877.53956788895
"1" 2.98935436144149 2.60069411586524 2.65406625382365 4.08168237726775 4.96740907302129 9.97360819730233 -0.0301969919032456 -0.531182717540859 -0.402084096015003 -0.171526373271615 0.194778360473614 -0.599893273728314 0.310448302652349 0.358059495551434 -0.42370613365291 0.220163494099623 1 2738.8101471102
"1" 2.95036601348368 2.63838879142114 2.47898684996265 4.10752316384686 5.07286134587857 9.97578310803126 -0.0695416184685506 -0.550315981527335 -0.398419088964127 -0.123635447398024 0.277684735482995 -0.587673496307143 0.35132666724621 0.340510686606601 -0.450057632138786 0.0994667198108666 1 2784.76994927394
"1" 3.050789040077 2.5470574793682 2.48297668288882 3.9899900684491 4.93658212464335 10.0135783785364 -0.0200965376039967 -0.523379901083678 -0.293211452397865 -0.122436260288696 0.179945933428664 -0.596922828564395 0.343028535903545 0.354362446020731 -0.446903974812963 0.193242383132161 1 2833.98736848167
"1" 2.99713459588565 2.59882446989951 2.39911848900959 4.01751314462355 5.04834720591945 10.0039350481382 -0.0201222861133045 -0.523893656682363 -0.342342563695008 -0.142014641540766 0.18226290928139 -0.607743484394688 0.331334347929052 0.361917623803866 -0.437500467523439 0.192841295783027 1 2789.04038890917
"1" 3.02284936374559 2.55987519456825 2.49798079541401 4.04281263792707 4.93993581189082 10.0193814842732 -0.0309352827735334 -0.531129628611326 -0.286144809885736 -0.227274247457533 0.209049110251401 -0.599253110028736 0.334098446204293 0.356440335134694 -0.440704694197782 0.172867462644241 1 2737.52217791518
"1" 3.01618427241954 2.56828229721887 2.45293463508891 4.00900255892014 4.95436869610688 10.0364719249428 -0.0252801805291554 -0.526855220953367 -0.251988804635222 -0.19705373813131 0.198467935463903 -0.599232900548855 0.339547396240516 0.35355823812998 -0.445995755512869 0.177338641800585 1 2738.06119132938
"1" 3.07022122536919 2.53318178892156 2.57295513949519 4.0455466825288 5.03246071888979 9.94963396848432 -0.0340507783393373 -0.535164899468535 -0.425831804373824 -0.0459168448265483 0.20344481648332 -0.600633516576852 0.320071479450344 0.357119534399705 -0.431219357219199 0.19711955564916 1 2877.46061036519
"1" 3.05083127820601 2.55026257513945 2.52804205259665 3.9705895875273 4.95386290183083 10.0158530643567 -0.0174896413877751 -0.521999995119734 -0.335993993186189 -0.124920430490408 0.172324361231408 -0.595528871990694 0.336500575483025 0.353429235589059 -0.444983320544106 0.210117106738463 1 2877.86452190363
"1" 3.10430721330874 2.50562694245516 2.55607892431742 3.99811384092175 5.06975172783341 10.003006891666 -0.0412692297945009 -0.538785164488691 -0.412667631463991 -0.151464047649201 0.224633659513102 -0.597881925048377 0.343403168510338 0.357554305044785 -0.448247082817292 0.141939874287195 1 2894.92206519482
"1" 3.05722510887222 2.54763272335076 2.51185949415791 4.00960047289428 5.03634827167121 10.0237875352339 -0.0355632792682124 -0.533714082260076 -0.378027000345588 -0.196544331338958 0.200981464240719 -0.589102636686981 0.338559590319873 0.347601353318293 -0.444552308206209 0.19085103655321 1 2880.16476408393
"1" 3.06387172018152 2.54474045743116 2.51275251010613 3.98444180609117 4.9882474568 10.0077168150981 -0.0485189545687224 -0.542897966049294 -0.354679185518566 -0.116263643815253 0.228838340576329 -0.607038387362378 0.316984821779221 0.363523995345383 -0.431223993461908 0.161915393135156 1 2919.52917536361
"1" 2.98087683294074 2.66774096253388 2.55889658533771 3.97757500700313 5.19698969071291 9.99513128384064 -0.128727651845635 -0.588704349037322 -0.476647430628477 -0.018841924847228 0.392388362051202 -0.56085529128973 0.321954491802434 0.348830056632485 -0.452077026595622 -0.000508190372628706 1 2908.11442152434
"1" 3.01119545855407 2.52362531149636 2.5852395064621 4.06771256914093 4.90153877031594 9.95283907235115 -0.032851872901276 -0.536936229944145 -0.270773859007582 -0.0947407847148338 0.224947907035722 -0.587529665274617 0.316745687107297 0.348265311680636 -0.426226796752645 0.201822943829694 1 2560.55793158581
"1" 3.08525157191196 2.51278863512589 2.4388574947863 4.04528510346743 5.08434813188648 10.0050291246211 -0.0164695997266492 -0.524855637546001 -0.390182745718543 -0.17035659288483 0.17998095071583 -0.610112866788664 0.328706237139802 0.364331448694856 -0.436792583072407 0.193842191487338 1 2819.01665864612
"1" 3.00533676705674 2.57840751258028 2.49150603607313 4.11932982869697 5.10023218124084 9.89669524782775 -0.0564995252712735 -0.550220644164747 -0.492597222799093 -0.0562838162065273 0.266453695451121 -0.616957899689906 0.320622191226391 0.368171272668355 -0.42732859909799 0.106252637110911 1 2773.15099922777
"1" 2.97742867363239 2.63021944623883 2.5864649746311 3.90926122168586 5.00119263071037 9.99750270912976 -0.0653846131149451 -0.544689708224938 -0.391278667953492 -0.0446570775900257 0.24925940794892 -0.569945252329838 0.364912240333566 0.328950184760117 -0.465355406882645 0.132500209261007 1 2898.61462599582
"1" 3.06113210715652 2.54169411352247 2.5035352897159 3.98831407801975 5.00356946154964 10.0263252369447 -0.0301105818370801 -0.529833496021739 -0.374408919352235 -0.155464711129477 0.191467569202413 -0.582446172727166 0.347558322036963 0.342282473604307 -0.450021995467586 0.19829213827109 1 2868.7389047706
"1" 2.99782070500216 2.55718846198419 2.49609421360571 3.79398512608388 5.01774115526529 9.93787194390872 -0.0540317820541518 -0.54382105353655 -0.383096166947636 0.227073236663269 0.249438063697145 -0.58732878819947 0.314053654890271 0.339571394626155 -0.426652196874557 0.187186599484889 1 2722.44495503867
"1" 2.98702274594498 2.61794166125056 2.43806015298882 3.94681124829883 4.98211782811891 10.0051614458518 -0.0327673399396472 -0.528456904281642 -0.2937344790888 -0.0609280652570706 0.191511104742974 -0.581818059119409 0.348430047944747 0.337689096329634 -0.454098817386068 0.199035218312897 1 2928.87131543838
"1" 2.97582180647847 2.62759318660434 2.53359848060661 4.02277364260517 4.98311905038535 9.97674156791505 -0.0485586503764122 -0.539944159767913 -0.336129025207796 -0.0898101768002358 0.211577615938304 -0.581128019817218 0.321466645969521 0.340034999440322 -0.431847155371407 0.219821174805223 1 2879.80507709789
"1" 2.99256549415073 2.60104902017381 2.52778193253252 3.91463127018616 5.10618399240495 10.0030385139422 -0.0105673410461023 -0.518608624664047 -0.461813243868768 -0.0772213940654507 0.173120314494549 -0.607838072239962 0.339228971405804 0.364986735411797 -0.445986926293199 0.18545819611482 1 2758.8034872271
"1" 2.97001769542709 2.6368716953672 2.50441534990396 4.02368744232069 4.97184760694447 10.0132149710491 -0.0310766117672338 -0.528222167000056 -0.331647312112162 -0.169863767991844 0.194451192843057 -0.595785391115141 0.340764030443893 0.350890607267679 -0.446258714506739 0.185451864413573 1 2888.59073843316
"1" 3.01590214736066 2.55067496174888 2.64158781076368 4.08807698793967 4.94384434768689 9.97219041188282 -0.0558857824119394 -0.549986535515662 -0.387874280265725 -0.123086947157032 0.271364353823529 -0.645600174062553 0.263263614870746 0.399768575996749 -0.380806704259872 0.131997930859291 1 2720.43949258845
"1" 2.92439002561495 2.67332789000579 2.58244138618327 4.00876647811374 4.96472837039166 9.99995302095146 -0.0351093002707007 -0.531486835934638 -0.358495476052971 -0.180839955423738 0.194702053342574 -0.58237141467625 0.332368205529358 0.339475772382607 -0.439909524257376 0.219592794258639 1 2809.14552564115
"1" 3.05075867540941 2.54105564568801 2.50736555173186 4.15401302015043 4.96219984554258 9.95561403513098 -0.0424882498257819 -0.542496464266703 -0.339341098262611 -0.166062273837244 0.224514153308712 -0.611327359640454 0.299507175712489 0.365037579744143 -0.414730843968358 0.190487473492334 1 2801.6637473072
"1" 2.97456802797452 2.62878468658135 2.51586795014713 4.14538201791339 5.13943433416203 9.965683881959 -0.0353143633826619 -0.538808898284784 -0.506009184416385 -0.205518870619207 0.214531821851773 -0.631859294961653 0.287225849952006 0.386249398287596 -0.404971175603143 0.181027138412111 1 2821.60157749424
"1" 3.00247139021282 2.60545465821097 2.49187632108822 4.00557695567872 5.04475852413353 10.0091456450503 -0.0208496130846693 -0.523786236426396 -0.380599601782958 -0.144302524176171 0.170408343860113 -0.594563216597733 0.333139936285359 0.351765573178802 -0.440687292143561 0.22057112158711 1 2947.44014494345
"1" 3.02709599707488 2.58664975941729 2.52007900576696 4.02415031162998 4.99345115304108 9.98272123835334 -0.0413128521147971 -0.54278024014373 -0.369798514539379 -0.118437909596024 0.232040878290281 -0.633101131976399 0.300713455538395 0.388652109550715 -0.419338230049858 0.134958110981686 1 2937.20985037915
"1" 3.08711958947069 2.51282041586111 2.51778888724849 4.09760216757546 5.07154631090268 9.97423213755347 -0.0584243523311629 -0.547651341659433 -0.422179146348073 -0.247009256664126 0.261031657626184 -0.612525988417916 0.338988091758821 0.364311463889976 -0.44461976477539 0.0888314424158713 1 2838.15417379004
"1" 2.9752164467591 2.62486812315984 2.49347935476106 3.95113517593728 4.92918794800075 10.0145780318159 -0.0471607071758111 -0.540084285190737 -0.275000334052819 -0.111756573649725 0.222578343949679 -0.595478079483047 0.323371784457959 0.355019479428678 -0.434525587697264 0.178199419499025 1 2852.37469722535
"1" 3.01557460326396 2.58525264930696 2.50712189207308 3.94176242402677 4.9858624388897 10.0347872599159 -0.00631999443478882 -0.512726784702563 -0.346836678523868 -0.132023733189724 0.150732041827141 -0.581749847219344 0.363894650368027 0.340550706548994 -0.463628328795504 0.214641741972543 1 2849.42611485484
"1" 3.05203639642567 2.54946813787772 2.55524330955466 4.0921163490983 4.9669440311447 9.97079486052091 -0.0519327505710721 -0.544924935985828 -0.318476273802726 -0.138628253447101 0.227661206143762 -0.58448877131011 0.325983060285909 0.344311222797702 -0.432950985284231 0.19145600337874 1 2856.9807917756
"1" 2.93149400568716 2.6708130292705 2.47613025224911 3.89520406440993 5.05698778916044 10.0287341975867 -0.00990898689832233 -0.515077701528478 -0.390103806442246 -0.107983053387279 0.171694882435084 -0.611340199276122 0.351697717305099 0.36649794736053 -0.456868219393721 0.163157766067718 1 2854.7182188164
"1" 3.05845695143731 2.54036342531803 2.5020000540904 3.9543069874962 5.01297391994634 9.99286361593717 -0.0298266612153889 -0.528527531342777 -0.349444819113594 -0.0743813762128911 0.199243761572704 -0.595198424470785 0.345559306505778 0.352303128272335 -0.451699365911445 0.171125398467604 1 2847.49235527952
"1" 3.02111855622083 2.58850477136122 2.56595580585764 4.07651000878975 4.96639880307489 10.0039655831773 -0.0659180669071191 -0.551712988896215 -0.323030245196623 -0.202278757322194 0.253393442577281 -0.590435214900488 0.323882185919066 0.343319059894703 -0.432150456415696 0.16269419837795 1 2883.48048209184
"1" 2.94115194567788 2.65158488804057 2.55313299758362 4.06572589926061 5.00879311705185 9.94517663164575 -0.0363843324583743 -0.534603399288349 -0.413975881577939 -0.0395630634412481 0.210296041273722 -0.608586943246724 0.311902959079201 0.364363575954113 -0.424971385320447 0.188814810117771 1 2783.74397081045
"1" 3.02821039800281 2.58363167040127 2.44242471821588 3.88888416942299 5.03649465729365 10.0323858152514 -0.00254390164590941 -0.510055229368867 -0.35119780455491 -0.0855053838237525 0.143882135072364 -0.589095786336237 0.364303048099071 0.345360009880082 -0.465445386358371 0.209328889905592 1 3108.27755369629
"1" 3.01596941871299 2.59614981698162 2.65969080137301 4.03317190539048 5.03025190978026 9.98608944780752 -0.0277719889755711 -0.527564210826891 -0.454670344498704 -0.117470222727481 0.183168188522816 -0.579903256069823 0.350491212406349 0.340565797336675 -0.451798173284219 0.206077751987735 1 2934.19622651558
"1" 3.04367547267876 2.55417517148955 2.5283667072623 4.01932837304793 4.98073445493752 10.0213982951732 -0.0276653283328982 -0.527521624644581 -0.335275956098688 -0.172474717227752 0.182073280442964 -0.574466210192315 0.347316248172448 0.331640343095795 -0.449501502010244 0.224391168526708 1 2809.32324519663
"1" 3.05048529438986 2.543780801829 2.65504679261384 4.09701224304884 5.01512325250067 9.99190437360781 -0.0549273396105792 -0.544679249499372 -0.405551262467726 -0.223430864732678 0.235115311894584 -0.58254218665808 0.332451203336855 0.34057753914141 -0.438144248494034 0.178725455241685 1 2779.11367990906
"1" 3.04565489297786 2.55614012303809 2.49103024751521 3.9752607886202 5.09109848207568 10.0033573161727 -0.0193596721684435 -0.525222842442071 -0.412556109631615 -0.0918530108265013 0.183608303670408 -0.606810008845353 0.334648770899917 0.362145733438598 -0.442132421567347 0.185523119310793 1 2852.41843889962
"1" 2.97747884148605 2.61539233607127 2.45558183807597 4.01227688892594 5.06238256562145 9.98828559560292 -0.0127293493175579 -0.518158734536163 -0.361056571972013 -0.105050709758112 0.172993379028096 -0.601742129387919 0.345737293044372 0.35899063402354 -0.44931059325789 0.187656831160352 1 2744.73095179527
"1" 3.07248171814244 2.5223381960304 2.46687767903239 3.93811647601403 4.96443152947186 9.99207840719053 -0.0323670323192607 -0.530292627849086 -0.295239862132005 -0.0671479560372806 0.199120180363222 -0.584510831644856 0.348237620028175 0.342689046719805 -0.454271462957395 0.184617799980338 1 2828.50265026597
"1" 3.03992997517544 2.64100773744413 2.5991488354957 4.12178424648989 5.03579050195139 9.70252921860848 -0.00827048106651744 -0.522934629769828 -0.447877435411876 -0.176765453934213 0.328611803574123 -0.669872285797603 0.420990293144594 0.444390061949449 -0.579438891774486 -0.37590788396432 1 2887.25658604123
"1" 3.13812386849166 2.45004803748332 2.45311218689167 4.01023992105794 5.03496978078162 10.0026486715985 -0.0297551709288488 -0.53543967823849 -0.361324321400406 -0.126838226611711 0.20698210156525 -0.601305270594082 0.324734520832846 0.355628224406949 -0.433328463475428 0.188427993927144 1 2780.4771153434
"1" 2.92080791553282 2.68550752550807 2.45689221623611 4.03829784618384 5.09985621542836 9.98857628902068 -0.0286012597627079 -0.528212357660882 -0.434889208179596 -0.129133510649554 0.187490423397776 -0.609193740313869 0.315143361167002 0.364738257663831 -0.427966333632809 0.205776968403026 1 2883.66806443738
"1" 3.02839410396577 2.57947581789959 2.49263752622834 3.96734647076694 5.10098623985922 10.0161803513803 -0.0930542926421615 -0.565030364140137 -0.47168557368541 -0.136061199699452 0.3148939335862 -0.55719261183467 0.384570373435573 0.308682759048848 -0.472680964324433 0.0618979000501493 1 2877.28476906925
