"1" -12.5696374823611 -1.3081873827921 0.997816566236529 1.38349800080218 3.1900539834044 3.540716000638 7.8885519514923 -10.828021172753 -8.13833164464101 1 1110.23492628509
"1" -1.54639663402449 -1.42697447819333 1.04949211451936 1.617156636271 3.07818421691752 4.81115133619068 -1.952952467906 -5.49267645836439 -5.64733631897038 0 1191.29669848089
"1" -11.4459036898759 -0.993348120757494 1.51599256704729 2.00795955508797 3.59287016888254 4.70947221485193 7.43246183035549 -12.5173998509573 -10.7332580666615 1 1138.93344315467
"1" -12.6604280019742 -1.5463032241883 1.09352988370049 1.24345353071981 3.28130736627854 4.02673076633589 7.9049286041866 -10.5376998386913 -8.8646045436805 1 980.888271084303
"1" -1.69134841199916 -1.38960290204637 0.814177891985396 1.33838610191345 2.71991007560037 3.74996709013994 -5.92834588827817 -2.66429485796248 -3.12413050632224 0 1154.07958013001
"1" -1.7416965362561 -1.30614152404838 1.01538250622765 1.59439946456393 2.95509003646809 4.43723717599751 -1.10355203449893 -3.99484300756765 -6.65032737325162 0 1209.35393211336
"1" -1.47714017277725 -1.28360710393364 0.94048797398659 1.5111095721669 3.13122313943472 4.15780696225933 -2.02084525978885 -5.71417879374879 -5.40112071141844 0 1269.7209266541
"1" -1.65212748873538 -1.34278204277721 1.13530598752962 1.40252938882052 3.40856816440295 3.73816169990398 -4.63302619727687 -2.82850963821546 6.01576438831841 1 1190.01392534086
"1" -1.75166486413479 -1.31964026332971 0.885445201722954 1.51871008582018 2.95436857948925 4.14579325544445 -1.39702105446779 -4.41362586186305 2.36304239816981 0 1175.91774039724
"1" -1.68001030203624 -1.59115054867704 0.773206549258766 1.42036219878267 2.80946254763859 4.0758535103854 -9.91363365827367 -9.89984231894676 -1.55248289670799 0 1068.6390518698
"1" -1.54838743119691 -1.16645060824394 1.04216100087299 1.62726946121209 3.15392909675772 4.23324474466437 -5.44811166143134 -3.21996593837842 -2.95722319174472 0 1282.03872700085
"1" -1.66388138094791 -1.22461362372817 0.535168300619964 1.65126453563771 2.37555415518207 4.32102918727137 -8.22592180247185 -17.3982216189602 -5.57566870090089 1 1181.5090933321
"1" -11.9829257226835 -1.37848385930373 1.35475564892965 1.48497245091501 3.07818426558153 3.92915252220584 7.70618532666475 -12.6851563707186 -8.8296196862649 1 1082.93863210661
"1" -12.2047433853802 -1.38065900790131 1.31939847342661 1.56292736980233 3.79563296455835 4.08213410122371 7.67912364937679 -9.90696111235043 -8.5500791144607 1 1056.02461830692
"1" -12.5215234977893 -1.52818909979052 1.14438843991268 1.39734664070694 3.28309211445838 3.89553629715121 7.83757420561161 -17.7530467136286 -8.59219367728936 1 1018.16039541116
"1" -1.70396269265998 -1.25185486212823 1.00395699318448 1.63523689639803 3.37608258661376 4.47006483644828 -7.52478062444793 -17.469474266624 -5.71089408034628 1 1188.6383516542
"1" -1.5505092880095 -1.25845278619023 1.07584451473311 1.57625495497174 2.83631165097786 4.03907312806107 -12.9142704640298 -13.0412053828928 -0.443568458462497 0 1244.50440183777
"1" -1.62340709277491 -1.3514306430956 1.03063518659736 1.74264271389016 2.90868774710625 4.18420828644909 -6.33077687992727 -2.69530792128726 -2.50546834089492 0 1190.46400448646
"1" -1.59917845256408 -1.42415822309034 1.1143185913567 1.34830315256472 3.35526461775048 3.93434400569904 -4.66745125527115 -4.74307803848992 2.41606426737162 0 1168.76528007556
"1" -1.40726928183358 -1.22243474855177 0.932364495185169 1.71206659686877 3.44501122022208 4.35247228477459 -9.73598606008519 -11.2935594386377 -1.28325891595324 0 1290.40453065507
"1" -1.66438452629486 -1.39646651281743 1.00604898836396 1.7090958009309 2.99130496146996 4.25979878639699 -1.51027113246897 -5.22545316827383 -5.64369313659883 0 1180.56109877239
"1" -1.6788380527354 -1.47232594217329 1.26392046451534 1.35345198033266 4.09282602218159 3.88992872120526 -13.0077233134708 -15.5794161287838 -3.5522461663297 0 1121.36420918879
"1" -1.75563689466141 -1.59735238180011 1.05800911973515 1.50479433769865 3.3226111064178 4.00836770787558 -5.45399359828745 -2.10810460735319 -2.49811187992069 0 1072.98218148354
"1" -12.6355662447813 -1.69969209120137 1.28630413843098 1.48932382563396 3.36939306086988 4.16197443328117 7.89406278966068 -16.3453628863807 -8.14287587240492 1 936.515564320929
"1" -1.66716398056546 -1.2788274711961 1.01135906864054 1.59097043747729 2.79948845201827 3.83774708794458 -1.34043679618756 -5.28180246851492 -6.16966445070691 0 1237.21353084066
"1" -10.5689851809266 -1.40681110902482 1.52446766779692 2.04803301908281 3.92334868984031 4.85254661729694 6.60010530126552 -20.8231760769534 -8.69899792054471 1 1027.07850187577
"1" -1.86245405009865 -1.60207187098307 1.04932164940031 1.33402965329633 3.0167653338141 3.61257018974739 -0.979196728495839 -4.79089151879075 -5.84504589967734 0 1078.80417058137
"1" -1.78437785419279 -1.59528393953612 0.677999731139413 1.50340997784584 2.61753231140951 4.16650827287981 -10.6279192016791 -17.7440138530011 -5.23781740366287 0 1027.33350689837
"1" -1.48056406001595 -1.17124561412015 0.611139552991254 1.57658736051832 2.62932638106208 4.19857009634866 -11.4421367853348 -12.9273708847617 -0.850284254722573 0 1268.14199910531
"1" -10.2129142462772 -1.38169842185502 1.33884617312843 1.98935860270132 3.35917817230176 4.91532200968117 6.07972343262825 -8.89678385699508 -9.31606291279793 1 1075.90977043658
"1" -1.64726779343945 -1.24856414290756 0.719377881270153 1.43771561252229 2.86431426541312 4.18340029059369 -1.48457108873415 -8.33169726762045 -0.375651843299504 0 1225.3996850791
"1" -1.64944137149257 -1.22295766544903 0.543526555009151 1.49735086888183 2.37776216141501 3.91307605245507 -5.54496014436688 -3.15788682030505 -3.62753923954597 0 1201.76726590587
"1" -1.66804965929342 -1.38953612746437 1.18096296639589 1.50447490045097 3.4006676272094 3.7630566495322 -13.0533635892126 -18.46167947659 -3.13371804475667 0 1162.07352589519
"1" -1.57253741735228 -1.29274935389624 0.774326260313196 1.60855608719573 2.69889817093564 4.02907614260192 -5.70444474275613 -2.89259098311455 -2.98348348500267 0 1218.0765993087
"1" -9.60106684809057 -1.53199060100315 1.07318540902584 1.44171542575404 3.80594870762558 3.94208499289282 6.11021106012384 -13.9150450185593 -9.6994959600796 1 1011.39116327546
"1" -1.67780437964394 -1.13213394289607 0.921549844248675 1.25477082604859 3.09363921955795 3.61654300131429 -13.3072849946496 -17.897795569648 3.61121009063305 0 1256.76785903546
"1" -1.43622428147997 -1.26694081937361 0.909822959953059 1.36747298290238 2.76567745899862 3.91942721688395 -5.02119224659088 -4.94375955317473 2.39932915491275 0 1274.24575028791
"1" -1.70987336081516 -1.30018396518966 0.79195844392993 1.50615428503015 2.47686138680371 3.79412023463082 -5.46809667025595 -2.98950318610529 -4.69393312764198 0 1178.41883274355
"1" -1.74211382385572 -1.42008522901692 1.40317203608597 1.79242234179568 3.0892920466859 4.18045581683192 -5.72999722918379 -2.61162003814206 -3.59309912275823 0 1135.76155924358
"1" -12.6445100362571 -1.63482297029348 1.03976588078237 1.40424426372993 2.8091179450381 3.84570667840252 7.87987339376631 -14.7086618900119 -7.56979756465103 1 957.150026870731
"1" -1.75611171077188 -1.41465321669102 0.965581711681268 1.39889264534763 2.95281574111115 3.89078715090876 -5.56467215442583 -2.61744828185272 -4.89212400777658 0 1132.16561611445
"1" -11.9733729649631 -1.70822031256879 1.21705559533953 1.75082199427323 3.26695657954328 4.38074779972774 7.6611818571492 -13.483020157129 -8.7446356979743 1 916.864077241422
"1" -1.56154824940853 -1.44347626079562 1.15679214759339 1.46842717305334 3.32683590302357 3.9056620498857 -11.4944216780279 -12.2434390759683 -1.55526162260698 0 1174.4589507941
"1" -1.63449759047942 -1.39666710361521 0.463557348735209 1.44311185579454 2.68860702855969 3.87544532055398 -5.82270284526715 -2.63800541334139 -2.85672976057306 0 1137.97761784705
"1" -1.64367252457741 -1.34690886433385 0.975512237174357 1.3046718604448 2.62487577349018 3.90710275418994 -4.34065320601171 -4.69468406044557 5.79703823959564 0 1181.37500503476
"1" -1.76721808381032 -1.59979373811037 1.06587314345434 1.31227138137182 2.89795301287052 3.67360694907294 -8.89224679228364 -14.2970215111499 -5.65872919358754 0 1056.17398325948
"1" -1.52456187136695 -1.35084759143305 0.964197689480719 1.6314954503763 3.11658996101685 3.92140849428087 -1.93502511613166 -5.7242633297204 -5.74436662809386 0 1234.85507403771
"1" -12.4079472458681 -1.44966936503729 1.10817037118882 1.45571803800232 3.22836174345644 3.71418505760836 7.83486187872322 -5.04404100005535 -5.49252861423776 1 1031.34548211633
"1" -7.11195951706954 -1.22017803912623 1.72155387332237 1.50691739211173 3.58997698430591 3.47487314284378 5.06634776889873 -13.0408656967239 -12.6411957218783 1 1062.35651867784
"1" -1.7300198367236 -1.29466959365542 1.04282219056211 1.6845998618857 3.19354800260673 4.62995841511572 -5.25878729507554 -3.00408857019552 -4.31263401172411 0 1171.44906420424
"1" -1.63077111679287 -1.10079063346695 0.886985237351579 1.31367500193682 2.841460410205 4.04593641671564 -4.80629400343735 -3.41701849214625 -4.03362539901232 0 1282.34463744676
"1" -1.72088734504524 -1.29835620683874 0.961777863069171 1.65965336250949 3.1288432871713 4.2252709020828 -14.1987514332166 -20.7069252505736 4.35158943638721 1 1168.99671021456
"1" -1.70322093104018 -1.18586599635226 0.922606336378974 1.22957792625576 2.88228966082148 3.61293435615892 -5.22000678451369 -14.8062834693595 -6.28540652095064 0 1227.68618161796
"1" -16.0586801305274 -1.95548997355738 1.57292932780015 1.53367546305397 4.20038144848227 4.21348542626917 9.28753913162753 -17.0139401693192 -10.5925993218899 1 1008.16806356818
"1" -1.68382781518707 -1.4239067850293 1.05426075330428 1.6018783947909 2.96543855727844 3.94076226202341 -5.66027669834607 -1.90820848688023 -2.5537904576861 0 1162.61383341336
"1" -1.73117250860103 -1.45451345166539 1.0828738039718 1.59147891312167 3.16216928848804 3.79421188935419 -5.42836436354759 -2.50452454947318 -2.71931919221336 0 1129.85102639495
"1" -1.60814328999188 -1.43651785929092 1.2670948563512 1.61291543543856 3.77101454437117 4.02078555386791 -1.79146967048301 -5.3769668019152 -5.63012355482272 0 1181.00670297063
"1" -8.32721277475541 -1.20512220002256 1.02780721142765 2.17821645011928 3.75233035702541 4.950163109967 5.59908528743889 -17.9477873794306 -11.0358508825308 1 1014.28617485051
"1" -8.652889208669 -1.00007416481363 0.946371034597953 1.25229597383412 3.21811174823391 3.41924554875995 5.86613002790429 -12.953566446491 -11.6032756043498 1 1242.39617802817
"1" -1.80149760053284 -1.50599591616337 1.10514047956412 1.46910774832045 2.81014571832897 3.97622387293907 -6.2393032125579 -17.2455996824732 -6.70332367593343 1 1077.44397548036
"1" -1.79570961061056 -1.53405379031995 1.00436069828452 1.68474974115993 2.7866192862594 4.10783410409246 -7.81000467118608 -18.1588410017332 -8.01136258466821 1 1063.15724372727
"1" -1.57168617737171 -1.20845293620076 0.94930491789142 1.41473776247593 2.88292185994061 3.69071673299705 -5.33516004975623 -3.11701325646792 -3.07993480561402 0 1265.90417175008
"1" -1.78337680641082 -1.62359002546266 0.938162357920594 1.60915001414847 3.27490769284025 4.02712275138759 -12.1518576562021 -18.145324899178 -4.08673593701147 0 1033.78856821
"1" -1.6650436026965 -1.34423601543431 1.32615212935603 1.54270204799926 3.27884923321383 4.20722401779272 -12.5005349662242 -15.8965356354754 -3.45271017585761 0 1176.35309752429
"1" -1.5431427467494 -1.42875439870992 0.858941076148564 1.56729811199744 2.8974748030028 4.25287398304439 -4.62439116143012 -2.54069807837386 6.28249799122544 1 1179.06802861148
"1" -10.526287140221 -1.57933201947944 0.98523959547139 1.35325513583066 2.74028129104987 3.70644139492002 6.88683246636502 -14.8265858051654 -9.502554234586 1 1025.11003263798
"1" -1.67727854100127 -1.39340618434054 1.29801421988901 1.52521768849358 3.40601399276668 4.01065092186228 -4.32611024886167 -4.54869156362525 3.28372710837808 0 1157.47227118643
"1" -1.64637903089323 -1.19985979857163 0.997760707242688 1.57689752286283 3.4262351222127 4.01308776661177 -6.00830793579852 -7.51841443217228 1.50231955230322 0 1234.05236340238
"1" -12.6264389477076 -12.121642584888 1.13032505788637 1.52404377378365 3.66214152536657 4.17965600906535 7.8404425527757 7.73631781910655 -4.23839097697038 0 950.905584257809
"1" -12.4597737608573 -1.3860817758073 1.49329270949533 1.4895739772353 3.44335985788106 3.80804388552394 7.84909438610056 -5.13024922358589 -4.29317177928872 0 1043.01975439513
"1" -1.71996786594601 -1.39114552239644 1.17408356413829 1.67666333906574 3.44755427619985 4.22838974266464 -1.30576253325509 -5.09342497651452 -5.97588029876848 0 1174.81365266965
"1" -1.7997460248897 -1.55965830934314 0.817825781431134 1.59590842147619 2.97985575203247 4.49412520604747 -10.8719834417827 -21.9614711306765 -6.95768821010029 1 1040.40733539991
"1" -1.61484159368427 -1.38232299447865 0.873113745603123 1.44776465696149 2.96214499763939 3.98209625791911 -5.56973348010405 -2.62984608961629 -3.02270513531465 0 1181.34726145926
"1" -1.74846757008125 -1.39632868022075 1.06976686739201 1.35978331211599 3.00907270563908 3.50185310989601 -8.55929080134625 -18.6213419557428 -5.57928711472479 1 1137.8310142713
"1" -12.0110867808133 -1.35513998090128 1.82370879766363 1.51827774984285 4.02814755235121 3.86729695238982 7.44188529816122 -5.0919519860914 -3.127530755395 0 1039.45414478463
"1" -12.3462035736602 -1.66345491397905 1.00818748174879 1.43128183246203 2.79387417187312 3.8475319450238 7.63963485553578 -5.21901299439121 -2.50074505720569 0 907.191816426035
"1" -1.40277838921626 -1.22094859987019 0.606311952935969 1.62152761671522 2.3591173622117 4.26668304498732 -13.2757005595626 -14.0229955986395 -0.549552884700757 0 1268.42154964557
"1" -1.65858012045557 -1.31891728564068 0.984829540213696 1.42717995332849 2.81360026405805 4.05781899947131 -4.81243448109147 -5.1388238345029 2.28472006165001 0 1185.69315400968
"1" -12.2532420950182 -1.58146730386845 1.22433283383634 1.65250653716204 3.18499040529829 3.9153163970547 7.80832054625637 -15.4909076385547 -9.77177948690758 1 978.583093805792
"1" -1.50551783988688 -1.29863426485061 0.753892141328417 1.4133307871962 3.00383593439793 3.62047792613474 -6.0557075011451 -2.08929488650468 -1.56752707184162 0 1251.40084511892
"1" -10.1207399378037 -0.849359666673966 1.31985439385633 1.37897022878411 3.40059492437908 3.86995264540406 8.91082742432738 -26.6151728219274 -16.9754839343021 1 435.779816678987
"1" -1.66494446301461 -1.39623903382626 0.98072219408914 1.45880348980034 2.71071024780212 3.87120147924285 -4.685438783571 -2.68804145696705 2.28946590476122 0 1163.07907400647
"1" -1.55734004407275 -1.33999059763119 1.11200300575711 1.27113907982008 3.551311669413 3.61237364477642 -4.55522769771544 -5.09859345359623 2.52992160198665 0 1214.81087729198
"1" -1.45599640618653 -1.18527501373637 0.898604935112889 1.45904375656965 2.73896446002289 3.8444028544911 -5.32077359578195 -5.81455931944538 1.81629030746043 0 1299.37235260649
"1" -1.76887273717764 -1.28047893973199 1.19759906080913 1.48398449054623 3.1762763903811 3.8256067892482 -13.7729026781331 -25.7082694919126 3.50735181018644 0 1175.60965701667
"1" -1.40168767732331 -1.26308527760213 0.806749885029037 1.19217646314003 2.65428419012798 3.80372800495183 -12.7451582919102 -13.2335269154931 -0.740808304722662 0 1279.41526411401
"1" -12.2751182434774 -1.41540182577217 1.13033036356513 1.2397750152019 2.92174141794954 3.75470207776014 7.64884202919582 -9.47363743727833 -9.83148955659846 1 1098.12108224265
"1" -1.62543630630435 -1.30494121403845 1.07889264744274 1.62484743920113 3.16644270689831 4.11652274864264 -13.1954439276335 -14.1594466446787 -0.258897557025292 0 1200.35914935614
"1" -1.5341382750217 -1.31563249137351 0.966050572140701 1.61073610586055 2.8719526811599 4.4582848991665 -4.72971280289464 -2.86260506544179 5.61883986221498 0 1222.45038302348
"1" -1.76161429010109 -1.36980649802384 1.10004701073939 1.52160576666935 3.00011098742703 4.0640349596554 -8.639497451982 -22.1191893003021 -6.63353460960117 1 1137.62451386332
"1" -12.1288827496552 -1.36602287996405 1.34758364276083 1.55255840752582 3.54501378707967 4.16150082049587 7.62838551580229 -5.0894464313143 -6.58812989832826 1 1066.14009433109
"1" -1.44223794750863 -1.26152469784136 1.19047114576801 1.30477969623172 3.09331710890749 3.84814207644139 -5.6367876363749 -2.89113814115076 -2.06988064853614 0 1292.09594224767
"1" -1.6269482201701 -1.36331390600529 0.759743365456245 1.49159543693132 2.72721662713776 4.10652746254585 -1.54000901075231 -5.40805240548797 -6.26610728885972 0 1193.62638266232
"1" -12.5779075271754 -1.5537725319366 1.30512002297523 1.6854952289611 3.47581523848859 4.49342286302178 7.88331279544702 -10.8295938088658 -8.23599237944468 1 980.629836013395
"1" -11.6890193489736 -1.41560093235434 1.01192049181543 1.16851502486387 2.8505328050142 3.45537049570877 8.11731882770225 -7.39399454119242 -9.11391836028767 1 1037.24888074832
"1" -1.78490173623855 -1.49312814712193 0.813427762479389 1.55878865038263 2.9126964805205 4.21766976126062 -8.81989483024371 -22.8724476126223 -6.91341781886977 1 1071.7003826689
"1" -1.46571103787094 -1.19912698604563 0.778326979770358 1.44700921845044 2.28579941482745 3.87283773826568 -3.49336085874137 -3.78327191533645 6.62419718039014 0 1282.30831315297
"1" -1.63626086228305 -1.2584297084263 0.861461413816555 1.41904703500645 3.05206888828441 3.86605698566859 -13.0729608588294 -19.665067327236 -3.68781463031476 0 1212.16807467007
"1" -12.6705090756894 -1.61466046315107 1.39552773150451 1.17088450312208 3.63694071944294 3.64081574005459 7.88573011497203 -5.26173893133035 -3.8917833646421 0 915.057605252761
"1" -12.5095482997029 -1.7036708655962 1.13530645807295 1.50775380416225 3.14132455119155 4.38758941732434 7.84949507398598 -5.2697528325362 -7.09929008021169 1 911.017746504949
