"1" -1.56868778161865 -1.43336646815315 1.01360959796735 1.52672094732672 2.42383662486633 3.69849001843208 -18.35563123717 -16.104395429947 -8.71450490741166 -10.1874503330326 -3.34275679761998 -1.62122536851876 0 1176.27091630689
"1" -0.627279875501042 -1.47523175654107 0.12660614994343 1.36708721113597 2.78455065205535 3.89272155823293 -1.57742464884989 -1.25944706063294 3.31496107563226 -0.59142780400844 0.0417366297057335 0.704207923469959 1 715.464466427748
"1" -0.173808004592499 -1.23480481442685 0.147084699434084 0.653306775399377 2.68761048585723 2.37864036534305 -3.51499402566198 -3.09584447090623 3.03576829742561 -2.18373582529826 0.613568313528162 2.03381616457541 1 877.161314807159
"1" -12.2246519634884 -1.64116953958533 1.10749043002414 1.45918659454518 3.07338285713566 3.41344786482512 7.62637858164597 -5.61974763937459 -6.91365054374065 -7.46953774028469 -3.37490579080983 -5.14828317124622 1 957.219050880554
"1" -0.416305737126834 -1.19191013269596 0.0399956433764299 0.868211434369288 3.0509099576444 2.91031510592583 -1.4445329923669 -1.8089846585962 3.18004262621802 -0.626917956738614 0.355637130419178 0.0833093189857509 1 826.267334805732
"1" -0.0323682619460911 -1.4740334956286 0.118086432261571 1.07481352289245 2.98072277432537 3.13661686594003 -4.09141145305021 -2.99574704475439 2.93385306795022 -2.56757017245367 0.655594786520791 -0.329103546062177 1 909.329640955948
"1" -0.247916251149817 -1.01419314445856 0.166000554769358 0.35447415112285 2.84678566667363 2.74628253732592 -3.72458902935558 -3.16825039459486 3.11746197873954 -1.48488852061055 0.642382072862859 0.0211704460957545 1 860.513104129252
"1" -12.4809280453353 -1.43441773688085 1.20019190504268 1.22200088617763 3.07878429969994 3.11353476031818 7.8419727958603 -5.52938840071099 -17.8715267437857 -2.67751262679687 -2.72619223426186 0.526819156211256 1 1031.43916581829
"1" -0.455590213053048 -0.962548233134225 0.0820566926992872 0.953667778714297 3.12996014230769 2.5956326939775 -2.9513861561874 -2.61564124398543 3.24203992662294 -1.84650471049632 0.230500556631539 -0.0256623544110362 1 887.87149020463
"1" -0.160812435918825 -0.997464045989816 0.164723790086089 0.415891909277164 2.67840563198062 2.403218125472 -2.05155733468138 -2.62324550430089 3.09871486650031 -0.224431835180764 0.133726561922173 0.220508526070983 1 833.824783602799
"1" -0.24076273264349 -1.19079958234631 0.158313701619438 1.64706745087919 2.77729625954442 4.42328261405275 -1.64681684772657 -1.3212130595834 3.10968718960238 -0.943076552769072 -0.0186727502397596 0.0734632227651802 1 881.026234282865
"1" -12.5883773712277 -1.43157671181605 1.29104735520437 0.988616324548843 3.34518577056884 3.09457556477655 7.86266403028355 -5.62626941436304 -1.30371855173941 -7.87307375362254 -5.94737260370618 0.741812781414138 0 1002.67805352747
"1" -0.157471531840431 -1.07023367145091 0.152928949631176 1.22944483176449 2.82030783860236 3.99398761819442 -1.52869826206174 -1.51981103113027 3.06712202632728 -0.807685549206665 0.318691285331168 0.0977512006430614 1 960.377765607573
"1" -1.71911923639504 -1.35775100531442 1.03042685867071 1.22414492264705 2.69550496781748 3.3197696751302 -6.82901482725427 -3.88415803039426 -1.24502280445514 -1.72132338217159 -4.18315216694097 -5.97066268934668 0 1157.24280874883
"1" -1.6777412138333 -1.52475676819702 1.13061974442884 1.09170216874409 3.01664346384077 3.14464699989887 -2.64286987134395 -4.52803153681281 -1.16146804261124 -2.60148217649991 -5.08354961953975 -8.1459181417976 1 1119.96804809045
"1" -12.3932539284042 -1.52642952871827 1.15384679618184 1.01446886921145 2.53862469396348 2.58904408611597 7.62968646364175 -5.6082210034043 -5.97536794062448 -6.18472243546577 -4.09767521647217 0.248484049704146 0 947.508345292768
"1" -1.02821258788174 -1.44696013778661 -0.16306625334212 1.30483301310626 4.00916641340474 3.79008689583401 -6.33546382287799 -10.5475721914289 3.41650067211811 -0.31228435044533 7.88374535001078 8.30042377504948 1 748.917444394083
"1" -0.192145965916399 -1.0798975759041 0.0431083368904821 1.46872401948987 3.10741342973947 3.61662926813687 -1.53497840016597 -2.10744629108161 3.02885404626902 -1.10394659417072 -0.248515282845501 0.0884980088810996 1 842.751306720424
"1" -0.250566082765124 -1.06356734892197 0.270329422753349 1.63175951705906 2.29538482618686 4.05653135889263 -2.80307128686091 -1.75011461256225 3.2488301101538 -1.33984655112017 0.355324808811246 0.0684680577236967 1 910.091076170302
"1" -0.251875010939108 -1.01610453342491 0.122654275503545 0.831136715403861 2.95668661972352 2.58253753961407 -2.57724908625225 -2.51302973711191 3.1463446669374 -1.81600221153709 0.645691639372469 0.431524768045164 1 914.741701072471
"1" -12.5503385945159 -1.3679123650512 1.15491597949826 1.11590846431551 2.8761293428028 3.03102513859966 7.86223790975488 -5.60877782891517 -14.8316578475114 -1.40728060478751 -3.62152982669427 0.705293951123815 0 1039.95696285987
"1" -0.57913318098747 -1.05368234624699 0.124752085546915 1.13772791170466 3.02437150633829 3.15143265429498 -2.71167934095882 -2.40313100840634 3.2645149466082 -1.63861957225013 -0.218722781431296 -0.0835728098024098 1 843.299082963284
"1" -0.657128220090856 -0.926662020393982 0.177048693234616 0.737309933831701 2.59665721065414 2.93231425497967 -2.80684926545138 -2.40254806780095 3.51635111153911 -1.52809106690385 -0.461044023218635 -0.14299302214084 1 779.127254840754
"1" -1.6695976284964 -1.36569061011141 1.00728523858991 0.972082079368505 2.50623834589866 2.7239214805074 -1.67245401150662 -2.69082881798848 -9.54806046203486 -8.73720749622914 -8.7435761941744 -5.20000324750884 1 1209.80245951959
"1" -1.57916729527757 -1.41364829439245 1.22436472919356 1.2427089614103 2.94675228271976 3.00286420797627 -2.62680145729184 -2.15829327496424 -1.90786142880678 -2.50536310598161 6.82014936161085 -6.10959232700501 1 1203.32300654435
"1" -0.416457261026718 -1.34978430461628 0.170254516586044 1.749123038159 2.89307158505694 3.67587098252619 -2.80838124659281 -1.99010302658748 3.2041432317508 -1.84638569321352 0.367200888980711 0.60688367687205 1 769.679170500825
"1" -1.61389627313866 -1.44803596128416 1.01774834472375 1.42904641946413 3.02523889343858 3.28630225432978 -4.35393922293807 -2.03015656391171 -2.83098809054714 -3.15844311589102 -7.61135008321568 4.29984232912529 1 1183.2758733785
"1" -1.74149028660765 -1.40876754382468 1.04727322021369 1.01864449844069 3.10330899042945 2.99797683587113 -9.21674449787724 -11.3575621618208 -1.09673079854947 -1.0828587979981 1.70380149627199 -9.1420825150986 1 1117.88877567586
"1" -12.4030136815038 -1.51792146087721 1.28593595560455 1.25978310931058 2.98130763425744 2.96648490791839 7.82431880736224 -5.71801032380143 -4.0246966141526 -19.1051359133998 -7.76752460212318 0.76822711563084 1 1017.08330485064
"1" -1.61397053762693 -1.28725112962265 1.03593899259861 1.19879739697925 2.79661468027846 3.10582391340665 -4.72353507893233 -2.03428352267118 -8.34787197441794 -15.5896519096008 8.54444025642362 -2.62065500454986 1 1236.05868856723
"1" -1.01725225946743 -1.19919100299261 0.0202373684619529 0.831045804695098 3.5625521937992 2.50525695385198 -8.77446072955972 -7.31528764639127 3.51758776921594 -5.02664325014652 -0.548123319634342 -1.0227145782888 1 875.183063340988
"1" -12.3019463351337 -1.83098131153929 1.19783291724576 1.24976195400874 2.76744887098979 3.37532287242827 7.64865731306883 -47.9866626602398 -33.6126991829392 -27.4508672923824 -6.82319987289673 3.87495092563175 1 920.970798357692
"1" -1.79155898677976 -1.45115510236983 0.842138814171819 0.871052493926519 2.28648063803627 2.47450302461926 -1.18571250960969 -3.47351800726341 -17.1547797883945 -8.15695354228933 -8.29349012907226 -2.49308451486368 1 1131.5283893681
"1" -2.08640871457186 -0.271543726714108 0.68448171683207 -0.147155034129482 3.16178495339268 4.11583156232663 -1.20921578248222 -3.14013329913799 -1.06258374827819 2.7872479596472 -0.589642892851677 0.183095468068119 1 726.440833779539
"1" -11.9204164689237 -1.2367966540002 1.07887066751981 1.29264903485123 2.78875440675528 3.14642990682898 7.43585169050288 -13.0572485409904 -13.9080926156317 -9.43502692470366 -10.3639068205712 2.01865737059645 1 1145.60457665
"1" -0.371537528242255 -1.37489668410865 0.00824775290103903 1.39796505413807 3.32668535906622 3.66923367609001 -1.48249236662307 -1.51152682081639 3.03693750029766 -0.512111226265859 -0.0364064863491736 0.171135335491147 1 902.051253979978
"1" -0.517309847381663 -1.29477325784897 0.307094481344662 0.897441909947086 0.293100094249951 2.51103101016262 -4.36882720473404 -3.94962807815613 4.48131829955179 -4.14444434717306 0.677365454347873 -0.0733957257321137 1 -642.752934722594
"1" -1.71281421253022 -1.43825472828263 0.999628581839915 1.0687513069246 2.84252362502289 3.14730505998368 -3.87374559918186 -3.82892128448182 -0.919019237971139 -1.36607702318861 6.20677274624432 -6.46966966746256 1 1117.97914294035
"1" -1.78409954627392 -1.5403742580692 1.11420318731062 2.42275253698966 2.82064507709139 5.34220500759791 -9.11889653209349 -1.59077848705264 -1.03994593662609 0.172679541748939 0.510656667633131 8.20423383567778 1 1100.81346790351
"1" -0.242284010554776 -1.2269222053263 0.179660151559932 0.754955500946684 2.90680924956297 2.70479442975129 -3.73515010447212 -3.21043843523643 3.06023817262861 -1.4868455572679 -0.28292495721385 -0.293577773973073 1 849.070270878288
"1" -8.37925640976525 -0.738364680043134 1.25523775113577 0.0705028040963304 2.85631806989075 3.11354934283417 5.50809740435504 -7.28947059600205 -13.547019801688 3.18907324857829 -9.17543211340804 -1.76156873023211 1 687.951161753601
"1" -1.80461520510042 -1.27858320970437 0.952740453797426 0.991211988610684 2.79685915261146 3.33610970878566 -9.39499719924659 -12.4756039038585 -1.55022225346728 -0.918629739166874 1.53933305363063 7.46578127118349 1 1146.23669111784
"1" -1.80595271834413 -1.59393019730116 1.28680110480029 1.37198048703476 2.77715475522459 3.44173081101211 -3.78433321767273 -2.55574744251845 -4.88475684521764 -2.52798922553599 -3.28927809145463 -2.05087051875446 0 1070.98353903192
"1" -0.286686336702952 -1.24698211896861 0.165216002813388 1.24388678638938 2.74486885667971 3.64217119083216 -2.53267870171584 -2.11834839314626 3.08462508636558 -1.06973318711694 0.285543826185032 0.0486095228337537 1 838.763277525868
"1" -0.390973342245219 -1.70735030102106 0.0510359786587665 1.46584023628655 3.17825774036671 4.08098938519412 -2.86918205996958 -1.51055592329101 3.03119635555603 -1.04537403772143 -0.396740240789483 0.122303243091066 1 751.936648782768
"1" -1.75483219616512 -1.48430218377882 1.11650738900958 1.10374238725711 2.63182690423168 3.27476398434593 -1.22615759895255 -5.61911707042475 -1.53605972760009 -2.1885462202742 -6.63253070047569 6.38615075400303 1 1138.32816159956
"1" -0.534951609543978 -1.14335381807067 0.163076384846843 0.4884499885377 2.81282770083477 2.28091283391137 -5.02086145803572 -3.66304637283451 3.29470910419565 -4.41349819798757 1.28074163371838 0.464760535942252 1 777.045263827942
"1" -1.63129129196261 -1.340223446072 1.09253782633742 1.01607552743609 2.90046831653729 3.21285008872778 -3.28171164346069 -4.44576025625761 -1.23603711747977 -1.19279430028298 6.88993322653086 6.82381347687991 1 1184.53118955552
"1" -0.315754828613784 -0.921695977816413 0.223035892748526 0.994283542262763 2.50978218515187 2.7986635668565 -3.3153622903306 -2.26942190516635 3.28178618664842 -1.5895433763465 1.50179712208549 0.321480268110678 1 896.217872839854
"1" -0.738797648742318 -1.32481215740978 0.0628453796829752 0.930355495224226 2.92945295155087 2.8193481553341 -4.83444364990664 -5.14385335602111 3.36667048895033 -3.62227283801176 1.19350979253174 -0.0748763176094602 1 754.76317998617
"1" -0.315425064284175 -1.04772168765163 0.164073205224784 1.44684464677396 2.8782298469858 3.79324033949238 -1.24967545996908 -1.31994283584373 3.15515393442908 -0.569232728638362 0.074579920320451 0.165640608865842 1 929.541973636635
"1" -1.556123844211 -1.35584915026984 0.971174268481886 1.12275019335766 2.78983025550033 2.9520102377626 -3.00721787042428 -1.89778027680062 -2.29643164431893 -11.967839044868 -8.67048672153642 -2.5129182802603 1 1243.02533134276
"1" -1.78281582281025 -1.22630715951059 1.05375567590182 1.03417355982413 2.54063888648047 2.97184732685543 -12.2851622646114 -17.9484834365904 -11.5319275337061 -10.3135557038846 -0.155421356258711 1.93877656504741 0 1193.3560052286
"1" -1.76838042609772 -1.36528590058594 0.96169439358716 1.27000487460509 2.84993651713798 3.22030458506246 -3.78868526288282 -1.93040490782864 -10.6752240091889 -21.1474666475016 -6.93705084193008 -0.806568791098497 1 1170.87668404395
"1" -0.677188865227527 -1.05899084823283 0.347561017538239 0.971177942900302 0.313809714879009 2.53542149733747 -20.6696597954176 -20.3985760204162 4.50212709481922 -3.78026321545204 -1.12380244056049 -7.44816660148453 1 -344.664128249296
"1" -1.90474183836611 -1.61239113744987 0.894748295509128 1.0686356361006 2.43736296610123 2.56370153504342 -21.256300460878 -23.3273694845167 -11.6055290712199 -15.1223474994846 6.0397331790168 -0.834627102014011 1 1006.2305625858
"1" -1.12171591699515 -0.52408550115039 0.347003374067309 1.13858094156351 2.41295479894302 4.22017315019617 -2.37399111794743 -2.11841427509318 3.99626710140244 -1.62146706253538 -0.114489048386601 -0.325008429442593 1 839.719441399458
"1" -1.69479862639866 -1.39197025783781 1.1089748676903 1.18367707042619 2.88660393679406 2.75920949853228 -3.22398300981916 -3.98899569937556 -0.866995258197369 -1.68671349174725 5.01994693295698 7.30363494720041 1 1154.76838578647
"1" -0.268361526141772 -0.547586128466974 0.0554742932224994 1.20718214353353 3.15898513897921 3.14719125502716 -2.71247644496845 -2.02616748743034 3.17394641601972 -1.70413154318648 0.66801637283729 0.249794775711388 1 992.882240213283
"1" -0.36822262402095 -1.24706121156231 0.103965895626389 1.28593966388359 3.02030634395519 3.43351594827484 -1.75799869537312 -1.33913630098758 3.16277902651923 -0.782387502706539 0.520533681140919 0.317073293366114 1 887.744904791769
"1" -12.2259421632271 -1.42142267774376 0.99777312045223 1.32042744820078 2.74861945114519 3.28338486551991 7.66098038716555 -9.58348089626386 -9.42845535614633 -15.5073813344162 -10.3398609698442 -0.764350550660766 1 994.905458153658
"1" -0.256734592216043 -0.87639808653498 0.0437253604626865 1.01597728490211 3.14532004269059 3.02717427319414 -2.63493154248236 -2.03533713622147 3.10652286244446 -1.43291505981363 0.796985849718906 -0.50230555867039 1 986.671445322598
"1" -1.20214171782471 -1.76427819463835 0.0961908392490403 1.06692758629524 3.22649588984571 3.82177547970424 -2.83660471516617 -2.38462404092019 3.62163429194373 -2.09585870673145 -0.116647741143369 0.0268492718106158 1 779.179759293093
"1" -0.937079793594325 -0.381477689974769 0.144156293886249 0.147273851798209 3.03701258645385 3.78055351191446 -8.76865461090798 -10.0666089257784 3.63046998755625 2.00686751557251 -2.75534162990626 -5.46552864273375 1 194.723281529656
"1" -1.69470937599334 -1.34136523862051 1.16933336047399 0.955200279306349 3.0031898152281 2.78762048740874 -3.32693058609586 -1.91427138660958 -9.42908365553231 -9.71489634251305 0.695462669250117 4.2157596761419 0 1190.05171736508
"1" -0.394731903353295 -1.12874584994588 0.172542443139894 1.39284009914625 2.80039498684953 4.0807843528272 -2.36560850624653 -2.15090592745559 3.2036134965655 -1.02750843772534 0.139212703823155 0.0770975655518819 1 821.805035004269
"1" -1.70705259804361 -1.41163725869138 1.40351188445654 1.20725430460001 2.91338754832582 2.94301823998264 -2.23326808372543 -4.92394397243068 -1.78940042521094 -2.48747019070221 5.61241439387966 7.17861859931053 1 1163.38001928402
"1" -1.33578508762929 0.0981938618640793 1.01918284958818 0.12927235406975 2.8153929382653 2.94445578843594 -1.31074913049768 -2.58602534764927 -0.989406465337835 2.89088955064741 0.169960299398279 0.0668373930457596 1 910.365412652685
"1" -2.95658300093199 -1.17375790414358 0.991641215796265 1.07033114998213 2.53371654075319 3.00669061723598 1.3923429172311 -17.4769042098265 -7.21041038639457 -6.18738719178099 4.58339376725577 9.72873608728286 1 1207.53267156337
"1" -0.23243142252664 -0.25875293969685 -0.0944279080969043 -0.0413255830119572 3.07068622226764 3.82043104253037 -1.57041170274992 -4.717765666087 2.70602755556599 3.00367240113965 -0.681572570399544 -0.644576489168845 1 333.358245257848
"1" -0.195404541765758 -1.16203896612647 0.0698968609450076 1.51151944928157 3.22430100895249 4.08741132938972 -1.72192277069767 -1.27722835474812 3.0359622893733 -0.695039092121297 0.478081841324032 0.381839484937632 1 1011.32473878305
"1" -12.7200649368206 -1.32611592133272 1.11076579750489 1.05007581743797 2.47455412109489 2.90911027315952 7.93353786508801 -6.38486477205172 -5.77366317985452 -8.95478920314033 -8.42520302105752 -0.41586468368224 1 1037.03503353795
"1" -0.627721787696052 -0.984479659214187 0.170743269743701 0.914294485796307 2.76277552532747 2.62561651589299 -6.81020673884561 -5.06889721440143 3.3893177574231 -4.07777480569092 0.484946366903113 -0.859798944683316 1 924.31084858235
"1" -0.747886719992438 -1.27594465763117 0.169540125596944 1.26973988682989 2.67128132399917 3.61027361988348 -2.19166143644704 -2.28472882579482 3.50317323527228 -1.18238664151442 -0.0935084862648026 0.0638632225914728 1 820.279898316036
"1" -0.361184710931245 -1.38245579244237 0.369443330689457 2.21143766858332 0.338647343092746 3.63700165899918 -2.58573574463358 -2.2887515685802 4.1996662586115 -1.38730266846321 0.36448186253849 1.39134429368675 1 -396.454988372501
"1" -9.45059770347171 -1.67476247537583 1.19290495902983 1.16840366508536 2.6535270216993 2.81569928132072 6.07860874738162 -16.7207832609856 -19.9151564750577 -16.668272724785 -9.42189804313138 0.482356153530015 1 925.526006995391
"1" -12.4066694911033 -1.34509886840916 1.82347038878029 0.975623598574881 4.72963472339405 2.83738116461909 7.63842542462309 -5.62763918039198 0.641952957008491 -1.41706124567173 -3.87364193680336 -9.14286533198919 1 1017.36129888323
"1" -0.250484012866059 -1.32935436802406 0.0295020343116945 2.0264519143797 3.2452265708502 3.9246332303855 -1.6084858459535 -1.59174102270483 2.9950706037672 -0.873243078578939 0.184009243763984 0.211007659178381 1 890.592230092378
"1" -0.498388737088659 -1.61984254290837 0.270228557069975 1.76210967242422 0.252646165851263 2.25260681799366 -2.3130433431094 -3.37807715549069 4.63482056016625 -2.90642957880216 0.240691893113513 0.808598001718378 1 -535.305629354149
"1" -0.630266612537412 -1.11548167181078 0.222527023780624 1.29605569229026 2.58799156535919 3.49643107081065 -2.68569234042721 -2.3733149510786 3.4278718519051 -1.2756917209922 -0.0895008490926983 0.170857959871182 1 773.811725676354
"1" -0.143316478249272 -1.02365467981239 0.299410688491288 0.734842230862534 0.341830614771403 2.67391759716552 -2.31746278768419 -2.53394773557894 4.24944397972156 -1.86032519380719 1.18859131994988 -2.1818487763241 1 -454.984271698781
"1" 0.0070378204036463 -0.984093469033305 0.318600587268634 0.915279504003557 2.44921303942756 2.95946658640838 -3.25804084968563 -2.54621589758753 3.08670442984895 -1.5498229906105 -0.0637827921579914 0.0459021714583186 1 864.75267659346
"1" -1.54237978213443 -1.08673179169093 0.900133025296327 0.91529646758188 2.65224146909382 2.59569849350326 -7.39826251267431 -9.46558123183574 -5.65626040307137 -5.38465723811932 -0.776954423526145 -0.486865196651269 0 1307.30156439377
"1" -1.43649929130257 -1.23709201872167 1.17580267327056 1.18410534247161 2.73712573320209 3.24981198160059 -13.6401397134957 -14.3582534173597 -2.39119030038007 -2.77689643998728 0.839379790636269 6.76335191579715 1 1300.34429402405
"1" -0.470466544501972 -1.19310065042244 0.315982811741496 1.0901739250833 2.43216141094023 2.93933623694912 -1.49627200129137 -2.99781823049019 3.33912016334878 -2.00462160826839 -0.468120552643532 0.173728460660035 1 736.392135195358
"1" -1.75478561404567 -1.39847522119394 1.14238229638456 1.0354951401237 2.52656722312435 2.80661884208754 -16.1030407682426 -2.2933645717201 -12.0286566411253 -11.9891056319674 -4.71026333434475 7.73182270104376 1 1149.08837492576
"1" -1.57312748619255 -1.32821156499658 1.05484681963877 1.15035361923846 2.83920858050208 2.95775532499193 -12.9164196485217 -1.77697989643164 -0.966565807870497 -1.36004264304967 -3.71525750449336 -14.9770073299348 1 1215.02961507633
"1" -0.59813036472256 -1.24134974270029 0.0665235024124155 0.905467266870467 3.28825359942377 2.54188829833191 -4.48070624531278 -4.44562921685383 3.2611191944673 -3.57991456031609 0.193678415441217 -0.10668922312691 1 805.817513914524
"1" -0.301306321512315 -0.948871066507276 -0.00167849189905943 1.11823676906175 3.28265644444283 3.10323285104971 -2.91413984138447 -2.67923071295084 3.08466623715917 -1.70860011589535 0.359905208642652 1.73553961962197 1 854.195659233887
"1" -0.372701867924521 -1.22964752257901 0.184448042430858 1.38021587406514 2.97869313721264 3.65821736959993 -1.98788155914531 -1.84608941481597 3.12780383889645 -1.11411302356482 0.114498721617648 0.0672376073183135 1 871.632410861668
"1" -1.54986398294397 -1.1287492215611 0.825995309878569 1.11356759599704 4.02830109518584 3.46500831092369 -9.53945348460565 -8.84310821994496 3.19889858946662 0.0865593584174372 -6.01280428383057 -10.5932646886113 1 1199.16062559637
"1" -1.8423913187214 -1.36537852301101 0.973932686242032 1.41715102016981 2.80343492356336 3.44762587907814 -13.2392779466392 -13.8360341643955 -1.49446926161768 -13.5478797573733 6.26155852605364 -1.17386047092834 0 1116.64289989201
"1" -0.511441734598612 -1.56905697563847 0.352723130599202 0.956840106828311 2.41104855829276 2.75887366947231 -7.63025568247275 -2.05196491654682 3.35646965195391 -7.08974005582234 -2.03036481185975 -2.37044931856996 1 832.705481929759
"1" -0.547167093286028 -1.1440995473252 0.321006543080616 1.67636409159223 2.31771559102825 3.69005509787535 -1.2451642712027 -1.22448003918623 3.42204825314345 -0.511287588388731 0.126992819343442 0.155152687459536 1 830.597547095585
"1" -12.6794092937843 -1.49847150283141 1.33805841084769 1.16358064006549 3.65206372540841 3.11611086362097 7.88239556914509 -5.72660531910066 -10.8400176907798 -1.29429895277333 -3.42361760707048 0.664906147254718 0 958.874886680598
"1" -1.59820237282825 -1.25888841542293 0.867764036809042 0.940339404917843 2.97165313804026 3.18482739622407 -2.2813094364488 -4.9608985885577 -2.4158034706079 -1.22003680705019 5.8582490545581 7.42724935388678 1 1220.2248585673
"1" -1.09974560856667 -0.421166699953448 -0.258507531900645 0.271744464265024 2.90849320057286 0.298292514183008 -1.1897105340414 -2.06770960100147 0.688191474980101 4.41180043963457 0.246960033887158 -1.07499507792078 1 -201.143054587985
"1" -0.145210960236118 -0.818507114551496 0.180021135048995 0.944642694052707 2.90336989961715 3.01813155157531 -2.28982398625845 -1.64734729986087 3.09093977666136 -0.619742678483978 0.862868145456957 0.00201739654121478 1 986.823401332887
