"1" 2.1065117666101 2.52407596095258 0.964433033144037 -0.239048806178114 1.52698338235483 1.89085817156103 4.91268495362044 4.92931524538844 -1.65667810333789 -5.11997790570192 6.45256374104512 5.43389432983214 1 -683.336688436785
"1" 2.86711103686326 0.23332295068485 1.48634086609556 4.1996062034912 3.83059507130881 9.68746971931601 4.17554389270281 5.83829865720516 -3.48839046673579 -1.25613322716034 4.62517349685707 -2.39175577274789 1 110.474814883919
"1" 7.36323469895581 6.98792971277926 3.24701993393168 4.06721668036388 7.56842205581529 9.43050184496441 -1.79713373429781 -1.12976479616571 1.34840893085958 1.47354765478676 0.193024376069913 -5.7805692537438 1 502.106223779882
"1" -0.112533167245293 0.152825468759945 3.26616621539356 4.7349916103533 8.6346982091942 12.2119279556636 -0.494165199330221 -0.33991219462088 2.2596041208737 1.36640419548269 3.5888370103441 -5.93702762033072 1 411.271846420024
"1" 2.55420504969337 1.33644250621633 1.60414271967729 3.00543098184001 3.90642592426027 7.75298224487163 4.4128160170507 3.93366551192119 0.24249904540963 -1.43249244191493 2.33021942135336 2.77668189085333 1 234.885597036084
"1" 2.91246062593595 1.03088612124489 -0.184810256639785 0.269648596598896 1.02003737496187 2.11011907167004 5.19633094763507 5.21112417666756 -7.25990636289286 -3.68900417584585 6.898502711323 -3.00156885329117 1 -1078.2545683151
"1" 15.3105456649417 15.0350410205123 2.02949573343577 2.78006626063793 3.69846762045712 7.10641910950885 -3.42678919378085 -3.38345935845623 -19.0198826501353 -8.37632758076967 8.22125377633484 -2.68852160001972 1 522.281735213402
"1" 3.74941804098603 3.92988135001299 3.57673255893324 3.80480291304244 8.38721232791231 9.12855994322395 -1.10884970403085 -0.912752754107234 1.69863206997556 0.835051082467628 2.91324027109931 -6.80017353426234 1 476.855301779801
"1" 2.4232956305563 1.89346374491718 2.9735520794818 2.7564266784617 4.6352224086682 8.44258355965279 4.1936180094981 4.25350301403467 -0.26550454845756 -1.4604817248063 2.68572716056065 -2.39461168983174 1 223.852075371919
"1" 1.87149368319008 2.66360350301858 1.70500253006702 -0.0599677428491711 1.90226981838492 2.2339744108925 4.84919738262969 4.82850788309465 -2.50434085959158 -1.68051900052413 7.35025096039704 -5.64815226202607 1 -339.974049925491
"1" 11.079711050092 10.9014029112546 1.75244187917963 2.34905285624945 3.68294062517877 5.91908640602217 -1.82063579710517 -1.60192375921961 -12.063519026953 -8.35506445074158 0.610627147931481 -7.93753915997313 1 509.450636349648
"1" 16.0210436165822 15.7545540219005 2.5157647700876 3.10094502663087 4.72414398070578 7.34228030095828 -4.16168438450264 -1.61007011412584 -0.380080754434248 -1.17876563084792 0.238853114707337 -0.249025703936905 0 515.490581093256
"1" 2.7125007680582 1.40729873414359 -0.175447039247487 0.205629357020415 0.99827199597036 1.9496748833733 5.15491537717164 5.03458227462969 -4.42124024345177 -1.12497091902905 3.89698330473936 4.30112048909105 1 -954.082349220213
"1" 11.7383423252972 11.7017215450241 3.14816321063659 4.12714004562146 5.7985824268782 10.3172617861881 -1.38811896451795 -2.64143098361852 -0.409225422552821 -1.96048659453043 0.872149717181459 -9.27023493356618 1 501.440932143432
"1" 2.54688561869688 0.997835227289412 0.419565771694643 1.55337162985991 1.42106676347704 6.47087024867617 4.65352355378652 4.34433994829426 -4.35286490903022 -3.32652676587874 3.66412223496883 -3.8220759396149 1 -36.140999014759
"1" 2.94089920792379 3.18874914034666 3.98596697083457 4.67262733025008 9.3720944668 10.9796986377551 -0.90762262477698 -0.799948446868128 2.0841987947586 1.14081688687888 3.15911592964909 -6.14238467163887 1 436.391384463928
"1" 1.53641147504321 2.04762679699277 3.10527224261973 3.13920077621333 8.21844350429196 8.34588925604002 1.25787121764161 -0.24051085289272 2.17230108734335 1.27763354387064 0.750694748940829 -7.09644438301353 1 428.843634473433
"1" 2.00114692368468 1.96870850911293 1.56292337347835 2.46697615543311 3.25735178033883 9.03877523648257 4.21527006058965 3.95161242559878 -0.459338081733967 -0.896883182340838 3.16383324448041 4.08944391499932 1 215.088126239591
"1" 5.81738766868573 6.03437927714526 4.8278510244472 4.54293805023744 10.398491115407 9.86850705705381 -0.30859560385087 -1.57740534686086 1.937843861727 1.5455827421127 1.10528488984963 -6.56522585226505 1 455.458483307885
"1" 2.82382106953218 -0.308265678761399 -0.0116619766764444 3.21757799375763 1.20582029911579 8.70162723988708 4.98889120511837 4.65963903453182 -1.2709054937368 -0.806265295446652 3.39954415761993 -1.77316179888313 1 -298.29865068826
"1" 3.28379682431152 0.530214099429499 1.90997537085865 4.0611373247652 4.26866791888629 9.91615610391447 4.26257245400834 4.74238524470744 -1.04206689940558 -0.8828050142695 2.59172643450438 2.22615609296401 1 265.316969740028
"1" 14.0113507591407 14.1935243447015 2.83998869295287 2.88872233012751 5.43114455398914 7.13954949917683 -3.15509797931993 -3.18214039758281 -0.274544487996045 -0.898106064238739 4.74444895850962 8.60725574578291 1 514.796553241655
"1" 2.79009325725575 0.0714035248385566 0.300743533650665 3.31950755382776 1.55973160378138 9.4487776481512 4.73972387622896 4.54777118660908 -5.12499824755771 -0.227783977262825 1.36308454742405 -1.74232178141125 1 -137.056529363879
"1" 2.16149789191216 1.913833691929 2.10461088042764 3.08272223307879 4.8287206794239 6.82130679742441 4.6982370057482 3.2600444927745 -0.973973399133362 -2.21737676980524 4.61488534777046 0.145330654049517 1 286.31818488852
"1" 8.18904900435485 7.93816894306238 4.15847686541332 4.9267234343254 7.15486466836972 12.6928807078756 -2.32051156806799 -2.30607378111761 0.992354152257177 0.49941896682987 6.1539931358161 9.02867593681545 1 505.742320270198
"1" 2.50939509007184 0.921025055243079 1.63806609378032 4.15978885753463 3.30688709282115 10.827495676821 4.17135456984316 3.83935802124328 -6.54409349133307 -0.185480749164887 2.03358234832631 0.965525955535203 1 215.526374272312
"1" 1.77386103246258 1.9183858295316 3.22817881508264 4.64888548171643 7.19790953592691 10.2872395395084 -0.286761766979599 -0.4201780888681 1.90381607962215 0.540568132035681 1.58175665738718 -3.7831224775941 1 411.299253290757
"1" 10.9178315139169 10.9362910062724 4.16294164816498 3.70076545399679 7.08968097717124 9.54080269828203 -2.77185312482098 -4.7426534120707 0.254038204156858 -0.693037286119676 8.12632066093479 4.39382404065535 1 483.391987361645
"1" 3.20140399359067 3.07197179291681 3.44157511460908 4.3510484361195 7.40093649833358 9.34781656662473 -0.665247130921216 -0.807153224097271 1.73780072074989 1.45419405676902 2.67063054213415 -3.86229089749897 1 447.525176656152
"1" 12.9272959901915 12.5369437893413 2.8563583592547 4.46372951091048 6.41990394877014 11.2209847491279 -2.77888795180413 -1.71047444493715 0.886701253956075 0.607181749955823 -0.61724832236074 -11.6612524277399 1 517.348846748157
"1" 1.55958970544585 2.64445692220343 1.65934050898351 -0.0644918345230535 1.78991081821035 1.88457723624904 4.79749901096664 4.85986266844333 -1.6714282367791 -9.30780400192636 5.72902946818945 9.1070083240103 1 -392.625792025014
"1" 3.11807258274719 3.16840778189137 3.90568833625281 3.80829219527631 8.90532105511203 8.6638294679631 -1.01345091336899 -1.44812237317118 1.46881843062637 1.54057488512734 3.24235783820097 -5.02125676740719 1 451.412453584035
"1" 3.42875378384886 3.4796560170101 3.01188041708931 4.74391656088782 7.71655852811883 12.2557599594519 -1.20850398416748 -0.389296156069288 1.99374778340707 1.12874031026958 2.08405291363716 -5.6288569967821 1 454.571866449398
"1" 2.76844001205294 1.0895881483502 0.325849302345888 1.73695951942884 1.29338866459694 6.45965643222086 4.77782052973642 4.65930588616303 -6.82818941740446 -1.12065736135344 5.66028399600727 -1.03435092698394 1 -64.9011759958512
"1" 2.95145384456461 -0.428600852307469 -0.09480197849812 2.77463105175189 1.14046969998508 8.88223669010876 5.11301422962818 4.97697742566962 -2.41728635235295 -0.348312416757593 2.2148533379849 -1.39464954205129 1 -404.535208299731
"1" 2.4991639921135 1.84892295804093 0.863357087247074 1.15327880696775 1.44755469696462 4.93181300082783 4.58746774061641 4.5022297148009 -4.20040298106853 -2.71710257558319 5.83591508335142 5.70372674136951 1 -3.5825843271532
"1" 1.80179445070588 1.36619752138013 2.70511564099803 3.47326312704251 5.14349808150277 8.20238142465761 2.96582759787823 2.88297935724511 -0.115411478346792 -2.21314793763944 7.05739105708994 -15.9616023895343 1 426.908127374207
"1" 14.2528833033746 13.6447795201021 2.16818807945841 2.8091966878165 4.26491889081667 7.78323973891237 -4.76039575719945 -0.978731074934536 -0.892461114911942 -1.19208383503047 0.752449838492669 -7.65302231361273 1 544.763167414792
"1" 10.6755023123973 10.7750090020705 2.74917593659549 3.71776345170917 5.12818928970453 9.19118189578569 -3.73056187659296 -1.36881133267805 -0.477600577800815 -0.4701135820213 2.0123324397827 8.97144407353765 1 513.936291174918
"1" 2.76018271000668 0.692120056529554 1.65829791324112 3.77897736509935 2.95194520376396 10.6950972286496 4.20833540724444 4.53906539519912 -3.0057888708217 2.15513196089604 6.0719516149394 10.6512955400772 1 225.065939219299
"1" 2.75626265303391 0.974287405622729 0.342170535479949 1.29630176472951 1.27340696702408 6.27059731896017 4.78840923620915 4.64342955524336 -5.17775460281338 -2.92748596217291 3.791589492044 -5.05776285651744 1 -91.7631243841461
"1" 7.79266935606926 7.69466941917733 2.45024666986536 4.43511285716709 4.89656799462876 10.7877786200634 -2.66508348310487 -1.69772970106868 -0.295325367561846 -0.849460816581525 4.80684037938347 -9.02312591620936 1 491.645886504444
"1" 8.83026656620536 8.39522580870044 2.43974631698115 4.03252486329714 5.13013927698762 9.92480849761879 -2.67086601918959 -0.804837838439012 -1.06546164086191 -0.334097674717102 1.58104998706824 8.20889252653224 1 502.12150486614
"1" 2.47125957961881 1.84748636997634 2.53177445930183 2.34468406406005 4.06224596931068 7.61651294412739 4.22863754210016 4.29831088964407 -4.44576812118812 -6.16637006343366 2.67681393128981 -3.63717391738899 1 186.458861216985
"1" 2.406476418655 1.36339795822453 3.10575306954272 4.23651603479133 7.4889016516774 10.113831963327 4.53171887593425 2.71132453547848 1.36763835260647 1.06612125722075 5.11111419277334 -4.82681322999514 1 305.113361209644
"1" 2.61614138509694 1.01330860744467 1.41218981678579 4.07024322018166 2.74478216791774 10.4217074696002 4.33172600636609 4.070716580687 -3.35751896148817 -1.93799517039572 2.73165942535625 3.70625856751224 1 168.926307568348
"1" 2.49737500980812 1.72383822901543 2.34600473720783 1.21527946449658 4.00473061006256 4.65902972525594 4.17861631820405 4.32876336250196 -4.26835561410518 -4.42408312193352 6.78675343190333 1.9291996451191 1 194.461421458599
"1" 17.0207693578226 16.8884799794293 2.09832602209086 3.58537628945935 4.50411099002048 8.37747418634783 -2.74717050595795 -4.28042428753169 -0.936899073192173 -15.2340473296457 7.48649400800063 -7.49105508670366 1 502.528730305252
"1" 2.87105896522782 0.755734730868481 0.294482082902301 0.632784896703499 1.27326823647599 6.57089638586678 4.84111839518596 5.00675283659209 -1.80959347766746 0.929535017562922 1.49538040271721 -1.04743913136337 1 -126.328069529505
"1" 2.46407253709135 1.72443714413532 2.40560460011433 1.68972855123103 3.86553328877298 5.65842411019572 4.21870293253945 4.33095455500503 -0.742149503871174 -5.12844028166782 4.44250469955533 7.16281758240612 1 190.745229544887
"1" 2.33338698928959 2.20027966832 3.04134646510797 3.64647864384037 7.49929500331346 8.94774710966455 4.52352733237371 1.34120566352355 1.52962359662175 0.69714553974985 3.60522232304441 -2.41654116945608 1 324.091833793499
"1" 2.69345608505149 0.674691465767412 2.86208312098913 4.12713118629535 5.35744428201877 11.4149491704627 4.15339806433241 4.39775708418065 0.523688189917134 -0.340895045094968 7.11522487800558 -10.8609413753796 1 277.005065120502
"1" 16.0185958155864 15.576826719077 2.07421231738288 3.99128263874886 4.14650612256329 10.376128974323 -4.44083975218677 -1.11143514585268 -3.54191803671071 0.0718935132642496 2.18599307672584 -8.293206373497 1 515.285459457771
"1" 0.847298868544663 0.85323892026911 2.80657516809398 4.1638283776529 7.29358410144752 10.6969547585074 -0.480471136941639 -0.290219770508067 2.1455514788492 0.991528161168773 3.06654785428712 -6.37020331921514 1 403.229747095975
"1" 8.73880986800038 8.51127126778569 2.80930522877892 4.1770607235337 4.97598568577808 10.9858249056456 -1.91288436735291 -1.95049489078011 -0.493062928139517 0.03964287462363 6.21864891597521 -8.65078508154829 1 502.77405840079
"1" 4.33684615441944 4.04452240672116 2.96470663911938 5.43865652108081 7.31960442500914 13.2145352674022 0.405527318192365 -1.49691215292323 1.52936647377525 1.07762109719796 3.22067014473134 -3.77703066652489 1 462.419707896481
"1" 1.91693171200119 2.23793134979972 1.94016345790926 2.2816014464147 3.12454740955013 6.39139173964112 4.27600143935742 4.07152384281069 -2.02957163605244 -2.78580628639147 2.66183029886319 -4.2837191890181 1 198.473770956692
"1" 2.32907144394252 1.85431152986319 1.74579353339584 3.43736777850591 2.81661195409214 10.0814523983596 4.3246488674582 4.17461267448626 -3.89058430687954 -1.0231461182888 5.98918643546492 -0.533869811909312 1 177.189460072077
"1" 1.08448457895731 0.29202821606723 1.96647963036256 4.25536920621136 3.84714938577069 10.1914626208051 2.52717514926589 2.58538141138069 -0.425080724511032 -1.8851714444764 5.69027272531167 10.5354037555151 1 450.750495041422
"1" 3.96596041469221 4.15210809290913 3.12940949029042 4.20522827969374 7.26789485809514 9.87143288825986 -1.27358165522461 0.665647653428752 1.60681324421852 0.357084139939796 0.399077499549876 -6.77109610850141 1 471.010575327284
"1" 2.50678231329125 1.75793557175096 2.51913537134587 3.04217654122384 3.94854748857873 9.13409622667511 4.15762356396728 4.23521425622649 -1.21069232524672 -1.60498520541404 4.45947431250385 1.03827839313797 1 143.93027269723
"1" 16.6539959019192 16.3247459719064 1.82813591870288 3.53948486550626 3.75719322081965 8.94496536697761 -4.24722523876738 -4.88166050479755 -2.47245983001948 -0.808556534964264 8.39339897029343 8.04772753101581 1 520.811765748649
"1" 2.46692471617889 1.78815765192464 2.68048665107499 1.92776063178059 4.36990226061127 6.86017984849924 4.22082491407882 4.31672325342527 -0.690114553498079 -1.68088160547903 4.92913562540745 0.729149839042216 1 175.254412354035
"1" 1.46909736458656 1.21609293604434 3.05142649413389 3.70770775115226 8.02417882849353 9.70403374337448 0.127945859681831 -0.66760941368596 1.85096056118439 1.75356974089314 2.63071167170933 -5.79353634888227 1 400.403862694488
"1" 2.82268101235122 0.712743401267622 0.467316672108525 2.55982334928116 1.4187099844339 7.13545979733318 4.73160869426891 4.63958353905755 -0.00973612832273169 -0.501635777045215 2.01131961056834 -0.564447188851411 1 -110.41562476398
"1" 3.06474288452453 -0.0717301526513195 1.93683247622774 3.57075634070086 4.76183243635659 8.54362499827177 4.57566989349744 1.46174996442474 -0.353329883936096 0.355358237841435 2.89470974718621 -0.716988502625777 1 121.443663692945
"1" 15.2840264913748 14.5535596827186 2.94559967149408 3.29889262239989 5.64304091429833 7.84721120733461 -3.60629481980678 -3.81288308207171 -0.0547235224507508 -1.26022052101435 8.07911049035063 -8.95043930251901 1 494.386011719445
"1" 2.82111162639312 3.06214244102968 3.61560206475335 3.42263188463567 9.20241724695757 8.71496944676438 -1.19977380727057 -1.30654570471034 1.78765040406695 1.48414185091745 3.68935093492431 -6.73259441627937 1 443.426418736378
"1" 0.976754823845479 1.26415432750464 2.56764210341814 3.0253798768875 6.98390492044729 8.22572150306303 -0.229727092361804 -0.712649431672399 2.26975178643209 1.16907388796476 2.92588127726085 -5.78832320952838 1 409.488558106699
"1" 1.92707302909055 1.70082092981637 4.10636390186611 5.14109739585044 9.16167115167149 11.4690136020549 -1.09548157130569 -0.369022040804966 1.5210640170421 1.53596033117699 3.85060973557489 -5.91301588515847 1 425.159437644021
"1" 2.64012150164795 1.48728526754944 0.386223495618305 0.993065774743665 1.32901735940921 3.26764088460459 4.75510309695403 4.59414058176959 -3.32914848333094 -1.09662189758646 4.4211423163225 -2.64220720128432 1 -145.705474120598
"1" 1.74795804060518 1.9963068476652 3.68682273905988 4.96413487829239 8.32039026626841 11.3247895265423 -0.475926422925443 1.53233760347373 1.88512783718559 1.10721910156314 3.28996950003074 -6.27337116006288 1 439.321124413277
"1" 1.94959074927213 2.12250500631125 3.09904566476592 4.27819721734356 6.20333512735136 11.1297778500765 4.02563126266455 3.75193106123632 0.633226759429379 -0.850759611079332 2.58826900902105 -3.22469171815602 1 267.215547463963
"1" 2.7490734713126 0.234588563520201 1.53433860307028 4.68453008664426 4.14534090266503 11.666320514804 4.13714458907515 5.73657243974545 -6.02840492532346 -0.138683936258659 5.27300466767421 -6.21711248703624 1 134.80032582743
"1" 2.64642194250968 1.40633060946503 1.64437964949334 0.180543654143916 3.35189544506452 2.67546164936808 4.33674383352068 4.4449798668609 -3.17543363324905 -4.40588735584398 7.35201988958597 -11.5866551116564 1 170.403333761788
"1" 2.840555854396 1.21187718322736 0.128530109618063 -0.0605254321323903 1.16129673395707 2.70121114796281 4.98124843049066 5.04333002543562 -3.54868695075209 -4.13494577841328 9.01334747000326 7.85988394136459 1 -481.585159015633
"1" 15.6501921395028 15.2696556907395 2.32083853617223 3.32953766637669 4.65847213154251 8.32476802437009 -3.25904674822919 -3.48839789990641 -0.432610585668925 -1.3820452930455 5.82680685349891 9.06306648023915 1 563.248514843212
"1" 14.4130719870305 14.3731740398175 1.98363424868504 3.38747044026848 4.34879608464509 7.77018190992643 -3.20114752749681 -3.18626954352432 -1.72009470806208 -0.734959072432436 6.79524368891688 7.59767620461237 1 539.877659144389
"1" 2.6060617037761 1.57319717146718 2.93948112116245 3.49392200232383 4.62706459948816 10.4966293633162 4.14599543539581 4.24142638904858 -1.71476953008009 -1.38225232099472 3.02126001090336 0.338072751605523 1 130.005866781912
"1" 2.36202009397079 2.35373741448815 0.310142629158942 -0.130705354330197 1.12683311342078 1.66523038467824 5.02497462267133 5.01967857445719 -8.65475327502121 -5.84411173083932 6.87744084138299 -5.73914719927969 1 -1182.2195910037
"1" 12.8207986191146 12.4448581628313 2.57002397815619 2.89794154572121 5.23888144875432 7.65907003513256 -3.21408972326638 -3.22283487095565 -3.34436806902709 -0.763902212671899 7.31357467048147 7.15115731710208 1 481.715731290815
"1" 1.59089962445696 1.37925646724365 2.84552415778456 4.45135705687243 7.15228669030205 11.0174625032106 -0.748711347385499 -0.636699639166247 1.80026342172302 1.08804537915398 3.32264068458409 -4.9154886208132 1 431.21011769777
"1" 11.7756903445414 11.656271868942 2.04956668715219 4.34405036616501 4.26612694745819 10.2878732724386 -3.44888021975772 -0.917383480952765 -12.8999618098429 -0.327293003374444 1.46930461989113 -6.1547397271005 0 499.847421582952
"1" 7.50418445944122 7.42707183637659 3.33545150454964 4.74707535004251 7.81784912503578 11.1535576356062 -2.4631691232167 0.571704071447604 1.69351829900506 0.995514134601767 -0.309955908170372 -5.51624622123899 1 474.056489922425
"1" 14.305134691708 13.7586069479624 1.82793054606325 3.33121430693065 3.56522872988887 7.48271908963698 -3.34880754272797 -2.94903001439615 -4.86800071350774 -6.62506620606263 5.38267289170674 -10.1476794921939 1 527.209255386113
"1" 2.95092969776841 -0.704494230857899 1.22733777242675 4.87028948349835 3.83360007051025 10.7542911677612 4.4269594527978 2.54693255684979 -1.63520652356362 -2.29554072654004 2.26859508964207 -1.43101449558722 1 157.464203451328
"1" 9.12214863642845 8.68693591750574 2.39199470156915 5.01472995173957 4.72654048074631 12.5022387003181 -1.1799961462982 -1.03361974446175 -0.490900438107062 -0.372624406514361 0.596412034583475 -8.95373781055013 1 480.953311334255
"1" 9.33576804159873 9.18582145000036 1.69375823951179 3.14180652722641 3.54539284774222 7.99249759580744 -3.00327113724962 -3.47733775206768 -10.0070220694486 -1.42212924469773 7.32554033954403 -5.14163695003925 1 498.43120039249
"1" 14.0519335382195 13.8745729839403 3.55813225684008 2.81727694874572 6.30142831222984 6.92720428373036 -1.58257754132063 -3.53012030531848 0.107375558839226 -4.07374492684184 0.775768878777151 -7.66076227800409 1 494.742789189924
"1" 12.1652079905319 11.9539215547218 2.74598953757634 3.32538137627898 5.76474935724552 8.49429613219327 -2.71377872221571 -2.71869948790221 -0.244284337087358 -0.891319499723524 8.8565780561952 -8.00056623673047 1 497.395297835921
"1" 2.34157262827306 1.93799202590885 3.3372865548173 2.63111483803807 5.03270382537397 8.25726133393967 4.21059019210835 4.27446792083686 0.37796136837998 -0.537849037691616 3.3276947539866 -4.50262811169035 1 182.959818925661
"1" 2.58737049554218 0.552440351276198 -0.0323286291053383 0.82688352693491 1.11997809856472 4.21830410767006 4.93701414956267 4.57796764914631 -4.16990806118227 -2.3305864089168 5.93134234054436 4.1626435014447 1 -290.990973421348
"1" 2.22197965168715 0.457918769599581 2.74381563678592 4.47061650718436 7.29943551935012 12.1330629181827 4.25147669811457 1.79338282768224 1.28481163003636 0.630213695301099 2.19005916510089 -7.28674767966954 1 304.606233152974
"1" 0.796479854208424 1.0256758890403 2.90487704912087 4.17651029885422 7.21437667534543 10.4046893207094 -0.213983137390881 -0.136758802021167 2.21846827017086 1.226929096021 2.74922528827874 -7.91493650567202 1 421.457776503024
"1" 8.34375668310932 8.53076825517388 3.37089905483878 3.8937122870039 7.88323297786479 9.11602598557814 -3.1611585547743 -1.66609527218745 1.79569813583385 1.02741965974906 3.79423912166813 -5.71540414282149 1 489.036633113276
"1" 4.35088986673474 4.47360366848691 3.15445109111965 3.72346503202214 7.85953191884536 9.22535376497821 -1.25382690964261 -0.555268830175496 1.75370871015577 0.832214301429803 2.23440332788241 -5.606072573022 1 484.482774949316
