"1" -0.884695406138205 -1.45226310810265 -0.00620133635127758 1.71647293540605 3.25732782817748 3.88804640499807 3.43006010200798 -2.015670109393 0.179404523770029 1 107.490257767145
"1" -2.38854396601939 -0.111732299221717 0.501206321110215 -0.00390021637662749 3.38977284313609 3.16076310833453 -0.414693990844177 2.85443767415452 0.154600120599845 1 120.060205254952
"1" -2.92701066546833 -1.23366330107549 7.69955613145264 0.52216155376522 10.5797894241658 1.56154678965015 -1.1819330893168 4.02324587738915 -0.0366322197296019 0 23.9321816005081
"1" -0.155566165365454 -2.32460540667065 0.664397830194521 0.426022177770454 4.05649960043762 2.24693742319816 -0.0128383649043358 5.35460284030691 -4.17334563127625 1 47.8615675659826
"1" -1.44494737815468 -0.360404943558036 2.1696054462785 0.0866122451999927 3.93219842713861 2.92322673621043 -1.18875098729994 3.12956681740938 0.369022816432235 1 135.112316823836
"1" -1.443008336915 -0.0526260556795347 1.78858874148052 -0.0819497657496132 3.99740360905752 3.60752629770068 -1.19009480204018 2.77365918745045 0.902218374339381 1 131.677370282824
"1" -2.30399486170486 -1.99293435689184 2.34282352762857 2.61992241296548 4.28842070812852 6.00525016592785 -5.51942518821771 -10.0655171819646 -6.64127692343826 1 124.212310553226
"1" -1.54828643449601 -1.8713352580585 -0.579762396457587 1.56571868180808 6.35202532269325 3.80055085683007 3.37322164842927 -1.02130485407585 0.348033156643173 1 105.309624941864
"1" -0.854164251378488 -0.940300240044209 0.381178194909092 2.77778431177386 1.90538011988926 4.10741395551441 3.91289829739681 -0.388780380918805 0.598747242333634 1 105.741146974472
"1" 0.114060999183097 -0.644219592889568 0.245657962549151 1.77440886507627 2.78603829586313 3.91101808866742 2.92925407119309 -0.432604518009295 0.939269555264128 1 191.487419064872
"1" -0.423363404748691 -1.12929457228035 0.482998896429702 2.11550881440504 1.80324822855181 4.71783427080411 3.5142232266692 -1.44624820325057 0.0476693772724737 1 99.4201887470319
"1" -0.2845537541851 -1.29229981969708 0.362402397675811 1.65139167907331 2.33652183711613 5.12448032107869 3.25016221238833 -1.35107297946151 0.0183892645236092 1 123.826747586169
"1" -0.175259571344036 -1.53087704770073 0.401182513395201 2.48911103053414 2.59099324343471 5.48660223336354 3.07293986839669 -1.57769782395467 0.187688760043013 1 120.293085829074
"1" -1.80783530564604 -0.216004629092018 2.57200232906453 -0.00382650842661777 4.55377547144331 3.26152684860377 -1.66351253619313 2.93839485459837 0.20727003644523 1 144.478705744678
"1" -2.1661258165163 -2.31951728707124 1.08597617151739 2.60463189065248 2.87953679271975 4.38295042079325 -1.88796866721231 -6.05402764695678 6.38265525547648 1 118.37253896225
"1" -0.660802246453369 -1.40999747758206 0.563250193458772 0.981001561785159 0.453697007871972 2.67473243448125 3.86403344502736 -1.49159003365617 -0.112586273358358 1 -23.3270228115355
"1" -0.888076198078889 -1.01682983839925 0.431725580412903 1.16932113921015 2.45129406111147 3.92244553134635 3.67514890854777 -0.510637040633192 -0.915220289132605 1 101.047653346145
"1" -1.48884068877296 -1.44665646809833 -0.136735013860103 1.77019500764482 4.20025053577034 4.59830217099955 3.75230993376492 -1.36115730608442 2.68724389876242 1 97.0645256103669
"1" -2.31079750936167 -2.21854398292761 1.2940722552097 2.13770264884649 2.87944698255505 5.17541821580088 -30.1726426858127 -11.7073859428526 -5.72516990240434 0 117.639937592067
"1" -3.0029627906176 -1.84188747910608 1.50261959578085 2.58619075983734 1.96747436673739 4.87597066514735 -48.0576767086551 -12.4424326409701 4.49025509182038 0 112.845918625154
"1" -2.05716663002067 -1.45335373063423 1.19583165917525 1.45345109475993 2.55204097294193 3.78076870801949 -2.86244707401585 -2.71160575706983 5.32412654212587 0 171.810928970257
"1" -1.46404064457255 -0.880692687132453 1.793456391016 1.06668230832961 4.34343594799418 2.98916598119714 -2.22129006727337 -1.81302164426067 6.162767684774 1 237.208202818229
"1" -2.02068662994041 -1.65144107014393 0.481677060502656 1.09175046946124 1.80433557760183 2.72038360381524 4.71674332419394 -2.25937905656516 0.153361912523688 1 29.3904632960275
"1" -2.36729266464547 -2.4599198806471 1.36445563300786 1.120876440266 5.23231101354957 2.89922527511729 -3.66137687396016 -12.9661937581603 0.544304275334983 0 106.394046012518
"1" -1.23240630995768 -1.29326459614698 0.403300905284922 1.23258116109096 0.397053476528835 3.16503568834318 4.65121505221872 0.316261925765587 -0.889826138989469 1 -91.7956443728003
"1" -2.08388980925593 -0.928246814355415 1.81371628538205 2.2653869666298 2.72663719251731 5.2825941882438 -0.624728063728553 -0.810604057697876 7.57358547876438 1 207.02059069155
"1" -2.54953081141333 -1.62170268808416 3.35715915091686 1.07460289630894 4.43465550979645 3.10184771605602 -2.62082930122599 -27.7088614127772 1.18016959485334 0 139.741136831256
"1" -0.219560934448567 -1.0039871760266 0.340221573806072 1.92416930602261 2.13661057690558 3.78234530310909 3.30247665347814 -0.209318254739851 0.150892836766029 1 132.230734971005
"1" -0.481111496265132 -1.36987648138307 0.423142475470361 1.64763594518895 2.68102980935784 5.07611437241944 3.27775776419365 -1.7736160327139 -0.118650403596777 1 122.753655773628
"1" -1.54001987251671 -0.105140787289043 1.68907663519239 -0.00549501652342337 3.73171538159214 3.28440096674167 -1.11836337781259 2.87887104537898 0.06912621170813 1 140.937786189553
"1" -0.994293622301283 -0.13196258460135 0.405041328136499 0.515895459441855 2.87531210292338 2.00600156999238 0.185061698740085 3.31553870351017 -1.0610965061128 1 146.877092060769
"1" -2.00287027204459 -1.74684403562765 1.33739062864315 1.41664063841355 2.55199927909888 2.91784579021956 -5.66033301898761 -2.76375490398177 0.944745775968386 0 157.196035472914
"1" -0.690398373795422 -0.313418569321601 0.355275369155528 0.394491265980943 2.08419553568499 3.12341238296322 3.82459746389943 2.5409117073587 -1.42261029381258 1 -62.703898089449
"1" -1.47865136537715 -1.56020606502574 0.328100485898606 2.27730661349333 2.1472553828671 4.11767318141705 4.15597937880448 -0.879202880601743 0.0748574261486445 1 71.5183569038763
"1" -2.53903174470464 -1.45214505574871 3.32200710646239 1.01357124639062 8.00421835172621 3.14763010056445 -5.83141202096156 -1.83891572897745 -0.677803062302314 0 149.787383654571
"1" -0.533861136708133 -1.82215088071456 0.0886547743443051 1.0603583301904 2.98646423478967 4.14525753080899 3.191454944186 -0.274325482121847 0.171581899294495 1 102.106196526004
"1" -1.96756726234896 -1.40694282625895 2.86372073956271 1.24216334268761 5.43962085884066 2.71459787082839 -2.20363820504393 -2.13723321499807 -7.33636487885496 1 175.02713500837
"1" -0.75276268132252 -1.34751784208121 -0.14027025387412 1.17319446176781 4.33924550755245 2.69109070666536 3.13417536888317 -2.3837430715955 0.0290164421052207 1 133.468583128915
"1" -3.08645817800437 -0.779167828757653 2.49606391835551 1.13444853811678 4.36329351866773 4.05150153965691 -2.82080369813237 -2.055167952677 1.60479785272402 0 196.01969980059
"1" -0.712492004886213 -1.31633266813458 0.543405517014582 1.47724250743288 1.64468167055427 5.72620860970352 3.77573924072202 -1.44028944142004 -0.164332181188936 1 71.5718736726849
"1" -2.02155983813536 -1.16601458659069 1.46644217341671 1.06345394181545 3.05884404474721 3.58097630084588 -3.49534565784251 -2.45541963638056 5.9257212888077 0 192.990517704831
"1" -2.11488742069609 -1.02566154110554 1.62105296479876 2.22021068316978 2.68367572123892 4.18520388259151 -20.0566492125062 -15.4234969968013 -2.49605356562091 0 195.772424103351
"1" -2.23566643889853 -1.61896521325182 1.47130332726906 1.23634487700405 2.81153434960942 3.93248504604936 -2.65723484364716 -2.76578704622377 -6.42858736981166 1 154.25959391406
"1" -1.22057262705601 -1.10116605124805 0.348759260291773 1.19237189574086 0.277690988010231 4.40672008723154 4.64654771144564 0.514692314857758 -3.13208603589164 1 -36.2924906271812
"1" -0.722634963670331 -1.26625833516828 0.271334101489996 2.03715733046651 0.269220878760771 4.06148603930346 4.76429392303676 -0.140493906762336 -0.0699527496729918 1 -131.093264774746
"1" -2.24105661634021 -1.55542170556385 2.43235810215368 1.71223107683074 4.5841592788631 4.35795084844213 -2.08910212595418 -6.5771631928251 2.891329772114 0 154.878163129662
"1" -1.83329254379438 -1.43214975629658 0.943338871427738 2.0371625643866 3.21589666085634 4.50111656559999 -5.81751514284355 -3.12280828500205 -0.286678987172745 0 179.813258634465
"1" -1.3848797831025 -0.265229431550607 0.375261383645629 0.55169267428404 1.91092193086367 3.67895962120945 4.47328559199906 1.09186653039256 -2.06048265811188 1 42.0091920640166
"1" -0.375622568520901 -0.21988771824083 0.3946711774314 0.650371915671648 1.86521492385249 3.33265509642255 3.65615395324747 2.27670516831271 -1.53762586628015 1 14.2204915056686
"1" -2.91864133691869 -1.35533519139593 1.41894402425603 1.06733176881887 2.47524778275638 3.05082329305675 -3.48485138967418 -6.38404763065997 0.628303190329702 0 151.92674664029
"1" -1.62903663039618 -1.93365617562976 0.483529763570555 3.03500216854397 1.81285220099602 4.84773021894362 4.35233151098655 -1.63222694300603 0.106415382970174 1 37.0298424476639
"1" -1.0562297597472 -0.422462630530813 1.31430325602681 -0.091685452545429 2.97418676480563 3.68175522711471 -0.442834172832049 3.0701582505814 0.347552206921339 1 155.398310794603
"1" -1.7688885274695 -0.374746833848625 -0.328013061838539 0.0132905474102526 3.71794346974893 3.19584167102525 0.0820642993892416 3.03680977543024 1.28476923716227 1 104.400291067862
"1" -1.73250176262828 -1.051320929371 0.537286217714211 1.49028951010789 1.60175562110937 5.00507617444954 4.67634626660531 -1.23113729855591 0.00308647701207344 1 81.6263434445002
"1" -2.1754587162883 -1.33746052432825 1.41293792589043 1.57615098270533 2.58216500733371 4.16089679847461 -2.2879859274665 -3.03397281637055 6.82515034444746 1 174.609105761689
"1" -2.25013516705341 -1.51822870968978 2.83714609851897 1.14658943082971 11.2005514371954 2.87994967710505 0.917077375509158 -80.7269208696484 -3.81744118604509 0 158.131069592238
"1" -1.32379095473787 -0.409730093424368 0.884160051173605 0.662042793263351 2.49631143576557 1.52723548094435 -0.0107231516730387 3.5562602632335 -0.236705786861877 1 105.269502886544
"1" -2.21578684850871 -0.560500105049281 2.016115522828 -0.0749490149386274 4.4398095113084 3.78041318322089 -1.39971908291832 2.98119665820367 0.228033693849478 1 90.6178660392429
"1" -0.725095383581582 -1.12131947279503 -0.0948354443814455 1.46777355309895 3.765876418802 4.0486232730008 3.27875821855539 -0.575804842269041 0.237224280742039 1 145.779058482275
"1" -2.53505821102914 -1.49093962451453 1.93242048391388 1.16152270272278 3.27715362470954 3.67369682933707 -4.78980032234124 -11.9525544263345 0.18909647582117 0 151.778263759738
"1" -2.76502325808175 -0.79300605843998 1.91200011521779 0.369029666036168 4.25534842241662 2.25662259230717 -1.09542065132679 3.48033456830137 0.1908309242804 1 23.1360445081893
"1" -2.73975601974977 -1.50877466075324 1.52275726335966 2.14798319225635 4.01944589956802 3.63898710325994 -5.06288049322083 -8.1875736928659 0.632004188213298 0 142.70087021603
"1" -2.3688205984464 -0.711070242923587 2.22195575158704 0.489820835292752 3.11298952399951 1.8389306167074 -0.817549978480155 3.57001954893922 0.228336539275531 1 57.5910411178259
"1" -0.955291256327022 -1.76040758218461 0.358903050885083 2.57253314427142 2.19791534246356 5.83946631988723 3.68808611590036 -1.57442340245686 0.0809761662290171 1 57.6796750944748
"1" -2.42666697902814 -0.649535274119567 1.55003954048958 0.485309616347765 3.63005974581582 1.81248765254998 -0.846921830460635 3.53517070041115 0.117267819999505 1 69.4603528689352
"1" -0.346800844786929 -1.32063502905879 0.292685474396695 1.46194961473523 0.302601398111596 3.21424871504817 4.3767468808117 -0.624951048047265 -0.370238991905121 1 -81.5433062481584
"1" -2.1694982097747 -1.24780554601362 1.33784218943164 1.22026578574977 3.22301362282815 3.13037793403716 -4.90664504670885 -7.91315078348964 -0.710149558132596 0 182.360508227521
"1" -3.35246501046342 -0.794334676266378 1.5710256302731 -0.065044465820479 4.24923693135992 3.4006647975585 -1.14467695724772 3.14898137640547 0.201177019535172 1 67.8160880029409
"1" -1.33806440614327 -1.12728716345517 -0.111499952695515 0.809138526422848 4.04985976026318 2.61162483845023 3.72377601438307 -7.82835970435803 -0.26993553215549 1 126.10681783754
"1" -2.12025685214896 0.00289908197897973 1.20535549892999 0.416837291975201 3.22898718972284 2.52255779342401 -0.538261050492465 2.9538490471663 0.126945564848932 1 133.453666062882
"1" -2.06155073548186 -1.44304553125516 1.14228730135499 1.60130332496625 2.92721783657867 2.7813444712664 -2.96261997399614 -3.91880877067398 -6.23374932955842 0 172.964321112257
"1" -2.55111490541483 -1.63767040614002 1.24686209337918 0.86433521391017 3.21023932249201 4.22590227255669 -12.4870739174946 -16.4283002962933 -0.486557644522477 0 140.420684164762
"1" -1.90678684202279 0.0641916956700508 1.25910160604366 -0.0057018037872107 3.01171973848126 3.12805915694009 -0.404886222778516 2.79273998293536 0.195750325681049 1 152.516227739565
"1" -0.530072795026602 -1.25036410033099 0.427349580702508 1.92365599282812 0.477705757557226 3.88542346960143 4.1458936773762 -0.33824386495188 -0.14149216589433 1 -27.7314167569348
"1" -2.37612490063492 0.120204304584329 1.30660905550182 -0.00338956667913475 5.70373698224298 3.17776731665699 -1.72443511164012 2.73020544934356 0.150334220703227 1 141.851940777558
"1" -0.766690081281575 -1.81860366544273 0.571526786117931 1.51849857812186 1.43875179690555 3.83185892040326 3.7558063306716 -0.61322887444593 -0.144599019263519 1 49.4173668468511
"1" -1.47911915055197 -1.7738537508309 1.42964033449286 1.5289096065191 3.04557013608941 3.43605485564808 -9.34818486895697 -8.73647311340529 -2.17224701276508 0 183.7620628041
"1" -0.0352375266716165 -0.727348454378941 0.771562611531636 0.428831974754056 3.81279143560627 1.96364970379134 1.89635911527006 3.9127211844835 -1.6556060432679 1 33.6400311837024
"1" -0.465523997709723 -0.396233786250031 0.428921913135413 0.368371428844098 1.95179611111089 1.76174599026853 3.52223745680601 3.66821517699363 -0.385496909389746 1 -54.4899033788574
"1" -1.75991761536597 -1.67915846511175 1.16349926268699 2.4496463723662 2.83278464225172 8.75442677037206 -1.25597269187769 1.44892173775372 -1.38820113891857 0 173.531844020036
"1" -2.28088362279438 -1.04484327246176 2.33434583355475 1.12540876607957 5.30561260388831 2.63063193178508 -1.11750668214949 -2.12360918297932 3.73209168502465 0 192.24082194949
"1" -2.16051086888628 -0.053476379667001 1.35242634145938 -0.0049754508656153 3.03747751948097 3.14185508058526 -0.495346788673605 2.83788377693609 0.189238686791437 1 127.313283595592
"1" -1.67740002108872 -1.41558132352507 1.71734812978863 1.4922961660479 4.06633443552825 4.63819375233962 -2.89255160497903 -3.07663944815141 3.5617458526509 0 190.119313177646
"1" -0.520920089714629 -1.00298504703953 0.367485548142077 1.18307673992544 2.23706317610814 3.06157626336956 3.46863648841833 -0.140467442088169 0.0168233511303418 1 114.48175670672
"1" -1.90653816450864 -0.923596794902332 2.56233157628846 0.536540537167139 6.64652065421439 1.59908885886083 0.659779990925746 3.87786146424865 0.0049911308776941 1 75.5513557064746
"1" -2.11206398485535 -0.310305998556669 0.560137210890177 1.2631482683805 1.88821583292454 4.72359581391241 5.08021945194047 -0.694256874292138 -1.26203518467093 1 56.147254383736
"1" -1.51550105372146 -1.21416081582455 1.05751888870534 1.29762547302291 3.66399209846143 3.00501519263543 -1.52454989063272 -2.12384772564979 5.56553166411065 0 212.807119109168
"1" -0.967808178588928 -0.87884633359185 0.536767806355455 1.68562769866335 1.59093879565473 3.81872171719665 4.04261742973955 -1.00567726981342 -0.117868264210266 1 99.3028321963693
"1" -0.234236152835828 -1.76085413270564 0.365847549711444 2.01693876535675 0.287227885117231 3.93520608746592 4.03394063488075 -0.277495726840104 0.212437604778045 1 -70.3437585203374
"1" 0.0014268119413519 -0.235811882185049 0.359933471456452 1.80581085103639 2.04678640640585 4.23660450301146 3.36240465254443 -1.73384514016913 -0.361548902068421 1 150.560424073968
"1" -2.42336891214403 -1.72438240914336 1.87161733614259 1.46704699998365 4.79633081830036 3.97892059406909 -5.82007818243083 -16.6447254997099 -7.46703247964872 1 139.611937475255
"1" -2.99391656319289 -0.338243899498296 3.98170508465589 0.345161447315077 7.64809686889034 2.22796233013838 -3.68310011290944 3.19885798337634 0.0410214800451989 1 80.776745338273
"1" -1.44668453897999 -1.49570926530316 0.397404143498065 1.79268617792609 2.56226276036945 4.09302445674618 4.07041964373545 -1.23420532288519 0.177394742402826 1 60.9625515766795
"1" -1.82373742723063 -0.155433145965473 0.72958299047483 -0.0782980414888873 2.65580117408479 3.81383682542252 -0.0180834203013486 2.74870829751133 0.197723344192135 1 131.866212407899
"1" -2.54598563287324 -1.5084960663765 2.50401201915013 1.61386361420341 5.39390529246045 4.36179847106716 -3.20700788226117 -10.1210316786951 -0.359685828177388 0 147.565861854479
"1" -2.24377933028233 0.0223619831713251 2.07346809432063 0.405571277904877 3.45192836820729 0.327895445796934 -1.83600200911815 3.74012900783103 -0.0924576575471859 1 -48.4250971618683
"1" -2.83564852904986 -0.452331724967152 0.571401761424771 -0.00471273294289997 3.71532758060462 3.12043237552048 0.22363561287325 3.04846856069697 0.183668538920758 1 73.325567925729
"1" -1.22261062787349 -0.722808613143137 1.35063737447204 1.14845229767735 2.7846753288375 2.95126074368982 -1.90809603214624 -1.44287353310386 -6.74076728830604 0 262.408567627337
"1" -1.51688715355123 -0.566474439456213 1.98952565135407 -0.00202110770784966 4.44197224568459 3.1560953744743 -1.44780108200381 3.20794470507039 -0.00588952849089901 1 124.512478817972
"1" -2.13373155403798 -1.69278214755576 1.90708111152083 1.94464398569877 3.62608681193602 3.75222454713573 -4.55943949462198 -6.90923574161069 -2.62021567592817 0 151.928988582895
