"1" -0.547920952971143 -1.1247374124525 0.0730629788641602 1.36516287876388 3.63298996345273 3.59789993087217 -2.08971156821784 -2.23055420535914 2.8782842939647 -1.71175100709143 -0.0925068298412325 0.013186483223949 1 1009.60943855167
"1" -0.745628443262675 -0.815349586665672 0.325690917235346 0.95866122532238 3.07866423737629 2.82501174244364 -3.11811436636911 -2.73797339253766 3.15829253345852 -2.79127531088518 1.03736953817675 0.101443057260615 1 943.879891023735
"1" -0.310148162793534 -0.893882833763064 0.255986770201226 1.38840922564593 3.07798373002053 4.23761719853462 -1.56112801002099 -1.58711621367176 2.78900621331139 -0.781710899911046 0.384794003946793 0.379489021935001 1 1125.02594327919
"1" -0.316513358085609 -1.29577601259207 0.261563894329554 1.07920036797281 2.95872196575246 2.96380259840645 -2.872256562784 -2.44491744330399 2.76078413419562 -1.38425602817855 0.156099144037278 1.6809190337374 1 944.791123045232
"1" -1.76678405023672 -1.28286826584013 1.1977078127458 1.20547726275034 2.5627314324949 3.23669262310634 -4.91725847796721 -2.39463595546018 -2.00195416230389 -0.921813641029935 -3.58623373707838 3.62036931485695 0 1192.75064865158
"1" -1.47516604493353 -1.15468210900494 0.728932116370473 1.64739609422331 3.59045424292812 4.0048888242483 -18.4291374954747 -4.47319755208889 2.914579337216 -1.78652182915552 -7.85187846601992 -11.4895270284395 1 1189.9190706618
"1" -1.58180059744301 -1.47339493830221 1.32510981389327 1.1564667190375 2.75581904870915 3.05071674004164 -3.32382259288531 -3.68072138930368 -2.77199252452139 -6.1847584171315 -6.74156005200506 4.62014985067182 1 1178.99132783299
"1" -2.75023541788388 -0.0952596454295087 1.25449259195158 0.172444038846801 3.06473119429016 3.29694187767147 1.0402811011923 -2.37566222021456 -1.0296656854551 2.51794630950841 -0.838111491110356 0.153003983258533 1 963.278128784226
"1" -0.25764043179769 -1.01022779185333 0.367595395154718 1.45452646626897 2.60693506532696 3.70933663884455 -1.30147830585377 -1.37967938852313 2.7615301079147 -0.443689169047603 -0.126084689879215 0.383980412532403 1 1029.35991184151
"1" -1.82137440677585 -1.31763167348971 1.05704740274816 1.36709088132312 2.66360151208465 3.4216408942 -7.89147147440317 -2.53285296126 -1.87710597612833 -5.45533247042994 5.11688781532397 2.58423382874754 0 1156.70688987673
"1" -8.69308563298579 -1.265994593293 0.840184231198884 0.900865736529941 2.16583399281098 2.78581244259868 5.51674294438429 -11.7020643686775 -11.442211038379 -8.03702995767353 -9.96960017435782 -0.042485866002703 1 961.010112343194
"1" -11.9330587806789 -1.61383779493591 1.41058183318228 1.10710599196527 2.99781021641792 3.10504234037406 7.22698931436643 -1.3983110440683 -3.76972785475159 -1.77349894390189 -0.0903686412675765 -6.7320979072944 0 955.906090228851
"1" -0.27305560430784 -1.00037533631529 0.144777236373692 1.53928924852577 3.41765457050382 3.92635138415172 -2.27940153461572 -1.73887968601805 2.68837267287438 -1.4336528685345 0.628038014462009 -0.113220876988033 1 1097.3877245889
"1" -0.85849190088262 -1.42292740549911 0.125106217577322 0.856876686880111 3.51203288809057 2.38946691344637 -4.65549121714618 -2.84052508789503 3.04605255466158 -2.99409038890838 -0.28473491573258 1.38653092753929 1 860.269300082286
"1" -1.48335804772737 -1.5245080939291 0.507910891740119 0.988254874994384 2.51910669425276 4.12107696603428 -21.1417848368258 -0.980739445396931 3.7269108975682 0.4850219730512 -5.05296948913034 -3.86340582702844 1 725.933196301985
"1" -12.2566155374246 -1.5791312875814 1.13136638989267 1.59524000373472 2.35245740797335 4.20280901713139 7.65866901918739 -8.05273529060969 -12.2947088578161 -1.03577277985341 -8.71994786300469 0.967106304091023 1 1003.06259831607
"1" -1.63863216876473 -1.28734408011166 1.11113852603406 1.50278039102814 2.70085345069279 3.88982626536562 -13.0671555382845 -3.90123763197715 -1.37756594165069 -2.55647946482047 -1.02745536274541 7.16217389441431 1 1210.18483601878
"1" -0.323323818623549 -0.901485700116147 0.319359179535701 1.18882067203434 2.99543752147211 3.46490115757469 -1.46254316457906 -1.62539659161783 2.87308609939248 -0.636253192648157 0.686375833345786 -0.0120336825279083 1 1125.51920744482
"1" -11.8308271913311 -1.25020015007146 1.18038767737537 1.15470632141018 2.84360662616263 3.07977230001428 7.41616162206118 -5.79800013901173 -4.14137794151088 -1.34221900093875 -3.01805806305319 5.21688523655974 0 1150.72224510189
"1" -0.515895723653956 -1.37401445411221 0.166368274461032 1.39847219121637 3.27931870229721 3.2895003845118 -3.26225758092014 -3.26771088422675 2.7848939373736 -2.55597799818629 0.781566521261011 -2.25607221321715 1 951.129187513114
"1" -11.2376289828386 -1.30331650863196 1.2833289701024 1.11343412424188 2.8448602093253 3.08627937872746 7.26543136302668 -11.7908760495017 -15.1142092403663 -14.7959273429684 -9.13306814438701 -2.06073261295592 1 1111.30081691772
"1" -0.539383977577936 -0.809106350880217 0.278508254490994 0.922466987295444 2.94373046037107 2.63830904708246 -3.4512570110017 -2.78209821780165 2.9627868420745 -2.52552073550815 0.519659050628573 -0.781387949529611 1 1055.87604724313
"1" -11.3538424121815 -1.33772873365689 1.01584630137963 2.49146648907747 2.53385507184201 6.48770828912969 7.47766249860016 -9.44006831618094 -3.52823080610647 1.47047975136389 -9.48996970156782 -9.96049603926036 1 1124.16553151034
"1" -1.63794539967465 -1.28635174183591 1.02984667001166 1.05942993708277 2.74938750490673 2.85937557184382 -5.40414145812297 -5.29458427604087 -1.73823935208558 -2.52405618438366 3.12027551588937 3.33010186970817 0 1207.64235826348
"1" -1.86404604915139 -1.42914900298959 1.14058782803402 1.29003742025067 2.82754848349988 3.45614389587952 -14.4050667014491 -13.4102437513258 -1.9469576327536 -2.38266843663318 3.11234115856283 -6.90909974234984 1 1093.18931087471
"1" -12.3862065180159 -1.58283078026396 2.45702927030313 1.21770956405294 5.86071980124841 3.12679561704713 7.62387779812573 -6.18771284854262 1.37082320846941 -1.69501757583848 -5.0559995951943 -4.0049851011287 0 944.382059213942
"1" -0.425309761252209 -1.27821131250545 0.457847227169852 0.957416366380943 2.75488146187763 2.90053657612859 -2.35078985374691 -2.05925606641612 2.85262974186712 -2.5037771527935 0.729198278150109 0.102487791049784 1 903.329475794808
"1" -0.720611392168966 -1.38323857989554 0.202409555626345 1.33700633177392 3.30049574976598 3.33375476265239 -5.37057483486743 -5.57374315978673 2.98341657069766 -4.22736174658845 1.12529531222225 -1.91063458052588 1 892.412796664099
"1" -0.393125362154115 -1.12904781674847 0.209088174414814 1.33763565283948 3.62469757468526 3.50727046571946 -1.9312728823202 -1.62148172350512 2.83226975984627 -0.686967602078426 0.288120798115265 0.0606733466209918 1 1016.18667663496
"1" -10.9051727575081 -1.58650355140042 1.11187049505781 1.21214841469124 3.18324813012138 3.03412720903485 6.96976559107629 -11.4548249042737 -4.20363187476837 -7.51301732896356 -10.3902519939449 -1.10652768814361 1 970.183326378579
"1" -12.3815048857613 -1.54306517269872 1.29579921951401 1.28708970075435 2.83537638243164 3.47495902164629 7.73610643233867 -4.98853823422128 -9.81070687385544 -1.5358874383218 -8.28902500136298 0.0745627486661892 1 988.365171510208
"1" -0.291413671866153 -0.911259762914153 0.483299821365177 0.925900285904412 2.56780616725449 2.65742988537075 -2.13611384339089 -2.35496235073497 2.90088857227534 -1.39403834043413 0.487562635131731 0.0853354148468657 1 1057.41749376706
"1" -12.2924823671914 -1.49437972016284 1.23904494090293 1.17677509097357 2.90991107741578 3.48783459229302 7.6215100553276 -6.07060464672009 -1.30733350955978 -0.702577601636131 -6.20947163827387 7.33433638550349 0 1000.16951767122
"1" -1.19759610595095 -1.22607252145056 0.472706372892167 1.18982161047771 2.26182170619773 3.44150471030996 -2.77141343099541 -2.62765968101404 3.54402827483581 -2.41246735560199 -0.139070537293085 -0.267714322803034 1 878.929986917095
"1" -0.328868365560497 -1.05505519494331 0.335236218572529 1.34621848981262 2.79368942209338 3.2757256776012 -3.01806773823755 -1.9438190531951 2.8318213080854 -1.88317120989948 -0.0433891789912691 0.146751414626844 1 1012.52331749818
"1" -0.400715365595574 -0.91747902997359 0.287209064920572 1.10201033391585 2.95736634299551 3.05280600786543 -3.42220596074552 -2.29437528529195 2.83404681792566 -1.69922360152694 1.68865480664341 1.93914770187905 1 1098.4612963728
"1" -1.58476446639691 -1.25721947960466 1.05730222861153 1.1734140210817 2.85704501508455 2.84763503243654 -2.47246545451598 -4.65926795491399 -1.50583699907483 -2.18513437404676 6.25217786881024 -7.50471694768302 0 1246.84592811121
"1" -0.524653724468342 -1.12721557783616 0.141530290531325 0.962763667539389 3.33504974268851 2.78169542750667 -2.93869931420973 -1.81582406051893 2.85904019614281 -1.55097107311241 0.994274407904711 0.596439967376666 1 974.945009315888
"1" -12.0232879708503 -1.5295297540331 1.60850772500488 1.37035684866959 3.91078025641435 3.20701365951319 7.42099465010429 -6.02438944053872 -0.0172949608129802 -1.49284584499554 -2.42647597238229 0.339521921268454 0 998.857608827855
"1" -0.814819712704179 -1.18707863445859 0.360025604000528 1.1726144677621 2.83275836161388 3.32862931846693 -1.26067855878021 -1.33023901656097 3.18551109291311 -0.458293928141941 0.030836354448656 -0.047725309854923 1 936.448050496403
"1" -1.87153090009328 -1.31964889047172 0.969805552529078 1.27449408236843 2.75752517397361 3.2508235956915 -0.518953053916697 -3.07637046257076 -15.1441333973694 -1.10433137572045 -7.14248840218231 -0.33529933271553 1 1225.79459624675
"1" -0.345344816742546 -0.920213336877636 0.450726382533889 0.75831367347073 2.371359588432 2.42254224857967 -5.42685788411129 -5.0984408114271 2.9300721084342 -5.39865318206611 -0.372778933882694 -3.8714961778726 1 978.441734706676
"1" -0.619048253808682 -1.16145359889827 0.286116021911474 1.59574442123659 2.87988828315974 3.75233522907536 -1.63368740285638 -1.41932658124855 2.9723599683391 -0.645763517171055 0.240068114816124 0.0838200370253616 1 917.275839598333
"1" -1.75491231247853 -0.138963909664494 0.839637005708654 0.140659991993557 2.24336116640985 3.37632743111166 -1.37571298975035 -2.82308385363485 -1.64349933507055 2.51145899586868 -0.227330726915424 -0.25233395427776 1 998.973678810496
"1" -0.997537500688002 -1.14090794462766 0.46436011538933 0.811134717107854 2.46043972742416 3.12442780830643 -1.91347469043497 -1.87340898975638 3.35768011494065 -1.10555006665834 -0.171998871086674 -0.0805396148244959 1 802.599275445931
"1" -0.943427812929468 -0.845362851237747 0.494922051034363 0.76218937498578 2.28586529041463 4.11029770404676 -5.24348997181718 -2.11448828687624 3.42281971373245 0.425716013895806 -4.52666335532829 -7.67768777243852 1 853.278152417492
"1" -0.236971818424924 -1.19086511964039 0.300401455978429 1.15421110277469 3.07266136203911 3.20145875455149 -1.78808409831402 -1.11076127294016 2.70999250222945 -0.911132556237396 0.193367029693239 -0.113481369762402 1 1024.1223761481
"1" -0.743832359100434 -1.11412458699762 0.299792502203443 1.04566958530661 3.01674613561134 3.12290577449775 -3.29181878321175 -3.47584819757654 3.05707301336345 -2.5023918295541 -0.666485833285715 -0.643682515057211 1 943.922648884136
"1" -1.74485053419374 -1.52805182424706 1.08747210067007 1.02166804734396 2.80787054758535 2.84677934236454 -1.47319932862054 -5.68975768206413 -3.80813280078379 -2.29713380721591 6.2883532551273 7.26990285057228 1 1111.47378276198
"1" -2.99295315843119 -1.31124923497723 0.782820309281318 1.16312055570138 2.42164635736329 3.21925321170733 1.66811070808905 -3.5455191732943 -4.98769759622431 -2.53957536755611 -6.31708288334096 -10.8291602774968 1 1212.36899435957
"1" -0.765862980389501 -1.36696359594907 0.248468760224133 1.42651746940627 3.19007249634408 4.05642962703405 -2.40732572473485 -1.48990332856511 3.04935578780264 -1.16321609099684 0.0200166078169158 0.0261403946141055 1 987.015993314273
"1" -0.548792678651286 -0.963355499949583 0.244276103589459 1.41786444826512 3.18410751937004 3.80152707677958 -6.04122034003283 -4.25126935239377 2.92529331202116 -1.47681242632975 2.15094194829022 2.394761879572 1 1140.11118281293
"1" -12.3065725217631 -1.45895235074651 1.0771889676131 1.38313121310022 2.73068238649053 3.67430284866147 7.60874356908373 -6.02511841828144 -4.39604234682809 -1.78626600190102 -5.93206903113556 7.15904277769425 0 994.353674155494
"1" -1.82759266777948 -1.54135325171327 1.46360299155806 1.39767144353117 2.96313447093983 3.96514741003981 -7.73902440876871 -2.06297182820964 -1.12782965297494 -0.687666749078302 -0.89538622854185 -10.3204089054994 1 1084.77220846779
"1" -0.569884338668305 -1.17453051112931 0.368630039876961 1.20827909156727 2.67283039313266 3.30329258115721 -2.80084230821819 -1.69134969297078 3.00411482746302 -1.31111584261916 -0.0386818337367823 -0.139617241119956 1 927.234676702392
"1" -0.876453510968981 -1.24011772345393 0.205536419277694 1.03973508472452 3.307970827411 3.36889575892915 -4.37873009399902 -3.05213095467477 3.12502750286883 -3.16463998666926 0.912051569510392 -0.145881840109039 1 900.249480750512
"1" -12.4095051545404 -1.59811101764291 0.947307504811311 1.25430054541398 2.97391244981734 3.12144508074686 7.61137884069925 -4.41011486098662 -5.09266549828315 -4.5584152075541 -9.14790931797763 -0.0693005392929697 1 934.534413068699
"1" -9.01739138519798 -1.36851135359875 1.25944798230081 0.525929681286559 2.69375377747635 1.80066962275628 6.46465481434202 -11.5305813875685 -6.80468169493515 -5.6378167490011 -10.0981708026046 -4.17468966074016 1 1149.07740263332
"1" -12.422157899159 -1.49648009037394 2.21196401932196 1.68811357264311 5.21495602407382 4.50522468507773 7.84448354342054 -6.8843142424276 1.09143425005623 -0.662789800548831 -9.40722540072607 -1.51769475159828 1 1052.91974242971
"1" -1.78507116827014 -1.30506406177681 1.11073619591226 0.994559418782866 2.95736706484781 2.9177434547781 -0.802613127556234 -2.34423055883012 -13.127774870603 -2.34661227232111 -6.65538920412857 -0.628094799129857 0 1246.59583439825
"1" -11.9339047792097 -1.53317559477408 1.37430429372421 1.23711214500801 3.37604996430073 3.0351592836593 7.43427377378198 -6.02521561538889 -0.885965004904433 -2.26094612420145 -3.19020525715078 -10.819394026584 1 1033.75055024239
"1" -0.951088206529455 -1.06356555677296 0.256442992493011 1.14206581879935 3.23117374225908 2.83825719289777 -2.48625130783645 -2.73377747905716 3.26619336599936 -1.96054124076483 0.293406133538863 2.50167656226434 1 882.373113193498
"1" -0.230311462539872 -0.812836369647827 0.191627510693149 1.58881828374742 3.3819831048602 3.76219976770681 -1.26900129271057 -1.49208019743295 2.70544154220508 -1.07871424099843 -0.17406933646933 0.136673220812462 1 1064.27588637223
"1" -1.53440175890629 -1.46037866522173 1.2957561955233 1.43974974288048 3.14865738821494 3.46504952090965 -5.75526577001083 -2.9597732623132 -2.27116000004056 -1.90438204910962 6.02241765852317 7.33198265296374 0 1194.59071164476
"1" -1.68420142384643 -1.5123656196487 1.00051110343111 1.44715559714874 3.0776100614181 3.30959202231418 -10.3317545309917 -9.67795908425101 -0.920190208962664 -1.12625181478761 1.00107039432914 -8.25742725502031 1 1108.83064081809
"1" -0.494205537369435 -1.3666267009976 0.274815087633217 1.35721725107196 2.93778972725106 3.43068008073923 -2.67134238236057 -1.26357947250617 2.84744505959227 -0.714168065882302 0.463672810250939 0.0863618151633841 1 1029.716570803
"1" -0.506322048530858 -1.33928878160657 0.390501305507971 1.58438361938978 2.6703576249708 4.22323641471097 -1.40887208248048 -1.04466138675211 2.93770978121364 -0.768787707506074 -0.21332341818413 0.0414149709740414 1 915.844056416032
"1" -0.619286148431693 -1.52711547477515 0.156564428249196 1.78933066021879 3.37394526416971 3.59929909493121 -1.31645218374 -1.39506238527039 2.87445479311459 -0.472713200996178 -0.349355202355341 0.0912880389920611 1 973.242852496591
"1" -1.83703609387589 -1.41489501427993 1.01509831215652 1.26053498840187 2.73938803052887 2.97408407943161 -1.78107177999882 -2.39696491189068 -1.12830885228403 -2.29596414660813 7.68666357245211 6.66702971406516 1 1120.21685064895
"1" -1.67119308575473 -1.15684253023379 1.09843556943887 1.20963771529934 2.39082104501401 2.91857915595325 -1.42443385468889 -2.75655295732804 -8.39287713967959 -10.4078440586452 -9.08201605879189 0.0278500022758711 1 1312.20587151961
"1" -0.748432547082382 -1.34489476752957 0.0936112027786091 1.74314248400567 3.67400847487247 4.08316329962192 -2.24081354672575 -2.25716175019826 2.93343041374462 -1.10671677732575 0.135178418444648 -1.13679473215711 1 956.639558255878
"1" -0.215968153525777 -1.13583914260679 0.0838356737883611 1.50684201953798 3.18144127663699 3.35300183362952 -1.78735917952079 -1.62980199648066 2.62887262632097 -0.860967836252805 0.559114732088123 0.504717013686059 1 1117.51662691609
"1" -0.921490896033931 -0.856744532351228 0.24652860462899 1.67244215795178 3.03513499030088 3.39673693455335 -1.09571409482123 -1.29371124950521 3.27992061991239 -0.541151307062401 -0.184113981489528 0.269792383498551 1 871.913861853085
"1" -0.492510356430121 -1.44408561177168 0.174792587809521 1.36734352863323 3.09548565564718 3.60567055591108 -1.62034673786382 -1.98756947087338 2.68792404012557 -0.80337846497487 -0.585342144949441 0.163846457693027 1 925.267240240044
"1" -1.19043054361749 -1.47681381155566 0.149865463522466 1.03661567017701 3.84891948482338 3.02690226769219 -12.0190463850268 -1.57895350966684 3.35111684415215 -1.53427161737922 -10.2205298948937 -9.89362909860047 1 951.219074481514
"1" -12.2101066133091 -1.4585511066681 1.10951129276954 1.32159032046558 2.72537631409604 3.63491140767219 7.60472680896575 -6.00349684516197 -3.82834656379057 -1.12615556837181 -5.27213596766383 7.37703274389076 1 1024.94055973518
"1" -0.568186787440796 -1.01591713354735 0.314734468358232 0.893378401419722 2.96100055459523 3.09102742467191 -1.28263286618217 -1.88399835567605 2.92461716809331 -0.598633872795058 -0.395471794202348 0.022332789126277 1 956.880174501497
"1" -1.55370134944753 -1.2020330044932 1.03613232528079 1.23073169849535 2.7815796442887 3.23025589859305 -1.71550251732311 -3.19870198213356 -4.68003735426058 -1.1245076148964 -5.9853442493642 -6.65341187120414 1 1309.24388340417
"1" -0.571305729910324 -0.982596673870639 0.557774719538995 0.799728718702271 2.08383253256618 2.6080702567375 -3.81163184754646 -3.56095363000275 3.09380460850526 -2.37838850524747 0.21357517999485 0.143269570746033 1 845.180276738987
"1" -0.417817328837854 -1.34509387988656 0.350681957784751 1.61041064177125 2.64149731979556 3.53264870684311 -1.8894219139547 -1.49276009892456 2.84672552554312 -0.687188040204788 0.0184523442730596 0.303930655637664 1 967.909397670432
"1" -0.636113444998558 -1.49108630247425 0.302520895407422 0.780691426311453 3.14068663777522 2.60523145110261 -2.87659406424652 -2.4147373580445 2.85616354106027 -2.03211993827304 0.672402562642206 0.821743587927717 1 830.293965052302
"1" -1.545681391963 -1.36181679898334 0.987915806918756 1.063389601596 2.62849429418129 3.19450716957024 -1.48787788483541 -2.11620355272814 -1.40674619675634 -5.38318519414962 -0.253064211640888 -5.82131068249082 0 1249.52392108332
"1" -0.520350089333966 -1.29802366074721 0.232072583252534 1.80240930690735 3.11729011137156 4.36545637201379 -1.05540535212395 -1.11435293324048 2.88141163931711 -0.894819139913167 0.218620459219092 0.029537581103715 1 890.096310077213
"1" -1.61373054779399 -1.30175558317385 1.03113891140689 1.30727462324962 2.84797497432535 3.12066101699456 -2.8537755843284 -3.41065347987795 -1.16070134253024 -3.77943490671174 7.03064155901426 6.39443724259749 1 1217.42371128965
"1" -0.790490771230147 -1.27474985363321 0.280251530514982 1.29265919529295 2.98592492763454 2.93672296847117 -2.76947982937791 -2.48073250109642 3.07390193743721 -2.92513084088055 0.0959280413114406 0.0973144578079311 1 848.25885254165
"1" 0.035183650857715 -0.884608910476629 0.365845764770359 0.960181595691554 2.65867891521138 2.83215219082497 -2.28782715679755 -2.09022115762002 2.66619062767622 -1.22153130617316 0.125048092805611 0.483297615186189 1 1042.96885915753
"1" -12.6197165019304 -1.55056266885642 1.27006113465949 1.44886800412751 2.8527126886468 3.85346512968641 7.88820173558843 -8.68494794385413 -6.10502960847911 -1.44488629077668 -8.60468368981719 -0.408183043237915 1 985.228119528025
"1" -0.933353558076289 -1.2477350207995 0.276813740099041 1.42254711230549 3.13094212472769 3.51405270262158 -1.36220514851772 -1.20983689032958 3.15003052647737 -0.384841348032658 -0.0142703387127461 0.0817319854843352 1 983.673761229669
"1" -12.2503079947778 -1.48706708918375 1.74231802382375 1.15360530471762 4.05928968203719 3.00368867866428 7.6131687083104 -6.10491605383057 -0.244096061704679 -1.0305588422775 -3.69610698918964 7.23236080437818 0 1002.48901461416
"1" -0.599132989110019 -0.986325302665692 0.265600092583608 1.2484764449293 3.3071040339344 3.62947371394835 -3.67693522402924 -2.61389760870142 3.03136938862946 -2.28964344058025 0.446073071291955 -0.360280038401158 1 994.9323899665
"1" -1.81532431775532 -1.23733329229631 1.12309662157092 1.11344284447488 3.20297448492151 3.04140366508995 -4.96225689943078 -2.96254680833021 -1.91017570626324 -2.18454966467051 -4.66529853019657 8.47363884169188 1 1189.84235300177
"1" -0.51425799553742 -1.14598908357151 0.43326749928354 1.25999003899443 2.63568653770998 3.66567578406811 -2.52204614658793 -1.56591146115479 2.93241097029627 -1.25339940237079 0.274213605832682 -0.0401928857221791 1 907.841960829548
"1" -0.780665533753819 -1.44080098107606 0.265902087945871 1.12043067475411 3.14446700247589 2.69834750829001 -2.20332624325147 -2.12997484047066 3.09668527438688 -0.88404919708258 0.533962609852494 -0.0875596500528255 1 917.666928883102
"1" -12.7311178532402 -1.42531794399899 1.10534517842718 1.06567408290328 2.55953007355349 3.0310243253611 7.88013332139717 -6.16999743382487 -14.3284099407754 -1.09037298750876 -4.99131614408606 0.491701541892483 0 972.952690157885
"1" -0.634782650107999 -0.813535815533899 0.265036515181633 1.79939048401226 3.04863187836811 3.86737365855493 -2.04247452499101 -1.61758326016448 3.08759257916886 -0.837811383757696 0.620033062596598 0.754918329014554 1 1015.12297086154
"1" -0.678486880636561 -1.15554447053775 0.287362543006917 1.612218686662 2.95817276225941 3.83069072010883 -1.28544301032656 -1.2738772807034 3.00914371653445 -0.791945110471888 0.217421627554006 -0.0911164199515137 1 962.000883356712
"1" -0.509440174086655 -1.10459491035964 0.0758672549989085 1.47978710954931 3.57039087801481 4.0545033914106 -1.61363000594641 -1.54210040731368 2.81352710322605 -0.800976923781244 0.283833138253145 0.428284712016058 1 915.113942728842
"1" -1.56881818364359 -1.32384405932846 0.912750249873736 1.06244340634125 2.73227492061645 2.96276200850836 -2.10776209676271 -2.7375702488428 -10.4707573536559 -2.56329761656988 -9.12764201575924 -1.39002602446868 1 1244.91652653599
"1" -1.05268973601077 -1.17783063198093 0.457939532636249 1.38203082016479 2.40667569617739 3.62670916603055 -3.39730008298491 -3.45970344842099 3.40540520139198 -2.01479715109289 -0.643664702851922 -0.0903791200003963 1 830.503995664336
