"1" 6.69589978611505 6.72797189021559 3.55384864212168 4.87726196071275 8.03484898358856 11.0603106348583 -1.4949819968445 -0.78095578496146 2.03823316531396 0.611819238029222 2.30561358513862 -7.37569826978127 1 2792.97153586487
"1" 2.7907348137472 1.18763771769821 0.66801290745249 0.825122575123139 1.58139531310445 5.57707676844425 5.52652690205777 5.43343402818128 -3.6228369767542 -2.65677345511739 4.27634404170698 -6.47880308486545 1 -5445.93918586634
"1" 2.36003031022738 1.65406650287507 2.00114665534041 1.16011292302547 3.09922648166207 5.39403859631582 4.89429663263924 5.06380871724882 -1.90670700040447 -3.07287667841969 6.03939061060583 1.67032605024601 1 -2075.76844370234
"1" 2.3543809602241 2.05783425962469 3.26622691180529 3.60175950877133 6.44503710433744 9.45167416105012 4.77097239127285 4.67732866450998 0.749680867140557 -0.662566142561076 4.44125116189058 -7.53586780364833 1 345.17198866712
"1" 2.10781176158594 2.65161446763796 3.45899163474153 4.16368792817511 8.4408129071865 10.1680512252228 -0.199955465847001 0.176246859830855 2.48322164837847 0.995463558063555 3.29121139380805 -5.85430149088304 1 2515.14886136927
"1" 2.60706127042791 1.36803747117649 1.35521622559397 2.36779961964367 3.57047308413454 5.61343718584593 5.19008939985649 4.05929154681559 -3.02254283373095 -2.55954290875593 4.93409759296696 4.66824226024064 1 -424.723990751641
"1" 2.19894221834846 2.08315890146674 3.2914005101561 4.19677815595218 7.88931917428226 10.1429988483645 0.0861204951871355 -0.0228953751437484 2.04742728292666 1.39328006528131 2.16694055075792 -3.93786381243443 1 2529.27308832041
"1" 1.97695810254994 2.50766825623346 3.19556311148423 2.55784296082565 6.69719092345067 6.81659611057921 4.87612652958623 4.78948923936035 0.766095048994862 -1.27418131090843 4.84376420947318 -5.71086019146654 1 309.605922866103
"1" 9.81434539338844 9.48675318669769 3.35846122605975 5.61122893888713 8.00628355706311 13.3125093148834 -0.674177007954606 -0.153811859286801 2.13887873170788 1.67641206683037 4.44984184290455 -11.4976334976179 1 2515.38046256261
"1" 2.85369981382778 0.354618755784167 0.0494006696641269 1.52034146570717 1.15280966524914 6.13964340488695 5.84377054793541 5.73501671443848 -6.36111416899753 -2.65724677587861 3.95716893512872 -4.9405542812141 1 -6794.9337308794
"1" 7.7598144333001 7.39405252081232 3.76682341793022 5.66944614708175 8.81459572813923 13.2488236130057 -1.23983106602756 -0.869269613154219 2.26682945152576 1.49546346348927 2.49531492827635 -6.19905164975092 1 2241.76483870301
"1" 4.14370170964835 4.45624969872414 3.73831757190998 4.14882550223588 8.75832319006163 9.74047485845216 -0.615672575409411 -0.657578796341717 1.97954356247962 1.29810357542477 1.66484137314295 -6.19539291486073 1 2666.72354145617
"1" 3.12516219737689 1.54992330654946 2.00813793959415 3.17332120943191 3.30339200462582 8.72404493543844 4.96660351185829 4.6528149366649 -3.70630772261082 -0.695674452608971 3.86445544101561 -4.25803865677492 1 792.107979307068
"1" 2.48270869311846 1.63591764325302 2.95320114009113 3.89585325743179 5.06661345559245 9.78398942894807 4.96966090861397 4.84707665517852 -0.489628777702909 -0.565794924174896 3.83040478621802 -5.75945373015367 1 115.687249273396
"1" 2.32977775720258 1.89267193989106 2.55596061716862 3.61787916617262 5.90266859652103 9.35213086748365 4.84246337253003 4.46618868800774 0.451212120747845 -0.272306467014022 3.84128683302615 -6.55032583361004 1 373.5080748541
"1" 10.8996547666472 10.5084362327613 2.0542439831741 3.7824785974638 4.13736078911172 9.35209310602587 -1.29860657598851 -1.28890798660571 -2.00931570957155 -0.648049720455906 4.80548330191619 8.21230751693463 1 2945.52309288035
"1" 2.45769849508935 1.4894389731214 3.76686207978205 3.6441262601377 6.28215630233336 9.74400170702333 4.83686789436999 5.02912928373396 0.663840352451246 -0.111024446361594 5.32552817621695 -6.55043767332377 1 -103.03667327459
"1" 2.32538807702386 1.61696139356862 1.96902873551394 1.88821320970236 2.48046305881524 7.21067434660394 4.94915419917421 4.82245742909828 -3.86733064660504 -1.04194900640024 4.51917890432472 1.64774899804961 1 -1040.14787664624
"1" 15.4403459881344 14.9456713977847 2.2877638327178 3.6164016383331 4.49678428551017 8.98907763825067 -3.23869262987646 -1.89676943789869 -1.31527553067628 -1.25456292161987 2.40012914355259 -6.97751826077232 1 3005.56907618557
"1" 2.80663979105284 1.17799479253827 0.869486089599455 0.70051443586433 1.87405586328826 6.71131502581726 5.42436847673807 5.37460374036423 -2.85058887160333 -2.1439207565424 4.88336492598896 -5.46497027195413 1 -4647.71631963504
"1" 13.0679030870839 12.71323948726 2.04656327415186 3.44309556290832 4.1036569099555 8.65696633755471 -1.12112478792425 -1.80783133796644 -3.10638917379677 -0.891461248859027 3.97178077573903 -7.42501312787907 1 2921.3816397585
"1" 2.54218624287522 0.87514600055795 0.400398722071637 2.78460467804083 1.71899177688863 6.96519126919134 5.43783762503154 5.03977758018531 -2.06508939062935 -2.79261237321175 4.4239509552536 -5.08293153959675 1 -2948.92554424227
"1" 1.99695725937997 2.54744336673778 3.30126486197439 3.99417252821819 8.76391100969316 9.65269679436197 4.58794433838035 4.41380414946783 1.85888029853045 0.0488860380891058 3.07870918827299 -5.84263710350527 1 733.951417040655
"1" 0.960077164886907 1.03292085402302 3.5174150878243 4.19496078220615 8.36520358683615 10.0121710083141 1.69724712958058 1.26636193387193 2.20796164014784 1.3339449098617 3.69506190288771 -6.39999945359166 1 2520.23055968717
"1" 2.25286415881944 1.48325101649231 2.65397348995046 4.04103133380423 6.55548895272769 9.73479845764252 5.01633011732056 3.94268544098344 0.866119724779268 -0.148332336410589 4.10405653912637 -5.66734296537989 1 35.7882290608613
"1" 2.85662726845243 0.846835228927007 0.198493150441319 -0.0124854544124039 1.27757158908889 4.15592799235013 5.81812102142253 5.75238033348867 -2.16405966463198 -1.53787720348245 3.4696361545758 -5.06184659362968 1 -9689.05839758324
"1" 2.29628879635723 2.36684985490301 3.49078831012351 4.05077737640022 8.26471689281302 9.59043081079556 0.0162958448273892 0.101053539177987 2.52308876309898 1.78974737181453 2.50526665458801 -4.33504809614792 1 1737.94077360669
"1" 9.95969505081626 9.72409392425648 1.88684406386332 3.32484162070018 3.86445754422232 8.55357200518943 -1.04002174659196 -1.04441422022098 -2.05352323406414 -0.887986357935988 4.57106666404482 7.28774910133458 1 2961.55782635947
"1" 3.08985020099607 3.24417797141897 3.37681714147788 3.8932283204216 8.11447231604597 9.44505850397956 -0.59222908061783 0.0489078653459274 2.06557525645398 0.997606217411449 2.28124669437887 -5.22343722805641 1 2682.48852006337
"1" 2.50948447436506 1.18371442076033 0.896901636069917 0.814339103030954 1.85678778210569 8.06125461837887 5.27852035527957 5.11459234836575 -2.13082267559483 -2.69871248852577 3.42246685375414 -3.99094014212978 1 -2934.28233459394
"1" 2.81097755205919 1.31922218826725 0.820100300727461 1.06431268050762 1.61132256670186 3.75873548209577 5.37648836265101 5.42205268428603 -4.94705770018024 -2.49397567114942 3.94901446642813 -4.03572584954041 1 -5196.99039492625
"1" 9.82518911806966 9.49936027406419 1.88612341708695 3.20931871370905 3.81369211064794 7.98976208031418 -0.373274578728048 -0.372464282569508 -2.90378592032709 -1.90542282237076 5.19777835709611 -8.82059072011365 1 2923.06662554515
"1" 3.5986465944587 3.27600188966032 1.59771964181778 2.5725350332277 3.27592310093089 6.64596415393205 5.25558667766421 5.32920218592802 -6.12415724343763 -2.41755914824697 8.75134224541635 -3.21245336580203 1 1781.86389033523
"1" 5.5271166506478 5.27595442262748 1.95634312551671 3.45351406366332 3.90712904885752 8.79050715905595 -0.731656265088803 -0.335996372889469 -2.28373747987472 -0.915039280505427 3.88575694538953 7.88558359184525 1 2920.40562032607
"1" 2.67574584016753 1.66309439024807 2.78256859800065 3.39525133842868 5.12737291956313 9.42671049125346 5.07198270401693 5.0314002473335 0.0580061848178844 -0.389640995046052 2.86271157510378 -2.50322673611568 1 -31.0650324387898
"1" 2.75677296246872 1.61411439228065 0.287994139776719 -0.358894502718712 1.32865272560407 2.10743592586477 5.8690824086568 5.88055556761344 -4.1655489176973 -4.9256178985328 5.86285355595824 -5.52769712240738 1 -17622.5948941446
"1" 8.35224719724173 8.12238296255246 3.8855091489572 5.21637202001329 8.79733148544062 11.8089913350146 -1.47578245160131 -1.15842347309837 2.27435717706095 1.57931264063235 2.59768052101296 -7.82324540056205 1 2022.06377530076
"1" 2.77157278423218 1.36972234288732 2.79608266506966 3.15772392760951 4.93993090206632 9.32554292909278 5.1421979915971 5.19525016300094 -2.97887602690349 -1.36790746786373 5.10595914990805 -0.630712718151369 1 -463.601584739845
"1" 2.49093572343094 0.396542898869365 0.339520671911934 2.83545039786989 1.51818379051314 7.91817992988868 5.4877695742552 5.02895107719853 -1.97580827095127 -1.26012008607914 4.50242779751632 -4.11996507070388 1 -3671.16169440834
"1" 2.71343264469977 2.83619479959694 3.46294386499999 4.28685988590153 8.05347855325608 10.1009667112152 -0.0785969735698177 -0.178459376600985 2.13351300394573 0.895493408508433 3.12769675372749 -7.36214156111255 1 2683.9096057917
"1" 15.172309907584 14.8521595976061 1.96658451625628 3.34590690009074 3.97578019186496 8.76437620666566 -3.19973403082924 -2.14161297903683 -1.94175511849065 -0.904016376175896 2.14904182740553 7.32447879837091 1 3186.61342989122
"1" 1.57847011192019 2.77447812390337 1.40770360563607 -0.180560719067183 1.80735533163292 1.72335389424236 5.87153067716639 5.86371607019267 -4.00127884895652 -4.94600505438516 8.45315304657216 -7.33615446658728 1 -18181.8103805739
"1" 8.5586751455267 8.2131348311221 1.98321804015507 3.33618082674983 4.03073336272875 8.13295479352988 0.468918280852679 0.469102196819036 -1.98348120583679 -1.53823130466019 6.59788533121621 8.95736140927649 1 2928.23548723574
"1" 2.5398427494289 1.81113983964403 2.63511720982738 3.30192505214786 6.13362480595625 7.55018958360671 5.61476012560958 3.97641223973125 1.67192633815 1.218212184316 2.24905260141186 -7.16622476384062 1 -851.94912228547
"1" 1.68447025096769 1.71402864432835 0.28573586364939 2.21055383241089 1.57906070111932 3.92540217374962 5.49114778066435 4.73132698613565 -5.52664627675228 -2.96121342255431 5.64596650447088 -2.79773457744003 1 -1689.90747440506
"1" 2.56523992977644 1.9053604794586 3.22673188007029 2.75024600403279 6.13711893019407 7.48453095087233 4.88761232454719 4.94362364807035 0.108863086976749 -1.59523302058771 4.32188059516503 -6.59510200357604 1 222.382537024125
"1" 2.86192604388787 0.0708764755802445 -0.138341317093876 2.18132659894373 1.06798434923323 6.84008527826917 6.00547874073291 5.86155823603995 -7.06364181140767 -1.28323657173898 6.23322613897657 3.72406001224451 1 -7481.43161065119
"1" 3.97788891034153 3.80459429181229 3.5152757368265 4.74248004389165 8.68775263058326 11.7195417680849 1.35171070026057 1.74234792095254 2.37254175735415 1.56333004975833 4.48999041428377 -7.73933193161051 1 1930.93515283149
"1" 2.55989358492093 0.124677575755859 0.213116220562037 3.31799581809033 1.41488486443017 10.3367719933252 5.56527473170755 5.17780303224458 -1.93777714360992 -0.784543373683637 3.45176903367882 -3.26176636254926 1 -4536.17359874892
"1" 9.96392173002369 9.64979381373405 2.10001260315595 3.20541849513981 4.09615437777144 8.01209146306548 -0.80375964768283 -0.605083388212335 -2.06210525379032 -1.42957172721614 4.87323985954636 7.75845135855568 1 2927.48047168669
"1" 2.82145372386389 -0.025243626977922 0.498681080033837 3.32009048159733 1.49289635373318 9.78915427261134 5.46681074803957 5.33089268755735 -1.25264116877379 -0.580511558354443 2.73328467264325 -2.87139926163074 1 -4415.634832362
"1" 3.02282662991499 2.74831342813229 3.21473240333884 3.98245866006779 6.4677223607769 9.61260961035048 4.85026166472474 4.44908860823416 1.63265439490811 -0.384908524968594 8.17208249103469 -8.28954610285934 1 2217.28913752009
"1" 2.81940216007563 1.33951605813936 1.85779920891387 3.56984165325522 3.7277982975025 8.58311594843773 5.14645574278782 4.36895394140453 -2.9409796643338 -0.650198673693125 3.46842672875269 1.56699625654751 1 815.223049785687
"1" 6.58948362037556 6.40205432898143 3.23944864053497 4.62848816944496 7.64120923078686 10.9230173850365 -0.704726945885225 -0.727189496316075 1.8506324744642 0.846427866768049 3.58716990811445 -8.21396954127019 1 2752.78828451065
"1" 11.6751996640994 11.4096413592176 3.56283023668326 5.65663420654111 8.19232032150731 12.9719650680665 -0.940998356707015 -2.40804223269 2.26696404194594 1.50980123975215 0.42370837380977 -8.48834246712222 1 2424.31245323542
"1" 13.9975617106633 13.634106922185 2.02267812035292 3.11234961769481 4.0210156659866 7.81813500437959 -3.09372750913057 -1.60109678259307 -2.70575975183931 -1.85725088831172 1.09029093919652 6.90320508597761 1 3019.56281844471
"1" 2.59311905217223 1.70447300087482 0.506606021169494 -0.00601377673848639 1.38353730796527 2.37974093036495 5.66109381687432 5.73214994534248 -8.02757464978829 -4.5020972345614 6.00531371090375 5.13275212693648 1 -11307.3595659534
"1" 2.62698738984382 0.619855642567049 0.743716280647393 3.08154478509265 2.72322334813349 8.37436541572527 5.14959037823519 4.5034494423853 -3.65098505204872 -1.05033832374429 4.7856205385521 -1.19056477716721 1 -1170.70624547238
"1" 2.09421580618554 1.88328892902559 1.61519612685408 3.38980648528052 3.33563505669401 8.51771225325616 4.89201999843567 4.2441891759001 -2.41656972556211 -0.719973495471249 3.44013444836069 -5.81261290105378 1 797.391019885261
"1" 6.0628090269372 6.01899373441628 3.90292759452296 5.32849827927829 9.05019768617795 12.3138553625634 0.6263915333965 0.112289545131777 2.2594935358765 1.57267486685123 4.60010155432058 -8.62170851652808 1 2172.93111645401
"1" 2.40527197669732 2.12672275347058 2.98873673715068 3.68923569997458 6.52707619347332 9.4460574761351 4.72295136524814 4.59932052992721 0.810137895980331 0.0775036958461956 3.73550684662028 -5.83071600891444 1 469.830291163627
"1" 3.71493446381501 4.37121806042606 3.61499441814056 3.80759867980893 9.48357437074483 9.98712411257421 -0.886388299453132 -0.78881411884895 2.81498791927422 1.30802395629496 2.62266809154267 -5.88208092831754 1 1708.19257930185
"1" 3.71258092785691 1.93110170658432 2.70732418098144 3.21914940262118 4.21246689305044 8.98639590524347 5.22717464762739 5.46763782447965 -1.2726929967143 -2.0099804551079 6.06488965518619 -6.58215786534857 1 1071.68200548174
"1" 4.07219715582204 4.55910284934266 3.84846058717113 4.77782608618947 9.31018013111937 11.4142384463338 -0.526544004930339 -0.549012577186318 2.43825595745423 1.01976563873073 2.59278081667171 -6.1492626682392 1 2484.43160465229
"1" 7.12455112322412 6.82311121702239 2.34322447562253 3.37625408801522 4.40817558196574 8.58348267857168 7.5198876050863 7.51345459361951 -1.98931997938318 -0.795012475480793 9.09522034182401 -14.3649081856539 1 2764.94661924816
"1" 1.59626994311282 2.2483053364969 4.05303918145208 4.16880946990841 9.74475840303382 10.0117953926906 0.193353300065913 0.246382230754481 2.97965043589371 1.77951246971007 2.96607950982591 -6.69245012371727 1 2470.96545205405
"1" 2.21220654247897 1.17649884126956 -0.156086128106882 2.48904095654732 1.16980294033693 4.35857930547294 5.64778604544163 5.26783438679708 -5.56003109370364 -4.76747897914298 5.99460419030268 -8.16464693671525 1 -3217.49953552157
"1" 2.07501593381169 2.24354541710647 2.98982499164715 3.16945692596012 5.70556347215304 8.12047741307691 4.87395422006532 4.68274792226843 0.0568194617123943 -1.10384402821695 3.69325358494007 -5.32589346327678 1 218.619322109647
"1" 15.8458873193043 15.4700202014946 1.85019203271737 3.24278998227838 3.86708675164063 8.01449314878304 -2.16131938827781 -2.15742429124411 -2.84192936800362 -1.47079983691043 6.13736949528438 7.90244070840968 1 2998.69316128478
"1" 10.4026816316483 10.4138924649832 3.81210587700441 4.79241082491365 8.84436858252553 11.1236644247201 -0.125151917381754 -1.86160519947819 2.4244677290497 1.13188718719619 3.37653973299879 -10.3083319644876 1 2597.86086061773
"1" 2.6355236991215 0.869306952351559 0.745391793779915 2.03147126188603 2.66199437058322 5.54823918355138 5.23399408509765 4.48053720135139 -2.99537654773233 -2.82591495803237 5.47214794140172 -2.5321504833966 1 -1796.90530365001
"1" 18.7949502652151 18.5050686293012 3.27932143799797 5.24032352488235 7.42516480441198 12.8405555673814 -1.65363065361581 -3.81787888807993 1.5812821805865 1.29065239412536 0.124255703198153 -14.9924895335146 1 2956.95112519804
"1" 4.47978169578999 4.15903720178659 1.68089944457617 2.0329202600474 3.44708881773687 5.42914924848235 6.30286857359104 6.29470601472371 -5.08600806158441 -3.64591216601726 11.2962426961151 10.5177745218072 1 1500.8809552686
"1" 3.08422620714328 2.53393231643775 1.81078198546291 2.08088942694371 3.88705911226392 5.79789895052064 4.64528260221468 5.08524517845684 -2.39993188926282 -2.83132233222923 3.87480923357341 -3.54537046127097 1 1618.98112764081
"1" 2.80924967603353 1.18057820142629 2.7409375451261 3.54910708722084 4.8903055835026 9.54207480906781 5.08165719082341 5.15027735398524 -0.100213845346594 -0.429350657607616 4.51136217041207 -5.942975636757 1 -157.682297551379
"1" 2.31832824174352 2.14145701328413 3.18386547823515 2.52029792193894 5.4685370871402 7.45972663554118 5.1401188690426 5.08048131835276 0.296701761403703 -2.32327206051597 5.03769973477983 -6.43988664295623 1 91.8108302032488
"1" 2.04610078289002 1.18981833415835 0.657235616050373 2.49893497263841 1.37755589330495 7.62834025759669 5.10556804042772 4.75876141393076 -8.30190311919867 -2.02397354333764 3.82873410805091 2.84995075595625 1 -1380.11780953281
"1" 2.69877685673032 1.80592486235416 0.348809848250184 -0.393560514960707 1.36138325048228 2.01081829140617 5.86922198250115 5.87781038733167 -4.24500657027484 -3.49904272379758 6.67571677775795 -3.14700557209836 1 -18395.5714689479
"1" 14.5766361920773 14.2000684201129 2.32573686653014 3.56613547050391 4.42537024925894 9.20547700112516 -2.86263843325453 -1.26876616302826 -0.971957220359062 -0.948840068010305 2.55284070300272 -8.23577472360047 1 2991.76713192425
