"1" 4.26980992573557 4.63238167897487 3.65914927776458 4.55059876141585 8.48269816884721 10.5743216704761 -0.12254081208826 -0.572303632043998 1.92083328548593 0.990332712238595 1.33440530756118 -4.88281014173902 1 5514.50170987076
"1" 5.13701830203232 4.81845882354312 2.1191571478871 3.40866794548902 4.28836504137884 8.5511616492249 -4.45710020633567 -2.90427818843104 -1.48780713835077 -0.638029631442554 -3.35890168065971 4.5045030716705 0 5877.09675647454
"1" 5.10742556618413 4.83898580845249 2.00828167780933 3.39551552697203 4.051506499935 8.69107133316967 -3.51632801560902 -2.16906833704551 -1.44048132349866 -0.714154213878847 1.78216646014589 8.09605272012247 1 5893.39668567605
"1" 7.51492155032342 7.25442569825191 2.39111610275481 3.38933491271759 4.90142769189189 8.35484040233194 7.07973361739329 7.07887004231835 -0.870177023956259 -1.5072516447499 9.51890945564774 11.9972920988233 1 5718.41004148946
"1" 3.77378016357663 3.46141095356021 1.80143076511775 3.1865326278986 3.50162229735336 7.7940849465291 5.04117263219032 4.97982011579077 -4.04547629573897 -1.33863033075646 5.3506887421632 -3.60532465230151 1 4519.55952417742
"1" 2.74729683753926 1.04818797174195 0.359061805331193 0.0755404532549906 1.34332648624922 4.76932726163472 4.78905868038033 4.6697169253524 -3.17849747378079 -3.26998743559663 5.03287122189345 4.57550742066795 1 -1951.86264396128
"1" 1.25967906461646 2.81061812952327 2.42612588573225 0.180253280869148 2.10515802600278 1.93060598574002 4.78786899908687 4.81468328009806 -1.28984497033966 -2.04963712244441 4.86975730829299 -7.85987423552143 1 -3714.40726158655
"1" 2.76130699226822 0.825651797661014 0.160841039839941 0.372420448184899 1.23093192788047 4.27191380297118 4.89640118505781 4.78926362514684 -1.80506050651917 -2.80229447861039 1.79244322559107 -2.06405232534575 1 -3504.33621522057
"1" 1.96745828818014 2.48581021834529 1.36682220287081 -0.219877440339165 1.81672448572621 2.10371714867841 4.80296476984896 4.84423903313771 -1.7691197344534 -3.30332364929809 3.64983112174864 -3.12586601188231 1 -4521.97574741791
"1" 5.90566848016467 5.6197277352998 2.06903575279186 2.56518231635066 4.23508332446128 6.5490288047906 6.24398001759556 6.23684608740267 -1.51633598009529 -3.71119788945237 10.1838166728996 -5.82384888550627 1 5540.961064123
"1" 3.21653141015661 2.9649716558236 2.64188735435385 2.99832519316883 5.13130292679368 7.49055163175404 4.16177345494165 4.17230366080405 -0.453411100028927 -1.34084391358174 4.71104659266406 -6.04614870928909 1 5008.92043300156
"1" 2.26891991292303 2.20623824591664 1.0441351255071 -0.327274821460022 1.79360896028306 2.36081085063101 4.74463534834304 4.80472011847982 -2.07292265375167 -6.25992184766118 3.86161399734846 -2.9622289568022 1 -4310.51656461583
"1" 2.57271832720586 1.32391222093082 0.560078638655056 2.03608499885502 1.2283064609127 7.1610686597407 4.57900672890555 4.43963706096826 -4.54699825198167 -1.56759368169427 3.63627921382353 -1.20800701764341 1 793.914392858467
"1" 1.67694767838837 2.54038013433747 1.50768478556798 0.00203290906943694 1.67291681834234 2.01393166743894 4.73292971484215 4.78798746606093 -1.202774953673 -3.83993086236361 4.57070282990637 -2.44991150242872 1 -4096.62142270536
"1" 2.56456426885894 1.88891608894695 0.760258752912898 0.109351518001137 1.49439035868564 3.15709747303259 4.70972504678759 4.72060353138215 -4.41865539443079 -4.72313939668311 10.1221447441209 4.22039422118315 1 -2956.48359977073
"1" 1.74671215343722 1.69853149478609 3.77425396968944 4.53811547594054 8.90833232681292 10.9120200519701 4.17744583792174 2.69965342489491 2.43455028272516 0.935841247830231 4.24518221037688 -7.82932504128975 1 4255.93683318757
"1" 2.73201117508645 0.909947847502512 0.17860100516868 1.49756074577028 1.18200289061525 5.79668653203722 4.84753924965462 4.69701551965913 -2.17973166230521 -3.37286157742909 2.97698013668182 1.19258020280646 1 -1278.24097970637
"1" 6.84343999348738 6.67909006333603 3.21721496460862 4.65227294063746 7.37906318289463 10.5686753447765 0.0402088796642254 -0.112707941845148 1.79029473951811 0.773104961080832 1.88326326121435 -6.22192065074604 1 5722.19789711916
"1" 2.95937868316693 -0.619503811435869 -0.203798490624056 1.93718049077347 1.0691881779085 7.54611760033089 5.20667467143779 5.06644972926026 -5.73520766315007 -2.30371301360172 5.72928087771969 1.28258880289536 1 -4367.54784842561
"1" 1.33716549698657 1.39221940786827 3.44652665513195 4.15633746462779 8.11989908522094 9.52308942769523 2.01271575423722 1.07149521766165 2.15257231822917 1.62750369107973 2.87965108022374 -6.27517534782327 1 5280.00196929012
"1" 1.00459479555931 2.87949279941904 2.31976312375908 0.044517252278447 1.90422469727994 1.69189075287504 4.90645716831708 4.92308414207366 -0.503448429061581 -7.2536362806285 3.74118314738769 -7.74569669501015 1 -6167.75046581247
"1" 13.5404950837225 13.2162808024044 2.11474020204001 3.47451359506819 4.1785985950354 8.6098925503664 -2.5763507803592 -1.50871641228936 -1.32800105201063 -0.623052674611705 2.6866384558399 8.80683847592028 1 6021.36662599103
"1" 2.96789412052803 -0.272778366724139 -0.104062030235284 0.504026355986897 1.13418447601113 4.01496769350338 5.131267454981 5.02057858961435 -5.25587943902188 -4.4525070671836 7.45910506525659 6.85680256407892 1 -6184.23210624126
"1" 10.8183735741989 10.5725942525018 2.32900859486928 2.95522437473154 4.70768840568664 7.3252975081152 -0.249770638919522 -1.00012422247553 -0.949822858745399 -3.78147442667922 3.28185163263899 8.75671344043748 1 5865.48949248943
"1" 15.1811532535427 14.9106649079924 2.61919258810757 3.31373709517187 5.23546167907444 8.4979634032794 -0.465228385208776 -1.30915013009658 -0.381249131206453 -1.0413469887493 1.57266261762907 -0.615830712135148 0 5854.66660258937
"1" 2.76330437233029 0.292065264712875 0.0406330214694078 2.45249499197094 1.19004613128775 6.61129914120427 4.92543234952458 4.69463912699295 -4.59160102905152 -2.05702463199409 2.68701307877739 1.40110087832605 1 -1856.01751841711
"1" 3.1906653267528 3.17067771284771 3.2828921456086 4.43971240285653 7.58502287999127 10.0831929862495 -0.289539508851022 -0.504530369763856 1.55172057981947 0.210627120213843 1.36209151728681 -3.45302812829506 1 5725.04348040388
"1" 2.76183336651692 1.60083217582056 0.520984720251233 -0.522313582119701 1.54268743210792 2.83225360147226 4.84367379894046 4.86507604219006 -2.13484577552594 -3.58565707606511 6.42587893151234 1.31033125621261 1 -4310.15882178403
"1" 2.45870761484598 1.49527738647695 2.79044775789152 3.43573809201581 5.39704865873904 9.11974121032625 3.73798757364532 4.13180833669067 -0.106373730720895 -0.515287228086234 4.00021128912381 -3.26261756722641 1 3714.39533660941
"1" 2.86777317956861 0.264101812029814 0.0643017296491908 0.171280978069662 1.20379166272385 4.95244729717774 4.97240746928641 4.82863637141878 -2.26610890351673 -2.04416705291601 4.76264467375695 4.43344210831086 1 -3606.46491111465
"1" 2.71043676769877 1.07966212491512 0.455114093086712 1.99354783648685 1.31547063207133 6.88027920384655 4.68543113254003 4.5543528500151 -3.54281989319982 -1.92708901364853 4.3375022678864 1.89162396532405 1 -28.4676734570749
"1" 1.22666799794211 1.68650336757117 3.73691037290214 3.93092976796217 8.53974627224495 8.96567414793955 1.26828083477783 0.951642036384784 1.92271760433879 0.868091766561516 2.78885454499817 -6.47194761417243 1 5398.09806534879
"1" 4.38209521527517 4.27752052914033 3.38815201601025 4.48267337151179 7.97928772472537 10.3420284654459 -0.624076387236577 -0.522632398901931 1.73886500931907 0.816028381583615 2.0021014839626 -4.59809204417687 1 5715.12201560585
"1" 4.11454294355512 3.67716804566641 3.22451550402243 3.14429427143595 6.33726013781934 7.49558326124683 4.91578741488602 4.70151365614474 0.667103759127837 -1.10497277308094 5.69171091578451 -7.01436672035818 1 5362.45716582886
"1" 2.90822445568465 0.814334160085117 0.281238532536381 0.533145664740148 1.28298559008057 5.18751216007528 4.8594780494931 4.93609694766585 -1.94501977631817 -0.187395700134224 3.78593508878156 -0.0622588527282981 1 -2707.00863475219
"1" 2.80722491337775 0.941611011047106 0.281683907793756 0.842819952840559 1.3179952022854 6.76021295773445 4.81512044468497 4.7293196148295 -2.39609741801616 -1.6435607015774 2.99352327349552 0.804627881923938 1 -836.624771131079
"1" 9.83609992445578 9.70086724849904 3.29228371621593 4.72034185078002 7.68680747492646 10.8556169750677 1.45788991524547 -1.12212131798498 1.86360628798569 0.908748225170643 2.23557301034468 -10.8943216883397 1 5672.92393859688
"1" 1.38823332788143 1.47365110056339 3.53305468747266 4.36572213826813 8.21587175516318 10.0858238791337 1.42382385953051 0.616335270658947 1.99793291647223 1.15346002902782 2.34640646577763 -5.17700473880884 1 5230.41446518753
"1" 1.63792055892271 2.63710003126337 3.16067960233506 0.0812543112226915 4.15137225189252 2.96666541062481 4.62554839741668 4.5603630287097 -0.890433512206152 -2.51398213885214 3.24274383601517 -4.29024610879201 1 234.638627376647
"1" 3.6937957845434 3.33352986496569 1.95621935679535 2.72938922899797 3.83680827341471 6.79935316308997 5.1119648338226 4.92572631950354 -2.81899501303384 -3.79108309950691 6.33519185056684 9.19709465051306 1 4535.60062843958
"1" 3.42775840616918 3.0700694558573 1.86503766649897 3.44813132782512 3.6989374127554 8.87754789725941 4.09456132588529 4.86874590717253 -1.85210804361079 -0.350049236344029 4.39863077954495 -0.999012261373021 1 5283.98580939169
"1" 12.1366708455542 11.7195345757173 2.02988576937258 3.24275997740366 3.99293263471797 8.19156842828465 -1.87086214192315 -1.48846352759703 -1.43171152700489 -0.965014124549451 0.876514534377297 7.98297522048118 1 6004.91579183273
"1" 2.31744101796588 2.39432612509154 0.722713275340628 -0.35115355183785 1.4762533871885 1.87052991456749 4.95754732010896 4.95265843690488 -3.00657894190077 -4.67336819406291 4.12865794755791 -3.88887605729411 1 -8009.66223887725
"1" 14.4310266416596 14.1784984510606 2.00319758307192 3.49393229440676 4.10532089423167 8.82915170277634 -2.25779173972547 -1.14670216451705 -1.75020731792514 -0.823364651788282 2.20656746667443 7.52158356992871 1 5901.10133794067
"1" 15.9335501651994 15.6398241239144 2.2384638840366 3.31384010496951 4.43942328828346 8.12928830809899 -2.04927375391051 -1.06598455121712 -0.930967827923138 -1.21264047664844 1.18219622031021 -0.980184097106509 0 5955.27753825542
"1" 8.61125096643502 8.14977693048407 2.30469491868953 3.58381966371593 4.68638758906832 8.88372122202852 6.94986902933759 6.95010989129001 -1.18027436925202 -0.706774210442653 4.81606230587149 -10.5347415423565 1 5814.75944721937
"1" 6.91852747339689 6.5494210260541 3.18625157125471 5.41431742744566 7.50648682755199 12.6040909809555 -0.0271933144146566 -1.33281662723612 1.47161285947022 1.60781112002927 1.11831460998453 -5.18326357984184 1 5835.64267344846
"1" 2.51745267158925 2.1538773738173 0.412076271254859 -0.273910468033709 1.28315354413189 1.83747987897087 4.98979732150524 4.98048089620922 -5.49843531645532 -4.57130294703058 2.50178505764265 3.19700404554598 1 -9412.35529241338
"1" 1.54616546636165 2.79123547874957 1.60534573013231 -0.0741023410532426 1.73434850637149 1.80954321163052 4.93900871113335 4.92196119739708 -3.50770353011938 -3.76607341591257 3.38796423238721 -4.74356885882988 1 -7438.60619110695
"1" 3.67448445750736 3.57015847058311 1.98925027980163 2.83403024428844 4.01991897296024 6.89586822497148 4.66911006966522 4.75586278740183 -2.26096976026164 -2.49935696106879 5.29773251229073 -0.134218337509483 1 5023.08284939081
"1" 2.78420483887424 1.42791565849358 0.441947655255345 -0.416262544635104 1.44453814374263 2.86349514861978 4.8478820538708 4.90851359644301 -1.87243774880424 -3.37226483723353 2.76555764186921 -0.942765307419429 1 -5074.44526476903
"1" 9.0471433027355 8.72433420693055 3.2057049389104 5.65438775324373 7.54402315709329 13.0811545839672 -0.0663635901896552 -1.20620312740151 1.73744181322546 1.37314605657506 1.38843967838963 -8.66114111043837 1 5741.89903282857
"1" 6.05554869670863 5.80628474071007 1.84681072808121 4.00038063686804 3.80327540841226 9.82169550575019 6.71583219053849 6.72006919255166 -4.23256276037155 -0.347025712084113 4.94514626098516 1.75554236197349 1 5281.17507357357
"1" 4.98264398681657 5.07710689778793 3.50548951362381 4.51520218568965 8.27040595892065 10.6498418956312 1.99819685038899 1.86091981815895 1.8483841474636 0.918158996520199 2.54432236642072 -7.69388446414378 1 5479.55596938778
"1" 2.81985491791007 0.844798893673369 0.104409320384403 1.27588655857513 1.13976744558917 6.19425990743072 4.92193790494075 4.83616045201443 -4.45763785681623 -2.62858677537883 4.04659252456707 -2.29316335044399 1 -941.152928490214
"1" 3.77174297941982 3.49944342719503 2.47458668342167 3.9186499251522 5.66844868101836 8.57964435328567 5.12823024192189 4.66194306979677 -2.3657659033149 -0.997163208699188 2.59611459787012 0.876612635458891 1 4851.87339721002
"1" 2.73233655611293 1.21177302208213 0.744723626983646 2.70229347023393 1.66059353992613 8.52170731782524 4.59012353853493 4.32847443279865 -3.46394146862103 -1.50314682029819 3.12124737395654 1.12143527745778 1 1223.18550362012
"1" 4.32631812292488 4.34962566123783 3.52411768643891 4.38192085885799 8.03922367009494 9.93703078412651 -0.381149363626872 -0.504451007159407 1.73621569236924 1.18296372884957 1.54147259662319 -5.56236829922971 1 5587.36591268206
"1" 2.81786976641687 1.00556473696751 2.18878693250712 3.4937699436817 5.04747968992265 7.92994702480711 4.63242367279307 2.59605999791297 -0.560103087879613 -1.08539328254007 3.86435995318348 -3.31844170204083 1 3538.21586294291
"1" 1.53794039117838 1.64534783671642 3.50827823097373 4.26916650239954 8.04444174406309 9.73115973216428 1.99455160837866 1.18390872712301 1.9429693071034 1.34408005888805 3.03687683451483 -4.60265044751983 1 5219.63118772662
"1" 3.74407066766531 4.0517628593071 3.94467248209188 4.23322375354654 9.02972410687726 9.72481937349425 0.427692590570757 0.0526929824541619 1.83903129371164 0.849032292549358 2.5562912254286 -5.73243991781548 1 5504.57297196262
"1" 3.19611664343375 3.56000034549229 3.46493894473646 3.92473681318985 8.21045542472566 9.24603490531536 -0.176136897869631 -0.349199416235065 2.077768754334 1.23770620539751 1.58396566138135 -4.1885527571487 1 5476.05274882345
"1" 3.00062356243019 -1.09868118513114 -0.276365535989872 2.90502267413602 1.03261294115955 7.67100912952813 5.28456065315953 5.65275691330827 -2.60806605516715 -1.87651616116283 4.76200072674433 2.83705465332104 1 -5173.98720978377
"1" 3.50867445605925 3.21389115963525 2.20896380635113 3.80286152848429 4.43473696809086 9.43686763970507 1.3898831734451 1.08998132458329 -1.47737197589547 -0.571084058738816 2.35398121466242 -10.0640612327028 1 5802.63327171229
"1" 2.63220218975268 1.00457452727847 0.294918682756689 2.54628343490558 1.26633297324216 7.19653960058624 4.74767105246397 4.50173369979452 -3.79775269019706 -3.32659047824024 6.86403515929092 -3.36539397858684 1 331.720799385505
"1" 13.9696554995202 13.8646008025023 3.59313393115426 5.15543587435868 8.33266914967559 11.6868511812549 0.0243158976026699 3.08513724059325 1.64359264629292 1.34436828811519 7.78406401666642 -12.0582176144255 1 5362.76629309804
"1" 1.8734762863597 2.22253386109343 2.27490111273673 0.022328684905382 2.6499128611783 2.60542515759977 4.46921775585185 4.60027912024216 -1.85029066546998 -3.09227641201454 5.76716259229804 -0.206615425475947 1 -16.4802441940701
"1" 2.49953902565726 2.18944400546311 0.547989006681226 -0.335307235617471 1.39662190929182 1.96920911472602 4.94744548613822 4.93965323820105 -2.36340556051928 -3.14412300947962 3.79631309625245 -3.38093491597756 1 -8404.0539896544
"1" 2.91122183601307 1.02416116396615 -0.0449312965636122 0.0924208630595918 1.12689716377451 2.12642776702685 5.10414951421607 5.10901573401994 -3.57961366249875 -4.69600087447619 3.06953929115659 1.3330926169536 1 -13288.5554820557
"1" 2.03897970849413 2.29016790928162 3.60649906755867 4.23939201957539 8.1467358300442 9.5982802370718 0.196633583570884 -0.167995558362674 1.7379376461976 0.945186928455326 1.75407395372979 -3.78689775521417 1 5397.9686738305
"1" 1.97684891504687 2.5145379829029 1.88008182840307 0.124694873789096 2.20593231758131 2.72428520864821 4.66167728661857 4.68927256948874 -0.67234658721308 -1.42623383297041 2.96239366409868 -3.65156327897108 1 -2371.99983372605
"1" 2.97541623803437 0.286735110445409 -0.136201659346761 0.666833997967007 1.05300878619182 4.16284014703546 5.16088604999038 5.22514368405893 -1.89270940819702 -4.57432960769095 3.323600546642 2.92945394038018 1 -4854.39146403891
"1" 2.95763103122961 0.465221153746991 0.0769217598716099 -0.304395139171157 1.29474496743925 2.48122281037608 5.01444400148726 4.95771782916644 -1.98329736009231 -4.55660732792423 3.13720147762766 0.106854109526913 1 -6673.02265393584
"1" 4.45340419889598 4.13173812465908 1.95916721879512 2.48545196732472 3.86663095059189 6.32045193332301 5.38932728023699 5.40538046518749 -1.82654163390819 -4.84140674627409 7.41824526568641 -6.85010839670017 1 4979.20921123538
"1" 2.84596544227443 0.483258591253286 0.075233562907329 1.62148661118595 1.16419109479624 6.25855888438045 4.94531644789691 4.82009264729614 -3.4323598359908 -2.27260453516677 6.8284468938856 -2.21329546965983 1 -1585.63103991021
"1" 2.87582291869319 0.40689253752766 -0.0268250275690221 2.66593790122957 1.08958631729031 7.88937873735945 5.02462805458446 4.94252035570241 -2.5130673479027 -1.3959491563228 2.75959330412287 1.25482650953347 1 -1526.24092691862
"1" 9.7500908518761 9.38213626602456 2.31587176225892 3.63441019180404 4.64929944532196 9.06252094435081 -1.63506538820018 -0.739528056771814 -0.988611535238509 -0.725437126028167 2.39608305136421 8.21651979472763 1 5847.55806235904
"1" 15.5147649702733 15.1597654511017 1.91303115877703 3.46414965585792 3.91735676492255 8.66062913071488 -2.80714577001966 -1.26937721270288 -2.29275351452113 -1.13235912413331 1.25852050020102 6.66154693964129 1 5973.74587480109
"1" 3.46226117623178 3.31307712674628 3.26013765399722 4.30667833849025 7.61070893983276 10.0189585126583 -0.277367273312697 -0.438829318838927 1.66137381829404 1.06172594299154 1.47874881556191 -3.30780627308193 1 5590.74893123462
"1" 1.73096067961023 2.17982872985043 4.29914492657378 3.8105128135726 9.53406572257759 8.48436349609395 0.520003045662827 0.813844881425978 2.00788464069895 1.19605090272504 2.79413689011024 -8.38807038301803 1 5434.84062478752
