"1" -1.77864976075685 -1.43505096378222 0.779732144436014 1.37797871858301 3.0801070128291 3.82131326178341 -1.22490678604665 -2.72571908087119 -6.45800015265719 0 1155.11177596552
"1" -12.0269936366291 -1.28239617451315 1.21015940776184 1.44252207600664 3.00609423968279 3.73774408379214 7.61201515161786 -5.36071328939899 -3.88982843226134 0 1144.48486239413
"1" -1.69621819968693 -1.35671139347137 1.14309025621699 1.58698995777531 3.21852479463605 4.22987161413043 -17.3944136027907 -2.39346781895281 -4.18262322315685 0 1170.34886978822
"1" -1.5009559168998 -1.24374590090745 0.984980150978603 1.48447774661338 2.75566210801834 4.11410557771923 -2.56203909109495 -4.21639687456108 6.52486591884155 0 1268.69539741845
"1" -1.77325416673414 -1.32475200349041 0.951525386930959 1.53685743674375 2.91068591529363 4.16477443893495 -0.93625949757178 -5.09389384495706 6.23890167348768 0 1187.78280303216
"1" -1.6807936549243 -1.38742286476528 0.841266567652536 1.62385201739208 3.34906708337442 4.18619555270291 -3.71413094856352 -3.11664151379384 -6.64851987062507 0 1154.11331621828
"1" -12.4632887491161 -1.49872872852113 1.18454935208638 1.58525126669195 3.15249831025306 3.88322540978529 7.86021600377263 -10.4761712363094 -7.92615140719336 1 1050.23831143338
"1" -1.50694782216113 -1.23707249328085 0.875123016030779 1.44030923563046 2.7815140332842 3.91593967945856 -8.94237852278049 -9.86408327324192 -2.24734710615922 0 1260.14086422544
"1" -1.54389523507097 -1.26114191563109 1.11604632620187 1.62213390189322 3.04599290948701 4.21424159473704 -5.63640345127099 -4.30080801253263 2.06584126177356 0 1244.03428619787
"1" -1.63221360733531 -1.27394436351532 1.45259665832696 1.58758447138821 3.36683566544181 4.01555918528497 -3.98443570892308 -2.07487835594748 -6.6127072900395 1 1239.30495284177
"1" -1.81481452200662 -1.40734584684026 0.785740710254048 1.6258869839297 2.76463908446165 4.05675248173487 -0.657706995341993 -2.96312067757026 -6.97585236470512 0 1180.50988976738
"1" -1.76058287106154 -1.41064850757501 1.09905531197491 1.30094993051592 3.42200829744945 3.92855228412072 -9.53138040229058 -16.7355344667605 -7.67302630303251 1 1121.98304234433
"1" -12.714785265448 -1.58613445775394 0.986466985526927 1.53925993073893 3.0746474961478 4.05511845501967 7.88632959267518 -5.7378573146221 -5.96316609713516 0 913.400175590614
"1" -1.85623282917257 -1.44795098238663 1.08858378563485 1.51256766047894 3.0922075822283 3.87363801465151 -1.08027149645368 -1.92175827580303 -1.76729989181286 0 1162.93302034666
"1" -1.65982732594191 -1.38596914128338 1.06679725730093 1.4185075943148 3.38882744631297 3.82571685350053 -13.5033767804399 -13.5355910870492 -0.984006167549694 0 1162.80309465778
"1" -1.60078873377179 -1.42772249207681 0.924888029653581 1.62388695376826 2.53886526075252 4.20403056670118 -11.0070753461158 -3.41192844017975 0.433152983183787 0 1160.72265329924
"1" -10.4870824681854 -1.44059632436333 1.17182809180901 1.42241913881784 3.2081410880054 3.97434422542432 6.64656175205426 -13.5922946885006 -9.65116796548823 1 1073.88307498611
"1" -1.61561426220093 -1.36309075453389 0.928890174278709 1.40864374297672 2.92489149165111 3.78015820591809 -1.79407925064627 -3.49914217194291 -6.63652385784351 1 1213.69249890395
"1" -12.4653079391726 -1.48633999428234 1.19607998352162 1.62482069882671 3.18897780646374 4.22619597366722 7.86130042973651 -9.91589817480004 -8.4482571422671 1 1049.31581942169
"1" -1.89533992263665 -1.52210849755052 1.40056474620356 1.40944333080946 3.59117195969509 4.04798107060177 -0.878229181736863 -4.1592233869984 -6.83711471488179 0 1101.78614152942
"1" -1.95629325289926 -1.37020402426584 1.27041511350435 1.67110764605064 3.33809997611124 4.09461222553442 -0.22085906803705 -2.94130842795739 -7.52704104792157 0 1208.61281931637
"1" -12.5613098218414 -1.64749922596412 1.39135452606232 1.86620180886783 3.50814205958554 4.73829711339703 7.68412625081256 -7.66650249580843 -7.96949933837389 1 865.506898487167
"1" -1.70681330970577 -1.33348328692869 0.87239175820283 1.56030590202734 2.72984136198854 3.86384463432932 -4.29590783928538 -3.67624868795352 6.34949220048882 1 1164.96444823219
"1" -1.73662991249454 -1.43764357022265 0.854709819516409 1.58535593584383 2.61337528991146 3.86814560885488 -10.664173283206 -14.6662517117366 -5.55502902954592 0 1112.60643887877
"1" -1.72179819319066 -1.22196732365235 1.18749482422063 1.57396528459853 2.99530821000363 4.10412759525996 -5.70020260709328 -13.9248455392319 -8.86905703963714 1 1208.72114942801
"1" -1.56123750577779 -1.22890038876824 1.15298259288576 1.3016298627044 3.53351825624447 3.50436478084558 -16.5686764103887 -19.6904530140326 6.81833854274662 1 1258.18338961888
"1" -12.102741997367 -1.41433429309618 1.13941243513029 1.80659111384407 2.74986173717059 4.16484998969333 7.61683350024741 -5.50615898728482 -5.4399857051192 0 1060.54991997443
"1" -1.52945910805568 -1.29313819432307 0.790616634087138 1.70898566301453 2.79414362887395 4.06631894141055 -3.97895815937653 -3.24209911589564 -6.32699057571249 0 1232.48609396757
"1" -1.60649238093403 -1.22384536137549 0.943101280953818 1.50765570494517 3.01185889544346 4.11402363717273 -14.8111478347324 -16.464816257644 6.65235005086211 1 1234.32030909288
"1" -1.49060790904878 -1.04715860021526 0.724101373870356 1.51034398946607 2.48678938671928 4.00011072630129 -3.87457358449036 -3.98907396171654 -5.99192712679823 0 1334.96867425613
"1" -9.94389566022442 -0.798913080649687 1.5270941039406 1.09512457158015 3.74025750415808 3.12488921408112 6.61146805190441 -13.566916363908 -10.9237557963682 1 1041.95159064323
"1" -1.77697656518707 -1.22915427222199 1.03454492553005 1.51686733487623 3.07127551856855 3.95204602800007 -15.6539526567121 -28.6545676497031 4.81965905080047 1 1188.62374971581
"1" -1.64232613717303 -1.43477289738944 0.635524608222005 1.56674725119228 2.80176726592509 3.98796728434308 -13.383826392879 -12.941052392006 5.59631162735538 0 1125.99396616589
"1" -1.85179514645337 -1.43050816805692 1.13123058420405 1.71047707348787 3.46465363056845 4.33092788819593 -5.59619282939948 -17.3465113171893 -8.96779757765678 1 1082.26068942572
"1" -1.55383756606391 -1.31825715426098 0.233584773417116 1.33268720583217 1.94997116367591 3.57265577188312 -8.24566507364352 -7.81277717901213 0.335841763709879 0 1137.35253802704
"1" -1.68932878458259 -1.35080413130847 1.1452547036413 1.54868928432822 3.38061858254636 4.09559059590644 -2.01912788379436 -5.4671107217776 6.05155635110809 0 1178.25456547696
"1" -1.7835934310358 -1.36414024611388 1.13235235814494 1.69710913663092 3.27027657599123 4.17545055209713 -12.8411820262868 -14.5938006084145 4.71771963497842 0 1130.08636022853
"1" -1.45755745497334 -1.2857036490945 0.871516230534029 1.88983112826081 2.79404917863592 4.14395934181661 -1.91805420976859 -2.95083760429768 -0.00928527192006449 0 1273.83217642796
"1" -1.93211744656596 -1.36195209816216 1.00905236863471 1.57955319465421 3.20203481520865 4.02420924751305 -0.979923857962925 -4.84268280663942 6.6170089904044 0 1129.05773107478
"1" -1.6142336188543 -1.25198147899749 0.931058216106834 1.61101625129011 3.12379439914849 4.31104835098677 -1.29446972510035 -7.13807856892242 5.24959308297036 0 1247.51426083573
"1" -12.4315994776998 -1.60852180830138 1.43988904620722 1.26427084968084 3.47570139070725 3.62289400375843 7.82667821516967 -5.6889942622562 -6.11376888225025 0 970.864405221286
"1" -1.87722250651057 -1.395142137079 0.892363538608428 1.84267953375892 3.07903431548489 4.85777847683465 -0.942956819542131 -5.73164668394125 -5.90745034300199 0 1122.46004313275
"1" -1.48626934211275 -1.19467871550401 0.929873605327192 1.639415123167 3.2525410229055 4.0751939243933 -1.59193986275691 -6.17523456666982 -5.56692008304065 0 1308.50794071064
"1" -12.3911833035375 -1.3720197850264 1.11072049588045 1.33742640029298 3.47656873081517 3.5774220905338 7.82881179513878 -5.5689845290167 -5.49179687879685 0 1069.85289141359
"1" -1.67965865753509 -1.24852411383124 0.922253086897546 1.45538727879843 3.33446175224447 3.95223834398356 -4.70370560538617 -4.12336904838583 5.93833477062544 0 1205.79635155843
"1" -1.62787245195303 -1.20828271287101 0.760527256903833 1.46007907622855 2.67655897699709 3.98210041293282 -4.53679127504661 -4.02370591550884 6.09245580426248 1 1228.16833687437
"1" -1.41072077474684 -1.27030336484611 1.06847300427705 1.61882903870583 3.04465212298538 3.80449410469248 -4.21735876516651 -2.01778823724778 -1.71842865072012 0 1311.69686054673
"1" -1.73496499299256 -1.57731575648165 0.862282393127529 1.46374067250048 2.81023915982155 4.28026580470193 -10.7306312424582 -3.0769960532373 0.303527295105899 0 1064.57655781617
"1" -1.72367569277358 -1.41030438056828 0.942829205630411 1.62652892504609 2.83259879966938 4.04886999401262 -13.1312989411402 -1.81211599072927 -2.43315725648314 0 1149.52897627684
"1" -1.39117199435719 -1.21149081099727 0.821322535852453 1.54090728059441 2.92064075818533 3.8019809027661 -2.8678032379924 -2.38549824615222 8.19836524703391 1 1314.42543939866
"1" -1.81586877098581 -1.49963135441003 1.17263665438063 1.85836285146777 3.55651809619029 4.63387222937587 -7.41602217479025 -14.3487388257979 -6.42996649204212 1 1061.34918347606
"1" -1.74220301166953 -1.4269835004474 0.809954457008918 1.57710010847223 2.81044352248406 4.17830475513939 -3.5190383932439 -1.80559032088918 6.64346771166969 1 1126.37526395995
"1" -12.4048993143039 -1.55926245494911 1.21140836355969 1.42135816903744 2.9961104792439 3.75887386154918 7.95802905355023 -10.9109841543437 -9.33410697443558 1 972.076841601809
"1" -1.83279724962161 -1.45030683935292 1.07987407202569 1.46526852895965 3.08477698354705 4.10331816337375 -0.37380884760752 -4.34132601618689 -7.0740577144497 0 1185.43940677233
"1" -1.57405474423967 -1.168407826148 1.01510290578997 1.48860357774362 3.03140775768522 4.22790379137228 -1.95944816408686 -3.94810242434951 -2.68151196750345 0 1291.78055927458
"1" -1.52903311790014 -1.52960326131673 0.856456593333892 1.60975953165587 3.01118815288395 4.24501919814757 -10.7066741295618 -10.4097534273248 -2.54237001446498 0 1141.17023460695
"1" -10.7160297501708 -1.73082157822848 1.32881366540949 1.54419787916002 3.2711885354527 3.79905649545975 6.70031884271808 -0.899523926516776 -9.26828513185464 1 1030.8544354706
"1" -1.49739276923823 -1.44943310639747 0.611311562671414 1.48117424900202 2.53349421560357 3.81280942516122 -12.5954420626109 -2.11832621452803 -1.31455045050883 0 1178.99003661511
"1" -1.65753803575593 -1.42405132840277 0.873602875160614 1.5781730561922 2.65009044640199 4.6602881754873 -4.48931796919843 -3.22311985986256 6.09578066047316 0 1135.32239291791
"1" -1.70630380327344 -1.6336396052164 0.96596164357123 1.46564745236333 2.84836944823237 3.9376462234912 -4.26111103620781 -0.956846455780182 -6.36671336497654 0 1117.80116459428
"1" -1.65170522937505 -1.25268349172292 0.959473690471422 1.23326347005155 2.8538211604369 3.55644362091011 -10.6703199741936 -2.6476648964122 -5.06616754016122 0 1226.1979733332
"1" -1.85914050434466 -1.28337843609678 0.782912873886277 1.36155075485622 2.64825136882877 4.02721328712142 -0.835533251183202 -5.49668860626816 -6.68386890352243 0 1186.09188795063
"1" -1.49755571840288 -1.34457005526704 0.866404344565216 1.48590055195617 2.91651090222084 3.98915897048641 -4.18824227089285 -2.97783800010155 -6.00615373902038 0 1232.23506439186
"1" -12.4391967784868 -1.52432161929667 1.18725840206397 1.63573118868146 3.48528826794068 4.21022457402549 7.83592853994443 -5.68930834027289 -5.42758124912035 0 996.455863141069
"1" -10.5838608834644 -1.53412537125133 1.26388638404805 1.64019245140076 3.60310235425932 4.30030802151317 6.30925460903875 -14.0205023199653 -9.49386067461353 1 1004.89408108917
"1" -12.0686338264752 -3.61934023362891 1.25027493473248 1.50223310369835 3.69861957246614 4.1568645923645 7.64042506679123 2.52884372405965 -9.96586374531725 1 1026.09393455898
"1" -1.82878012260885 -1.5247424242808 0.977999414934719 1.57452084794911 3.09680901352574 4.23951874738618 -1.5487178503196 -5.40965320742418 6.63752203065081 1 1076.72515485209
"1" -1.46763121616787 -1.28479564071516 0.687399671166649 1.68198879885094 2.70797466494887 4.4399619201605 -10.861400922275 -3.80079340041689 -1.92614892737226 0 1234.26196897645
"1" -1.66553566159271 -1.29623723043929 0.857687377678816 1.35877006712688 2.91298970378741 3.66637564738241 -21.301747906183 -2.5501118887152 -3.52705297401359 0 1200.81578938124
"1" -1.75608675424987 -1.296518484954 0.631641266282094 1.28170791211762 2.41428344201564 3.79546900450232 -2.72217710146791 -3.38670032224582 6.32390320242706 1 1152.03986786687
"1" -1.39767807637515 -1.29158765523254 0.87143250998097 1.51018045612642 2.85547718680181 3.88117943992202 -3.26879677234896 -2.43482748504474 6.24629013851937 1 1283.62586221559
"1" -1.50125932070635 -1.12557733861221 1.01658240409129 1.47914698847325 2.92323049219475 3.87371545604901 -2.20349405563807 -7.48234048226561 -4.73835258871238 0 1326.63519142688
"1" -1.74020004052273 -1.21503474947483 1.11809761737521 1.53415613411267 3.29366182960488 4.01571733498127 -1.2872947070085 -4.88819471053126 -6.30753232650042 0 1242.17730245164
"1" -1.72269667670579 -1.37605283706234 1.39587235778229 1.46272493997069 3.80198647265157 3.94730488669684 -1.64654477173545 -7.45440832199256 -5.01293480768306 0 1170.30309526635
"1" -1.62026911183944 -1.27814389720738 1.12580411896897 1.20063834630827 3.29664771287317 3.75522361616567 -2.36745159267599 -3.54081812565849 6.65488696037176 0 1225.63992671559
"1" -1.61168117425085 -1.27112986968111 1.10529635818568 1.40319109683371 3.31758872819442 4.14670269672844 -1.73572999231628 -3.59492756479359 -6.78168616970509 0 1250.05546777651
"1" -1.7632563185598 -1.45312334491655 0.947318767867839 1.54128563370786 2.98374739574182 4.09264283524263 -14.3091361062338 -18.0824902274607 -5.01226988443884 0 1100.61394472754
"1" -1.69533725634296 -1.33220030238438 0.949626917586113 1.51636573343016 3.17104629015643 4.06613181371364 -1.68958832303869 -4.94117426768683 -5.84087850318624 0 1192.41250952559
"1" -1.51744086589548 -1.19214442290153 0.787589736370838 1.46371193873404 2.61739668770274 4.06538911227222 -1.5453815171862 -4.44901986147271 4.90167049433545 0 1286.0499031927
"1" -1.80231807282567 -1.28546552263679 0.869321322528827 1.28529288491106 2.73289215121172 3.8109586223282 -1.07822429128664 -6.1316330307366 -5.5532253827978 0 1196.14414037319
"1" -8.34758553704504 -1.79596856321141 1.47696458630478 2.16748851665809 3.54342996818525 5.26046879466367 5.80354479679986 -13.7751133684065 -11.1583413640221 1 1095.91944737756
"1" -1.51967462380543 -1.12831245138254 0.834713361086023 1.67435256943559 2.7638038472908 4.40228899297169 -4.64128961512411 -5.14948675347366 2.63714354381885 0 1287.44980419035
"1" -1.59714299399211 -1.35481288181867 0.91708954656417 1.50770336020505 2.84053807701474 3.90666584268458 -15.4084765584252 -14.9851748292232 1.94159525027785 0 1189.07232674223
"1" -1.77709458584481 -1.40293767386256 1.28641033183248 1.48057720471572 3.23329716659255 3.68361437379531 -24.7934382970984 -2.32653106757616 -5.18784263979499 0 1140.54057499806
"1" -1.7240893128863 -1.56909827821404 1.14339701138985 1.54072132047969 3.27494731033066 4.357362476851 -17.9428210218261 -2.79773404419584 -0.0653569876880369 0 1079.93057554813
"1" -1.7097261671073 -1.2231099659516 1.14907934610504 1.32503856036505 3.28280189543258 4.02410640235232 -1.23473470092304 -3.76656434663145 -6.97187821993663 0 1256.4315022377
"1" -1.4183141006004 -1.26613858586607 0.847323646264288 1.52846449524033 3.02190604639907 4.04806410567743 -4.38382117120818 -2.55864606197004 0.661646516419007 0 1282.7478639471
"1" -1.53725895741626 -1.39060792286705 0.803655351450398 1.55444802091672 2.68124484898634 4.43454972359517 -4.67969344255715 -3.29585878598246 6.28632745142351 0 1184.15686772802
"1" -1.3853124152717 -1.16926368780765 1.3170684083249 1.62478041746796 3.25446657129598 4.1568048920952 -4.17102801255669 -2.59776102392645 -6.20704187138964 1 1348.29856561601
"1" -12.1640745452374 -1.56125415312659 1.04677954029821 1.44250410290187 3.29497617861583 3.98711321766711 7.66116531877014 -14.6143950428606 -8.58093551866049 1 1019.37343824863
"1" -1.557768453591 -1.40803574145689 0.770099733866906 1.53351826967401 2.62545248099161 4.32226750625508 -2.03987678692467 -4.53186470859803 -6.46767678794403 0 1187.47647433673
"1" -12.496778922123 -1.42230096160431 1.4796762810465 1.50690211345739 3.8678854369804 4.3403994035628 7.84436655566154 -5.6509035821492 -6.79686237732825 1 1007.16021777658
"1" -12.4262746172494 -1.58076543283 1.11539014749553 1.48665130186162 3.09670302751794 3.95467842994688 7.83323785387795 -5.66094253053255 -5.71794386773734 0 990.716910729687
"1" -1.77278835124134 -1.33690233927186 0.803588177828745 1.84515278756089 2.94062853132807 4.33004510353496 -3.2345023860361 -2.5252360369602 -4.65243651239203 0 1148.56324814891
"1" -1.64465785538978 -1.37217053084139 1.26970212228269 1.39523847127937 4.06085325891105 3.97724509588221 -11.0828694267684 -14.5304108047971 -5.88991706056443 0 1168.14917300747
"1" -1.72065030117517 -1.2092874636755 1.06904973693032 1.61669313997496 2.77115268137531 4.41160920085687 -3.31157502971864 -3.77837267104226 -2.84947689434235 0 1215.86841802145
"1" -12.1536402114622 -1.46541658054951 1.10521316382892 1.21916619024047 3.25004046053772 3.62193741540084 7.45994964611864 -26.2320215523153 -6.13045646918205 0 1018.58700167011
"1" -1.55013589608758 -1.14408533337599 0.918602020131765 1.54042854310394 2.84288795003798 4.22636706553112 -5.22600145994513 -4.41491418758982 2.25373822225287 0 1280.94321669382
"1" -1.75514014780649 -1.56935661500017 1.33678938227236 1.51181396294911 3.48628626538994 3.6408842427097 -2.02003457662698 -4.72420710165198 6.19927362604362 0 1086.44050281543
"1" -1.72382971866548 -1.48602649944825 0.880787760904284 1.60888727264869 2.88001027720104 4.21211924368201 -21.5058183676281 -3.22484967626714 -0.464126601725314 0 1100.39114612039
