"1" 3.37915859372546 3.00955010408491 2.1205627562606 3.16975758643547 4.05351402702971 8.02278365414378 -2.41877331982059 -1.1266985402968 7.25397159326484 1 2885.08018097281
"1" 2.67877885251627 2.26949774844367 1.99117907954688 3.41891424722409 4.0647456025019 8.55911304756909 -4.70773775336981 -0.739126635631483 6.21387134425128 0 2832.52047843875
"1" 2.36855478279146 2.01736231925948 2.33480393282106 3.97955010943286 4.54367284299416 10.1368944507033 -0.910792540193093 -0.269708693543253 -0.343918923440762 0 2795.58076991917
"1" 2.67393427175256 2.17283863682442 2.04197859093963 4.02840563322695 4.11589033293454 10.1989452703604 -2.36558762928557 -0.19370807936088 -0.981232645453612 0 2819.27594549093
"1" 2.53515101640826 2.06806923915029 2.44733736674376 3.39835771705876 5.00368986890161 8.35320623090271 -0.731096379358743 -0.833540995224367 0.0124676565848684 0 2814.02409945912
"1" 2.35119865608859 2.09064659570219 2.2177515730872 3.54697096019598 4.4096539369215 9.05236736850198 -1.05512990755424 -0.786682564294617 7.89298709038463 0 2807.02050006382
"1" 1.8322297599104 1.39681658021605 2.48678044123513 4.12972178577354 4.92008236348211 9.89138691401149 -0.183142822019758 -0.165169022184362 -8.05780981639954 1 2721.54907358358
"1" 2.26482599824602 1.89224600899198 2.21688133669104 3.69742598965892 4.16162291865807 9.39961342385629 -1.65823852580245 -0.236947693407635 -1.87216068766386 0 2797.05683056355
"1" 4.68285481643227 4.32534677510577 2.43626666060256 3.57053516493777 4.65247746392292 8.92344546764553 -0.946041662148554 -0.7909451603721 -0.341909384911405 0 2899.6427079482
"1" 1.91002033942896 1.54717391785751 2.23519945150886 3.24646507930621 4.36121768762079 8.12763241895539 -1.01953761200182 -2.48203605501401 6.9044062653859 0 2731.26786111711
"1" 1.94807364445453 1.26515155951223 2.24240555224112 3.18563855031823 4.59049565054188 8.13113706807129 -1.67650943594575 -2.20349193008396 7.48616791373323 1 2691.19369108645
"1" 1.96170512251574 1.51967758271793 2.47355942881497 3.90802037650274 4.74312033158367 9.8333517118306 -0.861454425804845 -0.0545771949331784 0.270719037082071 0 2742.0962310806
"1" 2.09508856622758 1.72057010474248 1.91823056730996 3.15681142199188 3.90968389505839 7.93551204728147 -1.91405818857271 -1.2597862965915 7.28292475986186 1 2793.91290838393
"1" 17.6075939446375 17.0547147523991 2.14199680230614 3.60592530125284 4.24692371196254 9.13357388229047 -1.36654918890324 -0.852254093192116 -0.0555430072858148 0 2998.82592337215
"1" 17.7370237703824 17.2916609992289 2.06776986455148 3.2518457156371 4.20622226103234 8.14154429184486 -1.40872343323553 -0.812085296080691 7.4362478236738 0 3022.68799194721
"1" 1.66809565932237 1.23067847893614 1.99119408554492 3.39426240907484 3.90056984468813 8.41017586291821 -3.38598657801996 -0.867993353913298 -6.84736616421011 0 2690.62635699101
"1" 2.78847161988165 2.30097353884628 2.22091217728148 3.47430682390638 4.60932470180393 8.80560914376024 -0.552119908946867 -0.765668307300135 -1.24416972467073 0 2860.98642837679
"1" 4.77850854711183 4.54282612555562 3.24141513903931 4.12522126113794 7.66243301999232 9.61913607823277 1.30680788029454 0.65042450362596 -1.97181751045699 1 2996.0294901689
"1" 2.12969120121033 1.69130778303577 2.56295575887255 3.82659585690841 4.98566340729266 9.11744767022054 -0.818886508314423 -0.903665195726702 -0.124848991866841 0 2732.4805200785
"1" 2.3504971066468 1.93336769526023 2.04484757942054 3.49854290840056 4.06769429819875 8.87054390178224 -1.72461629734047 -0.786073366223748 0.950516977718306 0 2807.31056166848
"1" 2.54710006230511 1.96183071499966 2.44866872270373 3.64737712844634 4.48859921331024 9.02692886285982 -0.807145168539756 -0.0859142483622517 0.0028906087507746 0 2842.13370999176
"1" 2.11857913374101 1.67284193779597 2.39199208644046 3.92108094173337 4.82877789721857 9.82886277175692 -0.416786561886324 -0.076220184567967 0.0567575101031477 0 2792.61537024477
"1" 2.88960702160209 2.43250685722701 2.29649164233228 3.60656546979339 4.77070919448794 9.21550761832576 -0.712377586910055 -0.493851778381766 -8.97814309689067 1 2849.20117913146
"1" 1.81420172065129 1.51449150873294 2.5323738810476 3.37505830631399 4.83823433554321 8.40000534887436 -0.570845974627305 -0.992478255703901 1.04479305331882 0 2723.08687815792
"1" 3.41517708335963 3.05116589108776 2.11110614144502 3.4656969257543 4.33944174025433 9.03046730329384 -1.18940520997868 -0.42604954278958 0.151659105323861 0 2901.71297353656
"1" 5.5803267789102 5.21612933038968 2.33456284433255 3.56500861502363 4.67392518984366 8.62630104444503 -1.33742221311409 -0.586646208496799 0.269093440008036 0 2907.63622060995
"1" 3.63055688051758 3.36886094265021 2.44960508787898 3.00703273560312 4.72278096961164 7.4782843616499 -0.239144654335617 -4.19450320520022 5.77576815806054 0 2911.5139540329
"1" 1.78039789860242 1.36607904113727 2.41687338703335 3.95522468448819 4.89255313401596 9.99042435639906 -0.678788402017271 -0.0775348869150487 -0.460590843949995 0 2708.29394625129
"1" 3.68516305661427 3.31971610708644 2.23488584403392 3.9023329405117 4.4423029325597 10.0438303220579 -1.26595186735354 -0.0600560358550669 0.0180199108929146 0 2897.05865349569
"1" 2.71383259649357 2.3788954995284 2.26512480988649 3.64410158358888 4.54918407530257 9.00159050385826 -0.811962373116441 -0.489034662370964 0.659721027517035 0 2853.79220495126
"1" 3.70029827712447 3.20102899960857 2.56692982379279 2.88512633118594 4.79278744019851 7.38520636632549 -0.554237202412468 -1.8167958175443 1.51949649771563 0 2907.29404670309
"1" 15.9780644670091 15.6847042325561 2.26795686143319 3.84359377129307 4.49804965547389 9.33584487597328 -0.87890893046259 -0.571896883022315 0.513459411119812 0 2942.14950640928
"1" 16.7692331334924 16.3773545744259 2.19654019570262 3.44947771767471 4.54371393336896 8.73469477784789 -0.886590902371442 -0.843220937991997 0.117202166979371 0 2988.47983685859
"1" 1.70688896551294 1.38264513168528 2.26832639033952 3.54451757428727 4.63998475737195 8.90905200206732 -1.21030739556903 -0.321862452576931 0.202814286401058 0 2708.20310895318
"1" 1.89907516716887 1.57481200360311 2.25877384261044 3.54918125523554 4.58624760068183 8.8361924671954 -0.807256870585591 -0.542619120969679 -1.15222566396174 0 2748.67086919191
"1" 1.71849566766561 1.37851317943768 2.64195075218572 3.75892970567603 5.17595663224941 9.12836211898444 -0.409648438585035 -0.600773945644462 1.12061351219075 0 2696.32501379732
"1" 13.8048121591925 13.3715256984309 2.57859163701051 4.0835540491698 5.29294171425332 9.98767957112716 -0.208562580577277 -0.22604517726557 -7.83631212779474 1 3058.66992985372
"1" 2.85315408711785 2.40820846305353 2.07444284438212 3.87090515804788 4.15516826092037 9.98440983315162 -1.56359248483698 -0.441868790647112 7.65417490682896 1 2841.0738488437
"1" 2.48578756480647 2.11602807409095 2.41426007275326 3.60722878612072 4.55860303248034 9.02514927628356 -0.939593290879828 -1.05191330852942 -0.25945750421038 0 2795.68496857746
"1" 2.8681722322019 2.57320861628573 2.08692647713437 3.74826235909104 4.25259582196879 9.03860729721951 -1.48746045700227 -0.530287572636668 6.96879368938982 0 2856.91542028882
"1" 2.81827408859222 2.38554966689251 2.35070165650173 3.71476345543331 4.71388067643532 9.29589407641346 -0.548949537995094 -0.785576911684587 0.451137133133714 0 2849.20915623615
"1" 4.85905635228468 4.42599048419646 2.00941186167902 3.61152641543812 3.92056900631133 9.11456020338519 -2.03168141748633 -0.362405710765469 -0.0230859346727057 0 2937.51562920723
"1" 20.1155750745999 19.7220824272667 3.15966334330024 4.96308551567273 7.49081961847849 11.3852978995498 1.34128469522423 0.763491047751499 -1.84996290735731 1 3213.54578314618
"1" 3.33663815292959 2.90110658414811 2.35933124638922 3.72909997985419 4.57091191279619 9.1773015339729 -0.548143058950658 -0.0196842030577397 8.03311624195854 0 2925.38337003502
"1" 17.6427771917307 17.2621265026388 2.15626551554647 3.99543593213921 4.47925103565635 10.1751669918694 -0.855736224871959 -0.27281019221027 0.00204608681176663 0 3034.12235682568
"1" 17.0472921819671 16.513940533808 2.35762505671379 3.30530830884896 4.7000719450557 8.21191939001572 -0.804400722504542 -1.33792647554695 -0.504440982812912 0 3006.42258739126
"1" 18.2829076175369 18.013080761848 2.11823674682901 3.55539680349192 4.34335255098273 9.27122524671593 -2.03383420365064 -0.344823899348046 -0.748891634711134 0 3093.21665965372
"1" 2.47986245449533 2.06931849126583 2.2439525332461 3.80735724743374 4.71483408504524 9.57797809321347 -0.603519309106786 -0.118800541706045 0.335981199280438 0 2846.7474191029
"1" 1.90182425333733 1.53359053536147 2.75656285920063 3.71866786393926 5.17708554955854 9.44527671154704 -0.494138522433039 -0.127551937621265 -0.085690869342354 0 2732.19747182484
"1" 3.07003555146692 2.58256639840507 2.29891613493982 3.84703223926597 4.80937159319019 9.44729773967336 -0.487505982638928 -0.0866845703350375 -1.41056954117535 0 2879.21257884697
"1" 3.03915696942125 2.609652877523 2.09981763662306 4.08510131848053 4.21813016172491 10.4332158399952 -2.41400951497045 0.0071361688597828 10.3565300007992 1 2851.33338316537
"1" 2.0295251271618 1.5731895426534 2.16566748923744 3.08297034403653 4.20919991787683 7.7235366268073 -1.4638221066376 -3.40533471462005 -0.0946517355605445 0 2745.79769595664
"1" 17.7461442690503 17.3651250960189 2.43531787259608 3.2983190068332 4.77077037505271 8.55872781244413 -1.03536885439441 -1.39371495716777 0.646030526027554 0 3028.67500548397
"1" 3.26233325423533 2.96426310818345 2.22665618521629 3.65668282369162 4.4303453069876 9.20232140162852 -0.945535420949879 -0.366578274088363 2.1084208838839 0 2888.7960246249
"1" 16.2015951761622 15.8127529422181 2.08246124402593 3.90391941673553 4.13271316567625 9.58530505145281 -1.36086739853052 -0.129047860107342 0.3005964855283 0 2973.36151275421
"1" 11.9472898553582 11.5044119927054 1.94819369109352 3.56984320829629 4.04058368135325 8.49517414055028 -1.67985503953824 -0.813199535592456 -7.54555464185834 0 2945.96254842413
"1" 3.67971313825571 3.23019720816117 2.22883157442933 3.83647176932074 4.30421462476555 9.66841236465894 -1.46113136425344 0.107979509619551 8.47545213998342 0 2911.349426064
"1" 16.6123638281335 16.0308280356625 2.36191944124206 3.86616125979204 4.70648157270989 9.42268819925599 -0.474502615014615 -0.346893147070766 -1.13757440192144 0 2973.19961882117
"1" 3.40419024021826 3.04115721439031 2.53549836904654 3.11625736436312 4.87395135612694 7.54179939456358 -0.624371826527343 -1.99968880766251 6.01665968848173 0 2878.59513055256
"1" 1.35674312917655 0.90333579408547 2.41242826848873 3.88250828748062 4.52008325439647 9.88429005867704 -1.12948983032284 -0.276383548741512 7.25940022872351 1 2595.53917268763
"1" 2.91032953451828 2.52358399070409 2.00545746566703 3.40198867095581 4.05165902071807 8.43872185886459 -1.4500844085657 -0.846233208430421 7.51545824058622 1 2878.76145256162
"1" 3.39416107822814 2.88825332773212 2.3473242939682 3.59149054383989 4.80304658068258 8.74621059356874 -0.643710251841084 -0.465667150230072 0.300508143913842 0 2896.92590876735
"1" 4.35657152471123 4.00531229103587 2.28760208415693 3.46020552788422 4.55864633545264 8.39914751058494 -0.90035295338014 -0.661150737249045 -1.06446433220946 0 2918.84693864337
"1" 14.0715267682653 13.7450040425703 2.32576254375804 3.79349237625406 4.74774867110174 9.81272734902065 -1.10720756627491 -0.0953621732995089 0.499760720290963 0 2924.16978298989
"1" 1.79435713598507 1.55328954819996 2.62264800124897 3.39946051742544 5.42341365408239 8.47149274976954 -0.0171021435878836 -0.904027584026961 -0.608508667494674 0 2730.21483363405
"1" 2.3676781470463 2.20183304890522 3.5972384867454 4.09703578294432 8.1516861255669 9.27534258274883 1.44263955354563 0.417614415237331 -3.10164378163891 1 2786.24844771117
"1" 1.9342669520066 1.49621804011634 2.30154759613122 3.4812208551509 4.54179818858216 8.75744985722598 -0.785353852638529 -2.11609599272908 7.55055616145258 0 2720.98288627995
"1" 3.03503972421571 2.65067454062051 2.07863977303129 3.48066891164409 4.21464637717295 8.76280799947424 -1.31314914088178 -0.806993412552648 0.753216208780365 0 2873.89797684824
"1" 3.24075484100899 2.81940596705434 2.59107105298181 3.66568728608282 5.22600187910032 8.94155355916834 -0.508588678938223 -0.56091492579886 -0.848840249012455 0 2854.27445901388
"1" 2.57380285011574 2.13943514646513 2.17498040057928 3.53672585464285 4.37566004826555 9.07507248066513 -1.68808512224072 -0.602374150354344 0.728054199490498 0 2814.42815617796
"1" 1.85701519046288 1.57800539982751 2.3960012617364 3.37338623270072 4.81698001069476 8.47727056106891 -0.682540895896358 -0.569361122079086 -0.0210025258680342 0 2748.14666933984
"1" 13.6830346315447 13.28093646908 2.16276236131531 3.50593595914277 4.36434302812599 8.79873783244525 -1.73305568560333 -0.844846682041119 7.99650877801158 1 3066.30570485212
"1" 1.92549467098514 1.48647348653348 2.02814802826929 4.16495577268303 4.2095176073657 10.5126563490265 -1.46012706058793 -0.377825214367532 1.17072077233117 0 2723.24202485402
"1" 10.3181191016879 9.90319459380559 2.42098703467281 3.83540280645645 4.73911106769464 9.34917905337856 -0.959241118678409 -0.873401333444233 9.8671063753427 1 2912.2193105987
"1" 2.01391264840949 1.57718030182922 2.3491241724537 4.04292342347509 4.60338817052144 9.8270097876719 -1.03624798896226 -0.0716497649233479 1.45840627396083 0 2754.23035497598
"1" 1.91639322262612 1.57790491417092 2.61665864438616 3.51012383338804 5.11408251108798 9.26904216390431 -0.309601249575453 -0.00798599991947616 7.4332465117467 0 2770.28708313022
"1" 11.6257251860839 11.3792647409935 2.21132200004642 3.79809213747985 4.37169419345899 9.2895180259101 -1.34286010774335 -1.1176399477727 8.46077496735747 1 2923.27331481323
"1" 3.61671381566626 3.18018353362581 2.6190573065614 3.68295657830238 5.13932432386773 9.22042102695492 -0.0908084226827768 -0.584832877218023 -7.97075353802456 1 2887.97020142152
"1" 4.37624916211983 4.0030983249167 2.23968800220033 2.93802898624562 4.39473542983989 7.34821787221772 -1.09875654693021 -1.31096323725393 0.12173576521258 0 2942.10543240241
"1" 5.27257039543217 5.04719774709365 2.33866094675686 3.29313171176462 4.54457130990718 8.36114864907989 -1.70498018607001 -0.910584114207718 8.06535308752659 0 2898.14169306355
"1" 2.033935981627 1.71841432261983 2.41007556274204 3.73650396948378 4.8199498024089 9.21268575714737 -0.843176425396904 -0.604261197543759 7.41298213483495 1 2745.74006134885
"1" 15.9941767247113 15.5686814353135 2.1073991917211 3.11519833481974 4.13261356134645 7.83013067613669 -2.61480843274164 -1.48020487277111 0.379686254995288 0 2936.41201117404
"1" 2.79929200598422 2.62368030151079 2.38664348710095 3.45539248797771 4.76424061004572 8.30332869893328 -0.911980352346386 -1.05376931733983 -0.043152636179958 0 2835.14236294465
"1" 2.31546245036549 1.9165569923634 2.50822301955668 3.20874976386908 5.01105610401885 8.1083961951911 -0.378056939291067 -1.28845958811858 -0.0235125249404154 0 2806.29959177204
"1" 3.17305818887294 2.84409858830242 2.32549169417115 3.80797013910074 4.74625536153107 9.74590366306078 -0.762839724695055 -0.406836509775401 0.118426810441119 0 2865.289228864
"1" 1.79852690359466 1.49240224638127 2.45578517605198 3.75607839536088 4.67881101344112 9.61674618991566 -0.90916830806704 -0.129199782295778 -0.462115072350263 0 2722.68409613406
"1" 3.01627757414969 3.07361866082678 3.62561546970865 4.65009044571232 8.44859778184668 10.8803864041905 1.51340029433985 0.843526034395497 -3.11187289182282 1 2745.58434500958
"1" 16.4632724350878 16.3400677674411 3.08350901173748 4.51554063881864 7.24918995868684 10.4516726603852 1.39694328958093 0.804622569310574 -2.72191257807885 1 2996.33735109314
"1" 2.00662288872681 1.50250287743411 2.17410706886471 3.03923781682818 4.52150827753192 7.7486056705919 -1.25976992701297 -1.60174025229727 7.09008764841363 0 2748.9552584212
"1" 4.91806574120467 4.56785100408986 2.70677507511858 3.1965292655201 5.35152872789011 7.79361707048434 -0.377262817001591 -5.07928495329504 0.0136311630538188 0 2883.35804647797
"1" 1.48492984949912 1.05586441750747 2.29654866953359 3.54274569864173 4.62531547041604 8.81475379593637 -1.15892709943509 -1.14229578962721 7.08725676325189 1 2622.98772062017
"1" 1.90184708228503 1.5540652160084 1.98371633361042 4.12392071497595 3.96192152720243 10.4882560348825 -1.65879992551139 -0.271709115598043 -0.208482808182009 0 2737.98324164989
"1" 3.40865110921877 2.99282281022642 2.17853001413319 3.57187188316464 4.52452411096319 9.08388820582643 -1.32149279655832 -0.740945764852622 -0.228216033155652 0 2867.48763364882
"1" 2.62476307073906 2.34828976708266 2.57574963346541 3.6107044249737 4.91255554843349 9.04469445078833 -0.582947947880439 -0.680176600546057 1.36697136096471 0 2821.7631534826
"1" 2.24111765334129 1.81030250352835 2.19877807741211 3.68708247522704 4.22793273096825 9.14540817628922 -1.14158583877161 -0.727603110738288 -0.0914151348135782 0 2789.54125737144
"1" 3.19234576554095 2.75216632516187 2.0941626030885 3.03802760635453 4.06587559747076 7.52210059363731 -3.18515632400495 -2.08359029846524 1.34016982199689 0 2862.9901770805
"1" 4.45180195648102 4.06438503572753 2.06924421853099 3.9561203449626 3.96826442568383 10.0730887134442 -1.91278735168521 -0.227611815231736 0.984520600337329 0 2912.56120722887
"1" 1.4813154408965 1.11077852781761 1.99349634585149 3.43318858888191 3.77735215462092 8.45337904266091 -3.0950869602926 -1.2281577576499 0.981174464889638 0 2647.19217586028
"1" 4.36981445601109 3.9270151144297 2.00609332856271 3.617209881329 4.0879842202967 8.97984144308913 -1.1973390980141 -1.07584744207037 -0.195221518844939 0 2916.79481288521
"1" 4.00036886097275 3.50330281038592 2.12049675679454 3.50241977867334 4.18694415515595 8.8469032562229 -1.24811711405504 -0.294417220828901 7.24384352132993 0 2936.2884080376
