"1" 3.00621786619948 2.59662971245987 2.57994982305504 3.85553997728443 4.98097159013595 10.0291075640296 -0.0174565955892411 -0.517541442615407 -0.368933647990369 -0.0517362953114759 0.16606093581817 -0.568949674806505 0.374306453945947 0.329163291626869 -0.472874854621552 0.203854645990999 1 2890.56754663392
"1" 2.96785540870564 2.65448324687155 2.57778914425979 4.05364902668607 5.03871203635064 9.93809643572655 -0.052998612816125 -0.543384368694329 -0.423762224027207 -0.0306470182678222 0.236428796530017 -0.615528019522018 0.318422184670465 0.374170504723907 -0.429232773062182 0.135936816936071 1 3003.85027626919
"1" 2.9791733524195 2.61324095042162 2.64868322129233 4.00670572196849 5.02124280205635 10.0107645207256 -0.0377651912011921 -0.531607450463122 -0.460862167748595 -0.147283775313719 0.204821383716109 -0.579740742024574 0.345297818773963 0.338618078166078 -0.450170363905056 0.192541364567646 1 2737.56345528307
"1" 3.03161393963631 2.56990252226142 2.54889265161348 3.99118690955021 5.07302895441119 10.0035644122212 -0.020365031682509 -0.525222383418735 -0.454268814315403 -0.122869192535593 0.182482708837053 -0.599180433608041 0.338630238818573 0.354367323353001 -0.444626884988514 0.194610919084474 1 2842.73721747982
"1" 2.9959038147456 2.60137854635751 2.46593979343313 3.97841130516619 5.02137374729564 10.0040046708245 -0.0203130163237595 -0.523325461872679 -0.35905395724671 -0.11291389208753 0.1761530601534 -0.591520305456368 0.339939563723939 0.349177298430072 -0.446328692311919 0.209397851279819 1 2806.72151634934
"1" 2.99074079667175 2.61516729938442 2.53246007736505 4.01625968329609 4.92655722313976 10.0310518030602 -0.0421938956759923 -0.536696594297154 -0.30282034576532 -0.212028577865697 0.216951683643839 -0.603979671085587 0.325314238365324 0.361746411719192 -0.436965424048865 0.166603658156383 1 2888.49318941313
"1" 3.07859063865727 2.52025361013889 2.514392901659 3.97613925490525 4.99812095152867 9.98319570454109 -0.0283413456176374 -0.530163079314486 -0.363326731065245 -0.0594045210771933 0.188030747002931 -0.585666771305993 0.334350788083581 0.342765867033182 -0.441189980222004 0.217539774257055 1 2859.20016057884
"1" 3.06194050000979 2.51716493806447 2.47932624029317 4.02723998601344 5.03111120645255 9.95335223144995 -0.0223238935728527 -0.531779649962904 -0.366239949656908 -0.0761406226867088 0.203481666811858 -0.62100725256333 0.305243364095883 0.375749089024553 -0.419911777261296 0.18427609404737 1 2717.94921751837
"1" 3.04739394803786 2.60191724124599 2.59836077467221 4.03656205432465 5.05107680144768 10.0068976890508 -0.0697796255054717 -0.556887612673327 -0.441459695853564 -0.19167385746116 0.24263999935989 -0.602987498274528 0.28588416867739 0.358137787148752 -0.40690320491442 0.204564057371778 1 3097.1277714476
"1" 3.06246236871011 2.53455601207894 2.58285436914603 4.04013260691241 5.1237635366017 10.0313365079129 -0.0231139857552377 -0.527379273530256 -0.502125150305504 -0.246331139629199 0.189122198154821 -0.603919356827217 0.333653676375089 0.361513498867418 -0.440074251516765 0.185436104079968 1 2748.22946865137
"1" 3.03804024076064 2.55580994362134 2.59538292886221 3.96240963413712 5.05277286320989 10.0095250219139 -0.0206173743659673 -0.523966992022468 -0.447780830450206 -0.102468790672839 0.179838168548303 -0.588958553984321 0.345858215206636 0.346983788650563 -0.450577262181988 0.201252517717535 1 2740.88391623715
"1" 2.91551558670267 2.69170785283017 2.43076595991476 3.97157164529554 4.98210069320443 9.94457041542697 -0.0503613366806789 -0.543051006015815 -0.270789364311387 0.00535062381038299 0.243751936750621 -0.630277521283258 0.301652301595818 0.383782184417733 -0.418581285869684 0.129047976201423 1 2914.5963650342
"1" 2.99266989653974 2.61996793137718 2.60574283035603 4.01522433041718 4.94963942780929 9.97481102520774 -0.0268041132429823 -0.528705717928918 -0.386478812795108 -0.089539722463151 0.189972831882314 -0.602363200601338 0.334275723424348 0.360843995782091 -0.44171429512851 0.184674508559225 1 2949.32466377692
"1" 3.05828201299592 2.55991750398201 2.54984919280114 4.12920177855419 5.04349157883374 9.95084502100569 -0.0482833188542464 -0.547212780752027 -0.402623270650453 -0.136219969485275 0.228178845675717 -0.632969700884716 0.266606551308564 0.389175843382017 -0.390848490628486 0.192433403952626 1 2968.36810248559
"1" 3.00276381635428 2.62264895157745 2.50215132028557 4.18704959772178 4.99110320156669 9.88887854726453 -0.0788074562623585 -0.562841871767796 -0.33576234132695 -0.0849540560451081 0.272913155420498 -0.618903494007583 0.285796201304866 0.373740829987588 -0.402681811825425 0.144456677855805 1 2999.78614201942
"1" 2.95019395040117 2.64096526992839 2.50519574525844 3.98354440471292 4.96572186558941 9.97039012122464 -0.0306647317802058 -0.529811907861801 -0.320701936952371 -0.0487882490536458 0.206991963453675 -0.599208576813727 0.344838738554599 0.355860414106204 -0.448429882429601 0.159618334052834 1 2791.56119067236
"1" 3.06496202302973 2.52463848467481 2.46514482230666 4.09681943880694 4.93464927224561 9.88614670055755 -0.0489588125740953 -0.550216979900329 -0.262078468392266 0.0444781962027207 0.257057680557606 -0.637651917091278 0.295746150487172 0.389918276371849 -0.408711329476343 0.114069162841271 1 2845.68401281909
"1" 2.98604386324049 2.61460615799343 2.502075295128 3.95694248337144 5.0493126048925 10.0109315076812 -0.0312702347696437 -0.527881399639931 -0.401394625280099 -0.0997714191289353 0.189524291490772 -0.582310440844793 0.34749830150058 0.338453545750554 -0.452476476445793 0.202007509521318 1 2839.05575714094
"1" 2.93679837330194 2.52266022944615 2.51352948666336 3.97889860242628 4.99911812973748 10.0568376185723 -0.0257478626520838 -0.506397000249575 -0.304745795527329 -0.254682291655336 0.30185961808742 -0.685802320285625 0.303630146826379 0.394957240294946 -0.363046874044749 0.0349950154411706 1 2609.27939067562
"1" 2.99592037156828 2.60654405672713 2.4067771775506 4.02087737357149 4.94629813908837 10.0183472066508 -0.0408580334689557 -0.535735408869145 -0.284137481655899 -0.176947146752601 0.218665682788097 -0.600885689812263 0.338141617120578 0.355501687683254 -0.445439396055409 0.154853954797551 1 2880.68477324623
"1" 3.07431261159002 2.53098610881593 2.42349756701495 4.02416275962907 5.04327470142033 9.97532004067166 -0.0236939321817404 -0.528466172244215 -0.341570810059128 -0.0889984555775728 0.187909062158081 -0.610080125912854 0.323579374371587 0.364961467926468 -0.432936367799412 0.192940364829506 1 2912.91200196688
"1" 3.0800647005105 2.51940277867498 2.49846780908405 3.97573995377077 4.97098148569251 9.97937839574951 -0.0320634472426437 -0.532567158998588 -0.324069330436579 -0.0582377047469396 0.201116921421085 -0.59598867930106 0.336005984403152 0.351702877212323 -0.443624844369711 0.184194254557431 1 2880.44980512757
"1" 3.04386796379865 2.53429449209352 2.62877015488631 4.12491312478312 5.04539844026227 9.90003177251997 -0.063825520418496 -0.547410186774787 -0.459904211741639 -0.0862816713403362 0.286799646529384 -0.613310758849611 0.328052235599389 0.363881857307124 -0.432020359111944 0.0790288484540605 1 2777.06474164126
"1" 3.01258549535726 2.59230189346794 2.40374384838022 4.10834868442629 5.08022699856835 9.94655043017943 -0.0272224917381046 -0.533576307425985 -0.368482951484802 -0.101306641996874 0.208915359529642 -0.641946246367851 0.29283145288335 0.396551934047842 -0.409563421968981 0.159328618248362 1 2895.03083505772
"1" 2.9722754976686 2.61175341323973 2.55081185011332 4.11997166091224 5.0234524891122 9.96819460965603 -0.0424447403994514 -0.542542136120168 -0.380157202894272 -0.166431320529959 0.239953996386809 -0.632871649274198 0.297113039931895 0.38824602297279 -0.413972227950662 0.134275660017493 1 2732.77624129389
"1" 3.06036287875967 2.51162814934045 2.49254132782408 4.09269096908205 5.11425130890295 9.95874721831044 -0.0398754446607917 -0.545055574372715 -0.462087381989339 -0.123745453401216 0.242537186415548 -0.627787975927743 0.290254320058485 0.380729616587733 -0.408367521099237 0.154470339464519 1 2689.60316238405
"1" 3.00683724844912 2.59408139262228 2.46668694038827 3.89934523199871 5.05760825674448 10.0198884348108 -0.00873497321317286 -0.515058046638597 -0.385365143337639 -0.0800562533033954 0.161715499244953 -0.594771455191087 0.357868676757516 0.350173887052454 -0.460640181861462 0.192825453042067 1 2873.43560546772
"1" 2.93016580187526 2.66827348976225 2.48558759540533 3.94249081479513 4.93154292991986 9.97791044131035 -0.0374081115519366 -0.530668623340733 -0.276069992471952 -0.0146804720464526 0.208507553158691 -0.588760907614534 0.352315103596335 0.347776447918257 -0.454538871618534 0.162706176185742 1 2852.63037471053
"1" 3.01779320674573 2.58365592961473 2.46740801024245 3.91951190422831 4.94611259568182 10.007486828068 -0.0330682305008893 -0.530240814609622 -0.281482996525897 -0.0684110343778708 0.196195041271054 -0.58504888951927 0.34462995783508 0.3415709970942 -0.451341788430689 0.193765980839895 1 2897.67017249769
"1" 2.96672121350595 2.62822626282492 2.46734551320671 4.00936196245334 5.0056801992199 9.99049622459965 -0.0338570359336163 -0.531626519167205 -0.338615265454461 -0.115967073617117 0.20451040620901 -0.598964834318095 0.33472602508895 0.35466274789282 -0.44097751972887 0.178676576348971 1 2791.71892652981
"1" 3.0316518005981 2.56710724880263 2.40876914994355 3.99776077693001 5.11125768317443 9.99772175002505 -0.0125440372843092 -0.520727738586495 -0.406302200916844 -0.103278379491904 0.175061356636985 -0.613178709850564 0.337106172057882 0.368099861323366 -0.443078061113966 0.180383512257635 1 2822.37870405691
"1" 3.01084020197789 2.59780339470789 2.53675740624362 4.04851075149343 4.9508733639638 9.99671975853297 -0.0369109862898369 -0.532975799671943 -0.322688197436847 -0.160762135164471 0.196674513942281 -0.58018494135596 0.342606501408837 0.339718067698405 -0.446011950882614 0.20504129215752 1 2924.11903012021
"1" 2.92454310700834 2.6895579123359 2.51042223925778 4.10845123930006 4.80625548958338 9.95480181394472 -0.0779607220585783 -0.535050770182284 -0.260527071979862 -0.165916185704003 0.292679345232728 -0.614937803455853 0.312230440045944 0.350093413870012 -0.390490925685462 0.134828912306454 1 2896.34114335866
"1" 2.95762832179571 2.64747313037102 2.51817382507017 3.96877504784639 5.00014495352214 10.01262972848 -0.0324154049791204 -0.529158184796809 -0.348773355021718 -0.111283440767883 0.200005458203436 -0.59677024667486 0.344237518002772 0.354762403138373 -0.448539716637949 0.170397118165053 1 2874.9807880781
"1" 2.95315100099875 2.64488523021713 2.64137037239206 3.95537574618191 4.92919437971744 10.0336686667968 -0.0312520114168102 -0.526565366818234 -0.357328156363275 -0.145206474215131 0.185224991922275 -0.567036013650454 0.35712083619653 0.328702426702558 -0.45895408891686 0.213755701296994 1 2790.33663657351
"1" 2.98582406429195 2.61054932870918 2.52479405454571 3.94972848583306 4.96716688889771 10.0150577604444 -0.0296073185259931 -0.527408021628867 -0.336814492426894 -0.110345079422062 0.197745079587657 -0.589055644535201 0.3533242711638 0.347992452800823 -0.456864600731336 0.170594477824714 1 2810.17928123193
"1" 3.06965736430777 2.53316299370672 2.52009433741437 3.98697275917459 5.07170509148454 10.0335223943955 -0.0211620819545308 -0.52506105744167 -0.444476452076919 -0.180690065588404 0.180514930450281 -0.595339348518659 0.342796260888343 0.352256968553257 -0.448362768335599 0.19501333285392 1 2850.77328781536
"1" 3.0429969046997 2.55760060614875 2.46244629625572 4.00796611312498 5.01944875223195 9.8357152744887 -0.0775325479366225 -0.567882675262804 -0.330610976405427 0.248230513582226 0.311564125410218 -0.666535361752369 0.258057267568297 0.417799601676129 -0.384679825936516 0.0408700746046861 1 2899.34578061278
"1" 2.94031690369714 2.66071166788668 2.53715953805486 3.97319648879242 5.01503818287432 10.0228372322379 -0.0279389309862665 -0.524576472699418 -0.380964829234125 -0.13766456193598 0.186540223721498 -0.585499210509833 0.353256315372295 0.343528837098551 -0.455913057529214 0.189743082692676 1 2821.0271618971
"1" 3.02187250628234 2.57195927298599 2.4965851981218 3.95214593138973 4.99983444976483 10.0059707986227 -0.015249741139851 -0.52092833795773 -0.33961404164345 -0.0771169501149172 0.171477845527216 -0.596114716454141 0.338004577365286 0.354240258660149 -0.445305366419449 0.208113885597531 1 2768.64906846388
"1" 3.08961046261001 2.51338801290797 2.51106874875197 4.01542558681626 5.00712949912478 9.99003094471523 -0.0404765182640587 -0.541866491852373 -0.355292175631857 -0.114636825410807 0.220826754695114 -0.617109313324723 0.299430864899813 0.373652049372451 -0.415749875051908 0.180127983837127 1 2885.58273972231
"1" 3.02162708613395 2.59727935320297 2.6732281746504 3.96492268862218 4.99404286174333 10.0052208260927 -0.0364430293915247 -0.529508499634379 -0.435963818912621 -0.11717073300338 0.195156777433377 -0.570799233626574 0.36704125685079 0.332934225275281 -0.465240759372047 0.182907736950778 1 2997.49618842071
"1" 3.02646739552335 2.57039594428905 2.46253591991664 3.98371646198619 4.9616897464077 10.0054038477487 -0.0205300625914846 -0.524030246507427 -0.287526888807442 -0.104752790416831 0.176102563399861 -0.593774071173102 0.334494931610682 0.350724571408567 -0.441797960144155 0.214587111488646 1 2825.7373698546
"1" 2.95345648506777 2.64664377594754 2.45247537812902 3.93563353302232 5.01562805569822 10.0425194459039 -0.0189584829950038 -0.519564963128449 -0.332214391366213 -0.149411593335625 0.170452588924014 -0.577310329270759 0.361478338787017 0.334057368049905 -0.462608134805592 0.208088472637195 1 2832.46662172511
"1" 2.98422997574648 2.62447334559101 2.48965423224305 4.02870608510723 4.94107776376095 9.96432362227535 -0.0383512679633283 -0.534020682388427 -0.286764658633741 -0.0735647039649929 0.205624584056949 -0.596196081003376 0.335665031838665 0.352618042512577 -0.43991210581383 0.181750141862867 1 2940.34618051136
"1" 3.09703796395779 2.50537499283842 2.47890929776427 4.03976587005282 4.90527393118484 9.94388530091981 -0.0496271918243693 -0.546876653883362 -0.261447613306572 -0.0446638529323974 0.231702320572827 -0.606484865007654 0.298523680940474 0.362400768553474 -0.415239550522608 0.190294843997019 1 2920.50343972293
"1" 3.07589592885686 2.53028464259941 2.48616109510665 4.04467223573987 5.0484021692684 9.97325861626493 -0.0357389482017098 -0.535325194983694 -0.388802708357332 -0.096535910530274 0.205035951208073 -0.607031205054672 0.318876411134687 0.361553810384327 -0.430853355630479 0.187257405161164 1 2913.93964676661
"1" 3.05653883181087 2.52748086189804 2.58741145493201 4.04749797578899 5.03493825444565 9.99571912081709 -0.0339375322915418 -0.53321159568913 -0.4172236918239 -0.126788831087408 0.210419346797292 -0.58349743989109 0.348802750941988 0.341939391909499 -0.451022337883926 0.176655266995143 1 2709.66537050917
"1" 3.0183018538969 2.581438282369 2.62211970088445 3.97619008857741 4.99468412805299 10.0234707394064 -0.0371690080910021 -0.532445715312018 -0.417088786769591 -0.145187337472374 0.196658782407416 -0.570995402856295 0.346670041261912 0.329540772568129 -0.451897612849272 0.213711874241201 1 2819.73092104074
"1" 3.01631784883827 2.58619222863052 2.57296019066233 3.91836702547557 5.00991633801665 9.95340172374862 -0.0716690707085534 -0.556387099403774 -0.388408004822064 0.0639734770990095 0.276137238878832 -0.607256439436249 0.312151761182933 0.36321415327844 -0.424732040360781 0.119329300488385 1 2883.29378764938
"1" 3.00924688822454 2.59431091043401 2.48637808787765 3.89870039873954 5.02062903462225 10.0331830823138 -0.011909310904007 -0.51535173199957 -0.366275293191211 -0.092364576594877 0.162994065498542 -0.58706195052717 0.365206900871621 0.345032639306755 -0.465856248987126 0.191799595796943 1 2907.66706417104
"1" 3.02414585208145 2.55128273781763 2.5156214376826 3.94525013388148 4.92858336020294 10.0299417618451 -0.0413106255536213 -0.536007698341465 -0.261840307672792 -0.129929813081313 0.223342363021718 -0.570752849505388 0.359195948405199 0.328802428720092 -0.461526478613053 0.168227247489446 1 2683.4722469868
"1" 2.95484697550443 2.63406712720992 2.43117106863119 3.94115253705675 5.03234233016791 10.0088832511424 -0.018223768392925 -0.522951056075987 -0.363934955749812 -0.116305886562026 0.191247247977683 -0.615927603407126 0.33697555915511 0.369798399354886 -0.444645725865421 0.158973755954858 1 2736.46217542333
"1" 3.01438071172232 2.61470876344892 2.49442337488777 4.02997831586435 4.96976541043645 9.99338535961328 -0.0675217920590511 -0.551548868050585 -0.306727977168243 -0.155477916326553 0.250524570704749 -0.574565395529659 0.352395720788217 0.331499171711268 -0.454366368109078 0.145780657121188 1 3025.91134500996
"1" 3.02115708864885 2.58556807250081 2.60043217599328 3.90077937195253 5.02234086707287 10.0173385636132 -0.0262786880437862 -0.525872821880917 -0.436643608260406 -0.0741046055531211 0.182318597796069 -0.585186177980631 0.346310519521944 0.343753709878487 -0.452045454983237 0.203320241330293 1 2904.76493826651
"1" 3.04655317596242 2.554344873606 2.69798673028403 4.02650174300636 4.99810669983138 9.97603386124984 -0.0802171980123153 -0.56057963022652 -0.487672607186328 -0.0925954989484913 0.284811750489325 -0.588388616472066 0.32815030469474 0.346776290525007 -0.437008806186131 0.11787405047637 1 2839.40307928763
"1" 3.08820566102147 2.5270896623856 2.50828804091135 4.01007939334169 5.04048406691412 9.9993283953679 -0.0392143628369506 -0.537911698768554 -0.406903705305938 -0.135260720246686 0.206730414918806 -0.59562511443341 0.329314592312841 0.351660310484429 -0.437581043591894 0.189703895792238 1 2984.24372234994
"1" 2.95731071659911 2.65652623342189 2.60046682564673 4.0648629106147 4.9781310535255 9.98990128703778 -0.0357484217994223 -0.531441203633311 -0.354748939480612 -0.18979199969498 0.195916504500829 -0.590111501810094 0.334043779473013 0.349450586089309 -0.440504672361867 0.200673695893639 1 2928.64118159285
"1" 3.02625665601418 2.58206110504168 2.48959253987884 4.00640238419163 5.00149427695721 10.0317658923206 -0.0350123927323682 -0.530129255008249 -0.347834321155766 -0.211485792777747 0.207711889348403 -0.582581743625226 0.371422925269262 0.338859934853866 -0.469240401258239 0.147592990220947 1 2895.97539046648
"1" 3.08710413814347 2.49972167859104 2.57708885897961 3.95694707374673 5.02467581543648 10.0122227706238 -0.0197458348812866 -0.524687122444589 -0.42982957680519 -0.0965589539249068 0.184247191919948 -0.589768850016196 0.346845205506989 0.347182771942006 -0.451838552738381 0.194184728152907 1 2687.92818825858
"1" 2.96607245020474 2.6209264955691 2.55170137894485 4.03017882642276 5.05957770379353 9.96614742409179 -0.0536772342343457 -0.544161766665826 -0.421805253848982 -0.101235869142726 0.24947367753892 -0.609024516412907 0.32187935027176 0.364806460788924 -0.433487997819607 0.129961244346625 1 2742.21085583459
"1" 2.94922731371758 2.65815176867039 2.51342851833123 3.96725256661839 5.07032852740985 10.0312268697029 -0.023770984987463 -0.524189521726819 -0.423871817682628 -0.151315378323487 0.179462165782835 -0.595094412455777 0.340522490246792 0.352070990555388 -0.446559899966125 0.199871976726133 1 2887.74900065388
"1" 3.16870602997664 2.46264481904917 2.51816640805906 3.98376061517319 5.12586639661153 9.94752906825805 -0.0496017955032817 -0.552817302911882 -0.531396563919955 0.0304376962362785 0.254970097522143 -0.664888660520229 0.258285155946464 0.416070540916847 -0.385789710457626 0.115917447924909 1 3016.93446067775
"1" 2.89955220718239 2.68978208119034 2.58152620971311 3.93728916511574 5.00867982544961 9.99217893616448 -0.0354443014183425 -0.531792987922996 -0.398181026402979 -0.0356160780642314 0.213231757917606 -0.608382407458618 0.321716057211578 0.368095781545385 -0.4355460468986 0.165066781257723 1 2738.80103384444
"1" 2.9985365386012 2.60469397196628 2.55360548707731 4.04833241352165 4.87230561663294 9.9769773169847 -0.04876546803404 -0.543458320162356 -0.242867279064494 -0.148726991885826 0.232603367907261 -0.598555669629143 0.32306184203638 0.35658623582763 -0.432347052483195 0.165465451852232 1 2876.18190015396
"1" 2.97453278058696 2.62911180901946 2.53973009627816 3.92746200465578 4.92608691644169 10.0272730674481 -0.0224450726645486 -0.521737203597658 -0.300152128684696 -0.115927983549899 0.174114856195525 -0.577646918539611 0.35654603747675 0.337864270372578 -0.458543090994229 0.208471691867166 1 2898.57047256417
"1" 2.98363675873925 2.63551262833158 2.53824802463266 4.06277357109945 5.06799672320145 10.0471718889917 -0.0687932069418913 -0.509823212735626 -0.199676424430081 -0.304731862802238 0.403693723113192 -0.73200283028984 0.406741838523266 0.388964516793677 -0.404047319354365 -0.330275929373601 1 2856.83156838476
"1" 2.99253814671202 2.61816349970686 2.54555707875629 3.97182063576103 4.99364033491785 9.98646673888388 -0.0336239990090245 -0.530212858880913 -0.361780493509976 -0.0571814547949088 0.19698895408901 -0.59486332790757 0.339269502201848 0.352030816270684 -0.447057368422634 0.183353685256743 1 2964.2089205217
"1" 3.06699422465716 2.55614356600842 2.51323791593234 4.01295433567166 5.04331585878947 9.98482832378591 -0.0350664269452663 -0.532542146766777 -0.396803771429691 -0.0962714023679295 0.188611399827809 -0.586906328869293 0.334752868503436 0.343539372050331 -0.441194236961892 0.214858925142305 1 3128.75799052758
"1" 2.89668158841191 2.70544281646102 2.50241993032062 3.95601765205979 5.04662597812504 10.0277896559477 -0.0259424350544489 -0.524389048723195 -0.399764490768542 -0.139609637670469 0.189233652855588 -0.596593494849993 0.349491204917649 0.354807579068747 -0.453689268671155 0.172691497766602 1 2830.68702471288
"1" 2.8979346894506 2.73219357103424 2.58290283177939 3.98918983596917 5.02974508011163 10.0198313052578 -0.027749751490365 -0.523212607919038 -0.413841266836949 -0.154304204308893 0.181270821355955 -0.597999949348125 0.348877587898769 0.356370469294045 -0.452452871283992 0.179632321534099 1 3070.29630843948
"1" 2.96890446589278 2.64641702313366 2.58654207470703 3.99242403947868 4.94867072419195 9.99630631850455 -0.0412943341530993 -0.534475367309273 -0.344730135189627 -0.109375906043927 0.197833645106543 -0.580926754258088 0.338398161480757 0.339842656486185 -0.443963323572712 0.208647033566506 1 3001.71759464145
"1" 3.03413808302362 2.56780971327385 2.48087306922965 4.01048565026816 5.02212090547862 10.0164564986366 -0.0194543382037831 -0.523089344854077 -0.367951616403007 -0.189856077971023 0.176076978524458 -0.590791279016551 0.344453153459661 0.347890452333738 -0.449836260730316 0.20446007737973 1 2854.62708945399
"1" 3.0682290209455 2.54405999741805 2.49064976006667 4.05345416579674 4.99176330704763 9.99545595760817 -0.0351478166430611 -0.534317391487833 -0.34223954068929 -0.158878857484006 0.198854884074915 -0.601500562703877 0.32209287316887 0.358606157216151 -0.431618787704544 0.197452090334719 1 3009.14991843241
"1" 3.07248957111075 2.5469662171956 2.53772936731809 4.05832980579617 4.98461429610569 10.0144609197065 -0.0371694766328102 -0.536057524825942 -0.33633534458296 -0.185445707552969 0.221724917814225 -0.623871289006518 0.325110244700663 0.382684827824076 -0.436051214228303 0.124795532008637 1 2960.506515239
"1" 2.93220827505499 2.66906298383491 2.54902082452757 3.98008896996272 4.96408263944288 9.98364878957204 -0.0295507159138356 -0.527875814858947 -0.363809552709912 -0.058963683705465 0.194726335173657 -0.597664534128843 0.340065184500223 0.355577967623088 -0.446414729084563 0.179766929786994 1 2859.23661065368
"1" 3.04344049881963 2.55736521994363 2.53725468214102 3.98491447673656 5.04951601735339 10.014663236996 -0.0267465479273795 -0.529163834776421 -0.421491214723163 -0.125033296220816 0.190723491664701 -0.598336068274055 0.329483715844683 0.355051634179981 -0.43859842546957 0.199447114365066 1 2834.54233504826
"1" 2.94929161592183 2.65493261069157 2.54646556837698 3.92146968550917 5.04607088688092 10.0640373465673 -0.026607126249351 -0.523290456549151 -0.418594404408861 -0.186887101744236 0.185275605025279 -0.583129649459009 0.364099756410261 0.341576776310838 -0.464763992238932 0.177931798686476 1 2842.67627840933
"1" 3.02152903757371 2.57505660101617 2.45457227620771 4.03720779351397 5.10015087247881 9.97802025103492 -0.0288287068905761 -0.530724659780167 -0.422098119338314 -0.100319047868893 0.195202094991699 -0.601157356928432 0.328562265264916 0.355657073904903 -0.435542708410729 0.195228841813711 1 2798.47503723916
"1" 2.94072638946903 2.66863067258561 2.50543416044269 4.02321762684321 4.99604245568144 9.99728591582776 -0.0518079169459724 -0.539962408215922 -0.338093334874433 -0.148390281377832 0.235064878462772 -0.595001885080762 0.349221922597586 0.349290361265361 -0.452224936322087 0.132461001901273 1 2902.05816784328
"1" 3.0009768214572 2.58765847854305 2.60648004143573 4.06512186843258 5.05613888520681 9.96080630141461 -0.0348846482144865 -0.536125311118715 -0.446086966282284 -0.109742355945012 0.213989264627882 -0.613280726960409 0.307976483137597 0.370036546471309 -0.42100129407515 0.182173325777945 1 2733.82915898397
"1" 3.05928131729066 2.53119280827921 2.49742323649638 4.06857831490466 5.09798516345297 9.95307782071143 -0.027263253746913 -0.532259792734364 -0.436140940132062 -0.0843888560715459 0.20451923869421 -0.627749550182463 0.298168944638852 0.382890604273274 -0.414630712988115 0.180996385560826 1 2741.15511366155
"1" 3.00112858983547 2.60362907020587 2.53467329516869 4.00542896420351 5.08280156111199 9.9879482521417 -0.0283700587130971 -0.529702932662705 -0.434419778616429 -0.100149803299497 0.20067845483966 -0.610272735105305 0.336359151557898 0.365642027962775 -0.442093211485969 0.160369346445038 1 2870.83026991802
"1" 2.97835414813014 2.62803631022973 2.57920051289155 4.01403306448712 5.02791282433022 9.9916493056322 -0.045364772647903 -0.540020875607983 -0.419916100042687 -0.110375002668907 0.225365784958766 -0.607225106488014 0.319274482922105 0.366434141526301 -0.431299414048632 0.160408553852385 1 2872.35069313812
