"1" 2.99042309185035 2.56865166014517 2.67298313180662 4.0658444256898 5.23260167005792 9.93489563424365 -0.0706302231147866 -0.512757550575609 -0.369026848710933 -0.186457963972019 0.492099731425224 -0.701804304282242 0.384862807454452 0.403371583206921 -0.439564949327418 -0.564451972558689 1 5632.47363934224
"1" 3.04551662032377 2.5514966639337 2.50944753433111 3.98862417488871 4.99881420329903 10.0328320318685 -0.0191988072924688 -0.521781612852018 -0.350749476053543 -0.178229660146708 0.179749440267626 -0.585895485931503 0.360544256101889 0.343641239386882 -0.461510405092322 0.185078785783236 1 5599.7118607342
"1" 2.9610362676623 2.6451094131862 2.49462496680548 3.96877160174543 5.01531591921504 10.0185647140035 -0.018115998288678 -0.519650499545839 -0.356196005556434 -0.133436420951687 0.174546704233569 -0.59202022853927 0.358252837438879 0.349054028737306 -0.460136616205006 0.183490411607002 1 5820.73621561847
"1" 3.05286126805751 2.55516564909572 2.49038021805542 3.96461173657686 5.01777412340679 10.0177242535797 -0.0205903878959825 -0.522831253823482 -0.353028413887062 -0.119234512003118 0.179041590650848 -0.590858769676631 0.355494052825224 0.347935262022559 -0.458348854859057 0.184873633494787 1 5916.60842927363
"1" 2.99891992057807 2.59752456128881 2.49102039373751 4.0450514223146 5.01608071284656 9.99565250356418 -0.0230290010377866 -0.525579697980801 -0.352368161059217 -0.148377776894749 0.188382717648902 -0.599784134003133 0.3404622883404 0.356263595447615 -0.446151299257178 0.18362093196493 1 5596.07476498716
"1" 3.02202974184479 2.57190986642802 2.5174783935719 4.00100087471053 5.0082211525248 9.99846402580075 -0.0225717497330307 -0.525178301362785 -0.369499957638882 -0.111019983813564 0.188888151991858 -0.593354331933984 0.34967905938818 0.350385407681919 -0.453171593806575 0.180023474688113 1 5575.04525259924
"1" 3.00647374062643 2.58278265363746 2.51535214875374 4.0299817818493 5.038789828276 10.0074239494774 -0.0258204218924933 -0.527695955891383 -0.385094465654075 -0.162655096895909 0.198113900003162 -0.600429905825882 0.340805534773758 0.356758469572312 -0.446529346768428 0.172129662017651 1 5452.08930891284
"1" 2.99650246137993 2.60637444775894 2.50382005952045 3.97506135945061 4.98637656951309 10.003228935807 -0.0224691344856179 -0.523802359044715 -0.328031161994566 -0.104724896735527 0.183388429480289 -0.592856773850868 0.352046901662839 0.350685409158302 -0.455269543977881 0.181899467911755 1 5761.96360040954
"1" 2.97636399657892 2.62724824037688 2.54850189691264 3.99783110561497 4.99376967257337 9.99862149387806 -0.032844945911323 -0.529004956428365 -0.361450600978934 -0.117491904843251 0.194234493511206 -0.583438008631154 0.347014508692905 0.341674254792424 -0.452647397046011 0.193748831503695 1 5745.37063168026
"1" 3.02833137300384 2.58100919844808 2.52232783725926 4.02495127890431 5.03142922648982 10.0084686957032 -0.0220406155250762 -0.52412172763712 -0.392579869443922 -0.166029286865639 0.182482437958649 -0.597497058593037 0.348277350838631 0.354369046373799 -0.452438769381817 0.181228464412057 1 5865.52934664115
"1" 3.05270009313703 2.53715464455956 2.52634504239477 4.05521113898031 5.06362394825567 9.94999261002503 -0.0331429722170337 -0.535346132247323 -0.417933887338614 -0.0619235558332087 0.214359199672123 -0.608997825392633 0.323183309220402 0.365025109460268 -0.433322222924961 0.166689930590121 1 5544.62807480845
"1" 3.06772239165477 2.52525025868711 2.52815869955279 4.03791659525999 4.95705052305943 9.99231314602372 -0.0300614473137069 -0.525721433656422 -0.317680947726534 -0.136638140673882 0.22796983516589 -0.632378306532555 0.345750062090797 0.375803505297583 -0.43809281087534 0.0963885610570682 1 5675.40017192614
"1" 3.02114750445743 2.58692901724111 2.5444620334632 4.09441195815693 5.00627675709237 9.95468836774661 -0.0426053359886887 -0.539886777961949 -0.374144244315862 -0.114115073144144 0.221774516559589 -0.610330945705614 0.317393530785676 0.366603036417842 -0.428819351702981 0.165071496638486 1 5802.4794255875
"1" 3.08795183672751 2.51104762374947 2.50219858449245 3.97568900941343 4.96395316497502 9.98895780341947 -0.026486326106149 -0.528306289028131 -0.312646839402737 -0.0751868678648804 0.193157593339187 -0.591272248966349 0.34862257290635 0.348060789525369 -0.453003328194515 0.180686475434178 1 5736.66341580178
"1" 2.97799748472855 2.62026838722256 2.60066669505429 4.0157605874028 4.95479450673461 10.0197108558036 -0.0357575764866615 -0.530544690447252 -0.344923432934328 -0.183941353838374 0.201793810353619 -0.58005946773969 0.353059193825391 0.339834064569741 -0.456323797501656 0.182175758594374 1 5610.94016686617
"1" 3.08637740018929 2.51855111908247 2.55391991713154 4.09491174550111 5.03112290969223 9.95478821371412 -0.0415786557414407 -0.54047158625274 -0.407603709615699 -0.107087897879111 0.222802720366973 -0.60675117705603 0.320692684396428 0.363453631990034 -0.430559703122744 0.165707957402816 1 5774.77368066448
"1" 3.02230130965788 2.57180956617557 2.55320898244782 4.04731406126062 5.03343083854808 9.97790178704125 -0.0285694332536706 -0.529969818963836 -0.400041768796475 -0.113912031310287 0.198905400749 -0.600699294008572 0.334249461116747 0.357595429048585 -0.441522210452493 0.180211207338467 1 5560.24742603261
"1" 3.06786458598696 2.52787734197256 2.55142027539577 4.03015670005412 5.03496788852693 10.0274832721476 -0.0265084518789878 -0.527459022687089 -0.407573714445693 -0.204623902976934 0.194304758171719 -0.587777825453695 0.355622413914626 0.345235584513136 -0.456984541759974 0.175484291807266 1 5555.06850633345
"1" 3.10029057308099 2.48634098989288 2.48773691860523 4.00944943338158 4.96087002958148 10.0193536002185 -0.0181947371796828 -0.524391433539102 -0.296364711620938 -0.17165088488222 0.18815523116776 -0.591907274771482 0.354305955971243 0.348889443929673 -0.45626879829478 0.176697007498309 1 5479.41037574213
"1" 3.07059063738916 2.53668692290112 2.521764780459 4.00759511090052 5.05922739830559 9.97846777361758 -0.0260690731744933 -0.528339918302798 -0.415134057903712 -0.0734218229521138 0.190006206124039 -0.601155683025315 0.337281544394197 0.357564751580439 -0.443827649684227 0.184330817775291 1 5858.74594471257
"1" 2.98734148890635 2.61474096084387 2.50810464843252 3.96323947863127 4.96924089034722 10.0237847569891 -0.0241880436643522 -0.523333101442598 -0.327007178769699 -0.13870002515855 0.185082090099156 -0.587108600876078 0.358899210218843 0.344829111910042 -0.461271126575897 0.179380933053982 1 5738.64373688569
"1" 2.96961535193599 2.6453052901639 2.52501497049941 4.01602667539731 4.99880124749867 10.0143563093028 -0.0289041266853234 -0.526480826822181 -0.355881402149296 -0.170927400924765 0.189482433088109 -0.592481101046017 0.351380302932999 0.34984597518876 -0.454200818340854 0.178286472682406 1 5944.05252141751
"1" 2.99729521327781 2.60875223700575 2.55014400507308 3.95462483932088 5.00468050274573 10.0260652033178 -0.0226215537069279 -0.521544511358469 -0.378598493986269 -0.134875214553763 0.178192618449778 -0.580625174761722 0.364546343885209 0.339299114088976 -0.464767675086971 0.188673458881881 1 5800.91741596028
"1" 2.99992368218157 2.60085683461128 2.46626230264673 4.19461269769481 5.01384469353261 9.9427769224708 -0.037821668179917 -0.538808438875504 -0.332954581977822 -0.170533031615135 0.221174260035137 -0.625015929652374 0.303582712062913 0.379423376206128 -0.416958767876572 0.162392926886067 1 5692.01384430773
"1" 3.03558764037604 2.5499146504346 2.4528080783648 4.00027495705289 4.96758416543441 10.0102970617834 -0.020933067475902 -0.524417989882934 -0.294455144640933 -0.141216930503161 0.19151152702241 -0.594301468797409 0.352009097492189 0.350310955887313 -0.455222499017605 0.172935330410795 1 5441.24432864756
"1" 3.02829688322134 2.56529038389511 2.49235044125343 4.11636053743082 5.01266518436494 9.95428763520367 -0.0337125548951318 -0.536139370548709 -0.344135501610484 -0.137648816790621 0.215936319435294 -0.618118566937923 0.313490600992167 0.373233998859449 -0.42464757285893 0.164929293678423 1 5606.79256360811
"1" 2.99611833724391 2.60258187734877 2.50836499553554 4.00512130338639 5.05352030984272 9.99417528078517 -0.0259752903579536 -0.526976276607386 -0.399129694342353 -0.113264933747467 0.194005699801017 -0.602796570326713 0.339971154534895 0.359105089131601 -0.446654811665104 0.172834726010497 1 5637.8792345972
"1" 3.02408236848266 2.57104313426096 2.53583464362738 4.07691753051758 4.98749939412092 9.9782044003157 -0.03999804397542 -0.536005882996818 -0.348290649655069 -0.149159154590554 0.219207285888748 -0.593697519161035 0.343891945461456 0.35066379033263 -0.447607509557607 0.157934891921716 1 5615.45299227438
"1" 3.08873478412174 2.51222731467128 2.4907327824775 4.05465599865539 5.05645624163785 9.95390920490539 -0.0306269584751221 -0.53378089226025 -0.39420265410909 -0.0677058377919809 0.208218356235648 -0.614348276370982 0.322482556754514 0.369632997937361 -0.432321431876363 0.165547685179928 1 5743.79742806674
"1" 3.01234681165232 2.62467957050063 2.58454061507713 3.97181447583181 4.97929721986802 9.93560907977476 -0.0848367427966576 -0.59033758269055 -0.248288669838484 -0.162320568493805 0.441864751443718 -0.479028578823724 0.357045307721937 0.356153146882453 -0.597351195691616 -0.195058259515351 1 5780.4874247832
"1" 2.98837395622898 2.609450141288 2.54984519561554 4.15702898074052 5.0233495299735 9.8775357882559 -0.0577473713442157 -0.593851307133619 -0.271485915879678 -0.132821539711309 0.348250146250372 -0.535014371732755 0.379673597562196 0.367566601222943 -0.569254972178967 -0.110853830681354 1 5692.98286255426
"1" 2.94917198013798 2.65789172251538 2.52866766269626 4.09497897977564 4.99101896634354 9.98279900907145 -0.0430372315212921 -0.536620385709909 -0.345556182090057 -0.182732719747239 0.216595316986423 -0.600812799299073 0.328424348386301 0.357716283296288 -0.436888811636036 0.170723798647189 1 5756.73855284484
"1" 3.06658952159968 2.53250909821854 2.6146994685831 4.00212015196171 5.00106185793124 10.0164131183622 -0.0279113791663752 -0.527348936765154 -0.40986130333487 -0.152653662565112 0.193006956223222 -0.58349791930181 0.356321460233565 0.343157182675499 -0.458669951887525 0.180296914166836 1 5631.14854370296
"1" 3.03196841167071 2.57055641969632 2.537665876607 4.01669341567967 4.98191233597692 9.97389317347766 -0.0320971114947995 -0.530965000537381 -0.34676691845721 -0.0766938443317847 0.201575834076087 -0.596681307233056 0.341128299460421 0.354317459367693 -0.447165187801884 0.173215046719178 1 5763.30551637188
"1" 3.08231776749009 2.51977890551307 2.54400042356167 4.02206591304267 5.0285182312767 10.0015167295564 -0.0273513406956399 -0.529289412680578 -0.399601419123649 -0.13831020998895 0.195005961764055 -0.595275043762677 0.344839884402817 0.352607662104661 -0.449741452989923 0.177278278208912 1 5722.23873751497
"1" 3.03590024629723 2.55969550679243 2.52733028498927 3.99148359129874 5.04860776696841 10.0101095085193 -0.0213736960168362 -0.524585162075202 -0.404284566303795 -0.134867232161314 0.187787746989408 -0.595688086626837 0.349501607690008 0.352954998431268 -0.453523499419577 0.176731561238397 1 5575.76954426806
"1" 2.98948672096017 2.61264448672641 2.48956477881736 3.96429667894411 5.02069988581745 9.97932405317929 -0.0217163839998793 -0.523164951107779 -0.366179611147709 -0.037359671201282 0.184411805660743 -0.597274275643324 0.349683165583018 0.353786067890117 -0.45362476281768 0.177818023223865 1 5760.91191246547
"1" 3.0195640618146 2.58328436022428 2.62678504743519 4.00000709468941 4.98964727081607 10.0016139232801 -0.0291881367875069 -0.527517050916061 -0.409491145837755 -0.118740069124022 0.190930700414546 -0.582469418128755 0.354687703580772 0.341897954701624 -0.457136107676749 0.187083908786824 1 5709.65929273708
"1" 3.03699546754101 2.56371041683007 2.5124058234941 4.06677505040305 5.01563774922615 9.97712048769802 -0.0284334233052344 -0.529791595641242 -0.367007557039824 -0.123995473009638 0.200880853063641 -0.602994671263631 0.338395823892046 0.360029580489501 -0.44419531404838 0.168083731005013 1 5700.21681584984
"1" 3.03169400560629 2.56727660767028 2.52974376290901 4.06045060050325 5.02919941390127 9.96077094449092 -0.0293897903560816 -0.530166350889334 -0.385507189498954 -0.0915053300729763 0.202177271725842 -0.602536541254112 0.336178167855879 0.359223062638325 -0.443152807358066 0.170743407000528 1 5673.0078955807
"1" 3.01254871057789 2.58414184224309 2.46453083971848 3.98354814362345 5.02891793968495 10.0354439069922 -0.0122850375824429 -0.517358051330263 -0.354428353464512 -0.178689100848011 0.168304267817241 -0.593042195938135 0.357178162376488 0.349434918893099 -0.458858442611122 0.1904171676469 1 5552.80219378727
"1" 2.99754543710311 2.61027364821925 2.52434853572572 3.97320993928097 5.01540699343281 10.0129205025084 -0.0209825158020634 -0.521840624409759 -0.371389184595016 -0.117962416559604 0.176860959094377 -0.589742826379627 0.356619696795626 0.347206784930778 -0.45918026255206 0.18694518933647 1 5862.80070549159
"1" 3.05586291284902 2.53636727719668 2.57518956921802 4.07284304372381 5.01944246835428 9.96621922380539 -0.0402850282518799 -0.538914013813644 -0.411999342511934 -0.115164301313765 0.220999459859638 -0.59772205241437 0.326174954414233 0.354860560751329 -0.435857112727799 0.174413976841289 1 5574.4628768097
"1" 3.02241041163298 2.57040049332542 2.49510221841372 4.06085821882902 5.03836286224962 9.97625014522148 -0.0293400637627413 -0.531737432976317 -0.385633020284868 -0.122152071779849 0.202815707476344 -0.60757901715114 0.32634783770071 0.363491182132581 -0.435523975588353 0.176743835286549 1 5547.35604371995
"1" 3.00710154387731 2.59240437302273 2.50840713328899 3.96021282205393 5.03002595623385 10.0052995439422 -0.0186083939375434 -0.52122155171387 -0.375731493229551 -0.0860246680422624 0.178731646307166 -0.591126142500972 0.357150239891394 0.348024412440685 -0.45941107001379 0.182556409102767 1 5678.47781174711
"1" 3.01041791777949 2.59874895512332 2.53653528516606 4.04472355698134 5.05630488813724 9.98797255471708 -0.0274770955302177 -0.527705561918474 -0.416118823500391 -0.14234495529148 0.190556731572936 -0.599676913705212 0.340279836710592 0.356320105390242 -0.445819588135341 0.181885571518462 1 5843.48473469881
"1" 3.0708037741383 2.54276082505218 2.53957786141619 4.08120297958786 5.00375147802457 9.96086435816989 -0.0385777896621411 -0.537006338145591 -0.367890781173053 -0.104560822868795 0.209003157951339 -0.603383901945311 0.325099198140782 0.36024132620333 -0.434045138139164 0.179304540563575 1 5945.61814850611
"1" 2.9998255492304 2.59917629917458 2.51014450888788 4.05836838338811 5.01706544571767 10.0131664123963 -0.0230146366700978 -0.525212977121282 -0.362547766418264 -0.20403253379251 0.18555755968814 -0.595951487088069 0.342358566802591 0.35308038851666 -0.447099533204589 0.190103552147874 1 5618.06000986794
"1" 3.11992634292387 2.48447436101998 2.51798466348543 3.98923771177933 5.036238663253 9.99780376103642 -0.0242966023768146 -0.527455557919033 -0.396095397814098 -0.0960976280433536 0.189942240749956 -0.595873914882265 0.34667349777161 0.352377238677869 -0.450669452933573 0.179722812335138 1 5808.72580974124
"1" 3.031941355691 2.57845023947985 2.52375572028451 4.04630347742837 5.04219474588509 9.95287653095718 -0.0359818987644517 -0.535281018786604 -0.394663990016134 -0.0595476066367754 0.210116316201696 -0.610489945553985 0.324116089679136 0.366289878363955 -0.434401129697153 0.166946889836337 1 5868.79558870125
"1" 3.02013228238239 2.58332451272141 2.46847237511439 3.95177693298107 5.01139145159602 10.0039907318967 -0.017368252882068 -0.520102756776836 -0.338470729668627 -0.0738254530334474 0.176222386519633 -0.5929503080583 0.358268906562663 0.349717579043412 -0.460490795799567 0.18018367852994 1 5817.95921770946
"1" 3.01369999540509 2.58193542533699 2.52322332139039 4.12324238538698 4.96278802479784 9.9750828638468 -0.0384278466097117 -0.536984989878365 -0.326093492850956 -0.181596707617089 0.219185539266341 -0.602709317048164 0.328404954401783 0.359453153368871 -0.436283962389435 0.165205891134889 1 5625.80416959434
"1" 3.03542078047007 2.55666533990314 2.50326257071057 4.04234426228171 5.02365286450405 9.96889552461373 -0.0292658660844861 -0.532288610141636 -0.361201181823129 -0.0864498171725704 0.207659237086892 -0.610899406954194 0.327185118284956 0.366836972268449 -0.437330281500689 0.163544852816275 1 5578.69411501221
"1" 3.03925776427777 2.55400027653004 2.55107863200477 4.0984390233625 5.04993797976085 9.96615870889854 -0.0295409149264839 -0.532231080893684 -0.41968988693687 -0.134280227534196 0.204591964727092 -0.605273901621982 0.328681719901226 0.361629641235442 -0.436836616036055 0.17546352690531 1 5550.40263408041
"1" 3.0186879855156 2.56961249976185 2.51511334576784 4.05604806843025 4.98724927106896 9.99723999371852 -0.0230502163252396 -0.525931192810605 -0.344978787252183 -0.167039261363834 0.192553276786204 -0.595455307761804 0.345379062796818 0.352025614089581 -0.449267874956265 0.180023681868865 1 5463.40126392539
"1" 3.07501804720711 2.523125119842 2.5327876041314 4.01925364113732 4.97652672284053 9.98258247308204 -0.027825234005292 -0.529550451233085 -0.338044839301044 -0.0960247679404562 0.194696303544634 -0.592670874403713 0.341248533208045 0.349984538432099 -0.447393694943445 0.187315247736531 1 5689.46915352604
"1" 2.98198285336009 2.6183637080453 2.58603291457711 4.06207111405464 5.06425968349356 9.9951583232683 -0.0370983040308383 -0.534495732402828 -0.445906898953013 -0.168326915360702 0.211288979451888 -0.605718454822884 0.326052651195801 0.362161719801011 -0.435549424830932 0.171063746486965 1 5622.05342987677
"1" 3.02127698035644 2.57769878522717 2.54272893003401 4.11288097925967 4.97540425273563 9.94320461191367 -0.044414929633164 -0.542066640953772 -0.337620888138768 -0.0995056553855182 0.230964432714845 -0.613596314607916 0.308734818600239 0.36989128138682 -0.422380358105058 0.162296644606052 1 5697.12056488408
"1" 3.00470040230889 2.59615087538642 2.53569215827029 4.05529890062431 5.0053236572093 10.0021465455221 -0.0315623076344606 -0.530894296756242 -0.366649871539206 -0.177504918203526 0.200205149321385 -0.595203848142049 0.340408996932723 0.352404229923105 -0.445657753737674 0.179478264226988 1 5672.10407245066
"1" 3.00720023614838 2.58055875129074 2.5447038993702 4.11677529902996 4.99558974161668 9.95456244597833 -0.0452521773195365 -0.541154458907146 -0.364842715773003 -0.133096582390435 0.228977720236022 -0.600592118451002 0.324622659641586 0.357264147833886 -0.433855979599156 0.164238257463414 1 5506.07556371987
"1" 2.99136357302763 2.61156018370903 2.5327695684335 4.06519558590773 5.05983364044986 9.96810000726141 -0.0348735526358095 -0.533332650408967 -0.414956431872422 -0.116939528381436 0.209234755616524 -0.60906053247593 0.328925034425787 0.365653905950753 -0.437035778226459 0.163210329601992 1 5706.24871488415
"1" 2.93828390519058 2.66952994406081 2.51978172474823 4.04588020394603 5.02637411597616 9.95320133858259 -0.0303314136050152 -0.529231724674911 -0.380169118596729 -0.0630292218198436 0.195866552291308 -0.607133372155027 0.328350445262977 0.363349401606926 -0.436833255552944 0.181526481341485 1 5813.0076036689
"1" 2.94719281744877 2.65570074689868 2.48919104498758 3.93888783456577 4.98180066662495 10.0366189499302 -0.0151312208112734 -0.516420632105064 -0.329185375860851 -0.14373795176689 0.16965309634339 -0.586435700495869 0.367606309259306 0.344245424171602 -0.467495506863211 0.183061756378305 1 5745.60253086523
"1" 2.95851069323389 2.64052175361219 2.55057923854716 4.08995556168744 5.05807281592902 9.97233021420003 -0.0316148960855774 -0.531095666432689 -0.421979653571284 -0.158033601590605 0.204775373770471 -0.610889765565063 0.324729336184972 0.367301926403942 -0.434621025805764 0.170469478804374 1 5610.4359108616
"1" 2.9974450982207 2.60638418560361 2.5700331832814 4.00459936131677 4.97721963557505 10.005691399892 -0.0315136839839069 -0.528476066455744 -0.359275329571029 -0.133296839613355 0.195035502010411 -0.582991971268734 0.352050138442876 0.342026029660001 -0.455512041428975 0.186111931661502 1 5744.27990933775
"1" 2.92664349437718 2.67942917307758 2.55241975799263 4.0396830236683 4.96829384336032 9.971603057647 -0.0380792110726708 -0.533065500794375 -0.340814325157478 -0.0976405982911081 0.201236265679632 -0.591656426783583 0.331549780800413 0.350041701949839 -0.439064672843989 0.196909241737751 1 5782.166838014
"1" 3.03231191748869 2.57783482436279 2.53791894520502 3.9901119509731 5.05781753071598 9.99897256853289 -0.0215289202706506 -0.523242037224528 -0.426178150389372 -0.105671262580939 0.18070316452961 -0.596414752699482 0.350413427631449 0.353708675484429 -0.454314741436236 0.181121514616537 1 5904.22436896258
"1" 3.04283190000079 2.54876517424533 2.47661242763899 4.08928507849052 5.01394570783362 9.98577310341474 -0.0285503315292763 -0.532195272657406 -0.342864323295464 -0.173713663887481 0.206084972516061 -0.611455167303354 0.324833859644996 0.367188640155733 -0.434462642041161 0.168762521594036 1 5545.14775935409
"1" 3.01157782636208 2.59030289120703 2.52741317027496 3.96235732490124 5.00656870470576 10.0240575539588 -0.0231698911496899 -0.522648883879039 -0.367827412704716 -0.132664031011516 0.183017444964184 -0.582454036204809 0.365983212234624 0.340111333436232 -0.465678684786351 0.179634890530446 1 5723.79795812414
"1" 3.04419900180766 2.55996263594805 2.49012212603603 4.05063862551248 4.94655129685042 10.0013227947014 -0.0367908473954084 -0.53368282753006 -0.287142901772436 -0.169366565074657 0.210379067883256 -0.593458036776489 0.347351286328046 0.34981997721701 -0.451591215592566 0.161827238623052 1 5788.20672340483
"1" 3.10076475254944 2.66681412886928 2.57150833326449 4.06941292644036 5.0121435445729 9.90914379088462 -0.0354647891913608 -0.570864858894917 -0.233051246094247 -0.204751240953017 0.461946191655194 -0.641811457290169 0.313351656651086 0.526656945544135 -0.541152405513696 -0.721420671370055 1 5867.73029763982
"1" 2.92370858363886 2.68651516988117 2.54956528538555 4.088066939598 4.94676925172815 10.0047351533981 -0.0327406335122616 -0.52895005387621 -0.313052701789398 -0.207361548929895 0.19490467738325 -0.596431781502744 0.335888878608535 0.355224116159142 -0.442592241727612 0.187727266950436 1 5827.37408389768
"1" 3.04169215772051 2.57274221416282 2.53002952184696 4.08891763626726 4.96656139406001 9.90565035384071 -0.0445198836551813 -0.541718925698229 -0.329002957916353 0.00713398780439879 0.226819886104639 -0.61666709247519 0.310451942146074 0.372736470364094 -0.424477595449477 0.158010958484735 1 5942.7219957152
"1" 3.0370872052522 2.5605870767643 2.48954943399848 4.02149764594335 5.0306936728176 10.00424977209 -0.0242865933760884 -0.526774965786082 -0.366124090143479 -0.148365858028415 0.193205554553605 -0.600219414509829 0.344820341455431 0.356628457391891 -0.449379533531339 0.171556466139963 1 5637.80552559308
"1" 3.00365374792555 2.59180370515686 2.62383479054928 4.00900535866578 5.0052475809742 9.94434175083787 -0.0394236713817315 -0.534988554799276 -0.406817634986077 -0.00827390129857795 0.213692194935666 -0.591549347004659 0.333871610030894 0.350043611232876 -0.442694196137411 0.179321492160775 1 5623.70556988797
"1" 3.04642769325954 2.55571597385406 2.56158003753738 4.06248713918203 5.01027086296444 9.97236723515504 -0.0373376573633955 -0.535857493605177 -0.384957736549463 -0.118898110952951 0.211605456256287 -0.60385230329543 0.326519316791337 0.361246896079695 -0.435890740996832 0.172500157191574 1 5720.89931169088
"1" 2.95254257515261 2.64715211764017 2.49944742861964 4.0314741024573 4.96839725912636 9.9892867977351 -0.0260883583122905 -0.526092191654744 -0.313107438657659 -0.130524838013308 0.195303582560523 -0.604156731362103 0.340883077232367 0.361252000900816 -0.446703863024461 0.167484646527563 1 5681.2604937547
"1" 3.00173619831374 2.60961419441374 2.54767125885656 4.02596341631252 4.99401282159697 9.97542118675854 -0.0329827151038841 -0.530773447563513 -0.36880760639349 -0.0893851035506753 0.198815905116975 -0.596852329642086 0.340029059898215 0.35438478380399 -0.445940827456243 0.177795460271646 1 5905.72990840767
"1" 2.97518672318423 2.62326341735548 2.47154233175785 3.96861319891819 4.973655670579 10.021158131356 -0.0178950285126428 -0.519925613353862 -0.301937467842621 -0.135526468610405 0.17756008424238 -0.591545903104901 0.358491646446795 0.348659651712603 -0.460470872774323 0.180768280597059 1 5664.22250910802
"1" 3.01436976897009 2.59506049965848 2.51412193896475 4.00073496122492 5.04679222988306 9.99992024667473 -0.022572763990662 -0.523880839117665 -0.395776208426694 -0.115824932068083 0.182255405483572 -0.597053015571443 0.350009621502781 0.35336144999743 -0.453883542100325 0.180059534128053 1 5887.06722784796
"1" 3.01513464143076 2.58539085278177 2.46075559898551 3.98338617352005 5.05076169808415 9.97741037538817 -0.0195866006058663 -0.523894293605726 -0.373862180724928 -0.0500573596528537 0.184563605057176 -0.606304229858008 0.338686648491693 0.361699475873872 -0.445656107309822 0.179033888537006 1 5738.97114517138
"1" 3.02432145670977 2.57596488438938 2.43415751189452 3.98711852415683 5.02226077534313 10.0052372139983 -0.0139124967003023 -0.520399378674152 -0.327442677084833 -0.116939810183478 0.175116867555608 -0.604410559388662 0.344825741972772 0.359767605426241 -0.449621418155922 0.183248394421298 1 5736.79076825417
"1" 3.04035875438181 2.54319396034445 2.43812168563003 4.08183818090974 5.04786201258041 9.9598986898753 -0.0223519636056943 -0.529545831605252 -0.348920892205446 -0.11288840305565 0.201655039368305 -0.620207518854169 0.317429298605294 0.37419687676971 -0.428355692984714 0.170721442432893 1 5428.68354256178
