"1" 2.92022370062337 2.66194934714993 2.53211829217615 3.94828339648388 4.93836462414039 10.052948294442 -0.0250085953587266 -0.522447556261295 -0.302861282783735 -0.206839275837489 0.184334376885097 -0.575734164524512 0.356466741498803 0.336559771357934 -0.45769107863783 0.201961738575095 1 431.570113942362
"1" 3.01285066273713 2.57935887040721 2.30494016714563 3.9400377413848 5.10437608421189 10.0146835297154 -0.00650923917243514 -0.51542252465935 -0.352924918343262 -0.0989708233309032 0.163307603288545 -0.610134282104126 0.341030468949655 0.363440822550768 -0.446727166773457 0.19250496701189 1 452.186756151867
"1" 3.09876262934251 2.51502213073954 2.56534517798435 4.00095876378464 4.867307294056 9.94511801885352 -0.045978925107824 -0.542017927222698 -0.336950908260972 0.00164505552854064 0.21767670787576 -0.596210870330466 0.325697663064395 0.353668134777627 -0.439078966051497 0.178234910855209 1 501.220421139955
"1" 3.12194188899408 2.4621146231768 2.65124680467007 4.37647622632373 4.86245401374824 9.90278447358276 -0.0814901254161352 -0.57853874291921 -0.103328915990044 -0.39746875636732 0.319987546759127 -0.654613842498758 0.228071735556425 0.406099814568979 -0.358350339921144 0.107004857947359 1 472.438841805493
"1" 3.09611043320654 2.45892624567897 2.60279491511555 3.93763335013556 4.81174968914368 10.0727344413158 -0.0537576448422203 -0.544771940730177 -0.228705854354111 -0.267179487630782 0.244907508659133 -0.551050096519112 0.360827702278588 0.31487033971593 -0.461467468495912 0.17400159645122 1 434.45928582028
"1" 2.92641206769779 2.65600371299735 2.27061922143231 4.21371384085192 5.09531121889763 10.0175649774691 -0.023618141360193 -0.530614404545304 -0.322783808641116 -0.387068771938902 0.207307003241707 -0.643081402999903 0.289349713430269 0.394142496095913 -0.405727916326211 0.168559017615963 1 442.567612768638
"1" 3.09853308245264 2.52354647623198 2.60521188697648 4.07836652397009 5.07299075116576 9.91848754237472 -0.0553928608318483 -0.547360732927226 -0.475982830250646 -0.0376038146344866 0.220540368659995 -0.597101288079301 0.306460489172139 0.355417406228939 -0.416521293657016 0.208417441794523 1 511.607975314506
"1" 2.97292519021799 2.46324672468595 2.66931766411009 4.19293882678319 5.42416049573019 10.2305131636306 -0.0755281064633281 -0.534971319632675 -0.751542326122967 -0.675298382602742 0.398022541800025 -0.772149498938279 0.000235631027382137 0.468820452859479 -0.132141840855589 0.0842264470131622 1 434.746275009846
"1" 3.28590573966326 2.31184928496796 2.5086818988018 4.16928358733877 5.21058810110932 9.99315268944441 -0.0278111378628251 -0.548247120609703 -0.577320783850912 -0.314691621866856 0.216435920632347 -0.661360626685151 0.274234277259262 0.411459524228416 -0.393142353936021 0.148305067423928 1 473.750814779827
"1" 3.03994322549257 2.54608292422887 2.5534444849046 3.75524067631454 4.94574332229391 10.1095722608872 -0.006304048599132 -0.507344834312343 -0.328766414432077 -0.128880982700534 0.151995539534382 -0.544986017972153 0.414854681501594 0.306665406453677 -0.504212088140825 0.194851944570163 1 416.256349927062
"1" 2.87070802661815 2.64960155469555 2.72386889186571 3.96770530769561 4.8940592373528 9.93282668219654 -0.104555598032865 -0.574985746662589 -0.360126384474792 -0.042725312676026 0.327903066353837 -0.571491336150001 0.276547371500343 0.335097717429594 -0.400714300456594 0.178419113273897 1 422.605644775987
"1" 3.05874484323853 2.55197825426723 2.33056865784102 3.91806652800148 5.11579933656512 10.0501548217502 -0.00919232712317467 -0.515472418647632 -0.380597880829045 -0.150197659261598 0.158698846418497 -0.602028627753514 0.351665193627628 0.356035851228168 -0.455680935308266 0.193976022046185 1 539.032468390429
"1" 2.93494620309235 2.68406187989653 2.4598204684546 4.04796439220992 5.05303245916611 10.0995985879774 -0.0321376650979675 -0.527494682576147 -0.380218587540494 -0.400426395436261 0.190037064330929 -0.592205278308402 0.350969041393116 0.348601101615537 -0.453171052577257 0.180271870726107 1 499.853847742637
"1" 3.01416185800107 2.62089412755437 2.57408243536233 4.21728403085634 4.81808096418975 10.0497726132037 -0.0925121740782727 -0.56680869410588 -0.196934205513489 -0.48006605627714 0.278807298338664 -0.580094462231692 0.314031770364424 0.34046739870698 -0.423940931917228 0.163245856520777 1 500.969407986311
"1" 2.96614094822093 2.6549441547336 2.38654807606798 4.02745845396685 5.02924957878663 9.84797785839625 -0.0727493553299311 -0.561099657593507 -0.322817583916724 0.115143989749514 0.273705670198139 -0.643285120703946 0.251103275069327 0.396666052851486 -0.378578771420627 0.148103149089798 1 504.203105301411
"1" 3.01647330288793 2.5896675543624 2.39855584512485 3.88681631421789 5.0115154878938 10.0615785107071 -0.0156612656572477 -0.518031042597965 -0.309346444204742 -0.152195110865446 0.16824600546073 -0.588235036778685 0.363228144960568 0.344661337065387 -0.464324517714129 0.189013640294221 1 498.236201441452
"1" 2.83793238109564 2.78228313445603 2.54212342248123 3.89691472540198 5.06707139524941 9.89067910458298 -0.0518018033415421 -0.536350810314801 -0.447885123425947 -0.0259410678927581 0.220562692078098 -0.608393397072363 0.312136779474203 0.366503098566774 -0.426318688360511 0.174957700679977 1 498.246529975051
"1" 3.13890317361453 2.54857986926915 2.38797317171169 4.27235250777834 4.44044205477773 9.74222323487974 -0.12493267102985 -0.600458974349613 0.122585877842531 0.0676413423463472 0.339827049174861 -0.655124452813722 0.253175720785882 0.409681864055944 -0.380240262577852 0.0324961386752959 1 532.919191254383
"1" 2.92797298185612 2.63242130016526 2.61880416900893 3.9849420150221 5.13708807325944 9.93678259412832 -0.0608595984185897 -0.551014619642178 -0.546544211448019 -0.0496294529822629 0.261101993196349 -0.606982793874297 0.287959139900067 0.365125016020563 -0.408371241365149 0.170937050960099 1 435.314963816008
"1" 3.34633685094682 2.71000511750558 2.30398917390596 4.05398692436008 4.53120995557424 9.97001146731117 -0.383725589031482 -0.746546471701113 -0.0174907282560301 -0.42889767972643 0.688568394482562 -0.455380062508734 0.329626133242014 0.247034386214761 -0.481326126077436 -0.294534371502449 1 553.796401596939
"1" 3.02732190393604 2.53505634256016 2.42046378622434 3.91746702962722 5.03128812076274 10.033625835474 -0.0131919367101817 -0.520184337746157 -0.33224283925379 -0.131979406418686 0.185053722825014 -0.594307741007405 0.351042649991485 0.35073648490449 -0.455175164458609 0.179983854374006 1 403.372321325456
"1" 2.84087545513877 2.76556859092587 2.47940125272856 3.85410815815841 5.00237245305408 10.095976137126 -0.0146942115019067 -0.512071994890455 -0.344107360475472 -0.204736438035513 0.15967956645299 -0.572355230524653 0.385124600561868 0.330946299994212 -0.480765933977492 0.189842551211621 1 485.935184256923
"1" 3.05283850660452 2.5480094658591 2.77921404160668 4.24761593974029 5.03677990546263 9.82248726719995 -0.121023345017027 -0.590435203359281 -0.5180976624456 -0.102486324032448 0.347071754560608 -0.601830141749856 0.246462713179158 0.363127288072043 -0.372656107412238 0.148607664265621 1 474.099468692059
"1" 2.95681685169401 2.61920376719747 2.68030452720533 4.07907401406072 4.84451371746624 9.87332260177569 -0.132976944677404 -0.594498078398847 -0.305599409993859 -0.0946129294949127 0.370268275832448 -0.591420459209533 0.251287961977482 0.353411417573904 -0.380834062087595 0.130141134801695 1 467.476859855133
"1" 2.95810977311796 2.66244885296565 2.6796190550842 3.75749681987782 5.06277870588423 10.0499919576717 -0.0510696108241752 -0.537094490079438 -0.506961473325207 -0.110750463829115 0.215464810303391 -0.588673532248901 0.332599601510913 0.349361072083159 -0.439895474212485 0.183959803016258 1 493.136073891024
"1" 3.08629538867172 2.51452810723821 2.6343127293649 3.75656635336864 4.9584294256255 10.0882946525907 -0.0218031649413458 -0.51600653727379 -0.387213631431572 -0.0944390908126782 0.171217808031026 -0.539189627726418 0.415295271907156 0.30177897845605 -0.503755144851026 0.184917161606024 1 479.164582653706
"1" 3.08870940590717 2.49885657541816 2.46797895562123 3.94900246211165 4.92566204513718 10.0122603410659 -0.0264327607829109 -0.524667058463896 -0.258789231628148 -0.109070551000831 0.192305067099601 -0.570263654546906 0.376438041432107 0.328626893976762 -0.471997106428861 0.176106571460293 1 462.357747648806
"1" 3.12444904347733 2.44184567713866 2.59327231633467 3.74645532115507 4.95371634870079 9.5493078775186 0.138689969415557 -0.515691776052361 -0.231896446715406 -0.357250767170668 0.250476552345078 -0.833891987102047 0.195990296984735 0.593414103286767 -0.306875027520681 -0.292983842695961 1 478.6544627612
"1" 3.18863145924703 2.5435543795359 2.34332112775479 3.91243126198308 5.37973101208327 9.6061188650428 -0.428215901691162 -0.811986991688528 -0.139283480998038 -0.234959921716459 0.96665335943469 -0.30322521381628 0.317782234024282 0.145443314525061 -0.406201197839828 -1.02304426188944 1 489.777138524792
"1" 3.18551735796509 2.41253975597749 2.56186053452522 3.82353148665551 5.29526413724442 9.94462438628855 -0.0738794571287623 -0.560133676135795 -0.631602264321398 0.0380677372541372 0.294253191807125 -0.61185854841504 0.327060159127557 0.353660374851534 -0.428163861574525 0.0864345905611358 1 478.98020423364
"1" 3.11230778184693 2.50220829893572 2.74033255157411 3.83596367151301 5.01304419219202 10.0829824090011 -0.0324155748727028 -0.524163078200206 -0.491523600243185 -0.155018619895171 0.182555552596901 -0.544975119968244 0.394868246633228 0.308453890419405 -0.488567693894443 0.194253516728195 1 498.649895525743
"1" 3.21726093041213 2.40401579867368 2.77708526423183 4.04120501526684 5.01115433242263 9.92295488461341 -0.0807323937139657 -0.565153346974596 -0.500920545540279 -0.0530008105695954 0.270908412009958 -0.576499615372286 0.312915274291592 0.337841085455567 -0.424137617516061 0.178686557882808 1 490.032478534818
"1" 2.89941858385322 2.73763070024322 2.19548943065724 4.03547251268428 4.99567082617895 9.93223899363188 -0.0437673265482431 -0.539651710759439 -0.18196381604209 -0.0495696277042867 0.218974274802977 -0.638094925873317 0.293987385573814 0.389334635099889 -0.410523164187613 0.157258192406467 1 541.639246475828
"1" 2.93222741207924 2.60573883498431 2.47223307811121 3.80761480487942 4.7183847415127 10.0581214101992 -0.108821184632952 -0.568500076346257 -0.102484815583533 -0.212703469669003 0.335371912408383 -0.585521065270531 0.302226630889033 0.334056848670606 -0.408241917641291 0.125026789788399 1 454.495775506522
"1" 3.18623642264443 2.4709767544468 2.53117801921869 4.24638730408482 5.19975767557372 9.98110556094256 -0.0580118040573949 -0.555640795876986 -0.570599227716255 -0.326503560532244 0.246813557411118 -0.655364238286686 0.264485571819561 0.405424017033106 -0.385095415546 0.140840148959072 1 512.290830341408
"1" 2.95015694560195 2.65927399432469 2.39734263663518 4.03739372461759 5.2054582003121 9.96016447654544 -0.0304332882328072 -0.532638215300122 -0.492709212515022 -0.099555430913145 0.202129296733111 -0.63449441113546 0.296585853973397 0.386977932112124 -0.413192834270337 0.176248963978485 1 489.257751231513
"1" 3.03298002207398 2.49308263813615 2.5514615107487 4.12783803043001 5.1400862122112 9.85172682715857 -0.063948382758871 -0.568186403649428 -0.402992331909743 -0.0713751326431403 0.314080514263941 -0.624345263739527 0.275282505182902 0.381601670401158 -0.394767242440308 0.0982760311427723 1 445.579643537894
"1" 2.80247624206981 2.8175678699482 2.60615067660275 3.97655785835146 4.75422382374055 9.98309686338211 -0.111397717569908 -0.573058312164983 -0.17726760107643 -0.171922672271357 0.304854720775525 -0.566134756694966 0.300267847749619 0.331064964231376 -0.416938882537581 0.17621722904787 1 494.000978432996
"1" 3.1761858046754 2.39386976309161 2.54435921590947 3.84181272381291 4.97501894801349 10.0862514133713 -0.0203555325363819 -0.523268434496553 -0.359782900569061 -0.178346802471623 0.187909977452777 -0.564650764330043 0.376957649868926 0.324615672991228 -0.474962823329983 0.185923358565914 1 411.920924142731
"1" 2.95769532099578 2.66379833979014 2.50253387591403 3.82503765829924 4.95931934073103 10.025336732407 -0.0312338520004828 -0.52675451721109 -0.37956470687249 -0.0391494842052157 0.188301624488205 -0.587509056878481 0.354886528724333 0.345670204806199 -0.458725371427542 0.180703544670928 1 521.396529302474
"1" 2.96131458978418 2.69262717719813 2.72073489829949 3.82063711842611 5.61460300495631 9.95400673031926 -0.161002619310254 -0.621079888058778 -0.82699173904802 -0.091764529425808 0.530039773457647 -0.61745857572159 0.102014235127614 0.444494355972656 -0.301136659730497 -0.0934900985421262 1 483.498859092813
"1" 2.87110267314061 2.76840615145079 2.30931818296036 4.205268217186 4.93529587659412 9.98968034179737 -0.170242916787976 -0.626644752080146 -0.166805748683103 -0.381036042072715 0.469330381811271 -0.718192949271558 0.0196009506450367 0.470797400448032 -0.203745578142782 -0.18519005783293 1 491.177311073543
"1" 3.12796971662615 2.42380225995842 2.66851058826632 4.05470001331036 5.09187900815734 10.0226932845368 -0.0490833303582421 -0.549202146319675 -0.524531333668201 -0.270320692851547 0.251012974647319 -0.6035573485135 0.296561816417479 0.362513043005333 -0.413581028584016 0.175344370881789 1 418.224083539248
"1" 3.11431839651061 2.48812234233687 2.5462855421836 3.84758848783642 4.87166429797838 10.0903077644939 -0.0435649470347607 -0.531332574856052 -0.248757369456292 -0.186085129828074 0.194153968829369 -0.526614380098274 0.387998972563237 0.287846865831291 -0.48394822447668 0.226180726399506 1 487.832602441676
"1" 3.00149885912341 2.59633545629796 2.32833232036973 3.93996961711249 5.20724946409049 9.97155811790502 -0.00699787963892906 -0.517523901256254 -0.46228519317404 -0.000467375990632382 0.164398881752548 -0.626338769332591 0.316403870722046 0.378351512363391 -0.430926480503552 0.198414918915318 1 472.506307946374
"1" 3.00778793097094 2.59445075602251 2.26973815907953 3.94210709950932 5.06676276745547 10.0396740882908 -0.0057143066669565 -0.513789821394813 -0.2959650243401 -0.152573379352288 0.155487256905639 -0.605287709465852 0.348285793179047 0.35831427747672 -0.452413498274884 0.19789678115855 1 495.929284838869
"1" 3.00462525026966 2.5908311511219 2.36492285330146 3.84481368873513 5.05589967982788 10.0703163934938 0.00237370760664353 -0.506405130051509 -0.337405932916182 -0.127486459360375 0.144496076606783 -0.590175708596262 0.374084939200828 0.345831146301841 -0.472976514848954 0.193109347578272 1 457.212705691882
"1" 2.95855632539406 2.642081813169 2.68159340375425 4.0350318128742 5.05007200155898 9.85288031093496 -0.103487295843262 -0.577376577054845 -0.471783066712217 0.0827490875804625 0.31559776807216 -0.610261102736813 0.244322480439015 0.370719839841702 -0.373146472686866 0.170813162536488 1 477.956798600515
"1" 3.1146210210507 2.33056649108922 2.39270032449358 3.93714323035046 5.5440409623912 10.0110936742912 -0.127428732163669 -0.586840768150299 -0.732744857029458 -0.297663013824413 0.440613100808611 -0.662145036459152 0.314469421287324 0.327991423252193 -0.379253373075687 -0.081229490820421 1 435.250371302714
"1" 3.13443801288492 2.50211619418194 2.61083568789376 3.89658247638106 4.97890139358254 10.0232714235969 -0.0508259812629281 -0.537779028082536 -0.396219755796559 -0.0975922078263457 0.210289552535475 -0.561891165634729 0.368610224683119 0.323209702653864 -0.468237315045816 0.180034323494424 1 536.464199092823
"1" 2.83941477346872 2.47183853945898 2.44740450319533 3.71524407950904 4.78016312752606 9.21982618125688 -0.279375514279744 -0.583248349404863 -0.638975904655704 -0.0899241036428421 0.722057250778312 -0.492957893684177 0.356394845074907 0.320079300635661 -0.581273790354885 -1.49433017477458 1 472.129541868891
"1" 3.14245719096138 2.78680550786338 2.44455587770069 3.68272321942383 5.06928303732922 9.72784359176621 -0.109828704415905 -0.461361878778707 -0.589220014973282 -0.424179583098651 0.162866938152723 -0.727645625024926 -0.243290273150368 0.462332137874838 -0.0900303276577282 -0.460511119736312 1 506.905987466143
"1" 3.15162567994596 2.45278834661595 2.60481428682801 3.87108937514019 4.86986046796608 10.0353672602705 -0.041281998395476 -0.532456415980599 -0.271831699510302 -0.122782338952787 0.203242151664181 -0.556976435229426 0.371311739828936 0.319373356040923 -0.471718063757388 0.189451646010265 1 488.651726106382
"1" 3.00445607753779 2.60301389548869 2.49522467891011 4.05669647978622 4.8714613041438 10.0498555985163 -0.0616477577161353 -0.547781465805391 -0.210203791747711 -0.315713625974399 0.242859435822521 -0.580683692692817 0.332785953899257 0.340689129867484 -0.43911012617173 0.170963055956582 1 484.689785875767
"1" 2.88427366666789 2.43092366821111 2.7692509523294 4.03709494039471 5.15578637735212 9.82107179350993 -0.169754527208506 -0.500638054594145 -0.58823393143209 -0.107792435724056 0.555420200820271 -0.618252675804733 0.457722495523329 0.263420868051944 -0.450373476182936 -0.426631607004428 1 449.469684739672
"1" 2.97704221046599 2.60014192485818 2.82850959069535 3.68186848469821 4.97185033191631 10.1189677330188 -0.0205773394828356 -0.513880161548354 -0.510210779652616 -0.0984251777861093 0.171467099864749 -0.523318702980251 0.425683551026172 0.289529513998284 -0.512949282964427 0.190936485101577 1 407.921461309561
"1" 3.00311904176698 2.60552001064827 2.56796177263809 3.91193646987281 5.15434946193016 9.9320112224565 -0.0535029622048283 -0.545154456598442 -0.538838422124453 0.0667702870482664 0.235397847758234 -0.608638347226505 0.308923820519776 0.365526622461297 -0.423549107710352 0.165108811850952 1 489.115672799271
"1" 2.97812572938139 2.55313520811268 2.54854327467024 4.14699746860495 4.80510137594423 9.90700190483899 -0.110832849875338 -0.583546792810818 -0.171393827022078 -0.144676476419651 0.337644114932436 -0.570906764673972 0.254087009737487 0.330346094103214 -0.384135146688298 0.209906706665009 1 437.723203561805
"1" 3.13704200469036 2.8968547414066 2.37295215204782 3.16728849586852 5.61054437193909 9.13883506113838 -0.41953621519015 -0.637742745977263 -1.29913215231711 -0.53140048177769 0.938535318207992 -0.29483808846981 -0.683782416674093 0.252180388286773 0.109961355198458 0.875274217538648 1 488.214170949999
"1" 2.78779849972904 2.87181021255065 2.62080187495811 3.98244316804824 4.91306764320987 9.86422171444997 -0.127100683930461 -0.58633955742676 -0.387191713662032 0.0424080540445262 0.330339775742466 -0.612346275430031 0.238126324109648 0.372354712349624 -0.369901860046311 0.158126088851215 1 521.686467161026
"1" 3.0176405194468 2.55663494651686 2.42686002636516 3.95877877877593 5.13039764417608 10.0472964250391 -0.00913858583407508 -0.517319122939161 -0.440279158390809 -0.194951926777596 0.172701842506308 -0.600743109117562 0.346211500498926 0.355825224244843 -0.450425590688371 0.190375320830344 1 393.604000752162
"1" 3.04429845098429 2.56139632353369 2.34275111439892 3.81546971359917 5.05004110805944 10.0367042034403 -0.00333633430715576 -0.510484266938381 -0.318423059425571 -0.0253346333892407 0.14991548162136 -0.592633454816957 0.368032666497971 0.34784243427492 -0.468950599935264 0.192634148805323 1 523.665510711633
"1" 3.12057863814749 2.5116074231247 2.51735224670204 4.05448384973137 5.11325380012014 10.0264544975463 -0.0819251091984648 -0.557988986024221 -0.475906987115419 -0.259090098616857 0.283450720409067 -0.578837467420724 0.3717184051791 0.33436541032353 -0.465168013890832 0.0738568741135327 1 503.917631522596
"1" 3.04598775665332 2.44598440108936 2.62235225151737 4.13180388189029 5.1313180040082 9.98484954871244 -0.039278023290043 -0.547745558344949 -0.531937236694338 -0.282878296294757 0.264580777182693 -0.613674545165163 0.284726513670987 0.370686519997159 -0.403068078931098 0.162574935222925 1 384.337330230368
"1" 3.14709738763617 2.44673210253055 2.64950293595475 4.00788153999472 5.05295766636578 10.0848836330014 -0.0297003614514462 -0.531712277693367 -0.541772722924192 -0.332309835239893 0.199652870046502 -0.584890065961572 0.349818787210019 0.343956191311755 -0.452700962698613 0.182339443543615 1 457.657890759794
"1" 3.02798097889055 2.50408281668529 2.81154255324848 4.26802983551491 5.23309459237675 9.8918173628126 -0.0813870399598831 -0.575934969125749 -0.718993933858829 -0.252638123834608 0.321883122095106 -0.631375966605621 0.233261004584646 0.387318049774748 -0.36435469180486 0.141130814309121 1 432.265703020039
"1" 3.06829679744429 2.52536046536756 2.68957495642864 4.10862485729582 4.8619002737035 9.95289626891496 -0.0947627793506615 -0.573771750405995 -0.308087995471217 -0.206227448530105 0.304559720295616 -0.592323671267134 0.275837173440015 0.353333102241373 -0.396925541939431 0.169384385212596 1 473.12488295963
"1" 2.98201071223115 2.56879478157136 2.6557612837975 3.93412853040384 4.8781825711675 10.0012768253728 -0.0748603540445517 -0.556024345003264 -0.314791068435558 -0.130064152026643 0.277946226585697 -0.561224589004832 0.325654139771393 0.324968193476966 -0.435530428151536 0.175769033024074 1 438.800826508654
"1" 2.96247536156381 2.63130841236907 2.5555558371537 3.58352786667109 4.73571043857946 10.2988952731516 -0.0626387035720058 -0.565123086685285 -0.129540073993161 -0.416258481267211 0.275881200409172 -0.457340365010048 0.39911619552868 0.284616068727997 -0.550292820207191 0.133474331764618 1 471.507431437763
"1" 2.8964796214779 2.73074234712116 2.56123234908613 4.13679582902665 4.97701490722185 9.57721489029699 -0.114879653246642 -0.567364065394552 -0.305967451056478 0.363074561025039 0.313985570919281 -0.633843715476765 0.206969868810797 0.377981149117389 -0.326307321075173 0.215797566491746 1 503.23732247201
"1" 3.27213191463995 2.36857124452894 2.54796942413442 4.04405574191375 4.97695230737479 9.75726345958431 -0.109047460633651 -0.597423862771643 -0.424862147476016 0.232452916780408 0.367881206940752 -0.65567856147379 0.216864772536646 0.411482079187666 -0.350218492298661 0.0504806335539221 1 500.611073960541
"1" 2.8769121162473 2.70357024756733 2.49421811125637 3.94075021106231 4.98776844725094 9.95283231225021 -0.0478750351377562 -0.538780622536442 -0.327589097247208 0.0117621805072946 0.200431584377657 -0.565517845883757 0.297199870993179 0.323070149348423 -0.417211591457689 0.293812960847341 1 447.25076528408
"1" 3.2857600452365 2.89853486163711 2.49956190519542 3.99665104319037 5.02052838684966 9.86825252738597 -0.851719711422182 -0.905305576061293 -0.605124343908301 -0.633656360688564 1.2932793630419 -0.227801572237646 0.251230626126809 -0.0853109990413927 -0.26337587020899 -0.60605511943921 1 505.625014140764
"1" 2.79351953882345 2.78537308781013 2.74840058178059 3.93093655544568 4.80128126154885 9.97315493005033 -0.130627338410984 -0.580596674041176 -0.294109725255734 -0.120315181596057 0.335388788477225 -0.537684247332518 0.303629949495968 0.306804562188288 -0.419720290848434 0.18830209315721 1 460.491880309579
"1" 3.33493453096227 2.90513907753123 2.57923592998481 3.49272026315657 4.78109871289316 9.99577923384827 -0.512713008789143 -0.892485464151097 -0.40633232723735 0.0415815506694216 0.81583480558145 -0.457918084609983 -0.218455878403382 0.392265635190577 -0.197569537275194 0.159448195374771 1 563.172004744176
"1" 2.98608250194679 2.61875555460558 2.68587985481099 3.72222717314032 4.96630325055345 10.1184730519526 -0.0158640720038589 -0.509557024957361 -0.427101400640814 -0.128966102773191 0.15591898915589 -0.530384213016303 0.424925085490905 0.29455786214533 -0.512135520566238 0.197504454115999 1 482.983668764315
"1" 2.95237163505314 2.49852998137926 2.80511863876319 3.9502308070412 4.9479696589443 9.87839456015978 -0.110942555649384 -0.587033426928653 -0.492619701612196 0.0308750933715476 0.37676757360879 -0.577901392907268 0.251016569031369 0.342785680883933 -0.381060861128383 0.148676028296308 1 406.63976604546
"1" 3.15263604993946 2.48369171721124 2.47460211585528 3.95924088839521 4.73854117160993 10.1164399215439 -0.0587354494294179 -0.54576659227461 -0.0999728282830557 -0.377432845214651 0.227448751200349 -0.556148188587778 0.373446496673995 0.319280547361016 -0.470016783479539 0.164723718607631 1 519.146278874554
"1" 3.18040634411321 2.34626598586143 2.51257003577869 4.20065518291431 5.46231438556308 10.0316084904381 -0.0165530098187064 -0.542622600809569 -0.798543816593458 -0.394066852504366 0.233123419293698 -0.688667064451062 0.213628223044983 0.436754935225728 -0.344345891380256 0.169120539800058 1 387.810425041018
"1" 3.02479101917995 2.56546138588608 2.51610270414181 4.03503484542111 5.13377499703161 10.0050070340417 -0.0428894663419849 -0.540737732459914 -0.49126170002998 -0.206682954473805 0.226563710164762 -0.61138422490479 0.30798534001369 0.367419242380651 -0.421055568801462 0.173104714565393 1 459.961007985987
"1" 3.17324277170831 2.35715751182357 2.59179137851908 4.32817598336561 5.1901445300615 10.087606842481 -0.0349084998665352 -0.550521512049303 -0.601035887204234 -0.6367614103902 0.236367484521463 -0.628701619287494 0.292122176641771 0.382620665203742 -0.405846706704464 0.158745841072406 1 416.124969026023
"1" 2.98403847946745 2.68182689506233 2.65284349510016 4.0804696420067 5.08549852924289 10.073223496228 -0.0673433833692512 -0.548437882969164 -0.513020686108658 -0.386597296647223 0.225803518369124 -0.591988389192883 0.328147807143062 0.352321481572654 -0.437108551577957 0.173914648788079 1 567.192853082588
"1" 3.12068490644431 2.46826278490679 2.40200225606441 3.92835521949697 5.14218754810492 10.0570420167993 -0.00321415281898535 -0.514230702925093 -0.441427962445803 -0.176059484310507 0.159909886271748 -0.603473200379234 0.351456314193953 0.358201666655562 -0.455262117730244 0.190187451624426 1 431.378977338896
"1" 3.0949589585138 2.48769285659435 2.50232709726298 4.20637245892113 5.05402233334879 9.94328904887057 -0.0633138438092997 -0.564253073933837 -0.393817640198744 -0.268779253079065 0.28343942192241 -0.633446807705484 0.266757997569164 0.387134190198337 -0.38817186869555 0.134000404702265 1 467.552980711376
