"1" -9.25255083448458 -2.40251170280522 1.32014909789218 1.9550148103627 2.90732595154865 5.87146961941389 6.41695149251548 -1.85504211757077 -8.12495764966349 -2.1352590672724 -9.76973121057166 0.0568685311182151 1 111.174178502713
"1" -6.80281410811336 -1.06365423913451 0.808423530376569 2.17870266777974 2.17369979998791 4.94416091649703 5.98515119442303 -25.5572132741438 -13.858844960169 -3.28323328753177 -11.3221301775831 -1.23719889978994 1 183.582241126036
"1" -1.61052042594154 -1.16110377714033 1.68431696130834 1.09832439394413 2.95436253039961 2.97041649916705 -19.1178954824807 -31.010034558363 -11.9339790362657 -22.3762911148478 -4.40857885707723 -2.81513781720311 0 212.043261071163
"1" -12.6589202182883 -1.77214822150192 1.96616758601968 0.914792198621423 6.47448665910177 3.63316316726573 7.87486739269905 -5.38813634950021 -0.493934452540997 -4.37957436456662 -4.44066426892193 6.55980336066695 1 140.986592607534
"1" -1.58322464418308 -12.0669078262185 0.962048563269516 14.8697813901832 2.83630673464423 26.3934306145571 -20.7166427687826 7.6455801525591 -7.51939767676624 3.91141626660547 -9.06286897823347 -1.70557865275944 1 177.707455086156
"1" -1.55755694901266 -1.89142745556139 0.882558949828929 1.48101966842039 3.63940866124837 3.72822036098913 -17.5156996982194 -5.81614041026389 -6.17529460019123 -7.25652006120598 -5.17965043386074 0.357384668833994 0 171.247982019469
"1" -0.011483406387473 -1.26974641436669 0.157102831433489 1.34902344573204 0.160749928612985 3.53690297614196 -34.5775492554703 -46.6056716740226 5.74769848783827 -14.862876371546 -6.40588462250068 -8.5937336149564 1 -558.358322106718
"1" -1.27268157886603 -1.19995492798166 1.04223058580776 1.74910923333964 3.40109775483459 4.93048676446021 -17.5231686492143 -12.9194461251727 2.18738719514167 -3.17024991084487 1.7097799985994 -13.4605176972244 1 220.624320109533
"1" -0.941864997768371 0.8519577564718 1.08675369516092 0.327948598902882 2.88985828973668 0.320427634878107 -1.52616389796803 -3.24454170413102 -0.316860756307417 4.57561606209983 0.21735498031406 -0.350539834296977 1 -325.009061052866
"1" 0.529478779359488 -0.997612478847497 0.131019254821191 1.29314116330379 0.146025361190291 4.81295833734632 -1.40368240807948 -1.66618797490197 5.68270447299565 -0.53152738776633 0.125460255937129 -0.0227268168015726 1 -585.884891861298
"1" -0.213738381984334 -0.0891642688461368 0.163405424817684 0.441502081553293 0.703736481755456 2.16697190585088 -1.40659837046781 -2.20897214680654 5.28915349433399 1.20200175270879 0.176310894518841 -0.915495140724239 1 -558.60115262716
"1" 0.540524568563704 -0.841972508806957 0.195450269348074 1.25347242447083 0.289307656259695 3.45888433073943 -1.43847928511315 -2.93531846349688 5.22028551942547 -0.941916300156771 -0.0728290703731137 -0.388065084253485 1 -517.298421583977
"1" 0.0363525329834515 -0.672792261451894 0.450756374623202 1.63662515371009 0.397504482935593 3.56194829667082 -1.35609776837896 -2.00580740878116 4.67524449303625 -0.573694403366373 0.217109081058317 -0.291256198156993 1 -198.919682880929
"1" -11.3429634551188 -1.89351197618178 1.47354355945307 1.08114295081121 2.29120380638262 2.27199876522568 8.36455164785848 -12.399384758757 -9.03737321592742 -11.7859903156659 -10.1164169180006 0.267883647129634 1 137.126180672245
"1" -12.9062991412815 -1.70378868716633 3.07599232830731 1.12625809262153 6.3124623844191 3.51599459352718 7.92179099435431 -5.38786696428805 -0.164016426473725 -4.58812523113161 -5.39091245734138 0.643115651251925 1 136.604886881827
"1" -13.1315101189883 -1.10812277175702 4.4856194555798 1.06561918509354 13.8178574867016 3.22406717504671 7.99496054121492 -5.24761963100774 1.49790749709115 -6.91708437811201 -4.5494894124937 1.87523843203591 0 174.258075411226
"1" -2.24297820027985 0.474299166296472 1.93647086308011 0.293275663586124 3.78346792944923 0.320047842852151 0.0714729670342563 -1.6877153855431 -1.14351042523819 4.8486216490876 -0.20325366962751 0.235514712487727 1 -437.008441226477
"1" -13.1462779324697 -1.71868921923825 3.09809050375958 2.24579057210817 10.3917663704479 4.20666219760049 7.97185708784471 -5.37187721310849 1.76172001444632 -49.4796056323192 -4.66604795313955 0.540459766147363 0 129.724717825242
"1" -13.5386934681425 -1.71130376574229 1.15261170191165 1.30849974902174 3.79007239845498 3.34023655668661 8.04335782183684 -5.44998984059862 -16.7159946023119 -15.1443219250823 -4.56407398311466 0.288314547240135 0 123.692394353717
"1" -14.7212829040904 1.62629334102007 1.16295844129749 0.293280009752355 3.35835020482487 0.312687473673638 11.4771718468739 -18.4256920502219 -5.82858843697378 4.47640305743559 -3.32033945525654 6.99897334974778 1 -427.302852528121
"1" -1.34755443386981 0.172144115026082 1.28196843339865 0.31521552290733 2.92178704101748 0.326071992671953 -0.758119647042804 -1.33549484108096 -0.627470578460469 4.94466645668173 -0.0752924315848747 -0.0350225366766492 1 -390.881175710463
"1" -1.74570220342818 0.960132199720153 2.37395180815876 0.257764851339235 3.65675162875139 0.263536155850797 -0.164154864849998 -1.44146146192596 -1.18329266039168 4.83758277640752 -0.0816190708441416 0.236501615934401 1 -379.106810696465
"1" -1.6153507910102 -1.63681516230298 1.30899938273833 1.6936578508819 3.21916305924202 4.81481506288227 -29.5275005360927 -24.5098802004572 -14.9797045975284 -7.50153951539656 -6.08970551427251 -0.666752966667621 1 180.952097591586
"1" -1.84180875086058 -1.49642277584714 1.04292007801026 0.934583781985543 2.83164102344556 4.35357470852404 -8.36149663216207 -19.0447084303476 -11.261309998084 -10.5516681667597 -6.94108980078927 -0.445797516816051 1 176.804908000113
"1" -1.32496318538471 0.656980441270956 1.69779789977056 0.19521905075765 3.7610647839714 0.197287150173054 -0.12245507801519 -1.34797244671384 -1.06148106406415 5.19283860423915 0.0261597749800496 0.321509798675908 1 -452.910202283043
"1" 0.170336263259254 -1.62651649089868 0.34358384192239 1.93081996066841 0.273663667304432 3.94126584742292 -0.780112412768029 -0.531272066844222 4.78356945153421 -0.311712591524635 0.355211001663404 0.348405946998834 1 -319.822562941772
"1" 0.148617652207121 -0.763127145382696 0.453138890380309 1.1309591458037 0.433130047390863 3.4512722331033 -1.69746164780698 -1.7385805128152 4.70260998491138 -1.70794651572711 -0.187604245974949 -0.0620033076162483 1 -240.991825756277
"1" -14.3426091518791 -1.53781648221985 1.09845382518735 1.56769888105106 3.24123696446216 5.62248070627912 8.56866361298113 -15.86580712884 -6.01648843955421 -3.92999244757783 -10.5605252746503 -0.0563956326931229 1 141.338252240412
"1" -7.36462979018654 -1.20851242918087 0.426512192293509 1.22976694767396 1.49104729634681 3.48054055259859 4.92997286465729 -17.4543587781517 -5.52919067711994 -5.10579048013153 -11.0849862431529 0.445936623775136 1 150.823909224766
"1" -1.70102507329895 -1.57087315490478 1.17589243859128 1.13416560597773 4.22198911043229 2.42697265070562 -14.1127772370675 -22.2149632779057 -2.72953750956512 -1.37572147177298 0.465217455493766 6.49454978164728 1 179.719006810867
"1" -1.73752241118819 -1.28171021426096 1.62490030581312 2.27989244507983 3.72904223227185 4.89102768360075 -9.44549158363265 -20.8018008114806 -3.3758499035846 -2.76459370140733 -6.73712249807282 -7.10006188167772 1 192.925568215118
"1" -11.8013677071427 -1.12457325739059 1.45993549283701 1.68872463054254 2.99033295050921 3.57329131395287 7.65974277661152 -15.0309939667323 -3.47905515299323 -4.597509915959 -9.26923229295194 0.236208909970558 1 191.219750364316
"1" -12.7183300996878 -1.56884490383896 1.61420559942306 1.65591203128578 3.6454935364987 3.7526402916704 7.79517315289763 -10.7703225212262 -2.63513223731564 -3.93400389173813 -8.22422762548405 -0.152734625929737 1 153.507454117143
"1" -1.24587509747505 -1.1828285928041 1.13278826274217 1.53854472888697 2.5655134741458 3.46995004872307 -10.0402700049189 -7.91549940655156 -1.47737624339841 -3.66851361964777 1.9785177352149 -7.67165288167723 1 229.525884926798
"1" -13.2017441380842 -2.07537036462733 1.63759910534795 1.72596745219833 4.29526137604087 3.62612568588836 7.96956650110395 -5.46632126733916 -2.89007083905557 -4.29675433169102 -6.98172320562007 0.254416920282442 1 109.503865073457
"1" -34.0380727830474 -13.2901538918919 1.83521936766317 2.01947237687764 6.97885039411522 3.8943164683329 23.3019861232109 6.24422161726112 -5.07428066798091 -1.28322199538174 -15.197883744354 0.353004564984212 1 65.0456864242951
"1" -1.50265944413272 -1.16954028580104 1.12346507288726 1.59137758618225 2.81932773845897 3.32109426597688 -17.7517063850937 -21.2142863364946 -10.6672929617247 -10.7738782241677 -0.422788612039138 -3.8381794261038 1 216.890908335996
"1" 0.264018729058501 0.399470140923309 0.737913555528431 0.242287734510989 3.1714475341706 1.12123837731304 -2.16672801413893 -2.64214363743024 1.75850833892166 4.49891594808523 0.458989242896789 -1.51958480680456 1 -342.007872963479
"1" -2.28575086896772 0.0800698616150364 1.29434190645707 0.607720931941545 3.52182096456431 0.505002846032065 -0.136029624669195 -0.923538870516102 -0.771147988256838 4.1902407671387 -0.142121177699328 0.133686629730672 1 -116.312139924305
"1" -1.59857822605973 -1.28153812052619 1.1499040104001 0.883408000647012 2.21285193603825 3.27275717874866 -21.4618064328522 -27.5471398232232 -15.0743158420181 -12.2694767800555 -1.56750738660244 -2.39099465069908 1 202.618405443243
"1" -1.41576633721536 -1.64261954133589 0.988044633983256 1.40176914756197 2.64580993478425 3.02566967830423 -0.971658513025527 -5.54370778316604 -11.3135776313948 -8.57988700091215 -2.13124644337525 -0.865708809335415 0 202.723263450576
"1" -1.74932476465901 -1.45261816738271 1.28921020817865 1.22345936814657 2.72580993787812 2.47115344093937 -7.57612939611649 -10.9795838469724 -6.24416299126834 -8.62155067703077 -1.74179259146923 -0.856997985558433 0 186.769035006493
"1" 0.419168241507866 -1.18973805895584 0.120097411120667 1.04530238158936 0.179107509847532 4.19238669833084 -3.38198877997847 -3.32250177884866 5.74612479754026 -1.83521986433932 -0.0934509908483468 -0.0709133715065673 1 -647.731702764828
"1" -1.59884319046646 -0.877163077317448 1.15728433535432 1.2123506206972 2.56428524921396 2.95940461347546 -12.6539134304912 -25.4468443868475 -14.3066913664306 -16.7839322470724 -3.87507771687165 -2.74956865460755 0 233.804509465515
"1" 0.872438363858073 -1.1338860347678 0.192158272659767 1.25210624962304 0.233040060494251 2.8454318455518 -1.41000287205851 -2.15299757152182 5.1666097044542 0.132197278762389 -0.083735923153916 0.00908155829049497 1 -529.3173993743
"1" 1.1474500846013 -1.28487027520477 0.198673085556038 1.38886838621056 0.207316715881686 3.1091266565083 -8.59923249095367 -7.00776158335293 5.02730797065386 -4.96489899746731 0.576404087677508 0.320618677458904 1 -516.365937823995
"1" -1.92220091749465 1.47567939870215 1.47906164639796 0.250329382483138 3.64831395211567 0.2708737676641 -0.270243656984744 -1.40789533063227 -0.910016622880122 4.67506450897108 -0.304490658645752 0.0516213315390342 1 -413.403954574405
"1" -12.8903834264714 -1.53889169316357 2.27421936941983 1.0298007787596 7.19142934513872 3.24746495021449 7.92890344936476 -5.34845562076609 -8.21799128242746 -3.57748074954178 -3.26805559266144 0.394697356180946 0 145.914479735464
"1" 0.098719416508396 -2.34324563667366 0.258948857382492 1.21480445482773 0.277098809961532 4.0782764106926 -1.06502765312222 -1.55861834072581 5.12506314359678 -0.513247595090014 -0.351375373458594 -0.149719724601649 1 -521.301480869743
"1" 0.801904567685887 -1.61888606532104 0.45439050756872 1.93455585478027 0.410466084118891 5.4743349528064 -1.21699899875938 -0.930211686027834 4.27395875216116 -1.37457300311453 0.176729725111317 0.158037350450076 1 -191.918712711316
"1" -13.3739480871569 -1.96593112854582 1.48063275715273 1.47405295526047 3.47481154472941 2.88176370945706 8.00784443347666 -5.48198529680467 -8.35687960991549 -5.88799778579059 -5.93774049115017 0.0553081107918028 0 112.510139200347
"1" -12.0223166428064 -1.39476240617741 1.47621798649867 1.47627171118697 3.08249274839452 3.85167405741201 7.74116888432287 -20.2809470139566 -5.58794084877626 -4.91490790165208 -10.2988046565425 0.0844328150591453 1 175.416979745589
"1" 0.247696865866703 -1.2886446541847 0.184913254461458 1.3708699926988 0.203080988295567 3.75460533324957 -3.56999586845715 -3.03168552027114 5.45894519437397 -1.22599826433057 -0.214271148605758 -0.0148628503698592 1 -576.276772880501
"1" -2.35445890410827 0.355705670089335 2.80075893367681 0.242330889323574 4.31446212289022 0.262803931032307 -0.133622064576979 -1.24556691546188 -1.86114178723158 5.06082126432817 -0.088941836306744 0.240330058408528 1 -483.556022996467
"1" -12.5279344812791 -1.05838694991287 2.02030361048756 1.18728399643357 3.50923322157693 3.29380557027154 7.89667119755178 -10.9903707394267 -4.12529616763515 -5.50503999498825 -8.69511777913428 -0.271042624244079 1 206.010894879453
"1" 0.207479064170955 -0.428156280315505 0.219205913682317 -0.826302911202376 0.238794172178411 1.60647963086653 -6.22204813261923 -5.42634118108506 5.43115040514909 -0.000203696322219829 0.862436730969926 0.0361113230909096 1 -495.191227384228
"1" -1.58146395042935 -7.79251181086589 1.16247643623679 1.45156033381018 3.2836805214621 3.49871697400418 -29.9550143146587 4.85571173866676 -13.0545877628088 -15.6391212982682 -9.0719413021118 -3.17769882387819 1 158.973566930063
"1" -1.34460253841828 -1.11978077521533 1.29826880001071 1.22185450634225 2.90451190660408 2.96015916669417 -7.1615940065484 -8.16956995403413 -4.34767129946334 -6.26170246631453 1.03393264447144 0.0455931709209341 0 229.563325766007
"1" -3.29600605791497 1.78992309140264 0.822332731983631 0.279821270636785 2.9738188827682 0.297686910991237 -0.306169637432034 -1.26139427328181 -0.319527684440424 4.50450604142421 -0.0223515734538079 0.110334003153315 1 -457.210254740376
"1" 0.296065197325898 -1.14742483223253 0.270719853475011 2.73844572668459 0.262539096254303 4.41828793916193 -1.61386672386641 -1.50252823017974 5.07918143875121 -0.637964508480762 0.0422220616423147 0.226204356470794 1 -449.313501497112
"1" 0.595123361685773 -1.14333969741204 0.204766748574037 1.94763196874231 0.217962292638625 5.47252953770498 -2.50043710165159 -2.6112420338526 5.20065846662279 -1.65919109157404 0.179432591430269 -0.102339138437441 1 -515.67692680059
"1" -1.38628490041246 -1.48204903771755 1.13413819996948 1.15789570637047 2.59869488574612 3.21607464944355 -8.78247751002345 -6.95717148562271 -1.64462411339818 -5.51034550849251 0.558225027030755 0.310579535852171 0 203.435884288147
"1" -1.91796125753041 -0.130886832134565 2.82391647688996 0.195704155212427 3.87964943746211 0.197289980617173 -0.177461149616047 -0.928283487527775 -1.38889479813178 5.62703678320939 -0.0540531080354659 0.120882408624565 1 -424.265331014356
"1" 0.73810783059919 -1.81268368926511 0.271374018701937 0.978600697011094 0.290240141167993 4.14136422662847 -0.351119765830456 -1.26956436035472 4.8256190724992 -0.452165851737515 -0.0998669392499613 -0.174965153786668 1 -449.218567208189
"1" -21.2327630530786 -9.21477514641926 -0.252641806729151 1.74580147140751 2.12580583675236 3.54447399559636 12.030004805692 7.77896394471474 -9.46009995173298 -2.71557112399197 -17.3208506420062 0.0643095213999973 1 -75.4947013277178
"1" -1.61847153125554 -1.62714348854768 1.61531873782816 1.49755829634815 3.19730369461961 3.97872120634525 -8.33947901825478 -7.75393549177265 -3.5933136466525 -3.39512668031272 -1.99836428261558 8.54695675455239 1 182.523932320224
"1" -9.13704413073463 -1.45411666920923 1.89896635110725 1.22578277971753 4.79077285778695 3.36826389631773 6.07311795326954 -19.5414907653593 -1.90099802468977 -13.4628040853345 -9.56491404871802 -0.822200030054812 1 171.256057301593
"1" -1.87898018667975 -0.666564166145884 1.34205995838915 1.50243252248351 3.21263361504381 2.9547283050129 -1.90204559336752 -2.59942400514693 -0.666775103746414 -1.43888285055455 6.40720117743859 -6.81204138261872 1 240.628033393326
"1" -10.1133655595088 -1.21754860134559 1.49591786519138 1.05134307115012 3.2000449862568 3.17695832186329 7.86614206632195 -20.7231543364928 -7.04393931161601 -11.868635706955 -10.0412492701352 -1.4385830416605 1 184.219804360398
"1" -1.22990113076991 0.820100027376788 1.14692755467737 0.357437979004719 3.6551136811613 0.376351760838919 -0.940125607351591 -3.09684139817112 -0.652206852577537 4.59073819613536 1.5123351786737 0.793085774231917 1 -228.850196573894
"1" -12.4791234750148 -1.13866298633358 1.31838035397948 0.777708674788516 2.6076491413216 3.48458705494228 7.88217896943238 -20.7008663010973 -17.4045694436688 -10.3205674446699 -9.47016074950728 -0.208985884106721 1 198.39633703041
"1" 8.08291020963073 21.2378120483889 0.998505535037395 -9.82653638275599 2.72588509985927 19.2018139499428 7.9414548860617 -13.5254354248321 -188.000891303732 5.92485905347064 -3.65558495179865 0.533139063344292 0 151.668810546564
"1" -12.3796106269943 -1.19401768343391 1.91765494471878 1.76556534463288 3.08189311327097 4.18752007288848 7.8417066742088 -4.98067466802915 -10.204241645319 -5.67459752497329 -4.17954831559729 0.00648711799096266 1 187.0476873483
"1" 0.691745048666508 1.36411208458559 0.340003596325072 0.814311472628339 0.525365430527232 2.13841889741442 -2.73880351159303 -0.775166519577158 5.13146361751746 -1.35328354319419 3.19597616597283 -0.800197251974966 1 -203.356767013607
"1" -1.48050211648028 0.21683122295298 0.641966158660954 0.263421605456975 4.45636583786182 0.286225955567564 -1.1686185270245 -3.31774512974749 -1.14654661984399 5.09423616596803 0.265913835444909 0.422530337526815 1 -451.90542432405
"1" -1.98479607052974 0.759987502831507 1.50260254567222 0.17955360191523 3.90497018894153 0.206825797551072 -0.305420283142027 -2.52699604782264 -1.30624213561628 5.18864279358962 -0.28280554890522 0.201152405075348 1 -533.151585992589
"1" -13.1917283744643 -1.49419621961534 1.12165851591343 2.06528142267815 3.37201991809838 3.65813785498742 8.04025952008031 -11.9710539386238 -6.65751406776087 -2.23871944133126 -8.69001581790655 0.298304989998512 1 148.765930514723
"1" -1.44984969605481 -1.38134401945193 0.915839730722052 1.78180780850726 3.8647141899266 4.5478294837964 -6.61875872387955 -0.933034476803428 -2.1526478411935 -15.9104967417898 -5.46756653961644 0.711586071565123 0 211.804102465174
"1" -1.55517485349586 -1.2018083832022 1.01990940425695 1.2451355068234 3.29821887255897 3.18346851811038 -28.5444100796407 -22.1298007083932 1.10608817736784 -0.311567609211816 -2.257577213121 -12.8567782571484 1 203.393256636065
"1" -1.85381788898241 0.606548269081119 1.07893802568094 0.310928987960487 2.9462344563979 0.31170174648598 -0.467098573697689 -1.36477906165988 -0.450507542373383 4.72096808482974 -0.126781311894163 0.172651995326924 1 -394.231805108882
"1" 0.416621224986049 -2.03761086380032 0.154249372138751 1.41266534344066 0.212164577024798 3.87061093441945 -0.968649581477881 -0.862387629556467 5.45024017335846 -0.341834333240706 -0.111559272876728 -0.130767478184811 1 -641.96850124145
"1" -0.658517759386484 0.753715847495743 0.490258346646584 0.117969407865904 2.64789062892814 0.300750949495429 -0.438040344238531 -1.36073109309655 1.22640468639799 5.15602818083355 0.0353618422043781 -0.982404498270765 1 -481.856805228877
"1" -13.3002231617743 -1.7898455217449 1.28140732429483 1.20564718429556 2.8963822128476 3.39837915991337 7.99782963649188 -5.37907840829525 -10.0559018709216 -16.7299431860672 -6.64663140945203 0.0599064287853537 1 124.163510761222
"1" -11.665521963508 -1.71845388012461 1.04581347113873 1.46039692687516 3.30758855476663 3.41229322908352 7.13770533944289 -14.1807304419548 -7.02991912176483 -7.61196877872607 -9.02687764406843 1.01933144638606 1 145.360710150146
"1" -12.9298301630522 -1.54647019923329 1.09269250764361 1.39727805346391 2.88573550088175 2.34327235098882 7.86563095967298 -8.98895149886504 -3.41176505613006 -4.09800381134874 -8.84860857561176 0.130187255136825 1 147.916752746825
"1" -12.6403385162127 -1.42000691504377 3.03135318853871 1.5152421124529 4.39078342721516 2.91362306960088 7.88588720120642 -5.23047257762977 0.718401526005018 -5.01252222827649 -4.44640208467482 1.02483540906533 0 166.481669930252
"1" -1.10179615165193 -0.899982511469722 1.17905196893272 1.05864907547788 2.62721770138763 3.02825390550463 -11.9134933545826 -13.072378455652 -1.17785441385195 -1.11256667262541 2.22306266266671 -7.16517005286921 1 253.98027165239
"1" -12.7351254325439 -0.965644754648618 1.07373926020782 1.38778581852365 2.95310136543433 3.44736236172336 7.92437288325172 -16.6356304688615 -5.60276411565719 -6.973014501676 -6.79871033000476 -0.0810305721522186 0 207.512654640826
"1" -1.43889600305162 -1.58582338773929 1.33315825600454 1.35145644804858 2.72474511824195 3.46450188097733 -8.86392730046584 -6.65054724721697 -4.84774242627243 -4.30531348879241 -0.862887515450058 -0.488822080831467 0 196.210750521301
"1" -0.0979974000458877 -0.846430978056061 0.188776401292369 1.89105544027298 0.342176573584859 3.59250432368089 -1.88486147092491 -1.8947447978764 5.35555324028115 -0.794841589133431 0.304975281461519 -0.748351271465462 1 -477.039918420933
"1" -2.89292613645352 -0.00341573058682853 1.56809715260254 0.310725176287314 4.30235142434703 0.314390488348182 0.98490520780334 -2.03111624566251 -1.53738781749867 4.95477278879538 -0.713402221033092 0.118776841982874 1 -475.162289300961
"1" -13.061537435616 -1.63443453212913 2.17932148419306 1.46755922547623 3.54523453307134 3.18292401861431 7.95769309096757 -5.3514704730829 -12.7004533359884 -6.02426610997092 -6.73365164500693 0.202102279443968 1 138.190953454059
"1" -1.03398472773922 1.02655309056073 0.507060046407979 0.194001359046458 2.73372395292547 0.221592292181409 -2.23415821440274 -1.9957364060465 0.00649944664573128 5.04359585235551 1.50976614126999 -0.716400903307143 1 -472.542507650322
"1" -1.88205347300402 -1.56955163999403 1.41754016902069 1.35146798412387 2.37592737257014 3.21409578011416 -3.4793114109496 -18.4946183718439 -11.5666422041993 -11.5298043660671 -8.6054707693613 -0.379033812754432 1 173.990836543066
