"1" 15.3171971515203 14.9781141566202 1.83457107994297 3.62675814145927 3.82553350068663 9.237896822051 -3.64211678843399 -2.03103829606403 7.44698818102127 0 496.931009671519
"1" 1.92065877114224 1.44126451213495 1.83906928085496 2.87267852917565 3.50468916938308 7.04067763482374 -3.26595725228836 -7.84395032860665 -3.67677184300144 0 460.332161884333
"1" 20.8593386624613 20.6850176040135 2.5415617239593 3.15104318398303 5.25704151953203 7.57911890756241 -0.81852244528305 -3.6871210137103 7.16803896916937 1 501.379308912831
"1" 7.25825765949159 7.24482221365097 2.42228371402818 3.76992548033566 6.87922952463872 10.7680598604344 1.92926300839529 1.13753770216191 -7.54356021738698 1 484.250859358662
"1" 1.3380673914908 0.463382913709841 1.9161089502658 3.13359523675706 3.86203728908399 8.55897857721148 -1.30175807220768 -0.757751519182225 7.15851325798929 1 433.174105176656
"1" 16.8328691588191 16.3911369781148 2.14102254981945 3.01802238773506 3.85292062756741 7.48504511034161 -2.4724381478508 -0.923432473625723 7.6302710721611 1 530.493617401688
"1" 2.09491033557091 1.76173801898312 2.34116626169325 2.84043535303659 4.74886607998682 7.3117722071046 -1.76136073576325 -1.84025475982078 6.93392131690241 1 460.176159396528
"1" 1.75389917948231 1.06102001651021 1.86762363269308 4.11677571625939 4.05073305957962 11.4347226060872 -0.605862023320609 0.343059211441557 -7.48315300247935 1 456.730945970584
"1" 1.80919511133718 1.30456720441803 1.57723137525481 3.16021040025775 3.5471986183018 7.49746113096441 -5.76559771827468 -8.59056995031113 -4.25823639591157 0 455.601350825606
"1" 0.940030435560684 0.606996597726563 1.97010221375158 2.79966545486521 3.74480047887364 6.83580895951241 -10.4095188783286 -27.5069763309414 -5.68905454559745 1 416.526695151952
"1" 2.00191478451724 1.64132457642482 1.89081704102767 2.67443141785826 3.61435139942858 6.54351697042236 -8.15859504943794 -15.6514005611541 -7.96983524629795 1 464.625899019907
"1" 3.80064851337643 3.66566970745061 3.48638768401827 3.97149982814811 7.80243831464639 8.94678972888099 1.63267692295861 0.439401275398623 -5.89114721282245 1 500.620543902895
"1" 2.18905516580726 2.01351702297231 1.92452797524936 3.80077870936656 4.06971113108532 9.68697469417887 -5.36782365076388 -12.9064392757796 -8.92372458000721 1 452.839242205092
"1" 10.9548415547412 10.2567134502156 1.69877262406126 3.46691659526629 3.34378821981451 8.25664697772807 -6.75488742294677 -7.20589456824344 -9.16612907199973 1 500.615870841527
"1" 1.19835471218016 0.656823209167832 2.33381185452504 3.93832660719855 5.00325373012145 9.07655411487053 -0.994697822864174 -0.831661141346194 7.49042064266307 1 421.733434605425
"1" 1.39031404698674 1.0167786755442 2.2726635650587 4.03095885137188 4.20594141087788 11.1401254275269 -0.581901520169609 0.620427947275442 6.62291809865066 0 448.472250506396
"1" 2.70594944713676 2.31619735972991 2.07757182668331 3.621554510298 4.33576057532582 9.26620352720371 -0.941826534987944 -0.549794952381804 7.18150167893173 0 478.13715093891
"1" 1.48549728892565 1.36519542597292 2.66288768680751 3.60732210412851 5.21767881899331 8.8900360547958 -0.933170224476654 -1.12235336870975 7.7072746493448 1 437.29997807546
"1" 1.97238174883974 1.94840498373936 3.03361785999696 3.88698981616446 5.83660826808491 9.55371010462887 -0.0798949099128051 -0.351111118255255 -8.05616481527168 1 454.391199907042
"1" 1.17646216613283 1.24581596944854 3.25332918522755 2.74773828820543 5.89010337778424 6.81353906275706 0.431023351636441 -1.03348363442054 -8.00233885029267 1 443.678683632474
"1" 14.3360389716592 13.6570390608974 1.9957820020386 3.84249400147066 4.10950736364859 10.3648485634093 -2.54146670896892 -0.0322984750451381 7.77415230357845 1 501.641333196435
"1" 2.06775656541122 1.43518848544122 2.03492859346564 2.57622690550246 4.30152085402794 5.96964084725171 -13.0396513110717 -9.73965159691191 6.37577543243349 0 460.059471516174
"1" 2.94685952217485 2.74267061905771 1.98573697680837 4.34844402781791 3.74597349231444 11.0391283461222 -8.27011461634978 -0.14436296150612 3.15779150519696 0 473.595342643048
"1" 1.48246745389185 0.819909105708945 2.59300806144747 3.88105501942321 4.9582781905651 10.4725689401347 -0.932522289277655 0.30503657189691 -7.38001195586517 1 435.820445295725
"1" 13.6451459930497 13.3738312547894 2.03805778529522 3.91338871956961 4.32165653120134 9.67832911533063 -4.90126760462519 -0.869616381765812 7.85353582028745 1 504.028887975425
"1" 1.07467269878269 1.01992166212252 2.72772582346236 5.17276787995731 7.23909896628711 13.3463679767677 1.96932830426857 1.05785990388841 -6.88827869199683 1 439.43513942301
"1" 9.20267603878267 8.50879633462576 2.80188633849567 4.18431600792668 7.11125858695344 10.5980176276488 1.15197216069474 0.55960388940507 -8.6743046431267 1 500.618160781994
"1" 1.50490992010863 1.49645444651894 2.27728840843188 3.49048263762501 4.64697869174447 8.86567779950962 -0.7215031300246 -0.973956566384567 7.77702199656144 1 448.149361114079
"1" 10.8746944347855 10.6592944475536 2.1255411199725 4.4226962869588 3.94947427241595 11.0495196156748 -0.416750235192957 -0.384907541893713 8.18223532644972 1 525.621420833684
"1" 12.7284016423875 12.3095591934552 3.06352174925489 3.25992777324974 5.90040680031384 8.00496211311215 -0.32258603738628 -2.13035424441095 -7.42360944342665 1 491.019236851199
"1" 2.47629436493155 2.19881604653677 2.54933113503189 3.93197263920806 5.12902780625214 9.78179315652957 -0.818172702081859 -1.03229422641913 7.57568108668216 0 460.295410010835
"1" 2.37477425981971 2.44839132064923 3.49089602162443 5.88802437400016 7.73014888640109 12.9926919803093 1.79638790470069 0.852623092949059 -6.46246811059172 1 434.557657663363
"1" 2.67217088350348 2.16518925071949 2.89783649010698 5.65730738246839 6.6502215270559 13.259288065293 1.2007629128849 1.1884279307898 -10.9851360075706 1 472.493326603173
"1" 11.7201400919441 11.298951732196 4.21330878547762 3.09417213472787 7.52426452029407 7.15706859343551 0.174343556054452 -3.35057214332315 -7.63005296348346 1 494.439509314398
"1" 4.40412235453055 4.07582797065855 2.59129722116386 3.63762524055931 6.48085385424825 9.00590486001556 1.51234025273589 0.129842458272867 -2.48761192134326 1 501.552316739164
"1" 1.17563622178626 0.783531053007183 1.87551306314758 2.88061608627429 3.86255032304581 7.13986017359319 -2.32929410761733 -1.71358267541968 -6.54686918607291 0 432.673840503317
"1" 3.77462065265321 3.48559238498632 2.41524039275332 3.60527239984356 4.73859602603462 8.94005977669941 -18.9396581436271 -15.1571480561405 -0.555704701679811 0 462.989238704306
"1" 1.61071068372052 1.643010974452 3.7123919177154 4.72208738127743 8.83144971170162 11.2659545457079 1.68741161770395 0.798737783395328 -2.65826601936084 1 404.03994626124
"1" 18.2871959513364 17.8092381664884 1.81942339232938 2.39378907016005 3.55477071092468 5.82471950132212 -5.86655770337151 -12.6737851108011 -2.71709974863565 0 538.245012794973
"1" 0.815471959405871 0.274825183869562 3.63228359010277 3.33284689274417 6.34689000523396 8.42203876376233 0.366392815037732 -1.0098931136523 -7.39581792429265 1 401.884427697776
"1" 1.80850144932518 1.15943093972576 2.77968649235283 3.23210115320242 5.14230380689777 7.98741234782629 -0.0833792957879988 -3.12896894812997 -7.80036457417596 1 449.228216581131
"1" 11.2127420445888 10.9420378792283 2.30682070209619 3.68115108742492 4.44020615409904 9.06641935236961 -1.33352334554383 -1.65776605668076 8.48197438909048 1 485.972085184811
"1" 1.59465952705147 0.972064608388827 2.13054006901121 3.43168046057348 4.44704431592765 9.50548710866903 -1.34467448497345 0.135845713149485 -8.11376641263698 1 446.94325239276
"1" 3.26902961830921 3.22307816339889 3.44106082366917 4.83584680930942 8.21682163752362 11.2329081848575 1.93443062939644 1.31704975142683 -3.80143636754459 1 446.368766875602
"1" 3.89242701891484 3.47797324975485 2.84705528710205 4.06867160471104 5.3795978996005 9.65948241744123 -0.22006378744959 -1.0571803384742 -1.06484060711639 0 473.523855436548
"1" 0.730807060883474 0.586654315681345 3.10336311126555 4.58401997144615 7.34247841425723 10.9017234810308 2.04357768409702 0.583744816241645 -2.85546758508117 1 389.223327403929
"1" 1.56752292645979 0.868303877763552 1.76661319473256 3.69238002988429 3.54345778271898 9.15959704611682 -8.27018527530974 -5.1121294579361 -6.55461404149524 0 436.606926119107
"1" 1.07616901949257 0.836150130117445 3.52104929523912 5.86449252389329 8.04339966210701 12.8284975233183 1.10772571994982 0.957981376005252 -12.3821012376815 1 402.245067572957
"1" 4.53123431697488 4.78781155745086 3.61303081807753 5.31118841741989 8.43658879246613 12.311555191133 1.9531242845931 0.505693047694513 -9.57293446239719 1 447.039250413449
"1" 5.55183121151824 5.08941903382588 3.27633911522305 4.4811172928121 7.39775805351946 10.0877042393934 1.57869490011704 1.56390796517826 -2.53404920119795 1 500.626052232612
"1" 14.7570779319527 14.574841810736 2.56385128001864 2.55923415283272 4.75962356826122 6.39152944408147 -0.726631606449472 -2.33648282036463 7.79073262086858 1 550.299127971136
"1" 2.31145261678578 2.02233568328194 2.94753154297484 3.66953970642831 5.78687264066624 8.63462088660745 -0.0895811885893133 -1.73370392044446 -0.973057304489997 0 458.363735045591
"1" 5.22229846026796 4.73285686242453 4.05474651599732 5.82599432436363 9.06780715190428 12.8041594107778 1.36841391615854 1.70494491185481 -1.72023337525793 1 455.70989914743
"1" 2.33654044016843 1.85186812771679 2.17251152173958 2.32277714742302 4.38170330545454 5.78349907611405 -26.0840237567936 -12.7321915579429 -5.39806679296936 0 468.844497157
"1" 1.30537482312714 0.548973128325708 2.37858307805287 3.12540137532407 4.56299522457264 8.09881835758535 -0.969879710507148 -0.836523361471101 -6.9783248278696 1 427.611569090161
"1" 1.48578483302855 1.2116909918446 2.42626940437887 4.53689984815057 4.73490937194571 12.1371509757975 -0.503655873314742 0.26864297935898 -6.99057124922829 1 444.656775235357
"1" 1.60962964315651 1.89773580952377 2.83775305456052 3.51803932420399 7.53394991451422 9.42639441312134 2.16457168388777 1.19859312345395 -3.58862451118678 1 430.547034471695
"1" 4.59943843819407 4.63071536403552 3.25452365615275 3.49349000286974 7.80327779067038 8.35528447916913 1.64777341009947 1.45399022088053 -8.19535577721372 1 494.392188294753
"1" 3.19324316121518 3.31810399495193 3.21954180453823 3.49043137175895 8.6208286553522 9.26357775943064 1.89253031038705 1.39304963966065 -5.71581572782176 1 442.495633594916
"1" 14.2698499631139 13.8948823565262 1.97420350013212 3.07958357495042 3.74052644001903 8.28852230100399 -13.3044772609031 -22.4188260004127 11.9460780727176 1 486.416778044394
"1" 2.27479846779146 1.6667503465355 1.85186634565013 3.49595396600442 3.67215731198175 8.41436799283105 -1.27948156046643 -0.846424226926123 -7.71989082571307 1 471.707142508525
"1" 17.4564257242871 17.1542480384672 2.44921918339038 3.80587332392414 5.57544010844713 9.83048382931264 -0.18663834956658 -0.316231563695678 0.172725076712753 0 512.227089879448
"1" 2.25096408238931 1.90687835227682 2.02068370758207 4.08593527371768 4.84764226777943 9.98513677840641 -2.02134131673035 -1.09302107448096 6.95294616514375 1 455.664142009977
"1" 2.18964363452632 2.01283500332384 2.14300437537005 3.89090278646369 4.75881629546464 9.73618013124543 -0.796585757935728 -1.44718028334543 7.53090221515851 0 458.841475004453
"1" 1.76999618066625 1.31140752411646 2.0698111703698 2.94615760386952 4.0202399504123 7.1216474447855 -15.9091681749148 -26.4469996577504 2.40571981527086 0 449.07319980261
"1" 1.34365083625034 0.834524239067326 1.6871865137648 5.59833522529766 3.6493832262944 13.0693822575043 -1.20829886494228 -0.840089194924072 7.46215838145954 1 426.232391300749
"1" 11.6422340110612 11.1676689980994 2.25704449214155 3.22476981657197 4.24354564729451 8.36444757533425 -1.18554931004812 -0.7290613276445 -8.07111998050415 1 517.404943418846
"1" 8.22759367413069 7.97183588291476 4.29918243506973 4.74365123358514 9.53573893352438 10.6144402392446 1.58480791856433 1.03500795497965 -5.92935027092488 1 497.689353929329
"1" 18.8214091053453 18.5844600801644 3.09266214011677 4.09150118241191 5.5271280166961 11.1803280057271 -0.0518726760882825 -0.166396444227161 0.927239639236055 0 512.213448294379
"1" 0.826532165288592 0.430966038129148 2.268366932948 3.41925278135107 4.40101683799015 8.55937358622666 -10.9145010405897 -10.2480747561478 -8.10054807841696 1 395.410163130015
"1" 16.9309358035356 16.6246133318099 2.16843284332416 2.8190129624574 4.08899413345836 6.61317264479387 -0.819057572914763 -2.62249742082244 7.44375830235895 0 503.402636865116
"1" 1.85717820017366 1.7171305158452 2.35507146807159 2.96849680995801 4.53555401021607 7.67829097320081 -17.4879830090805 -12.9841877081561 6.1856238388593 0 448.117354921488
"1" 0.685443222578712 1.29542668388323 3.97699985496075 4.98875535249316 9.903073002067 12.4148409082114 2.09340450243909 0.435306376129453 -6.91612463369416 1 378.68353559159
"1" 14.3965537791016 13.9782925402527 1.68246227451653 3.55953473978263 3.86025318549187 9.27665477698438 -2.45242137660385 -1.27313067591279 -7.80825422533278 1 530.079652594639
"1" 2.66008906393936 2.54607420495227 3.49191181619989 4.82851843314422 8.59460722505073 11.8225647239429 1.84026542469588 1.26374904649819 -1.60114536502116 1 442.699773567113
"1" 10.2145389625169 9.9366511293867 2.2125126043646 3.85771518743288 4.08205090643314 8.99104737348493 -0.973729469975116 -2.70764398150387 -8.58656047210928 1 499.736189279736
"1" 2.50559198013475 2.08851323744971 1.77492809770562 4.31130755170708 3.88912348296716 10.9103191982171 -1.86136655696838 -0.515184820515089 7.52993087707512 1 469.5673665388
"1" 28.0309649980591 27.6842729564596 1.45760271339774 3.58076388557396 3.16127118726367 8.86597174643046 -15.9076808497711 -18.4862260995941 -6.27118728935731 0 516.100921029699
"1" 12.5849284001536 11.9105641016371 1.80341467408998 3.29554036848206 3.72483355884465 8.18500936403748 -1.87708895184557 -1.97413659191928 7.66743415608324 1 518.701986720472
"1" 3.60110579514663 3.78673796143844 3.04931566572086 3.69314444376882 7.05168048184756 8.39957880606715 1.84515722683142 0.695452554409702 -5.71611064300228 1 488.775001274913
"1" 10.6392913067038 10.0595758345031 2.95646675884401 3.89400786763927 5.50211881768534 9.90727984810247 -0.36955238172254 -0.970184458662161 -9.00775223318579 1 507.788029246994
"1" 3.2364075401119 2.92530911590197 2.60418238904843 4.46831488958451 4.93192899457632 10.6752177326333 -0.724380317148834 -1.69411852956943 6.97157737933991 1 462.056143610717
"1" 11.261985408405 11.3610136091656 2.64851301591713 3.48607816459675 4.6630920981588 8.37622759303231 -0.62221477249574 -1.37833789588546 -8.58253490545798 1 520.325342317316
"1" 4.80328814509563 5.26644317217526 3.53464267657598 4.48659796982582 8.3637984142268 10.6020598055963 2.10562420046281 0.577644758963004 -2.33017275603434 1 469.614389062555
"1" 12.0304769647966 11.7050074514759 1.93477600176055 3.63320375032155 4.07016551206544 8.82734048051013 -1.07490307559183 -1.8005209657664 -8.6478698307655 1 498.447903293166
"1" 10.508102778495 10.2898104321152 2.09590606039253 4.04819488057287 4.49724250407325 11.3928464800134 -0.337339725741472 -0.0767964425320821 7.86982948479826 1 562.939994972076
"1" 21.0304666438137 20.5317148447816 2.47088958268373 3.23116629072711 4.99043626701197 8.48454490090752 -0.262294251078108 -4.12148916944993 -8.19752847884336 0 530.37205629661
"1" 2.89530564473739 3.01553356693985 2.96489989361522 4.14681063641873 7.20931386700888 10.1755939772005 1.61219894444554 0.192861510326637 -4.72990880552661 1 468.240507753665
"1" 3.11626691042138 2.79165116331012 1.67272040804802 4.52570627464835 3.75172159697838 11.4603872775677 -2.06817863952219 -0.508866637268341 8.20789900455109 1 475.686366737016
"1" 3.2102963684955 2.67228813514479 2.42018850390987 2.82287564828345 4.50490603775025 7.1425744280525 -1.20989980250617 -1.83644591313543 6.7447462153896 1 479.467689497653
"1" 1.2295142799185 0.721667552643231 2.81749944045112 3.34199562958542 5.60217809579641 8.41127561468793 0.277295768331114 -0.64593316807144 7.24588025566045 1 435.603342728781
"1" 11.1343605666208 10.8057534994091 1.7963348103664 2.78273479049279 3.61532429323601 6.93866399430425 -8.30386062592498 -7.92628466306233 -4.57035288119943 0 495.661058148803
"1" 10.8419696479659 10.7336569058903 3.82459466003964 5.09322288915156 8.43799517876 11.639220995682 1.53037662284369 0.900277947850262 -12.2432580528463 1 514.474185469725
"1" 14.0308617209584 13.7229342762569 1.7239295666778 2.63785775104648 4.028309211957 7.02355805828934 -19.185363124423 -14.9225267660891 8.49041948766705 1 497.23245851306
"1" 11.8173816102597 11.1511545728726 1.74410977172108 4.39779749975622 3.40690959123849 10.9815517991706 -4.10894297502343 -0.285218750149554 8.51736724707569 1 512.035032810621
"1" 2.64315286750306 1.95691177345195 3.05539269489514 3.95067955485733 5.8039690330787 10.351293560239 -0.243736456937037 -0.126150464731644 7.52407980571259 1 462.488634386622
"1" 1.35578119502475 0.825820805331911 1.97871288019213 3.60345341125372 4.66608661901348 9.08047129533745 -0.954747536276687 -0.418709359263346 7.41557580163289 1 437.928654406996
"1" 1.25500117318665 0.79206495384478 2.59089873475603 3.11067109803804 5.08413180721181 7.3697344029419 -0.327903421611718 -0.651662916025186 7.52307507498761 1 436.740695110957
"1" 0.433429034359899 -0.066907691373341 2.1235522774049 3.38286389678088 4.15874852218386 9.11425363657179 -1.84645983122496 -0.862294487438827 -7.37299390133883 1 372.098910267883
"1" 0.539482093162152 0.919850402944076 4.4895732623825 4.39309548728834 10.3722854763438 10.1490204307811 2.12528394663754 1.51422002539276 -7.0872909426743 1 402.066142841221
