"1" -12.8180980129934 -1.70715059185088 1.13057911169053 1.4940768030173 4.64947466425131 3.55640745577037 7.95678629547712 -12.7479822940565 -8.88322454129079 1 147.876732116397
"1" -1.46581593405124 -7.64575898871577 1.12224312914944 1.05765562358167 2.58157868792851 3.27470251008179 -7.96355809819707 5.10597441978464 -11.1842978732861 1 154.504413730198
"1" -1.53733355700062 -1.23318896878238 0.966512287959769 1.97374863003976 4.50846630615842 4.65594713274638 -0.641125812296626 -4.2345834673578 -6.9989145658238 1 219.590876238331
"1" -1.68146635232866 -1.7030118484503 1.06947600642395 1.16498981442958 2.63054106501316 3.23825421322832 -7.89352116608791 -7.16625151238176 -3.82833561721216 0 174.775475490042
"1" -13.3147825671354 -1.7212037857252 2.38015638773343 1.85276446277811 6.41030282021856 4.42075460561274 7.99014663002686 -6.00589637373195 -2.6949737232611 0 122.914133970325
"1" -1.67774090624829 -1.48201146474437 1.54456946434972 1.88862129604585 3.09665539490411 4.30464182264436 -15.4554057492951 -18.491682217152 -8.69365490843955 1 186.177584228885
"1" -1.64253059356258 -1.20589269832016 1.65572905543855 1.48667323808907 4.7613921664204 4.14686657772338 -13.6437177553685 -22.0646657706454 -6.01790230932817 0 205.081859645271
"1" -8.42186921335598 -1.65093897405839 1.43682891989249 1.49128591749717 3.7855979449678 5.40998712948428 5.44870305985635 -13.0669739007936 -10.3555546675667 1 147.16172321439
"1" -1.5470948577427 -1.07950487217044 0.384854885293278 1.68960421387545 1.85672154178064 5.24786476501602 -7.95664449234059 -17.5362648847057 -6.17740452740128 1 205.513619319438
"1" -4.65600974493729 -1.65926403608956 1.62066653862454 1.18539777502608 3.52649430576709 3.45296885379506 2.70251223776349 -16.1970428418986 -10.7543785152355 1 156.168907038274
"1" -7.56341084153293 -2.26346085300207 0.53492918201525 1.51898590097765 4.06359764899525 4.58293168435975 3.81713511765345 -0.665937577044486 -12.6200071812511 1 117.19136343548
"1" -12.5587193626968 -1.24760017710113 2.28280721850266 1.45342112217928 5.70840586257304 4.46495172360382 7.87840290880291 -12.8033071398255 -7.7736424402587 1 183.604788417082
"1" -1.32714663580946 -0.945804278922432 0.823432844960898 1.1813770780262 2.7387943708095 3.34911972289396 -14.4812668665497 -15.9965541479743 0.0971201403646002 0 239.205679596552
"1" -7.81090998292528 -0.583617770011316 1.94105583132651 1.20142569267619 3.40052573004106 4.13758384271206 6.78707204337581 -17.2072765523363 -13.6545052822002 1 212.824282665489
"1" -1.3802217003223 -1.36995243023554 0.303433513423018 2.01200491929696 2.66402685965149 6.14890546291144 -15.2465037624108 -13.5213948009174 -1.74208463446564 0 193.711297230607
"1" -1.80487722802078 -2.04536314147569 0.220215468047642 1.55676515347945 2.34344038642862 2.97939326362854 -14.391607851836 -7.16747479253356 -12.8680097895343 1 139.381173466348
"1" -5.28130930513759 -1.96245690440207 0.92787362413323 1.89499299148973 3.07008851355415 4.95794946192342 3.86633268833203 -2.95513093812795 -11.6585733227184 1 129.443716229479
"1" -1.10419823973547 -0.849656210442768 0.842415614023333 1.23723266846458 3.26193456405519 3.69932940301058 -15.5980776063834 -15.7871415527617 1.9956529493739 0 257.980331407721
"1" -1.68666018806806 -1.48910502945808 1.34410217250041 1.94306003229656 3.77141760047581 4.97262293781337 -13.0361266161552 -17.0050963430319 -6.02401052228252 0 183.907524763742
"1" -1.58385931598207 -1.06469454393222 1.55885662559678 1.31033296427243 2.91496701298039 3.70096479448169 -13.5527569096783 -22.9692716399029 -5.14433336527431 0 220.197735634699
"1" -1.25614690466317 -1.26328145546308 0.786783624877446 2.65079718847252 2.8693825865577 6.08033865619493 -14.910329845194 -13.4229107877226 -0.530138559052403 0 214.393078638202
"1" -12.1634120232777 -1.80343222538998 1.57610205744999 1.76718983018135 3.88507716862297 5.01942365843825 7.53857976724013 -7.25341451708242 -9.17147957726606 1 129.556828577623
"1" -1.40854753336633 -0.99255842745242 0.814115966142474 1.99464883417529 2.31548018284038 5.08177382845845 -2.77029099732781 -3.27028370156889 6.7749878854239 1 226.989759837948
"1" -12.993628055039 -1.37266650800456 1.03038011592095 2.44623025210237 6.62231987224781 5.45497475578412 7.94257226734618 -5.67162544080588 -4.29159459241524 0 149.585400144307
"1" -0.64354619137747 -1.01975342111116 -0.182160699225276 1.30799037659878 1.45502091728599 4.00149972339408 -2.49642894074774 -2.62630484256962 7.27958759882203 1 224.025664134626
"1" -1.41303156385313 -0.894512246279957 0.969472322918804 1.40653678129536 2.90314370949202 3.67074547338603 -0.593393439767021 -4.42997068098615 -6.6657783628232 0 253.285506323277
"1" -1.59902788111567 -1.56247053667143 0.977826731482813 1.25186403861904 3.15546191456145 4.32132385654241 -2.37898653448516 -2.44940898576397 7.76914130676154 1 188.134261131815
"1" -12.4728293542908 -1.55445558077868 1.40364018344254 1.39069806808845 2.77054184286056 3.80325834956554 7.88103349153109 -9.69948144676407 -9.36419561330691 1 175.290411625175
"1" -1.07161787389309 -1.00809311215897 0.849090333774201 1.4363212648562 2.33996587237415 3.91176521377352 -1.25436025681233 -5.17944004671372 -6.18911341920635 0 255.306665856134
"1" -1.22577350678918 -1.253229188365 1.02445559403719 1.41886939439332 3.22128690551124 4.02549400350516 -16.398842183568 -14.8734785381924 0.543212222259722 0 226.279166562795
"1" -1.73293960147187 -1.57129355923571 0.81967794310964 2.00073012980058 2.88002457169551 4.84783981811255 -15.2784953955948 -20.1251611944608 -9.42576015357437 1 175.016502841355
"1" -1.37907679542522 -1.19195956266433 0.58855950351869 1.22666960451814 3.29318426362714 2.98189122803258 -13.6279403074241 -14.3016007155143 -0.979750792430864 0 217.884300721479
"1" -1.64635333004199 -1.71769483062044 0.751707918051981 1.39860456541398 2.72487904549127 3.97646702880693 -13.9117908553958 -12.5564154012867 -6.45254888006293 1 172.95866281297
"1" -12.3979575760542 -1.44215533227435 2.82221875499756 0.91537841211434 6.02363482302663 2.97291531930914 7.82759001410518 -5.48079784356911 -6.50691719493687 1 166.598005903212
"1" -1.70260839490196 -1.85375185702204 1.2216187228547 0.956135333878339 2.9751791227292 2.64800632746346 -3.85348620080344 -0.202261550042934 -6.39859415313861 1 186.593480879958
"1" -1.53802041273846 -1.49894856524149 0.873677856660722 0.931057578971177 2.63600048216979 3.34298523071194 -7.09736502678855 -6.36357916265625 -1.72446497324182 0 191.539230002466
"1" -12.2046915577792 -4.77528896702269 1.50627268785443 2.1091695849246 3.49815773186533 6.77288093048558 7.30037305786443 3.23029200160071 -11.2731802440863 1 129.818198395501
"1" -12.7295832299896 -1.37347681916692 1.05228369728685 1.85608431235971 2.76375445664456 4.97988181189826 7.89387648354778 -5.62627512149077 -5.76969510659141 0 162.35812983083
"1" -1.5128109412674 -1.0685565356312 1.92315070057957 1.70425502938054 4.03764734212044 4.67998007964932 -13.8614674388795 -20.5510587141833 -4.42802283401022 0 219.151076645831
"1" -9.98594220851028 -1.62595791741105 1.19656678383199 1.95358545167418 3.33686550130174 5.4612729926276 6.39318420972421 -12.802318486679 -9.43112403633875 1 151.21481445994
"1" -1.46364308042574 -1.59795694467034 0.442278545111384 0.965578105430467 2.45272877696326 3.80523504236058 -2.42512395431979 -2.38239763655117 7.12366370251667 0 184.9791607446
"1" -12.927700646093 -1.74297823670371 1.02318976300546 0.892552235855535 2.75620012000222 4.065172038695 7.80133389631033 -1.17955574793454 -5.6995950894346 0 154.414766061286
"1" -1.75316387919072 -1.62861430083495 0.942284138316058 1.66536799829694 3.15664839628455 4.43364706889811 -4.31674657169285 -0.678375022819129 -2.81346240975991 0 186.384865474518
"1" -11.7535118361016 -1.4365163750633 1.75649210297703 0.869614096465525 3.97483284102973 3.18761793172079 7.79424167858129 -18.1110181313246 -11.2287552742937 1 165.494014993254
"1" -12.7599017813672 -1.72447593165885 1.36318523891253 1.90540741731402 4.34708041412819 5.19645799305475 7.88639897896267 -5.87185621502646 -5.5823857994376 0 138.864796113679
"1" -12.7352233160124 -2.06484231952733 1.24513034232976 1.90194247564019 4.75888825521168 3.68978780420593 7.89222615779236 -6.50870537355877 -8.33129996071625 1 124.121233924648
"1" -13.2969387865868 -1.65022494388285 1.561426350845 1.70620443697014 4.43242718520244 4.63530963212576 7.99232013259071 -5.96351571833952 -4.68186443556661 0 130.032184257453
"1" -7.33509978788388 -1.36977936887739 0.36613254178447 1.52398389232588 3.06246793761041 3.30266223442556 5.58046773345504 -22.5379174487065 10.008021114607 1 157.379652753018
"1" -1.33144446603597 -1.03371208028905 1.42670635453912 1.7059276663386 3.0517432931444 4.69681749547378 -13.9420524096537 -15.8382268799133 -0.245622356258042 0 232.989066718311
"1" -1.43770702324977 -1.16974529237988 0.69920615926542 1.44199629642806 2.599944596045 4.20524668020951 -13.3458214549113 -15.9975401610405 -1.29252873484371 0 215.370535382058
"1" -1.50814043446652 -10.9596531991088 0.677751938499217 1.57580821892262 2.84875838421481 5.54509666474598 -28.876171443953 7.37689274520735 -12.1430035912882 1 142.777566501948
"1" -13.0204979207705 -1.65013288958941 1.55035239666579 1.49680212475478 3.90112351419336 3.07784621232299 7.89944261944636 -2.69994904582367 -8.3473036915095 1 144.632382267629
"1" -9.13006927403189 -1.02047349748567 0.997458157246246 0.0899332241475097 3.56267901728416 1.52103451604047 6.68114893046943 -8.00888950308384 -10.193366193922 1 153.969852659245
"1" -1.4888435014419 -1.46517651762084 1.11557034659925 2.99068404594474 3.00219083483733 8.70256988163321 -7.79298934462731 -7.44413786893057 -1.36643045587974 0 188.933628761941
"1" -1.67012294054229 -1.68057450224069 0.984852900353594 0.968992273166692 2.65908448615201 3.03343562584175 -12.6218050508439 -11.0652408078646 -5.30814396548823 0 175.297885040388
"1" -12.1497079182013 -1.29353239239288 1.15900250285721 1.32534942335572 2.54284644864921 3.16068125786621 7.54154307893086 -10.0622743926293 -9.05754920446146 1 179.522192949774
"1" -1.55605805206314 -0.907231257458379 0.596822660390356 1.46265792054907 3.06713601992167 4.42369731412475 -10.0692236500131 -21.2863123442366 -7.33237751931623 1 226.808082814624
"1" -1.79034463098638 -1.65737882885226 1.02208075809337 1.91980884413037 3.54743182212817 4.40610115209382 -9.04711995314626 -12.6176017828421 -7.66817783535732 1 169.483928615563
"1" -1.27439125669933 -1.16078024002893 1.12268374855545 1.41502834385742 3.22724067172331 4.21677480898324 -4.58967378151499 -1.4028653275371 -6.71728762316426 1 235.616649093145
"1" -1.67250455637505 -1.56418462375907 1.0564414476044 1.83093207867158 3.09488864991751 4.74926711313251 -13.9195010176723 -16.2523464394499 -6.42820963073634 0 180.913169627868
"1" -11.4060327970705 -3.28290977145746 1.87234307863116 1.58686036093327 4.55736822036119 4.33373994046804 8.01742886118399 1.0701638801627 -12.893794888994 1 112.928228533541
"1" -1.47677401472883 -1.29988665723423 1.56592986001237 1.61348472935716 3.23634497714666 3.668568875649 -12.4376176024292 -12.8370885707311 -2.17849261952373 0 209.585972216152
"1" -1.81409249104099 -1.51040790111126 1.32052589461055 1.16720322424409 3.96459676531268 4.07532638473436 -2.08244237526414 -2.46288504872604 6.6852748657953 1 181.090450892092
"1" -1.55426622590429 -1.21203467754854 0.804815649917158 2.06757556872865 2.69483426276788 4.68106607371054 -4.46150239064462 -1.4283834302773 -2.5588782326109 0 211.442468099786
"1" -1.72298416925427 -1.48533191007012 1.537836780098 1.26984765566358 4.79387555795825 3.36315107293213 -2.2428253396261 -2.50641663902667 6.90325366294049 1 186.52107982884
"1" -12.7229791182853 -1.57273327420719 2.32865718937028 1.96159375086225 4.83953907740546 4.69817600427506 7.88827501807121 -5.84889079991568 -4.56602051903073 0 147.957434933426
"1" -12.701968084011 -1.37035773139485 0.824192629687777 1.72718899018626 2.91553397253125 4.26614027607638 7.88961239025067 -5.60215380147566 -4.5466558451958 0 164.535045284876
"1" -1.25910039614827 -1.26898950209193 0.347366418339982 2.35012027963675 2.34122719661317 5.94114809426436 -16.1685624358834 -14.174406855906 -1.03055944159722 0 205.031206548044
"1" -1.76628805280346 -1.50296202066105 1.14710514766691 2.48087989342595 3.36361794583976 6.32438902094328 -11.3816424033481 -18.5082798000383 -8.33523597595195 1 175.620107186261
"1" -7.88069855782804 -0.476706062827997 1.72919978912776 1.63814368836739 5.39461766191589 4.59766204184866 5.7036242403391 -11.4479281961403 -10.2023296937566 1 204.450602688791
"1" -1.25184052692856 -1.07404377339254 1.18410906688648 1.90188921006433 2.81066321263881 4.97888563232041 -14.0250919171434 -15.3480505832926 -0.460883117457282 0 233.460930776108
"1" -1.58346125116987 -1.47633673297394 1.07217288582461 1.82979018097681 3.51597013916747 5.1630625024561 -13.0157868262106 -13.8189867908976 -3.54666420016909 0 190.041573175483
"1" -1.43456517654321 -0.809990602185927 0.905412181070331 1.11604999383416 2.93723759221271 3.58727386083496 -1.11645635984614 -1.56106231898588 7.32406501580611 1 247.196777402433
"1" -1.75536613284202 -1.468352582356 1.23605394561684 1.36818327910236 3.29214336952759 3.08458464440737 -4.22940652925806 -1.03689657801098 -3.1943740815519 0 195.194654547073
"1" -1.57708551315343 -1.55787701314535 1.08605810118617 2.57158343295804 2.62469910258059 6.00496481169861 -4.4779371522925 -3.53303712978372 -2.33813181547882 0 183.789166379332
"1" -10.7109871447662 -1.11763481179213 1.02447163406638 1.93670599494713 3.98405786255203 4.6286431728791 6.89507114055455 -17.9456325349851 -10.0928698164488 1 191.711771310777
"1" -11.3497385845777 -1.18853195827116 4.08816395327666 1.41232217486059 10.4242817855488 3.91633071639321 6.54425646473016 -5.93486394806379 -5.57287010385854 0 166.251764121462
"1" -1.51434329307066 -1.4506582451771 1.59988841924345 1.20115941631357 3.69520769572336 4.07047519071527 -9.24040694185538 -8.67341224450772 -2.13178198732835 0 197.775921982341
"1" -1.42950279228033 -1.61278418596107 1.07252977215 1.89321923891306 2.83435387563985 6.26641409943943 -20.9068678522632 -14.0962784712481 -3.10234482952378 0 190.262707419363
"1" -1.56106805240703 -1.27732251602323 1.52136950094631 1.1210651344003 4.27068501826932 3.84409356533169 -4.56662036329748 -1.28513828487612 -6.26499733060107 0 212.875170196475
"1" -1.44552827031513 -0.870106223075647 1.11854661087634 2.01185439850506 3.50594919229985 4.87957232791801 -4.29440230372278 -2.02916963537981 -2.59448867744568 0 238.926494394656
"1" -1.29766399171746 -1.20397265513746 1.32425931127537 1.83626356477975 3.07754178670729 4.22830132448272 -14.424092855633 -14.5379283433922 -0.999954574879794 0 224.539531106618
"1" -1.40448440233853 -1.10575000858664 1.01368550135401 2.07602481756393 3.05928818607272 5.09262332612472 -13.0417668518705 -14.2471408120847 -1.58397943543954 0 221.006997770229
"1" -1.75738106233936 -12.8073032779123 0.579451283807239 1.31821304390342 2.61204172627651 5.4714701051857 -5.85194750390533 7.89625087430896 -2.82689338705841 0 132.491633685577
"1" -1.81785903986179 -1.74596760501097 1.59642182724251 2.30946086245645 3.35480927491702 4.93933108291402 -9.32549080806442 -11.3119872932781 -7.73764121780495 1 162.184964429388
"1" -12.6451492704307 -1.50222734106879 1.09857400223503 1.41358618427374 3.33716575527292 4.50280057332785 7.871600621456 -5.6970331572264 -3.61284859259308 0 158.730395291322
"1" -12.9707175657627 -1.88739075913248 1.00698829543298 2.02353382242273 4.96559449048886 4.77273446917569 7.92412360791534 -5.91091040478654 -6.36622382465933 0 123.197453277217
"1" -12.9227634655063 -1.68545227602433 2.21566076123212 1.05426234453697 6.15416994204918 3.17529130145963 7.91886675505669 -5.87296555127334 -3.45495442942638 0 136.437345981943
"1" -1.79996388213462 -1.58040756429328 1.44560218257883 2.40231225908799 4.03669272244895 5.61146609683376 -11.0994877860329 -15.8085194880723 -8.83270538009223 1 170.454573585784
"1" -1.731787780648 -1.34378584287044 1.36645160120945 1.43180831405436 2.74415952986203 3.81298278652049 -8.39593366923491 -18.7749119777705 -8.23064147264905 1 194.089055871734
"1" -1.26941156852202 -1.12387537475166 0.303253798746049 1.57149675411529 3.07821381301845 4.60289218319948 -0.963066171556749 -4.74077724922116 -6.25298160131682 1 228.388229286154
"1" -12.1804228893081 -1.55158973750678 1.12678087407497 3.24578413939214 3.20613223877809 6.55098696895795 7.79300081652357 -5.63082133411459 -6.67286415897814 1 170.673041682149
"1" -1.57930871826385 -1.3269293272597 2.29641375887194 1.49494498205324 5.69716318656184 4.33981471894643 -6.7856872219007 -8.22708969441165 -1.3814911540907 0 196.920373789869
"1" -1.69831848905227 -1.09227788003464 1.77124576693303 2.20469727379275 4.06435963550769 4.78486951554947 -6.14049243366743 -18.954744899759 -8.2351815698741 1 206.59655398383
"1" -12.7671038137795 -1.36122716755578 1.38518415122102 1.36343242496949 3.28767369633946 3.66023434203351 7.89598311481258 -5.45374768353816 -7.233474927943 1 165.637133255204
"1" -8.32955436017297 -1.02676462040713 1.99624182935724 1.48749471389988 4.18709281852852 4.59721094650147 5.47539120843788 -19.4958254533092 -10.9612585669781 1 163.401320183198
"1" -1.61623727917661 -0.959251094206555 0.996871538946051 1.41924492916588 2.83823184972635 3.72550413787425 -8.59340978296176 -23.9126674313764 -8.3960921125575 1 225.188203014263
"1" -1.35208819477439 -1.15763315686567 0.112920528607611 1.01245897150285 1.97318272555849 2.6452458587524 -11.580266422858 -12.8041076283265 -1.32694941842777 0 204.168651485067
"1" -1.47709203591388 -1.37917821090187 0.662522408165341 1.74189364337388 2.61658843580447 4.48414643279123 -13.7525073484984 -13.5548375288712 -2.41097166472002 0 198.677876068609
"1" -1.59371209319775 -1.06738978688392 1.44244955202114 1.22312971465254 3.52283554885812 3.76577792331813 -4.29357719009309 -1.68070245951953 -3.22558142362725 0 224.360015579422
