"1" 2.6223851552627 1.53854945960209 1.26349986629478 1.64194833540426 1.83973994232004 5.05305127691171 3.73375081810749 4.00909527782104 6.59279981367577 1 1742.82308637889
"1" 17.0899452291766 16.7607001559919 2.30663190608619 3.75289387325297 4.74118346146293 9.51382788538809 -2.91769311845861 -0.784829867637877 1.21381451951211 0 2863.5441482289
"1" 16.6024079278344 16.3688317519481 2.51035603256788 4.07928882402895 4.91853669567588 10.1203788638754 -1.42631656421803 -1.09504615443307 6.72409715381619 0 2797.13654733864
"1" 2.92007183683356 0.602988565897418 0.130350259798555 2.59446813003243 1.17554911880159 6.48900420646886 4.23349644872062 4.41879403309397 4.0041632026791 1 1263.52441704489
"1" 16.4681812574351 16.163967276637 2.40159149781381 4.34567896740866 4.77281034916337 10.6148071357139 -3.106028504896 -0.904857673614021 1.78068033465348 0 2808.99036587546
"1" 2.95662214338364 0.6620933249176 -0.0223242583622039 0.124823330080204 1.14204232984134 2.44017552824714 4.3895931847956 4.48465867325662 5.67258596341981 1 -336.842574478831
"1" 6.71339927749286 6.44761989233248 2.62357769558582 4.0563723559493 5.1988266993813 10.3269167428349 6.31149094266773 6.31084977394264 11.3315819166433 1 2664.81377668482
"1" 16.3674498873067 16.0067857876502 2.3963354984289 4.14139213845081 4.84351784181986 10.2057116948075 0.922514712898295 1.37568581049464 2.30174942618909 0 2769.16640903005
"1" 3.73063374861678 3.24773644343078 2.58359729189072 4.05195098989229 5.11597865962399 9.7931549219832 4.51223648953103 4.47717748149274 7.87786516049155 1 2536.25033981353
"1" 16.1304488167631 15.7782881156488 2.56281406938332 3.98359991119576 5.01736231681319 9.92006148316571 -0.609278986182613 0.196314636115881 3.55936491771093 0 2771.53860280002
"1" 4.24410608122151 4.07479144793661 2.51035602214488 4.12497574313119 5.00094401412148 10.2530903257764 4.67049457118859 4.68575884081534 3.16625824452759 1 2532.20061002287
"1" 3.80151780726076 3.51095245140561 2.61688430275976 3.95800394646837 5.03843175487663 10.0020776250685 4.61605985012809 4.06716170051986 5.45537329083148 1 2636.84094033058
"1" 16.7933084309678 16.3517509013672 2.38932988453392 4.11470155197292 4.96583234989223 10.2172849948067 -1.97968210301683 -0.586839884750875 1.82087363121305 0 2798.00315376369
"1" 2.79473276925297 2.60307139300411 2.52710209187959 3.94502617143132 5.04156410962328 9.63194128472533 3.76075993295485 3.83966387122176 5.2582330425305 1 2377.17367541187
"1" 3.82740108296552 3.75312662873604 2.53723860654138 4.66664597049591 4.9399529596032 11.5546545747564 4.75041412858615 4.60303009096367 6.84622089869871 1 2419.35240714494
"1" 4.82558129833899 4.50967672864054 2.5666173528467 3.93589118352453 5.12070717676117 9.6411582020622 5.38423392840089 5.30657899111817 8.75711141801701 1 2529.91457911932
"1" 4.69368741594115 4.41417874389417 2.32893581138938 4.17029030510929 4.75844397966546 10.2766122423686 5.22389756765932 5.18763327903667 3.72754952493414 1 2487.60050015659
"1" 2.92500983079117 0.896795972325033 -0.0319101773046672 0.0838109087548319 1.1381971806951 2.18297521211387 4.39888671888304 4.42383215006143 7.19989363769127 1 -269.618892498757
"1" 10.8491181443061 10.4612796222012 2.29973384965696 3.96740864800433 4.7716742604534 10.0099949170139 1.47353547984626 1.37490496892839 7.58861542773283 1 2787.37490336968
"1" 2.67047611079681 1.78825535130648 0.239123018867826 -0.091139152174863 1.17473059710644 2.03364252945514 4.2609188525841 4.32504768195048 2.60540924640992 1 -109.584512957345
"1" 2.72241247344752 0.299915993073819 1.16624768057978 3.32495646638761 1.88859909892904 9.37449999632986 3.68315993696418 4.53957559116521 2.74549094083543 1 1718.72170446653
"1" 2.57454714790023 1.38795565572408 0.546393206905536 3.03257382042518 1.2432777517743 8.03805626751174 3.95500811577719 3.81989631036496 3.97680154278356 1 1673.82433383614
"1" 2.74442113367784 1.54202524893265 0.0960261644712818 -0.043751138948214 1.14972016496354 2.14255983161436 4.33965797868458 4.26167651568016 2.59236546520004 1 -405.225187134688
"1" 16.878974018222 16.4418324596885 2.50837366495826 4.19610984940975 4.89909669842311 10.430974318296 -2.61982008029926 -1.10218947736578 1.19078103473636 0 2823.99876348342
"1" 2.51383801017528 1.57180365914145 2.6911904938001 3.33125540927129 4.02149212790329 9.87701392663748 3.58313163484413 3.70652739269067 4.39886638543633 1 1997.25604853585
"1" 3.00433434057719 -0.294394380302987 -0.203927231542402 2.07866516742804 1.03748821257404 6.80460322030476 4.53243440997538 4.60801391231828 6.85396597148728 1 617.683124347811
"1" 3.37284464050648 3.16022378568443 2.6130490978994 4.00729160908475 5.2594883659337 9.97337075220894 3.59556804623549 4.25187754361838 5.50483886565633 1 2589.02897898276
"1" 5.5654106666441 5.12401163407976 2.6131483021159 3.92846429981694 5.09221806123225 10.3041764502702 5.8157015199442 5.82522074722722 9.22140462198059 1 2558.82020978641
"1" 2.71126191815092 2.14097020656337 2.1920493701244 4.54458170395325 4.82037871668009 11.3271724484792 3.67606043662546 3.38648542098492 4.24951897115595 1 2302.38912453949
"1" 2.98338121130818 -0.429453930389394 -0.387521976272255 1.46328027498607 0.972717098413761 3.38805993378802 4.69411370150465 4.65472939409374 2.40548981660417 1 93.2324708851256
"1" 2.89428338468114 -0.122210372798955 1.31518934488695 3.89762206226564 2.74219758832288 9.65765159315568 3.72596785598722 5.53680030020724 7.4367433244202 1 1620.91556447733
"1" 5.84901912000911 6.07305647514979 2.34427837098379 3.96182646933725 4.76067340494977 10.1152096077895 6.3447296395061 6.34320316862753 5.68073665870859 1 2603.43081108179
"1" 2.96174087725306 -0.266275629969906 0.158529262272033 3.39360501416975 1.33451330706904 9.02192508825104 4.25235995599334 4.51426824087015 1.01028901875965 1 860.634926063726
"1" 3.06678747220093 2.90493817914788 2.32845519908512 3.97573793242943 4.87096364889598 10.1171489909009 3.97376086524703 4.08345440521518 5.84633007230623 1 2502.89809724175
"1" 14.7063830235147 14.3977079304357 2.69478822033759 4.06046280588411 5.10676071422982 10.2883411780635 0.048468507054734 0.8119184743615 2.20966290413578 0 2743.12974509948
"1" 2.87745751562932 0.654583026327719 -0.207228310509968 0.556186708426542 1.03302901925673 2.68808052462002 4.49729057886802 4.46844816776623 1.84696007654506 1 -390.174526738659
"1" 7.35600013979543 7.1160425463214 2.60487042794189 3.9045808768744 5.20158674726125 9.83397834763769 -0.530405183388509 -0.524356691757892 4.9454267078102 0 2747.59195929538
"1" 2.74376592030531 1.48012897204 -0.0370768239514518 0.0633522288924743 1.06322991128112 2.0197778271401 4.39882761514562 4.31659032980316 7.73372007810124 1 -431.645943397927
"1" 7.19271701648556 6.7643131316522 2.54199290093342 3.76220799335641 5.28093094546129 9.54245201992429 7.41933560837696 7.42082449254765 8.13729255470063 1 2558.55349926375
"1" 2.97681351984318 2.65141998639377 2.31568954734007 4.57632848203034 4.91367653802053 11.1120792162836 3.40335147812701 3.80334785658074 4.44414926263139 1 2476.93578720097
"1" 2.60240398843366 1.14473646561407 2.6640603059133 3.550160315199 4.77963217207693 9.3985132954922 3.44771728648405 3.87224462168446 5.04631902196049 1 2033.62869052994
"1" 12.2803200003838 11.9724800416697 2.60590603326544 4.34569787180637 5.22584973797273 10.6413460395109 -0.258686381978534 -0.249377574115668 7.63235624777268 1 2745.00266381957
"1" 16.9314022313264 16.6423553334632 2.49208526903619 4.14898625387312 4.98364371590231 10.2730340005358 -2.39897785326564 -0.979125632809889 1.40092864978516 0 2794.11396197214
"1" 2.8733750963657 -0.234646022400549 0.126013164065556 4.37501542998188 1.34911728215678 10.044359323536 4.22539974269305 4.24752633422877 1.11347681065061 1 834.157693634698
"1" 2.99640738690095 2.19854934402042 2.54977489968077 3.73240960746173 4.72555892109003 9.35518201403481 4.02670937815757 3.7561691028122 4.75292698886551 1 2329.05792866394
"1" 14.7720910784888 14.4938614596776 2.62419071749875 3.97464311673745 5.1071614513414 9.97243832695603 -0.120473624125187 -0.489685132270539 7.09875106138294 1 2761.83833964056
"1" 15.8355602890946 15.5515592109219 2.51295209830191 3.8378546322743 4.91586866132815 9.67855448918571 0.0836934960900285 -0.676762223520736 1.4868962426389 0 2786.07017707013
"1" 18.7786674143042 18.4990014230269 2.51017991517292 3.99324963081266 4.85000163966767 10.0175192341849 1.48819907355978 0.989864769682815 3.3087290516344 0 2768.30230159346
"1" 4.73899544167371 4.51976712168013 2.66101442251293 3.84284317623396 5.42433640236782 9.75007163201773 5.19849698934002 5.17642060583692 3.80461700402328 1 2494.95662981416
"1" 2.83118698325604 0.686880570468636 0.13417098608786 3.00574663778372 1.16757970763787 8.62003859205232 4.22280827660205 4.09627942837901 2.83835381452581 1 1260.72657663637
"1" 2.86582036291971 -0.262055042875356 1.53995940016285 3.43888835662631 3.98736022637606 8.39283360247431 3.66327441416464 5.67535494152497 4.53314958522973 1 1876.12967599928
"1" 2.88481229893202 0.0839981049886556 0.0745306592836798 2.97936778527505 1.2860271651903 7.64082915179662 4.27107826589326 4.37946188897246 1.12516482472482 1 853.779673824906
"1" 16.8519710745663 16.4532320636974 2.68386956527874 3.70810834851848 5.34518316162029 9.13172081861454 -1.1605517309219 -0.786974416400438 0.513961566778213 0 2786.29601261059
"1" 17.0206584912926 16.7186559778882 2.47306313270001 3.76815584159591 4.92312527164703 9.46701324879497 -2.61317306311587 -1.20248065905164 1.01664976345308 0 2835.31227176291
"1" 2.84804686371926 2.66856449968155 2.39112284465154 4.22987377510981 4.80937168070807 10.6622845338198 3.6466612477636 3.84254068158282 7.10918644911083 1 2416.73166301556
"1" 2.34946331563592 1.99159829843597 1.02667191383909 0.380855915898957 1.57738311141056 2.62636260256445 3.8621367519623 4.02368247270964 9.51046903894467 1 1273.41608388911
"1" 6.35132224041796 5.97384185637675 2.34568175059828 3.72920809566427 4.60402753006744 9.26643475480813 6.6980319560381 6.69929148268241 6.80333815677068 1 2559.16890124634
"1" 4.16347729266589 3.79082085825434 2.7249753319779 3.94120919505272 5.44252899635814 9.89553230876761 4.6487808371009 4.69699693019854 7.01753098993898 1 2461.14561834688
"1" 2.66645455368117 2.7205890682723 2.68100366423774 4.38123710427142 5.06749426455787 11.6521217445177 3.54614831486036 3.51115778024731 2.42724731042553 1 2295.42756199123
"1" 2.52433742488929 1.84164966055342 2.70705746659629 3.5807385113474 5.04338823259821 9.2968214200297 3.46361789059685 3.64929037530929 4.7339207314969 1 2088.65855733078
"1" 3.06230453236857 2.0481718065396 2.64676958241814 4.01815208595175 5.07879300831403 10.3316189594924 4.11789181690315 3.12295209513451 4.19060181187145 1 2308.56902883722
"1" 2.55170550930533 1.67385705093518 0.696301220567306 0.645872630878777 1.60589708168068 4.6674668776958 3.97291993545695 3.70897586118858 3.66183590248454 1 1682.28401499753
"1" 3.01473185149903 0.032889815272715 -0.224948505676086 1.34952642174997 1.05188881474954 5.17404199380014 4.55210812139164 4.61499011371462 2.29211895357616 1 572.504407245598
"1" 2.0910581146193 2.52210995157936 0.820630073939975 -0.139791172899102 1.30780577527542 1.86176221636701 4.22186117922429 4.24525819221955 2.87902342494202 1 65.2555902719296
"1" 15.3754473469267 15.1705876256373 2.54240097041757 4.00580148414709 5.14432812360629 9.96775445856555 0.271633677513164 -0.872757009862425 2.74019880263174 0 2760.09288003818
"1" 3.03910036500064 -0.598939170008163 0.158290343606529 3.20283607203446 1.33553948648403 8.89494334318181 4.26997973382613 4.89268406318005 3.69468750066879 1 968.307678626564
"1" 3.0693463989134 2.53594929708833 2.52339918427312 4.75774579130462 5.13991938930902 11.8593368383459 3.41244767744455 4.00392115399791 5.4249939400141 1 2425.20381294793
"1" 4.32316646396761 3.85963719697694 2.60735251154565 4.42516469662087 5.07904078524717 11.347981319773 5.16430209315529 5.0244228535824 9.59230357331746 1 2669.92199890704
"1" 2.71242992437125 0.797908943918173 0.28197852743114 2.78624292132044 1.30610146476877 7.974313021717 4.10140945165737 4.03412158145315 1.2792925899097 1 1350.87389598527
"1" 2.83591343186088 0.477068511718568 0.224901355640665 4.00131217721057 1.22245591054821 11.6171226067426 4.17410307835238 4.1104920691104 1.59878488396693 1 1143.06766851587
"1" 5.13802170484895 4.94515986582734 2.35607237460323 4.05025638369721 4.63618779386778 10.0449281612877 5.51626124270811 5.53655400306703 5.19747998862362 1 2581.94033031828
"1" 2.52882487759224 1.48355570568277 2.32479745541256 3.59595280957187 4.31118471814665 9.84474858089227 3.54598302913394 3.7040988400483 4.26506577262543 1 1999.60948065867
"1" 4.7760906092656 4.28815296763159 2.69917455911395 4.31355689149633 5.46726027137126 10.5986880331312 4.84731138227059 4.88258210766563 11.49406417807 1 2559.74401697462
"1" 17.4277520598024 16.9708082308164 2.49784221396236 4.44635609931597 4.96548623473087 10.7766468395236 1.45173893692587 1.01252226658173 5.37910485662685 0 2755.42002638021
"1" 17.0811457903446 16.710290835858 2.58552940106574 4.27586365575493 5.10866598545589 10.6659072566243 -1.31774219975524 -2.31013680112031 5.34509813521274 0 2796.82048980389
"1" 2.58716509928765 1.19615306978205 2.64640418797201 3.85300796202265 4.92617909886309 9.9172577553435 3.44949724581544 3.79498936337644 4.16631393509002 1 2012.75462647791
"1" 2.93605631008795 0.677817208150923 -0.159187452113164 0.330027046353404 1.05585499801213 2.34036882983529 4.48124639999458 4.49138286563061 6.44357651252689 1 -553.007869722299
"1" 2.88117578725909 0.185121728978595 0.0431606702284276 2.50399447785246 1.2478136243297 6.63896302570317 4.29945010732095 4.28653675035066 1.34832250704319 1 969.441407877422
"1" 2.79773727645052 1.48205386731089 -0.0907931526595397 0.0948140570104297 1.04255465693868 1.92045474593044 4.43793173538223 4.41417016421245 3.35529480126668 1 -1045.56388880163
"1" 16.7401330668074 16.503752492433 2.53609027767347 4.27352960777642 5.23395772055883 10.3398769520583 -0.990461541311803 -2.25047722036017 1.42346097988856 0 2779.23969858165
"1" 2.39775033187786 2.06863128272548 0.952924838228261 -0.127864931638457 1.60986817782731 2.57169121911668 4.00264559110553 4.09234571068785 4.1954478748496 1 882.269045734057
"1" 2.98395311146725 -0.912660651491553 -0.219890240696664 2.3379542752553 1.08126975603732 6.51666721589889 4.54166260737786 4.63827578058342 1.32510477139784 1 -33.4409229957464
"1" 2.73713600949675 0.910976867710701 -0.085518992037932 1.01787157850973 1.04334680445587 3.92818599613808 4.35171553596967 4.16844101194283 5.77213246665636 1 950.597300857382
"1" 4.36436917185951 3.8072266042715 2.40604666913911 4.20214069002878 4.80501646510522 10.7689515777002 4.91261509737043 4.51520052360815 3.74908238494226 1 2689.40083867481
"1" 2.6734688029272 0.864499188420555 2.44062767809179 3.84587345152455 4.89340618410527 10.0281024389568 3.43221090407702 3.97389912467404 3.99270799720559 1 1989.62377898757
"1" 4.0755148771759 3.76791592798381 2.47304084474988 3.97285736200563 4.80620410952075 9.97613207590545 4.55786031063934 4.61923067650817 7.34183537991271 1 2526.02339024362
"1" 16.9610475983991 16.7380770548877 2.61872445188865 3.76730772843927 5.15674320733125 9.44022069463099 -0.542133996444691 -2.53033770116564 1.78882771100498 0 2807.60425158984
"1" 2.1569990403805 2.13171605395426 2.40888165447369 3.87846860031061 4.59512058660585 10.2263971422756 3.69972640405604 3.41990667854784 3.85886350327153 1 1999.28784624926
"1" 2.8523416323333 2.42846195755332 2.64801351027605 3.91124355125146 5.26685560017958 9.98603757432148 3.77331963212148 3.58411480254722 3.00062933388426 1 2352.17812174927
"1" 3.29789375017596 3.07450194298812 2.57200090338377 4.90425722952958 5.16096645951417 12.0798000706776 3.91690387612928 3.92866468159053 5.42666678535204 1 2424.31475946776
"1" 15.6272966239886 15.1984658474572 2.335190425106 4.42683026291061 4.73648034886123 10.8275125740804 -2.8415132580778 -0.411864601888214 2.21658612045214 0 2785.8527538206
"1" 3.02046009426534 -0.286581666500312 -0.167013788863029 0.724399391826348 1.09540641266907 3.19711418449328 4.51001898176959 4.59638070741128 2.15585717366911 1 -283.855723510097
"1" 2.92031435441442 0.635157407181363 0.398176180037616 2.63744736851478 1.31422038385813 8.5124502836204 4.117915103087 4.27531582480671 4.52927991230464 1 1318.18353713595
"1" 2.83796284827005 1.18429815493609 -0.117134749950177 0.206042715063949 1.04774276271573 2.17739546958196 4.44487975219407 4.42474747143638 2.19037176001736 1 -780.109991352306
"1" 4.21346427833246 3.98185341935429 2.44186425076626 4.17084151392843 4.8348011415686 10.3255592128278 4.69860868558647 4.7003470920699 8.69178910164825 1 2504.51548732909
