"1" 2.96083876966119 2.64357882035161 2.57568765772928 4.08035037505824 5.037353602213 9.9704001424292 -0.0449181189549212 -0.535743892207728 -0.409255664572846 -0.159772257075623 0.219219726182291 -0.596179078514035 0.340702667845302 0.353611467484766 -0.447208052603932 0.156299666447878 1 5690.52409419382
"1" 3.00004325533884 2.60244338397946 2.56250534890687 4.02852039246448 5.0290184788341 10.0158871218081 -0.0215028206867799 -0.522882138571079 -0.408936456623851 -0.187260563393828 0.177796671878483 -0.593761117579373 0.344035661434283 0.351869374481722 -0.448848160920747 0.197845992953086 1 5669.77226557099
"1" 3.01389811401253 2.59461791237396 2.56528818895346 4.06142088228828 4.97991409445606 9.98399321392569 -0.0344367853669786 -0.532672749201161 -0.329285594516705 -0.10650053743442 0.199900605103205 -0.596464729448882 0.330960832669024 0.354295111911067 -0.43753272575675 0.191960059058004 1 5785.77097866059
"1" 3.03308909964567 2.5464789257134 2.56245200513934 4.06834450637599 4.99331963056273 9.89372807484077 -0.0237130055590083 -0.519167605496172 -0.333946235038278 -0.278496250789551 0.295921887345243 -0.59056248286211 0.438399084913104 0.359524323238742 -0.563989757993619 -0.13798059661714 1 5666.09534598213
"1" 2.95743251376307 2.65115491592062 2.49677187414602 4.01539106569606 4.9914454172504 9.96673732634638 -0.0274142435416674 -0.524501107062412 -0.339591394470147 -0.0816259641474354 0.181553479131782 -0.579291245029126 0.355254562769197 0.33673084861976 -0.456247055758389 0.20384761387637 1 5866.36254084604
"1" 3.01538941440367 2.58634644320911 2.52707090186364 4.07184261386526 5.02986441545188 9.96398370468964 -0.029699546492667 -0.531474136008645 -0.365711624532073 -0.122858881606739 0.198023619833877 -0.610393733764753 0.315565529229259 0.36543748203366 -0.42800283707524 0.193103829904362 1 5702.04769565765
"1" 3.08337743118961 2.51864635300972 2.55529675895287 4.00340115463068 5.00980555773701 9.99575839521907 -0.017997578874384 -0.521602308757977 -0.390340536669788 -0.0850189444109176 0.17459491237439 -0.592642704032085 0.348732128613781 0.350875186978052 -0.452125599154294 0.196046393523183 1 5726.57743491149
"1" 2.99765521476133 2.61104659344703 2.50124426897417 4.02844768073812 5.01818531948838 9.97357302588619 -0.0273752314099492 -0.528385198845311 -0.388057015050417 -0.0946040662985425 0.184905591642313 -0.596505441912391 0.331663992637683 0.352990444455102 -0.439073704319918 0.206290704929285 1 5871.91891995587
"1" 3.00308382576173 2.60299804654242 2.45635661728903 3.97507600831693 5.00359701619751 10.0004932530475 -0.0237497789775714 -0.524553946059639 -0.329386798849554 -0.091095816472894 0.180194151481628 -0.590820909016049 0.346868467451219 0.347555192858432 -0.451996524467324 0.196847905943276 1 5896.96140186959
"1" 3.07937917184834 2.51618497663577 2.58519039948072 4.06622708683212 5.02868637844863 9.96826939364689 -0.0166020634801623 -0.523716022345188 -0.420695537263523 -0.106876851534943 0.178911143506686 -0.597836211529559 0.337462709640055 0.355808144974328 -0.444621498251931 0.198996198478912 1 5592.23364787965
"1" 3.07294492925584 2.52504039756745 2.50377399176988 3.9660234791133 4.98830689026707 10.0200275153125 -0.020991999166815 -0.523519656261824 -0.33981710808072 -0.125215797930295 0.184540006229753 -0.585485935817979 0.358250869058527 0.343740889449802 -0.46164437560491 0.1825557939405 1 5671.01128564633
"1" 3.03853337096087 2.55550101011968 2.54990081510655 4.03375377126521 4.98341072016607 10.014755352762 -0.0268657723341494 -0.52591850984647 -0.364572173773511 -0.169038628437526 0.186144229025603 -0.574206779071202 0.356178127865556 0.33192144675273 -0.457598625380439 0.205982571634458 1 5543.10545447161
"1" 3.00653978990278 2.58726490096221 2.56009501685522 4.07489833939337 5.03403265019336 9.96910438191906 -0.0332009727844258 -0.535591356546664 -0.379974551127931 -0.173791191719464 0.230913516930705 -0.630782869002523 0.316306105135599 0.386077500876786 -0.432950211580353 0.115743067720339 1 5622.31296549565
"1" 3.08650173697333 2.50625607466466 2.43361020292267 4.07910262801656 5.02068926736488 9.97912222988166 -0.0255923105487174 -0.528063944284595 -0.333016276771322 -0.13656965393893 0.20047995359394 -0.593501496440886 0.357625565504046 0.348392315226123 -0.457801771493379 0.158999581155623 1 5611.93556657027
"1" 3.03313681695908 2.57741747565211 2.52323510212513 4.02637129227905 5.01977023159507 9.95328622024246 -0.0219381706164276 -0.526137094867295 -0.389781498081952 -0.0492190495384485 0.184993485417326 -0.605837639119758 0.334419610701643 0.360014686640543 -0.440619498902935 0.188275462837672 1 5856.44642543608
"1" 3.06201135796998 2.54193553317022 2.55726276143335 3.99933549015734 4.99522766960871 10.0142448944897 -0.0191446385781574 -0.52133709643904 -0.357606241331919 -0.13900229442846 0.169849993875713 -0.57987916567273 0.354904064769366 0.338830923176922 -0.456226645491575 0.213175300461084 1 5786.62701235459
"1" 3.02451292547889 2.57695683695438 2.48102270440921 4.04653911424746 5.02739465854288 9.99714241620944 -0.0251161835228428 -0.525171213218603 -0.351886711957141 -0.160073033835315 0.18480354690737 -0.582407754458796 0.35859857998784 0.338644906433507 -0.458028037892667 0.191910377508154 1 5702.83100630293
"1" 2.99001608809084 2.60768935746297 2.52556430799886 4.077627458092 5.04275668824478 9.99936890845984 -0.0279128680623307 -0.528122650460185 -0.387469781525114 -0.185298379557374 0.192556583889496 -0.591287601024155 0.343085914993121 0.348621549888377 -0.446847015763122 0.190606084863735 1 5581.40082546946
"1" 3.01738023586007 2.58904144394112 2.54344563276791 4.04165428910664 5.08899650077573 9.9529513701463 -0.0319423870812487 -0.531016656864908 -0.446049914910005 -0.0618069393967276 0.194698650251745 -0.598756856040819 0.327553215473803 0.354921621362622 -0.43606012100652 0.198961043041718 1 5772.20148773991
"1" 3.00366920676137 2.71160644212125 2.64188581012737 3.93172229945069 5.18990789319938 9.80295990122465 -0.023998727667767 -0.61230097143068 -0.369866814605225 -0.0769557985639239 0.577712335559435 -0.368623262650892 0.151303760194387 0.601055074973207 -0.686455306226731 -0.525390449793523 1 5765.77208847514
"1" 2.99324266113036 2.59911896148584 2.4876474778568 3.99147665252548 4.95590233360756 9.98652526934063 -0.0433857299447006 -0.541014605160598 -0.277789830812134 -0.119631322342067 0.242147690529888 -0.621185412799753 0.314064309766201 0.378660677225304 -0.431352735489435 0.12246035794274 1 5640.33737949013
"1" 3.04856699212009 2.55705732863452 2.52006173494577 4.02878266553764 5.0125724865112 9.98990201144502 -0.0251976545694782 -0.525519001206646 -0.376072915735008 -0.110352659843905 0.185283787775513 -0.586731034812473 0.354916194523285 0.344096004505538 -0.456166388619197 0.187741709774442 1 5809.83777024613
"1" 3.0734473555118 2.52346092351013 2.51568858120708 4.08108156269398 5.03537064493289 9.95870806620793 -0.0390848545978597 -0.536481322397366 -0.366520958034508 -0.107150899915015 0.225960919711768 -0.584641913583324 0.365874130288467 0.340665899572611 -0.465266930053882 0.13319139500804 1 5684.32464987147
"1" 3.0930813246939 2.5067858673117 2.47827329992494 3.98840603407556 4.99828900904636 10.0090130061643 -0.0264659971417117 -0.528374910688205 -0.321042753962128 -0.125307798378048 0.196349458759313 -0.597995674700854 0.3483896820994 0.354684074293009 -0.45336525729785 0.165642065870391 1 5731.87978026873
"1" 2.98105116208771 2.62718763729661 2.51517575403109 4.11166288675472 4.99110167791501 9.97684652850358 -0.0419868685292314 -0.535607270254593 -0.336054975228981 -0.170945659211707 0.200797334115029 -0.580609026993046 0.333679490058406 0.337314407248705 -0.439224528605075 0.216379905305191 1 5810.99924236657
"1" 3.0204337598635 2.5799036034858 2.5316630251959 4.02718539475356 5.01830887283599 9.96405406146391 -0.0336450279397186 -0.532068218267689 -0.382436881437832 -0.0537260150510938 0.203840862827231 -0.597060186512177 0.334857074492301 0.354942768251877 -0.442708445921062 0.179239054639224 1 5696.1436767204
"1" 3.02328793108193 2.57410583062281 2.5289094893685 3.96744773946774 5.02982333696889 10.0446864741006 -0.0140911020218175 -0.517693717068645 -0.37860781297513 -0.179640955973275 0.165618038153286 -0.583676440092047 0.357951004690574 0.342483525033106 -0.459446211468278 0.205694491111813 1 5528.47334346305
"1" 2.94478804712106 2.66141333371622 2.54520273965422 4.03231487489124 4.91495257128392 9.96587594830021 -0.0332554701683716 -0.529671920082326 -0.292300562795185 -0.074139733022934 0.202089541648372 -0.60791218011746 0.329392958085436 0.365694395198994 -0.436539731600071 0.17153170638706 1 5785.58564919907
"1" 3.06316614394126 2.5401135913906 2.49842243083978 3.91705338184418 4.99854536985694 10.0225833681976 -0.0161071538718813 -0.518182485496533 -0.33806789747958 -0.096476355096649 0.172129470971684 -0.584427077709127 0.370009360685831 0.34223725985055 -0.468672408230813 0.180951086520768 1 5818.13911575745
"1" 3.00092925298112 2.60565440696954 2.43754148575832 4.09081934860769 5.07496689547896 9.98250224585291 -0.0299661555197442 -0.529882229697901 -0.384970242322292 -0.138304472780869 0.193849353894375 -0.607754775058748 0.325797681901699 0.361077147373713 -0.433599964061369 0.190009805592663 1 5789.56410666604
"1" 3.02450088680787 2.57418009639552 2.58621685280423 4.07966831577331 4.99212978344235 9.99689212699131 -0.0268900910022898 -0.528540706516836 -0.375763389897564 -0.183913967643817 0.186499310325378 -0.595147986954965 0.328564765358291 0.353935169858035 -0.436442251785283 0.209813485341074 1 5599.42869300208
"1" 3.08077622294808 2.51851304681695 2.49330383775451 4.06019636289925 4.99955344624255 9.93991756345031 -0.0381201425320499 -0.538481412716571 -0.333121426236947 -0.0552565230437091 0.212883497717038 -0.603708343240975 0.31450238451297 0.360680360618595 -0.427865064881476 0.189212703442163 1 5748.63175252917
"1" 3.03575374377291 2.57837545733935 2.52870020104846 3.9989711639036 5.06459334871361 9.98965140124376 -0.0397102884909096 -0.53608362308875 -0.435117500491421 -0.0793458872718184 0.215611259429023 -0.59991200986662 0.340704060630752 0.355787129347279 -0.446313168061485 0.155556217270537 1 5867.14101852526
"1" 2.99806884366286 2.61090575739514 2.56033617941073 4.04522619736887 4.98872770556722 9.9838718080172 -0.0342828890203224 -0.530418942165123 -0.373100145644346 -0.146984696099904 0.195957447654687 -0.585414835384622 0.347361853735346 0.34298100980764 -0.450368809753484 0.190618289265028 1 5859.50587027799
"1" 3.03628673690845 2.5680046032598 2.51567710573254 4.09563572511303 5.04763363000059 9.99837083446755 -0.0243325930537555 -0.526657126060917 -0.416296575953596 -0.17568458060986 0.200541178584997 -0.604989213149788 0.35646020210522 0.362526954582976 -0.456702381658829 0.138067438668416 1 5711.71312191049
"1" 3.01101404765788 2.58436584562299 2.48731453297834 4.0617568109075 4.9848248333152 9.99183102066556 -0.0219534311450454 -0.525548368163816 -0.325640547392837 -0.153287441296737 0.18402907465541 -0.599811014769309 0.331853815331454 0.356137572722162 -0.439401598696029 0.201088136718805 1 5593.03044051215
"1" 3.00988057989383 2.59021787483143 2.5026819251694 3.97832284316209 5.05891126103587 9.99005960732573 -0.0167155342568607 -0.519915611231095 -0.399556547770382 -0.0754353781029356 0.16894141418515 -0.589336084119095 0.35097163059466 0.347143814338627 -0.452919024150942 0.204994871851013 1 5673.05282871419
"1" 3.0733643410022 2.53673188921086 2.5272276167396 4.08606805741637 4.96596629601714 9.98083073462435 -0.032460069060745 -0.532385470044218 -0.317279026205669 -0.15692461358628 0.206433367379867 -0.601917149372497 0.343565237570785 0.35940255546316 -0.446240476471003 0.157452637232863 1 5846.2747855158
"1" 2.99517761044657 2.61139287630746 2.48649792259074 4.01860669590955 5.05486185474814 10.0116332013146 -0.0187678907699595 -0.521975868241128 -0.384631219214235 -0.153043071446938 0.177363269029162 -0.606095765592465 0.338664572054625 0.362431207600537 -0.445618448606525 0.185802056050309 1 5810.64543928993
"1" 2.99145148325681 2.62663252025874 2.5066900871487 4.05517965062384 4.93133484123217 9.97036711356283 -0.045668365445189 -0.536790441808992 -0.280575498773547 -0.0896833516526413 0.205978074772869 -0.584994518275049 0.335592487456769 0.343193710137062 -0.442620062853686 0.197630388439236 1 6082.85965425995
"1" 3.00829448863376 2.59554697320963 2.52370275529362 4.0330938897139 5.01295982220919 9.98819805933356 -0.018568239502746 -0.521849300607301 -0.38818477246171 -0.120299452624869 0.171568471268905 -0.595292319707641 0.342398297661254 0.352692732306087 -0.446111078649453 0.205507169846149 1 5763.943165112
"1" 2.97403501587115 2.62663580450986 2.55684674836528 3.99552708664553 5.00548565494768 10.000681283369 -0.0231259502113544 -0.52303815345192 -0.374825281420926 -0.123314776509177 0.181422107385337 -0.588874023280713 0.350517095781437 0.347859844733256 -0.453755748763245 0.192267765597467 1 5668.17914038893
"1" 3.023726246121 2.57651206052361 2.56198791368452 4.11169036497627 5.03622024922716 9.93495047678999 -0.0485456290253186 -0.543176591954837 -0.392398812153898 -0.0835830669428208 0.231095123895439 -0.604643269695512 0.313546857635917 0.362217003363822 -0.425500603614296 0.170595234140872 1 5689.63497445773
"1" 2.98615436004176 2.6089248763888 2.4351875396315 4.07626364071806 5.02071553487135 9.99049555714111 -0.012807128325082 -0.520163028836636 -0.322981736634557 -0.154847793040396 0.171059891614723 -0.609732454136138 0.327306266935044 0.364698412422824 -0.435908235626277 0.20456411349186 1 5550.56327187734
"1" 2.98017637457808 2.62114170838549 2.46876714312308 4.09686368228915 5.01049008529495 9.93795919451147 -0.0367682852743356 -0.536657573473204 -0.331444595297298 -0.0794326592967291 0.214278020240693 -0.614024821004669 0.310283400928752 0.369867454881589 -0.422521384112095 0.178089203065289 1 5720.31335143837
"1" 3.0240414975022 2.59169046706312 2.5972287524406 4.08004712523451 4.96398206634183 9.99654563795955 -0.0754631577216104 -0.552286346016966 -0.384795928703386 -0.216346060846687 0.261966184186817 -0.559151949429033 0.365068177956792 0.317081347537345 -0.464946406315107 0.139539821364411 1 5834.78106425399
"1" 3.02151058716453 2.57700025796188 2.56790731267788 4.06987663890726 5.01238311426386 9.99039819071608 -0.0292684564062694 -0.529184640095828 -0.379568774057056 -0.150456131347564 0.194850716691127 -0.595963883629742 0.337047835877843 0.353322156200363 -0.44452940821628 0.187389825099089 1 5624.32906889001
"1" 3.00879720568327 2.59862641202957 2.54652346086479 4.06405336844676 4.97574953517274 9.9126999307477 -0.0480742854961855 -0.542659779067548 -0.334717864636193 -0.00821064974689188 0.244001437903241 -0.621283036823363 0.31669626402952 0.378382842766072 -0.428952064713045 0.119992727620986 1 5773.18364899016
"1" 2.97976230563449 2.61438490335144 2.56052779207157 4.0321262723825 5.04427708245444 9.95849084078874 -0.0305956097224696 -0.53224341989628 -0.391412240672856 -0.0444446867467413 0.21262558962787 -0.621613356384636 0.315859746775653 0.376946475021472 -0.431723910761876 0.154157524738709 1 5618.56592146147
"1" 2.98473770999994 2.6181830235399 2.49626669514803 3.9898765281393 4.97881223029595 10.0088695706327 -0.0300198251046781 -0.526828830710758 -0.314936602219738 -0.12617856121279 0.192252067468846 -0.588679131562661 0.352798715761657 0.345407912758788 -0.45394791909382 0.181609737585252 1 5746.73671245829
"1" 2.98589103496167 2.61873485502361 2.45881034988885 4.06184356950237 4.99378047286999 9.96693585627122 -0.0391400039539597 -0.537235506413243 -0.293851971449266 -0.121494632873445 0.207928068507981 -0.606594892302589 0.307626451727885 0.362366439098293 -0.421221634925981 0.201704615996407 1 5781.33894794412
"1" 2.96684704867633 2.61227131191668 2.51370811987661 3.9793337392297 4.97698121463985 10.0404839401634 -0.0225068199441367 -0.522390994720534 -0.335583543291266 -0.174447441679114 0.200095974469647 -0.593508668977295 0.365840565157676 0.353159338387489 -0.46639402242807 0.140648636675668 1 5340.88953849663
"1" 2.98120166190564 2.63019331854794 2.54271798563784 4.17515523930702 5.0173822907239 9.96213656722212 -0.0479794614603012 -0.540617550586431 -0.378410666087124 -0.183853449871911 0.216329702962822 -0.592547784093407 0.320248493137898 0.349075020917781 -0.429613842903285 0.199624732539008 1 5819.24073206473
"1" 3.06484110430401 2.52250054122107 2.56618737661363 4.0423660694365 5.00148421159328 9.99563357824082 -0.0403111374518005 -0.537677863748745 -0.400150186730839 -0.148747760605558 0.22983381256265 -0.600683433836816 0.337993685863513 0.358527183518921 -0.443917266675565 0.141496653771277 1 5537.17182875883
"1" 3.0052455722439 2.60104729143867 2.50245441472536 4.0068394000457 5.04306536771231 9.99892438743713 -0.0251963860219978 -0.526724662935785 -0.399638329876384 -0.11299001329399 0.183292297536323 -0.598714588610028 0.335750855191962 0.355285668482709 -0.441163704081212 0.198611020240749 1 5820.92744847052
"1" 3.07189807079633 2.52383426812212 2.57299588236892 4.05982660234686 4.96677541396184 9.96789392185602 -0.0269418670211837 -0.531829217268627 -0.34981459031652 -0.106780481428634 0.209481632610719 -0.618497192476287 0.328772421022389 0.376233279928246 -0.437551717797599 0.144465974935451 1 5651.03844477585
"1" 3.04045083946204 2.57763362687018 2.50650414889367 4.0464134736088 4.98947203196057 9.93952227372801 -0.037070635821767 -0.534097965325475 -0.333140938765649 -0.047990973297808 0.207027945347578 -0.603507543365645 0.333977039205563 0.360784882839832 -0.442232404415273 0.166167960115154 1 5992.45792137335
"1" 2.9806599904384 2.63224283275263 2.54185782801784 4.08302463187044 4.98361921854519 9.95494058018199 -0.0425812054787066 -0.533889084866951 -0.351040896986432 -0.0719211000981195 0.212612478527488 -0.594749139854712 0.346050607523444 0.352367931439611 -0.450457753184395 0.158097539685344 1 5881.20680074218
"1" 3.01518360746255 2.58711467848275 2.52591058233854 3.99803234697893 5.05058080699862 9.97472087099988 -0.0188059460885645 -0.523267699864483 -0.393032297518834 -0.0683223951404842 0.179808578508737 -0.602138932483802 0.34055780221863 0.357778258471019 -0.447164180955863 0.188008221638559 1 5753.95068806511
"1" 3.00543531943282 2.59857628811391 2.52306093738956 4.05941368070701 5.07158170073343 9.98948085427633 -0.0156968160114821 -0.521209702899574 -0.408448980801393 -0.143606519848454 0.16914008470277 -0.601634457326412 0.331208251723635 0.357652798980273 -0.438454669400311 0.214082091222065 1 5704.63522253702
"1" 3.01110629615658 2.59343327664589 2.5100821953164 3.96257134777159 5.04236979663591 10.030507304821 -0.0209309534334893 -0.522123459557351 -0.380147387900793 -0.155273867995053 0.181053236818318 -0.594289296595265 0.355079849037677 0.350836619958925 -0.457785057461439 0.178225447094533 1 5757.79624904941
"1" 3.0972034906681 2.49190104244078 2.47911683734154 4.08113247306566 4.97324131608277 9.96378477967736 -0.0199476175449493 -0.526202036853691 -0.290629850534369 -0.111251172390248 0.183884403317608 -0.598462015513899 0.332244553630786 0.355434772447448 -0.438873403554523 0.203042556381166 1 5491.7655301027
"1" 2.98706863069161 2.60588734292368 2.52555978164278 4.05956122769033 4.95719838731851 9.97837973177377 -0.0474690921957827 -0.541008899028364 -0.348527056549137 -0.106928686421143 0.218260722729056 -0.579930368421098 0.324470608004189 0.338481201954786 -0.435043014826614 0.21028750734412 1 5594.29935481692
"1" 2.97092362059176 2.62896288517115 2.56852236378166 4.06248614039533 5.01343304914838 9.99054477538698 -0.0362112103258211 -0.531343872350519 -0.376782709317893 -0.137378136964035 0.203228283475833 -0.592197701714546 0.336365752321991 0.350982238372122 -0.4431723968211 0.185917435573149 1 5616.38620979639
"1" 2.99149594265337 2.60173696814499 2.53198177051001 4.01328654800456 4.94675652917117 9.98838034115849 -0.0481629866232859 -0.538484709976554 -0.315072806708626 -0.114599983940493 0.240271737642562 -0.590985968062372 0.363354012963656 0.348995827130991 -0.462040221261318 0.109099423242415 1 5619.65690716772
"1" 3.02525404099365 2.58198938471379 2.4838562313445 4.01636676905663 5.0096724925694 9.99786518786105 -0.0272940047280351 -0.528685357262074 -0.353922666892382 -0.116490340013079 0.189885762814935 -0.601087302324298 0.333084032799584 0.358607958433609 -0.439890143430006 0.190394640113343 1 5839.51042608572
"1" 3.04532808139241 2.5510838029939 2.44639853904445 4.08520048797054 5.00100892946092 9.93496818476887 -0.033858589313846 -0.535171983417818 -0.296481234126565 -0.0589634026478941 0.216727880648488 -0.617563302555779 0.320349002389968 0.372807336279109 -0.430002515961843 0.154487190957525 1 5692.38342665126
"1" 3.02650858339071 2.57704258854785 2.46655943662281 4.10685413147745 4.98445628611769 9.95464611739775 -0.0258233687964488 -0.52835473982378 -0.322868978761921 -0.117071220175141 0.194310467369793 -0.595381345771882 0.348994707369276 0.35231489327716 -0.450117745603553 0.174047807767747 1 5768.98239953948
"1" 3.03580643846689 2.57025704095584 2.5323889894374 4.05807672072149 4.98967557905013 9.98234815215362 -0.0227972875014847 -0.524960691808081 -0.344255044672009 -0.139756378671739 0.183284572986973 -0.592806434007448 0.348997832212595 0.34967374500526 -0.451438897612496 0.188693210921109 1 5818.36611709401
"1" 3.04765440287977 2.55590160785879 2.49824020180591 4.03664307820923 4.98508584758925 9.99016797093212 -0.0311410414151504 -0.529013250074323 -0.327325020689289 -0.135422985129087 0.201762461955894 -0.593004162061159 0.35729685427011 0.348044903154973 -0.457904659790217 0.158636101027981 1 5774.09980215396
"1" 2.95306666632034 2.64732272209165 2.52155130187048 3.97681328215262 5.00515906617886 10.0226460843075 -0.019850664750993 -0.519871699730657 -0.355589523289526 -0.146449782523356 0.171433835674543 -0.579669854663257 0.357460137632537 0.338367942949625 -0.460308708740839 0.206793769604099 1 5644.49201497552
"1" 3.0644591209053 2.54266704636341 2.54282916980758 4.10923649025718 5.04021641106435 9.94547004127651 -0.0384634810440475 -0.538126998900159 -0.374153812610318 -0.101211469022742 0.21510664906184 -0.612028339717991 0.313995461568295 0.366573798507556 -0.425209835986002 0.176620771638265 1 5797.40584463835
"1" 3.05171915330558 2.55271523666451 2.4730835379787 3.94050738049217 5.03959633358962 10.0051055733412 -0.0164625349105352 -0.520399819344129 -0.375843419498868 -0.0703632257754648 0.179266131040407 -0.602470875665162 0.354560852236218 0.358493910204617 -0.457311876319584 0.167151166188719 1 5840.39719750397
"1" 3.03680284147148 2.5667568340908 2.60311638956909 3.98804478087665 5.00342832704921 9.97238834578029 -0.0374560896770182 -0.534419246136894 -0.406397513112467 -0.0677839658524969 0.21812479444154 -0.600008721194491 0.340168753745973 0.35823644732194 -0.44917860711158 0.148723551623099 1 5735.04456249805
"1" 2.96479551265989 2.63617602361565 2.59451193847742 3.98986840390122 4.96655390059636 10.016803402826 -0.0299480298393364 -0.52570964282637 -0.360189297190392 -0.139076605100675 0.188457715509383 -0.578647015738925 0.354359539208675 0.338495591699806 -0.458201421918938 0.195289031732125 1 5666.51441248678
"1" 3.00624073345047 2.57750576802706 2.47841279804672 4.03196006036819 5.0240871468064 9.9847273442492 -0.0136522778744792 -0.520217059953879 -0.357967387863084 -0.129516809310108 0.179217123058499 -0.60211901159834 0.343205005923962 0.356936986542709 -0.448851586985607 0.185695318532128 1 5383.59356037506
"1" 2.92074338154211 2.67484881139432 2.52971511738696 3.98352314353757 5.03390127311653 10.0185405540495 -0.0180093168006891 -0.518953640565984 -0.402814761800244 -0.145734944147493 0.181588384792042 -0.597763368760781 0.358090332217588 0.355122075988714 -0.460922827625152 0.165771509189023 1 5536.54034338268
"1" 3.05169806079878 2.54353228342467 2.53429339579586 4.01353279034713 4.94082333265861 9.99110272722618 -0.0246408058286439 -0.528038511826387 -0.292802269002618 -0.110350808748244 0.188163567193491 -0.596187940253201 0.33256620539315 0.354838922880662 -0.438868502428636 0.200947117964749 1 5631.06098692532
"1" 3.02164415009821 2.56654819668837 2.52561715978722 4.15903047277995 4.99523779657405 9.94084323645776 -0.026949403145933 -0.53236235116768 -0.326069894903097 -0.148824043511485 0.21228624975344 -0.625341477326678 0.313305914697733 0.37928770597261 -0.424920335487744 0.156625227595935 1 5563.62593182119
"1" 3.0677648845161 2.53076483135874 2.55877691961252 4.12175488590844 5.02926360375896 9.97007596779852 -0.054982630750937 -0.547822855436176 -0.401598038306784 -0.167465872726821 0.243112148396833 -0.601915509776018 0.319697073408689 0.359093715000716 -0.429722175246486 0.154023606964033 1 5650.16289566557
"1" 2.97254833995028 2.62790201423185 2.51105450943895 3.98974081114428 4.9448261858031 9.98014492975818 -0.0443015006461367 -0.535448485081683 -0.306134229889637 -0.072154019217725 0.21226307801158 -0.575593912489151 0.35023596616015 0.332850443177736 -0.453730126420299 0.186427924481377 1 5746.45925138991
"1" 3.0232634828052 2.57250865429649 2.5404673278209 4.08661420767175 4.9870520442956 9.96590652899329 -0.031167206116985 -0.532625578289349 -0.346898474692018 -0.118457055956289 0.198895413603453 -0.602181352494735 0.316802781360562 0.36024053301787 -0.428182187317398 0.202799744713186 1 5607.65124182507
"1" 2.99121988766862 2.6157753310525 2.52523651294654 4.05422810436494 5.03310755655766 9.99817623267456 -0.023407543443611 -0.525576299687094 -0.382051877899017 -0.158325023046234 0.181847321631965 -0.602526316469483 0.331686245608236 0.359346240131377 -0.439436864084915 0.198162654496396 1 5805.5670033757
