"1" -1.81098875397047 -1.39591359230273 1.15122080963687 1.54974657535389 3.42294114832451 4.16844006260595 -5.83345378964915 -13.8437924806325 -8.77869490690171 1 2222.7049232417
"1" -1.57877079061643 -1.26996093552501 1.09741742976153 1.58642535656554 3.43118607842567 4.12269283525614 -5.3810941584858 -2.54778603299583 -5.25855123079505 0 2479.73759235393
"1" -1.79155325249521 -1.50387755096454 1.05214097038205 1.4379452339153 3.09513989955329 3.68593782887322 -2.93278657892091 -4.06136438344365 6.71140187305078 0 2174.83237893102
"1" -12.0378269482166 -1.4971629689709 1.10478858674352 1.59847621982753 3.0682117319155 4.25309014527547 7.52515357014003 -5.52522330049378 -5.00972644222242 0 2029.21709069801
"1" -12.3853503583294 -1.42919169394986 1.10739103822914 1.43271282115483 3.18236947346677 4.02999175286481 7.7474679506163 -14.2104184282189 -8.26027747239149 1 2125.44688361785
"1" -1.68207586127789 -1.38025725366984 1.03342667520725 1.47115242416623 3.15538719504716 3.96383805709049 -5.79078366690917 -3.45159628421905 -2.04511810848343 0 2323.12590047367
"1" -12.0425292534988 -1.49303226382534 1.23243639755124 1.4921194602963 3.20528332283664 4.16931028742202 7.61508786339878 -5.55281824101117 -6.37517163616492 0 2111.31000940841
"1" -11.3810502711514 -1.71169131111923 1.13767650940054 1.5803304041404 3.36745604889267 3.8154756326241 7.6675173492007 -18.5429751939727 -12.6815687884415 1 2012.01764218825
"1" -12.5401636232205 -1.80527221615856 1.11445092368857 1.63103724559285 2.9778017333568 3.79774030529111 7.74580107769639 -14.5008332591916 -8.81354150146895 1 1759.28243750301
"1" -1.77686176810723 -1.51101062725967 0.918858612327958 1.53312610066055 2.8135048442606 3.85346065353467 -2.10876829879396 -3.82075037524372 -7.40198863609291 1 2197.92319187642
"1" -1.67217150759269 -1.39718889129417 1.0281958589129 1.40123287329169 3.24100040178063 3.90616772439659 -1.65149306529952 -3.40523463779011 -6.53787371476125 0 2376.86125684132
"1" -10.6978149314047 -1.36145083232083 1.30623210435021 1.59311439366946 3.83678601879642 4.23982821640967 6.57424872417485 -6.49255951318029 -10.4173271989092 1 2178.29900560616
"1" -12.3565654201593 -1.45055122409966 1.24241059491483 1.53926602162535 3.12256456571005 3.96691655709359 7.82166257572724 -5.62649961147333 -4.22984878055378 0 2100.23827780142
"1" -12.4510050686786 -1.5018814506702 1.07119883769239 1.46803592582413 3.16919558724554 3.79241370143195 7.8568168729907 -11.0001421485973 -7.85867778906153 0 2112.56884815759
"1" -1.7612712567777 -1.34499500182766 1.36314769795025 1.4374409690496 3.51435900590243 3.75672968324818 -12.1768288362382 -15.2447810358707 -6.69270883993664 1 2304.93893331084
"1" -1.72111836820899 -1.27390395405572 0.856205966059564 1.47766695763762 2.71328879629882 3.9865383426165 -3.43096353908924 -3.54146557119543 -2.68534632674526 0 2378.05047745076
"1" -1.8462574750312 -1.38439629869768 0.940590253702003 1.64442577893871 3.11156100255222 3.96724767309138 -1.5654155277152 -5.30010321939535 -5.42223095217706 0 2260.91275626741
"1" -1.70884414028592 -1.17899473055249 1.18558146137982 1.51193711216623 3.61255308290221 3.96436406806724 -18.633748162678 -31.0107462518777 -12.4220367923561 1 2456.3065413579
"1" -1.54982735193241 -1.41007962839282 1.09590547254389 1.67281998077243 3.28097179871967 4.41952436619124 -10.6836423995278 -14.5973843412116 -0.611378968438372 0 2362.6074595296
"1" -5.83036585099921 -1.27090748547397 1.16920642415341 1.45776722612414 3.18916363434432 3.91887222205878 4.06591911077855 -11.9044695655832 -11.5521658126507 1 2088.45450853735
"1" -9.52189414545293 -1.44936113071475 1.37399393804934 1.38665794778157 3.89121889642302 3.68050726706418 6.33856711181997 -10.7830986162864 -10.3585076564219 1 2141.151158825
"1" -1.68177386444518 -1.25889424743144 1.22701580900348 1.48868900412343 3.03460223983637 4.03447043993624 -20.921366560114 -3.28974429351878 -4.94446052420525 1 2424.10871100261
"1" -1.68781096978559 -1.33351007402046 1.05254409356933 1.42078854535802 3.02206541626416 3.98389647169481 -2.39195815211867 -4.01868492790002 -5.94028568413565 0 2380.22004759805
"1" -1.73632998401212 -1.32784575262538 1.26520186978357 1.34064108058594 3.25300181299121 3.73851962927911 -5.05638940545897 -5.11354866327424 2.33705167960492 0 2336.29601173321
"1" -1.6478635771477 -1.39948499096109 1.10741245179283 1.55806453440781 3.30698059084289 3.91515820936667 -2.02811217591406 -8.29168865059587 -4.47884985181965 0 2355.30668651386
"1" -1.68193056877307 -1.47121423144385 1.30888762484005 1.41401719919674 3.38800113398975 3.94223044146927 -6.46665297817765 -3.22344260759445 -2.7780805477012 0 2266.16570826312
"1" -1.83369496305994 -1.39747160085395 0.981969904933583 1.67782864089727 2.95803009568498 4.27429583047124 -1.43317871872936 -3.75740844737026 -3.51964675261619 0 2272.54581039152
"1" -12.1354909187546 -1.58405564107064 1.1060724105197 1.57949837946542 3.47703666916004 4.32330531175702 7.62143208333569 -5.61863852709656 -3.75672776582437 0 1976.45237673638
"1" -5.12020996478252 -1.28513517534848 1.20793812866081 1.46653683196877 3.12078839425215 3.82341231734288 3.70681747762335 -19.702464218978 -9.63060079435466 1 2263.14512450066
"1" -12.1551592978333 -1.49578646283318 1.10467048308322 1.37887009835828 3.30245218469029 4.01994891501415 7.70621064512411 -5.57768786775288 -5.28308779057875 0 2108.55323316283
"1" -1.67954304401062 -1.47143213688314 1.08162757818726 1.39288962714437 3.14000326615996 3.73566391565303 -1.82402514103045 -4.67907428953275 -5.92317035647214 0 2304.0397798325
"1" -11.0580318185224 -1.51830889413772 1.233511997917 1.58105132153527 3.48306770988219 3.93003986259329 6.84689389973435 -13.0471904044746 -9.15553273342334 1 2098.33161880922
"1" -1.79327504242728 -1.42335087577547 1.06381839436834 1.56381470432407 3.08961757869483 3.99967926929419 -1.86040334632924 -5.87212538130498 -5.45644668283834 0 2255.64609989439
"1" -1.5847417325142 -1.17523532570824 0.986372906345789 1.49863858444888 2.96042565100905 3.86989487644912 -5.17734384345337 -3.30364349321776 -2.24384029780152 0 2545.25141384248
"1" -7.52708590759506 -1.70731687782318 0.875455162355501 1.42057641125441 2.92065854043479 3.94168761727606 5.15271634055951 -0.381117089339441 -10.0216352792292 1 2226.64986498162
"1" -12.3056362417958 -1.5187712675999 1.09591431957148 1.24997151232275 3.13273696164143 3.51114734014828 7.72270658171157 -5.60020909017273 -5.1721793910248 0 2009.17974204696
"1" -12.3419628300179 -1.41768319106483 1.13230068001664 1.46246886222314 3.1765312387824 3.9138311543325 7.72849112671837 -5.5381279560455 -5.92214089702925 0 2057.50988016655
"1" -1.71477913935872 -1.32908196644783 0.953413397241111 1.54513233354283 3.00290264396164 3.80544548046327 -1.56471558785107 -5.02886359939966 -5.49556625507222 0 2389.44641306022
"1" -1.70556245429034 -1.34022855373968 1.05458759195283 1.51768491295837 3.1223109443208 3.88663047828175 -1.83916820559057 -3.18404361756093 -0.27775223792178 0 2384.34046250109
"1" -1.76517723922871 -1.35545686250868 1.06344845684078 1.5272248420524 3.17643637560163 4.11685875999688 -1.00417223807123 -4.48980218628214 -6.35240591646476 1 2383.18305878725
"1" -1.5508201312403 -1.24142899673201 1.11883410098879 1.31927871668442 3.26605247117855 3.81444423991514 -13.4642581141287 -13.5779216834291 -3.96553723483336 0 2506.48585287791
"1" -1.5873412280401 -1.28139455258931 0.902481188401166 1.63521635423806 2.8653863564732 4.2256513883195 -4.59779961752512 -4.09315753482405 5.50613063331588 0 2430.59383433239
"1" -1.71298456098656 -1.37485618910218 0.906540424245769 1.46342820092716 2.82287945238268 3.77463751479496 -3.76036639492695 -2.88950651129136 6.08467134146206 0 2306.73009084384
"1" -12.4058368574383 -1.59094779600476 1.18708663615638 1.72405082163511 3.12106244977241 4.29138640458964 7.83957005440412 -11.385493976659 -8.4047013464828 1 1994.31297384138
"1" -12.2368707309079 -1.54652147328816 1.28162085174407 1.5479447636051 3.2844264842266 3.82758312152227 7.71431589772311 -5.6109314791535 -5.72906408023107 0 2025.81914900764
"1" -1.77020795689604 -1.4774820486013 1.17736843335939 1.3542483999374 3.35214350203786 4.01309992935569 -1.54229834463287 -2.76723409850905 -1.46344298106342 0 2277.69804410119
"1" -1.75966991676836 -1.36741250390201 0.928021970280084 1.42747020892868 3.054566791359 3.92158535235013 -0.967205374479489 -3.93510408042952 -6.59157616325165 0 2383.83271128586
"1" -12.2325607072783 -1.48270909650853 1.24704026143422 1.66892268622308 3.14290060607571 4.21189662862643 7.62290388293358 -5.53555513540649 -5.5561954566727 0 1988.98477724365
"1" -1.5464638874041 -1.22504101022592 1.00271660936964 1.44048125629801 3.14264580475253 3.95086883150568 -4.55570438055259 -3.33795060744578 -1.89630211366062 0 2528.4991360245
"1" -12.3448714453287 -1.61527281848104 1.398910125475 1.69870060050642 3.39220735449143 4.4754248687657 7.81186325106781 -5.69028428409176 -5.38717737153094 0 1966.67597019078
"1" -1.59494012190943 -1.25407440649804 1.07482371880288 1.30216863522225 2.96436140032266 3.85617507671821 -8.27596169837425 -7.23670768679716 -0.0353148244892332 0 2468.38051954293
"1" -1.63300342328832 -1.28255305038699 1.23569872436478 1.39477928003657 3.43421596029841 3.72832622512743 -3.30657838659464 -12.7479655190179 1.90946837340426 0 2437.70240665892
"1" -1.61172105301727 -1.0781327085118 0.967941505209321 1.34041960573918 2.94393971915861 3.72077703397936 -1.32206917982323 -5.93539415305711 -5.24005657482595 0 2666.51025876922
"1" -1.68230404854285 -1.36164459351154 1.28037492192839 1.67101432453172 3.36651875637891 4.27066266863836 -13.7881379535263 -14.6044268540977 -3.31753914944658 0 2323.8179002971
"1" -1.78580114402643 -1.34143325803694 0.899664817713628 1.59059680240458 2.61928934227819 3.98536219995967 -1.99463468219679 -6.9989742418069 -4.12956417916854 0 2304.22246229239
"1" -12.3324496865239 -1.6472744272651 1.09496384141451 1.45337513439631 3.18506283011533 3.87945613349169 7.64441597508784 -19.8614433923979 -8.63523661028725 1 1917.37489231756
"1" -1.58487207216555 -1.43635391514612 0.967354213770507 1.35007322690576 2.9593775956893 3.98636426106331 -3.45760511914884 -3.25123083621703 -5.49130207867704 0 2351.51377965783
"1" -12.3753861839721 -1.50067611231167 1.11256922237311 1.44344570837191 3.2759355721998 3.94205307710403 7.73274860778238 -5.60935660721 -3.16403651403587 0 1977.35625171188
"1" -1.67781141827921 -1.40893384198284 0.80524982138612 1.37746305740962 2.68243815434039 3.7833574003171 -1.70478653997251 -3.4182131171267 -6.18271781478939 0 2344.10258711921
"1" -1.55035906479284 -1.4339270927066 0.996541389376354 1.71130165646352 2.99883897864223 4.39869153587391 -3.70211414388775 -3.11459894966514 -5.76331346833321 0 2364.68060352424
"1" -1.64647631671287 -1.25298738540994 0.981666467246234 1.62711773747715 3.17994972629561 4.41763207074688 -3.01088342939789 -8.04095165377618 -1.17492503549722 0 2424.48013268624
"1" -1.63200507210428 -1.24958478310342 0.946913542766372 1.57284345914757 2.84537544111864 4.2821923005334 -1.50636615910411 -15.3510444383629 0.0287026033363193 0 2479.79829318571
"1" -12.4051204896017 -1.62259209802419 1.20464109230233 1.41222631652446 3.12982510737409 3.88109476311737 7.83669249978589 -6.10853783781865 -7.66134637534849 1 1957.36257449172
"1" -1.72534341458009 -1.44408510289801 0.990200396161629 1.60599219005341 3.14358004657294 4.09712500601596 -1.5569758038932 -4.0547189030305 -6.51211731153585 0 2298.49185469432
"1" -1.62778316961532 -1.36014173614003 0.857514813419278 1.39475778764526 2.89472519452801 3.59911709011401 -1.97900854987249 -9.58939653455286 -0.720543434862942 0 2388.68614110914
"1" -1.72852228925324 -1.20521055319899 1.06765125493086 1.51396896749536 3.02887666987616 4.25459781682491 -1.17855187554493 -4.38978586552577 -6.62583900988298 0 2504.02365510407
"1" -1.70911642284512 -1.21461583651314 1.00013811428559 1.35385251621527 2.94925588958134 3.76705410249872 -9.78879745885786 -9.60234274805399 1.60461492194572 0 2430.23702312544
"1" -1.66478188176172 -1.40909168272492 1.25122746793075 1.62713258587262 3.33876758722872 4.31431517489842 -3.43747580948643 -9.70046843371241 -0.64516439051629 0 2306.54240590915
"1" -1.77606741375874 -1.28317480010971 1.08253371510124 1.37661095495103 3.1890733588042 4.0539735050775 -1.80717513993083 -3.849045417384 -1.65193822423438 0 2385.82478487967
"1" -1.64827790274733 -1.4550256989093 0.695001434112673 1.69452515968401 2.67454515529069 4.37531949525337 -3.25200372583555 -15.9790576525531 2.87363492789657 0 2237.53167829467
"1" -1.63068039787058 -1.47129350572042 0.78539999421796 1.50870485646315 2.59374042963325 4.0488185048655 -3.60745720668013 -3.28005866089764 6.18110004071866 0 2260.58408065822
"1" -12.1139590964558 -1.52793112309018 1.24019848171752 1.49471071074554 3.51500751549605 3.87822596452471 7.62354125668092 -5.59278631342321 -3.80776433747198 0 2052.70133595744
"1" -1.54149376128477 -1.27748561432666 0.845393232466936 1.55455553606603 2.98096963107632 4.01893629775986 -3.23515855948338 -3.72270676027218 -7.17272629061879 1 2481.41130166802
"1" -12.4587533938218 -1.5591705726103 1.24320400817943 1.22620370409842 3.44152862711348 3.5965320543927 7.83327579935097 -5.65888316491524 -6.31594801993509 0 1960.63425354437
"1" -1.81145563562071 -1.44436892473461 1.0164223075965 1.43885865178019 2.85348658490032 3.83453751480314 -1.55319742171826 -2.96156777082976 -5.55962416189204 0 2274.25392798282
"1" -12.1253064751584 -1.59766518435424 1.06606016269519 1.54877539587319 3.14934497704131 4.11621915950834 7.47978323493477 -36.2741566421125 -8.99013451817026 1 1943.6414228649
"1" -1.6945811625022 -1.4252783194446 0.8926611959468 1.51344873556376 2.98310938402775 4.15795284052562 -14.4821282642391 -20.4117204850237 1.70677743720849 0 2255.8098794876
"1" -9.99537253184044 -1.39386715102183 1.24031979005531 1.70640763172192 3.3457929232223 4.47597149382189 6.79460392240011 -10.8337838069966 -9.81756139663548 1 2151.28023880494
"1" -11.8171089292075 -1.65266110162765 1.33657124231772 1.58859774696276 3.33571030986419 4.17857720066719 7.48244530748181 -1.23260785301954 -9.57089943295077 1 2084.28974264953
"1" -1.70906702671023 -1.18465454482299 0.967702882713569 1.45931790602261 2.9360331269668 4.02454820606877 -1.46263228737636 -23.4370792427992 3.15562869827724 0 2497.41238399084
"1" -1.68447619244689 -1.21396275740185 1.04097878591371 1.39328717446575 3.10597470753657 3.98624045833233 -6.72788658528133 -6.0437117568628 1.16033645943278 0 2441.23311014195
"1" -1.71946871025946 -1.39341214658672 1.06714778011685 1.32361051063282 3.22923640953241 3.84712659214447 -14.9287870753757 -15.7205295140476 -0.128842313253514 0 2283.42017502988
"1" -1.74214895926567 -1.39239488264183 1.03206236591256 1.6013074615257 3.20590239185798 4.21166748585862 -3.73975787446625 -2.56575690901948 -2.89912797280298 0 2292.34267844824
"1" -1.68843336227894 -1.36719736893367 0.859550991490037 1.36503968181429 2.79168389706171 3.93570291502744 -14.2759954425336 -17.9728733851216 2.579963435991 0 2305.52104418921
"1" -1.68706147625225 -1.36198430465639 1.18249946013766 1.60996962220963 3.32503247134334 4.15459664393527 -2.53393574998057 -4.85629761246137 -3.30735159545608 0 2347.81582018025
"1" -1.82166094665286 -1.3628428184621 0.974611618658961 1.59849655278909 2.95751285960138 4.10343108415585 -0.657774774184514 -5.90445257317046 -5.72099633285813 0 2371.13298133414
"1" -1.77910975828961 -1.30974440971148 0.774382948437732 1.52726598610453 2.77962301074664 4.29595801708911 -0.855277835367893 -4.48656693619692 -6.47576995471234 0 2394.12604073689
"1" -6.07420622159191 -1.25712852331771 1.30445178418307 1.5625086777188 3.56262932180297 3.78687312851881 4.30446852893731 -20.6593763594918 -14.233075891057 1 2131.73380561541
"1" -1.68028641570019 -1.38882418825849 1.08831407123311 1.53923643663804 3.1154480899668 4.09140951753936 -5.65244857734109 -3.3556791988123 -2.51066409739612 0 2318.6319452977
"1" -1.76972217740646 -1.33542709570197 0.914410667397437 1.68973080622618 3.04598202381557 4.32864008317765 -11.1679055429175 -13.5822444021419 -5.58324312007289 0 2274.39174235168
"1" -1.64510521886242 -1.41761651701499 1.09531388723525 1.55532253948222 3.10995724921559 4.25812508434849 -5.60996062583368 -2.17634993500199 -2.35722851813314 0 2336.86605796762
"1" -12.1276485340745 -1.48397610647071 1.32014222397212 1.63791507336588 3.43207978468947 4.62170173752003 7.70449669996253 -5.57889809105558 -3.59974669306148 0 2121.01635599677
"1" -1.7436484451709 -1.36232666233258 0.99902313434952 1.62487567053717 2.88713684167898 3.99061226583715 -5.23829206217696 -2.95800568584955 5.65116402790689 0 2297.75110476013
"1" -1.6554867907862 -1.43787925179505 0.982721447806594 1.55249670681725 3.05100652514331 4.07939593277958 -10.1005841405837 -9.31028154658089 -2.13140001361987 0 2280.08681864937
"1" -1.70240890840485 -1.25181426517924 0.795153245099246 1.51483313195058 2.90521862071059 3.94685182327194 -1.13828415971614 -5.97671122792513 -5.90030805901382 0 2461.40742085583
"1" -8.26504783066193 -1.45968669207888 1.81023872303291 1.51836843472896 4.73600901661888 4.15679122660495 5.54090671951557 -13.8554668527898 -10.6307586409998 1 2180.83985994056
"1" -1.61435604695664 -1.19665425209891 0.899700791746976 1.42582516076529 2.70681809345144 3.808229467796 -3.01059866485401 -4.07917788939996 -5.07029083136558 0 2513.15761012928
"1" -1.73801919492856 -1.3628978075559 1.15784297889525 1.52359330420063 3.21551709800885 4.20984198453004 -1.67364247823592 -20.6051276070804 2.81810154409734 0 2334.33347382721
"1" -1.67624981353864 -1.16711577297984 1.20957166166778 1.50584572381122 3.18370966266774 3.80264583702045 -13.3447096410342 -3.01497497272515 -6.09038503504192 0 2509.13556454733
"1" -12.4175869375547 -1.41544330983802 1.26564137924034 1.36228244555692 3.37847494409568 3.76805808140238 7.7575884439092 -12.1112459087655 -8.11890931735366 1 2122.77274411999
