"1" 2.4655867097275 1.74968565659762 3.13124592925235 4.48745843483584 4.35422766843073 12.7917486665277 3.55926131153642 3.68790498747321 -0.562806372611502 0.173652823926401 3.2628271585039 -7.79402711216129 1 331.871874616836
"1" 2.10970583763225 2.50789602004224 3.69754309337281 4.56488138689937 9.00429202009169 11.0076084775689 -0.578934351859905 -0.603813563802938 1.93623485093734 0.895838511981576 3.29295233119731 -4.243428547767 1 435.206641633679
"1" 6.2252834395222 6.04852345651683 3.40722611062618 4.92026865823211 7.86585531980016 11.285274795622 -2.67443358116372 -0.183080687371121 1.53921256146659 1.0930859638722 2.88766495739312 -4.37512886303766 1 498.526361325093
"1" 3.21740900895994 -2.37016212016757 0.396703846732725 4.03942300342805 1.81818861700647 8.77304612512812 4.2941166011712 1.80950055627691 -5.18722886471601 -0.437297151774028 -2.80984833084027 -2.63930302446979 1 316.628650104161
"1" 19.5005009176962 18.6195223240871 2.16683591693637 4.38374338900802 4.26814042251124 11.2577038793906 -5.62981457627214 -0.992670322909996 -19.2028967295167 0.0324008206269373 0.0169538903006604 -2.20903631651546 0 488.360396668112
"1" 16.0634293586948 15.5338186114728 1.92655335975686 3.02256142908297 4.1532465710672 7.16809112496236 -3.16226587736054 -3.1592606118539 -2.27099004465871 -1.97507722751148 7.3436927137136 -7.50926604570266 1 544.421202005793
"1" 2.67184866740703 1.81859827015327 0.388144348833801 -0.173794756248522 1.28598495324609 2.27364403694069 4.20877843681496 4.25190101740409 -4.73012959667157 -2.88648337760144 8.53486511000263 -8.8515241114784 1 23.7849150199809
"1" 2.88767289199983 -0.522367413006236 -0.0762425762539858 2.20755126731775 1.18441303358518 7.20617301804733 4.39334004724103 4.15888925465948 -2.96201529851038 -1.04302996732984 1.31282222893245 -0.250692638676757 1 -3.89518399270491
"1" 14.9074264048263 14.7447668566216 3.02238859173468 3.28188995619733 5.66886787159711 7.98935370927481 -3.36570349497009 -1.52631418002949 -0.194735882191514 -2.69730387096963 0.59702714739823 7.58439908856539 1 503.476383596059
"1" 5.70072640474958 5.59897186953624 2.14846903139503 3.69318693549811 4.19211386368301 10.5276210262476 -1.69777532544261 -1.69547682995159 -1.86547951316527 0.242830017870595 4.85572664371511 5.18317282218897 0 490.673528534547
"1" 2.41704347368415 1.78690664817316 0.336286759105877 1.35608714189037 1.24289906733582 3.9714475164443 4.07412226282045 3.75337612559093 -4.57014738385777 -3.89382344582996 5.49173818095059 7.60363711675944 1 260.653607380494
"1" 2.47743587724181 1.80692136635972 3.01040137613546 2.52144489137507 5.77475366714898 6.8816345015957 3.52460747234841 3.7021798759529 0.168896685967948 -1.7038939399454 2.59155385916732 -3.89431425019524 1 338.966650519388
"1" 2.54470832957438 1.72325726177938 3.14008005065159 4.2586954883301 5.14744225195067 11.0239795900773 3.50606893581254 3.68673543459723 -0.0567907806995893 0.00337149667727467 3.30993558016269 4.57155706507641 1 327.674256875208
"1" 2.78066989377515 0.725125425702926 2.35450423301171 4.61200415469369 5.05562396979237 9.71161421084443 3.80266946257461 2.31265533666786 -0.422039274369114 -0.768650362177332 3.13173255761718 2.98183759224156 1 283.766888229689
"1" 2.43348147984895 1.98339097804457 2.25521498419282 3.28591090498634 4.04490348197676 8.17420106235102 3.56535439194984 3.72575084171444 -6.39954697596355 -5.11383497751636 3.4167969786443 4.76702980061898 1 351.14604210243
"1" 1.90566711300755 1.37417366381429 3.27955297989797 5.17934825319354 8.18008708627161 12.8329970152211 3.42503689807443 2.29956367949994 1.8760241638244 1.02365720112708 5.43569075064484 -7.4394668726868 1 410.882885432408
"1" 17.4577077024678 17.2315979342007 2.45447228274794 2.9529192822657 4.75023681573824 7.00561490858969 -3.65405989447606 -1.94519425971382 0.0263824862996417 -2.19923231411899 0.282716671635403 -0.0977142988111321 0 566.917280261956
"1" 12.36524689084 11.7776533096778 2.51671484606312 4.7098199889379 5.14579429416469 12.6459648442209 -4.80885318936 -1.32600903155607 -0.482118354315892 0.454920339015272 5.30691000035316 -9.53670076898848 1 520.016341017663
"1" 2.75308247364978 1.18961362731007 0.228981564076706 1.28572714511941 1.18611428234275 3.97502807781757 4.15121234355397 4.05614746366007 -4.08614547636423 -5.35878409791263 8.20081123189454 4.80162929985236 1 202.318703478743
"1" 2.51904785691393 1.68406786986895 1.2709924082952 0.100761554754023 1.74915728867392 3.1865275582801 3.82384385130633 4.09212729322574 -5.67813712748486 -3.26251761470901 5.59760622925724 5.18281045817325 1 214.625134293149
"1" 13.6637040636377 13.3213954354093 2.89434639380936 2.86159310608591 5.72646048887105 7.34446486172211 -2.56649691877759 -1.78680217380239 -0.077303322336755 -0.816927322444416 -0.247733110670777 -7.67634085304717 1 539.907984185797
"1" 3.81467797944298 3.61007115029798 1.83569330337265 3.27519320760182 3.58079846259194 8.3525783396016 2.31594576877728 2.40140327726893 -16.7900784848758 -30.340752817808 14.5031875851109 1.16313944515578 1 472.845472718328
"1" 2.63467799584536 1.77758108974866 1.81207488807633 2.57493521362355 3.92478470396533 6.85654059066578 3.59991942313928 3.80349130567622 -2.06215238002015 -2.20221856036043 2.54619540720351 -1.40145844970331 1 327.384946121013
"1" 12.2150111018539 11.4876538556405 2.16590834197412 3.30862972314953 4.30379926165274 8.10291043316461 0.202932110089203 -1.11461593806578 -1.23650304230911 -1.29756624447351 0.603067275575417 -8.71080275500544 1 494.735903069387
"1" 11.4651393318484 11.3582395757835 3.02790986110605 3.08687836676313 6.02897270031028 7.77940540045866 -0.182152851004556 -2.54883675303889 0.5476747797669 -1.44920892486028 1.22309943569636 -8.81908565001673 1 505.335643309828
"1" 3.28879499038244 3.12039262754127 3.3732099371428 4.15239457974879 8.35032406585534 10.377500468836 -0.853540966385352 -0.68777774207525 1.28049553793387 0.856695023196091 1.80889228301323 -4.03481740359052 1 472.802908141568
"1" 2.55273008480404 1.60827369781316 2.88865663607089 4.37482795685789 4.87533848291962 13.0539295311959 3.56780650052267 3.71050697304669 -0.150020112440138 0.325212807972871 2.72836058853257 -0.525474583379025 1 356.608795048815
"1" 12.4029931511126 12.1069347827846 1.96685286515726 4.31006329010172 4.15152993040696 9.81834276429428 -3.12334832297013 -0.911474615609974 -2.31712271967873 -0.915439237190345 -0.0631413765657336 8.70578216525978 1 501.409564407591
"1" 2.5794041822999 1.5076617497398 0.494717930117947 2.87271979351311 1.27772696733343 7.62839092494766 3.99315722019916 3.79112335408409 -3.59322550117822 -2.10826092529104 3.11556483076545 2.10639454507879 1 238.985665515653
"1" 2.48550766673065 1.38638815149639 1.15063932776097 3.43541332806246 2.71847052364474 8.7262230025546 3.74735330018522 3.34318858048838 -6.15489931369688 -1.22773834932675 9.38967357344716 0.0422871147164934 1 338.044874688871
"1" 2.93544134545052 -0.943447090656149 0.0885466444120763 5.77564531236627 1.23149663855441 15.1242211401834 4.2961799697817 4.64169275149761 -2.45415970951753 1.21852233296543 0.868914549127522 -0.378072760676617 1 117.769970316377
"1" 2.34305596821796 2.51016174882698 3.07089181831889 3.79643489753498 7.68555082650077 9.57017848936859 -1.16385355678884 -0.960529011141014 1.55109810836716 0.751505649972642 2.8722133561579 -4.92143337637552 1 445.090146639568
"1" 1.61116942207984 1.71465454670435 3.88511824187331 5.18810197420567 8.63627299497263 11.6981427988792 0.529399518717173 -0.0960106684266328 1.60440677692095 0.943285080381521 0.651990176684022 -4.65771038151634 1 424.651298050474
"1" 2.35379726530975 1.59773164538709 0.597896523169692 2.37769554643193 1.41014522243061 6.06246980746243 3.9360502313801 3.58070992998031 -4.08338765270708 -2.19048614746122 6.44795457133538 0.733585127643482 1 232.836044861215
"1" 2.53853161131906 1.70818920013788 2.91656309475117 5.0797704056645 4.35240176996232 13.0144130129029 3.5650079281103 3.68586380069499 -0.102884431953216 0.505989696728118 3.92848270476261 0.724522432400148 1 341.315309584838
"1" 16.6764169831123 16.2830861870374 2.11601089463739 2.25532513637062 3.9996952764378 5.90833306407298 -3.96064097861149 -0.821293697776574 -1.7832014158186 -2.4743666740745 1.40709087561745 7.30599663740712 1 553.688537256371
"1" 13.3512737767269 13.0298457254081 2.68606621822784 3.39247485899145 5.52081172793669 8.37522407371799 -3.00388110193942 -2.99501304128998 -0.296085351604214 -1.48855790744821 6.83164289559978 7.93204802820698 1 558.105921398296
"1" 3.58908112312399 3.26359036614404 3.06600624289556 4.16958276630614 6.95031259562116 9.33797569323418 -1.06118384723481 -0.774460527685778 1.40117062223082 0.263336972468412 2.30822376903589 -3.07596172253379 1 491.631601576937
"1" 2.37874778031122 1.87910309611606 2.99988997047859 4.04562141643851 7.46436936282443 10.2529574412702 -0.421534847692021 -0.485388782531386 1.25205149750524 0.779792470418131 2.39151733165605 -4.52722675426452 1 459.622313515755
"1" 2.75398974739678 1.28395040149823 1.56670269040225 4.56355184834166 3.31457082897657 10.6198796711921 3.63773549417122 3.86409180011244 -2.46121670409462 -0.344109264852393 2.8880561833292 2.38322589683368 1 295.315339335545
"1" 1.60876737294587 1.94405602545435 4.63719968650301 4.9510338692221 10.4415442212484 11.2642857122805 3.15999339020062 2.87718526085916 2.08268426041577 1.12777621912932 4.26970989103995 -8.22659167122574 1 339.786033891431
"1" 12.1182856910068 11.990888379913 2.12164342724755 3.36085397155797 4.14131574223802 7.93106620343718 -4.75886845759284 -0.159907821151874 -2.03690329031866 -0.953389928782323 2.94489693194106 7.6995936892352 1 497.245286958821
"1" 10.0808967984451 9.45820441414828 1.83843259456259 3.45822655300695 3.39696168371619 9.29996472507913 -3.54421618367304 -0.51638301050185 -5.06659801303531 -0.281101107300155 1.84167077835551 0.822786389772733 0 501.141762038277
"1" 4.65674051145898 4.4272540852925 2.45947662917428 4.76760150241828 6.15412521463411 12.0989081641198 -1.96958655115903 -0.629723448394566 1.09210813872588 0.566483576884534 1.98693954540259 -4.09022589310486 1 509.815525011277
"1" 3.29216316274727 0.758228517008388 2.36219934373006 3.59660354293647 5.42377257010013 8.28228962152582 4.26659967830195 1.14407391683282 -0.0186861009798236 -1.10358164912462 2.49979564020336 -0.452132330336802 1 307.709518344958
"1" 2.63499096044762 1.76732328243914 0.261911418391056 -0.13224520671065 1.13063649851812 2.02425859553482 4.23410857064293 4.34679175622072 -2.5217969331995 -6.1889546463187 4.17162647381245 -7.88836523380827 1 35.6643815189536
"1" 15.4135611678165 14.7873045561791 2.32116541207273 4.09406777624638 4.63460879021104 9.87895947394786 -2.18141444354992 -1.34004607272989 -1.02060493308048 -1.28506828144326 -1.93145113959149 -7.6507027527251 1 553.366472692387
"1" 5.12923706084513 4.79031005460541 2.60282274892455 4.41298792622606 6.59211249895203 10.961399150723 -0.490983155851762 -1.08184097957469 1.48026931630405 0.90662122809924 1.28553557988877 -6.209144221789 1 494.709243399336
"1" 16.2918209459305 15.7822194859179 2.96365330951107 2.82580444698002 5.60525905427638 7.54570734090037 -3.25706052981431 -1.93563574663924 -0.0610358087380982 -2.00815925875633 -1.08727529577323 -0.94209513049562 0 553.894362041133
"1" 5.52553581935531 5.37889680972717 2.11694282175079 4.41606771308508 3.95471470225132 10.0579367187095 -1.53989450390281 -1.53086152051242 -4.0350840079489 -0.861701941943673 4.77088933380995 -4.29814094950779 0 474.735715443262
"1" 2.41677539508006 1.70827024061198 1.3311059124932 3.61910481542267 3.3870985874207 8.56243784371008 3.69278041735771 3.39101197290388 -1.28604254097198 -0.868676975015831 4.18095774971062 -2.912617579662 1 287.970816094225
"1" 2.46487668204308 1.72362257865074 2.81160198900808 3.64410259903723 4.52192898297578 10.6565776092366 3.63945665838261 3.78284372054561 -0.366059016420528 -4.59996407986592 2.78533088324339 -4.88423047324336 1 326.826206314821
"1" 2.5372335072234 1.88366978502797 2.06051843600078 3.74963290148183 3.88352242990186 8.86404067704867 3.59435893953891 3.73665747292164 -1.18964621051386 -1.84263996031332 3.08771762415743 -1.79865904923881 1 356.30407628758
"1" 2.34603790716303 1.11556469374492 1.93370736242141 4.92596122214368 3.75480682475297 12.7334276227843 3.56526650575205 3.0499880725436 -5.12142905987409 0.336576534652182 4.86360593438862 -3.0035236320953 1 342.529729075848
"1" 4.36007674479536 4.41318402521877 3.36917375472847 4.50175052356453 7.74702015534798 10.2912181816106 -0.299312717293602 -0.935642539708735 1.57757847087694 1.30699690496759 0.0507054647035276 -4.11942859176206 1 488.813677456471
"1" 2.2863841852554 2.06590223851426 3.99295119519076 3.65276856392132 5.92998158418554 9.40593220216729 3.63995503446094 3.55857078340816 0.0286894706454252 -1.37202283896892 3.62501360421366 3.34583668853574 1 267.674504678448
"1" 3.43109601484727 3.66651241822066 3.45808463586989 4.26069633587269 7.7091088622463 9.52708866093173 -1.00631354254768 -0.870571886051876 1.54654781337452 0.273040882877426 1.79162033763277 -3.84254734557244 1 492.668838340375
"1" 7.47521909169397 7.17114903628959 2.84146465208012 5.26313922084824 6.96575595303799 13.4950556963104 -1.37797016905281 -1.47611805476551 1.25903676396282 0.871610596699163 1.33267769511265 -7.40978818893884 1 510.153703761026
"1" 2.48391923781499 1.5812758751477 2.42176240053241 3.62574493831402 3.70328590405739 10.3825314287516 3.60883677122351 3.80546613670024 -0.677063763375414 0.137082305122837 2.56229751420747 0.137579912534554 1 311.54316162354
"1" 1.74227253165613 1.48159596620594 3.54997848355517 4.17300147434376 7.81692379519377 9.04022606740965 2.71274847066412 -0.116507100418686 1.19560969700569 1.32920908103395 2.27019998403061 -4.74615628198764 1 453.196236349194
"1" 2.53995664442201 1.11879485579885 1.8865630567088 3.18776673437058 4.11267116982538 8.03746965691051 3.83089731790161 2.80309288677377 -4.97413403887917 -4.93993793174149 2.04731805773559 -3.90246824614 1 375.186897870393
"1" 2.68725729511691 1.56431078857196 1.85146849799355 3.8798421951446 3.0579087583413 9.21136561020925 3.57403499112602 3.83934143841819 -0.816447906870424 -0.260448182965057 3.84423024260832 -3.28357218121407 1 307.235076291165
"1" 11.1219968946126 10.7611071608364 1.97509498180554 4.73156647981767 4.13954856841251 10.5301938843516 -3.26691385156893 -0.665127063221826 -2.25489504627195 -0.0203126311245377 -0.109600931421125 8.26566083893433 1 498.226942705644
"1" 8.49627534605461 8.3417932332212 3.35673548678609 4.76390403488007 6.2170658436228 13.7933199141326 -3.22866222275406 -0.979280730764691 0.585187059889387 0.597127597989991 3.33578002928876 8.8218148009274 1 495.473949531719
"1" 16.3244089757714 16.1959880203884 3.35718006773993 3.65407169358423 6.36396681014631 8.57839556944301 -1.8445694335651 -4.24636428937452 0.771423234922227 -1.29802070588866 0.163507390488006 -0.554403146970926 0 512.065865664009
"1" 2.5313915355382 1.65640007483261 0.886048064460671 1.86047514493893 1.48141217212329 6.41140089546335 3.86829980802801 3.75422351840363 -2.17867709377398 -1.44275207435882 5.47346722067385 -2.63923161847331 1 254.00325621182
"1" 3.18385685997277 3.52127306157669 2.68982741411737 3.71221089585936 7.5954769874286 10.5828033401424 -1.18756266659918 -0.757169879890145 1.85383483435526 0.572333276176043 2.30151497227246 -4.85586374268389 1 472.691699814131
"1" 2.72263569308161 0.992779132506385 2.47656448814387 4.8042306923948 4.71755075282405 10.9212975076933 3.5429071913548 3.91589172146083 -0.731152586719345 -0.859900298521724 5.31771969320043 5.72391560349493 1 333.905925939783
"1" 8.73019351969747 8.4265825197799 2.41571093590647 4.00112451926399 4.76584530114934 10.9384793118963 -2.11595091628033 -2.25926429720968 -0.118963005339067 0.336422720702986 4.09366637684438 -8.88278824021946 1 535.578653404638
"1" 3.37801222368163 3.11747746442876 3.31024769216039 4.82460632817927 7.33735655964368 10.612682547085 -0.0942054763617851 -0.680033629888286 1.39811752948977 1.02579511932432 0.290900910152333 -3.48160627323747 1 488.49458486885
"1" 14.3379016587887 14.1382161844968 2.7715128064782 3.57491791310782 5.27120512135403 9.64210366290605 -3.80012307443537 -3.83531475217777 -0.385011844671102 -0.564666626982905 6.92819749753533 8.71317539736514 1 541.578690158301
"1" 10.5320730621089 10.4835816227342 2.42400860388744 3.72317206295323 4.7624086086865 9.38110413051387 -0.588601453926693 -2.17967042344202 -1.05162327603806 -0.678237430238014 0.919941949747624 -9.26831185640544 1 497.294868208349
"1" 2.25821314504051 1.63340144136884 0.500956649666186 -0.122945098162192 1.64439135864339 0.980951187952426 3.88791393979319 4.56250543992858 -14.6161855252432 -4.92558102393496 2.07289966866709 -0.433636999172452 1 171.723461121228
"1" 2.22423615192523 2.7686279848715 1.94624212321096 3.36422855461561 4.21565174300201 9.42864162562936 3.8299347454328 3.97902182537537 -1.52901034870076 -0.524952231502205 3.62974514882276 -0.172383716214148 1 408.837679214826
"1" 2.22555496902944 2.15146590807471 3.57923960049686 1.82593296173176 5.40679117824586 5.96551613329727 3.72287879464072 3.63934361904101 -0.198641239335463 -5.47163621282173 4.89171049011645 0.764887876805125 1 324.933370823468
"1" 9.73163983150841 9.03450628001192 2.15711745543483 3.1743262201392 4.4843295520302 8.31383056885152 -1.41386784305987 -0.276291009253527 -0.246514117174487 -0.403259466168613 1.05196664512747 -8.33286021449155 1 505.352824495225
"1" 15.4723033862714 15.1645784729625 2.49039148900074 3.87697891293891 5.03314258966894 9.47983013535438 -5.08828214662936 -0.863211611716575 -0.402650927647044 -0.770185087366505 2.11384894952722 0.509860062951384 0 493.75533253098
"1" 2.6372005856999 0.800195626323804 0.420657962715772 3.89489154853235 1.58889243432936 10.0105421856955 3.98488676477673 3.633718141287 -4.32196441070431 0.0955802261553913 4.18103994706913 0.181699891465177 1 175.814749081615
"1" 2.94752926696943 0.769075821015813 1.70285010771334 4.34925268611931 3.24081006788869 10.8417652183982 3.68049713222981 3.97024435979107 -1.54697923460156 -1.16268414923421 1.33981562453095 9.66752764297178 1 337.088879246375
"1" 10.9500299666808 10.5126460952848 2.70990621999505 4.74729143891615 5.28833595937632 10.6015532104734 -3.41152648826749 -3.42365774174735 -0.604486755255417 -0.837471534424978 8.40455331962126 9.5784498593395 1 501.336207903053
"1" 2.25870517044572 2.12285858859702 2.50978097597883 1.72607237290907 3.69358233951883 6.36809550215067 3.77547913197391 3.66466501766352 -7.99326582008615 -2.37516391358204 3.65176881840036 7.07395224361383 1 322.633324159985
"1" 2.75646246297401 0.805847269396788 0.808929318943469 4.01229820198274 1.85229894247201 13.4300763069827 3.94416107864491 3.93963812074704 -2.58931481900084 1.81726054610888 1.03354328659035 4.2101995492054 1 260.276963392398
"1" 2.48758405977052 1.99577294498077 2.40090156757993 3.30116228252803 4.10875932543784 7.96605587466314 3.68064710586671 3.56413425808471 -1.02282945983886 -2.00335634581785 3.95651128846409 -3.26419866857459 1 306.831693211368
"1" 11.6048236510907 11.494735713624 1.98399967787153 3.04537344168015 3.83929499324671 8.0017383655194 -2.01607207502468 -3.46354903977244 -1.66588046400656 -3.71946007249341 7.47714693614701 4.65066889453927 1 492.771964747088
"1" 10.3378926653237 10.0774105956052 3.19133039129259 4.50438271090559 5.9752557228973 10.7030471052106 -1.6619881787833 -2.15731424011016 0.250505683136691 -0.13749980197046 -0.100203345529152 -8.69531025709185 1 510.463527531973
"1" 2.45947578521279 1.14787553005958 0.174619898597418 3.34491283665072 1.16517795308377 6.75007449674573 4.12791278497092 3.68484097192355 -4.73954970858151 -3.43442883586615 4.76672164071208 -2.74475243484022 1 210.924135281586
"1" 1.97018704921528 2.33829809030581 3.48799101258321 1.73174369115047 6.19697460178022 6.14481949935603 3.65752528797416 3.55428408351119 -0.148391166621262 -3.16830918132378 8.30028188080864 -4.60609041279846 1 335.737825408449
"1" 2.75278720374893 0.234673359461808 -0.0422927045382535 4.15088144128047 1.17257476026404 9.11412060221877 4.3619360138119 3.95382146345829 -3.22725417258424 0.0208807245272598 1.39315794278247 2.29683427933643 1 146.583322112432
"1" 14.4650082740532 14.0543447684717 3.62083968409738 5.27819956068749 6.78334802983863 15.0731472390178 -5.017570235137 -1.26715896240015 0.210026371109791 0.904166842003311 2.77494818955905 8.65490634437403 1 504.49511000034
"1" 2.53286647704025 1.73186277926119 3.39893239515534 3.58480227428774 4.87449247260583 8.91544068478985 3.63516588563362 3.71718151981261 -0.0750452699116214 -2.38856972140677 2.87048108165712 4.66438815119825 1 350.233691094789
"1" 2.95803393516226 2.61284006298897 1.95316269580746 4.07132162255164 4.31126847256095 7.78217516068765 4.42074493951764 3.82416902877779 -1.17732827586425 -2.39735333271202 4.30222036347983 -3.66109424427888 1 337.369067475827
"1" 9.73184420385362 9.34320069588329 3.12530234205963 3.62510353827986 5.78192705979209 8.85024234214156 -2.62139496397622 -2.70437635586781 -0.2311056081852 -0.479830859321051 8.44710178745634 8.63440042195433 1 487.88306742917
"1" 45.2097678234326 44.5844830333271 2.61363028692464 3.65470097109625 5.11763040319656 9.9367063015346 -1.64608814848561 -12.37124488317 -0.47233397078462 -0.058860327532662 6.89097954560617 4.58959303433656 0 493.314952965071
"1" 12.9228308218403 12.7338228606958 3.21029485720265 4.26159410919026 5.99009936432565 12.3082087415255 -3.12518942637359 -1.24658903448811 0.198520245546148 0.711072346839524 1.27405150182032 9.76208552234166 1 529.907646435955
"1" 2.65332093429211 1.72204428581726 2.44579449311414 3.96470094720494 3.52200574740352 10.8347938514067 3.5697995478933 3.7025977045373 -1.5365451826494 0.115227871092238 3.85312408088682 -3.97405558415811 1 339.95303204225
"1" 2.55573029586203 1.53105329156156 2.26927096778216 4.11535860883875 3.77500589425699 10.0110958329379 3.69726443652626 3.5100369012248 -1.28890590959781 -0.706681504030187 3.31508595848394 -0.879051473847614 1 230.202460980299
"1" 16.4718658877617 15.9915132185523 2.21697561942592 3.88697319182605 3.95147151278441 9.21012014984061 -4.26898055895121 -1.35555433079474 -1.79653487782136 -0.0288285129629638 0.751064746578444 -0.258666547013805 0 520.485648809254
"1" 8.18228145010519 8.01872803975322 2.491129415127 4.07606464964665 5.29187793433464 11.2065398048003 -2.41810708051659 -1.01174222450122 -0.15562050523361 0.591795102396413 2.41436911240384 8.77466812001592 1 496.93529188943
"1" 9.46426644870449 9.16386843148546 2.44473504868601 3.72314691994447 4.7777197719971 9.18303185966812 -2.93319715518304 -2.25152827398369 -0.295551951247134 -0.429107852181075 6.5554970470897 8.81465341329082 1 512.268422891375
