"1" 1.79894250198641 1.5458936508817 1.93671725628046 2.93868361804653 4.36369559379324 7.49690913339618 -0.937139730560443 -0.350027086585716 7.87298517836517 0 467.182801945963
"1" 1.27370904878725 1.2176594857959 2.51382221088257 3.97040745799078 5.64085533438389 10.7789825609671 0.0446795232183311 0.326326301242003 9.08243024221057 1 443.669499078233
"1" 4.0724150924003 4.18564822047651 3.53989121724708 3.91549755620922 8.06664231745485 8.9346519598177 1.61057524817187 1.10362497247062 -3.18206102541483 1 506.190415636442
"1" 1.43858077556151 0.98133417221952 2.27025712968446 3.07178566010432 4.39013807871359 7.89413511615535 -1.51033775484261 -0.954065754427231 -1.04604004751994 0 440.108112738092
"1" 17.9263980607307 17.5027153825144 3.46314472211265 3.40220709466146 6.04670473043808 8.71183869630038 0.146800511336408 -0.435144288617012 0.114386594422525 0 509.820169402444
"1" 4.33959767269807 4.18374078596194 3.23697271478457 4.41719123789686 7.38119709389544 9.97128830941902 1.26282282584482 0.513309645662196 -4.91537334289687 1 514.319527193235
"1" 4.30988897280438 3.47369944154034 3.18734600625929 3.85454105841813 5.81851094708373 9.68178797358775 0.0229412274450612 -1.11025284051685 -7.92936298081976 1 474.784783634739
"1" 1.54994607319557 1.54388985974147 2.41635257952707 3.69467017741037 4.619434469728 9.03854839487862 -1.95590203817715 -1.53520005665399 7.85157322187939 1 437.672817648825
"1" 1.33546150325858 0.913624065316124 3.0119188072506 3.74828224048342 5.59757306522194 9.06124532129535 -0.313229658480133 -1.27509854679604 -7.61529074610349 0 425.398475416956
"1" 1.24714539457961 0.858893028143524 3.2426812915253 4.39437363443763 6.28497901537052 12.0438927392875 0.0847479296028734 0.863135873354348 8.24047693809784 1 433.221480944999
"1" 12.2561031859769 11.6590030032544 3.27411618804756 3.55021646526844 5.91738307736198 8.35278820604544 0.191942183968007 -1.13545859166788 -8.47052666487975 1 490.883974820001
"1" 14.5458842607329 14.1878227160575 3.1438250722753 4.30150097319316 5.69630517666763 11.8322959805039 -0.334801117648072 0.629183119039371 8.50355434368946 1 550.705567771054
"1" 1.97789980109875 1.65474285054106 1.96596953376582 3.63518429915856 3.40069900976635 9.54580738298243 -2.93460962364006 -0.0684834207788386 -7.69763789697321 1 464.506412160181
"1" 13.4110851731273 12.974756948668 2.91226886850891 4.72962738456541 6.06343106210723 12.1113639597265 0.0769833880630744 -0.534319444646652 -8.81208047992881 1 493.382121789945
"1" 1.03937052365126 0.991286423439228 2.82665032792169 3.99538048623968 7.17974087062287 10.2351189348214 1.72251423653925 0.492206827372151 -2.57023992674612 1 399.252375109203
"1" 9.0364176218607 8.8127803942536 2.20765845280506 4.33229421786296 4.43207098212563 10.2965575341193 -1.66865040204143 -0.747443570215761 10.1290037767891 1 483.802605770277
"1" 2.78995356158161 2.73795539948639 3.12821065775132 3.94930097540642 7.83432560911775 9.72582652887043 1.44248522441754 0.306270084014039 -4.88077426907873 1 458.571592478206
"1" 4.24518300016606 3.62641940436563 2.73127442236755 4.55613671233347 6.33611947267199 10.8430864545888 1.14112955363045 0.731191568957577 -5.57162607416076 1 481.500058132427
"1" 2.37342589636035 2.25103773428084 1.9947094270597 4.05870364180933 4.25913495905384 11.2484228767323 -0.467383614575053 -0.383947020044978 -7.82133295190616 0 469.608169193545
"1" 13.3832116142532 13.2536603642463 2.02513256625981 3.5753508044908 4.47179922272519 9.01811394558836 -0.932521277612041 -0.757747579815247 8.90342886656591 1 541.568373400355
"1" 4.52343343532242 4.33381489263239 2.72211064026334 3.79018684900536 5.34915160695606 9.40538764681429 -0.538090556452619 -0.6661340893789 0.419679509981886 0 478.49923522548
"1" 4.61695085889986 4.2738713413484 2.98011766636985 3.15792686572135 6.0237559585512 7.79127651893216 -0.213030556395264 -1.22397362377293 -7.52454734223668 1 481.322082383018
"1" 0.805695119211763 0.471164822191473 2.31291194664399 4.24295738451907 5.02690747459354 10.3340245772381 -0.883720630472297 -0.661183877517315 7.58503239024149 0 399.230092085367
"1" 1.30438219733235 0.93952765978603 2.92574083367245 5.14226379180368 5.90309869221279 13.7631752743142 0.314909982599699 0.462544968859328 7.42366997821346 1 432.989106325864
"1" 8.6381039999043 7.96321368997758 3.11222680049108 5.04269779993409 6.26664058089747 11.9825464577347 -0.374546526469061 -0.206036789175673 -9.06455351830391 1 473.652468869787
"1" 9.21620350332904 8.71446580422952 2.47468382949074 4.3712684060041 5.06537527717635 11.7242027481352 -0.872416251736844 0.233923788307929 9.34221359455849 1 503.050501355161
"1" 2.56112420891267 1.75550542206647 2.45026606252159 4.50237478332393 4.50152347749407 11.9232858901327 -2.15534588690758 0.720714075002231 -0.923595528566974 0 464.468547798473
"1" 8.60324635410521 8.12736205578436 2.21360384258563 4.36438697025424 4.73654900176819 11.1928411281461 -1.50921249734618 -0.0957424494689394 8.91145748113444 1 486.155623789299
"1" 12.3732533439143 11.9607062048246 1.91651202328825 2.71905812473848 4.50427470809552 7.12550796188665 -1.18350877815821 -1.27255758201647 8.19319702441067 1 498.718174549821
"1" 14.5341493359643 14.1397224206758 2.04570808266592 3.60054180250279 4.29909050176031 8.52641479904363 -2.04166824173122 -0.920424032062668 8.68610479061793 1 523.974708022791
"1" 14.1388714362527 13.8314566939863 1.9620226527423 4.6527494479371 3.87373004163886 11.6973658168961 -2.30139104337245 0.407556821657319 8.9001422483138 1 518.155816599125
"1" 15.0751752775553 14.7998545523419 1.76800921457171 4.24617127006183 3.65424038655019 11.2772576444058 -3.47933381847323 0.272243204335777 7.70184454139339 1 560.341634699386
"1" 5.96687438221944 5.43898728872315 3.37015677889949 5.25537526564965 8.12115337053443 12.571951416869 1.20818498075196 0.878293223795751 -6.01306355399652 1 513.275639960998
"1" 1.43183127476622 1.44071361110553 2.73560141211931 3.76326424452504 4.94708575695861 9.03793088502037 -0.949417837559887 -0.61055128056535 0.812974536599394 0 438.059335130896
"1" 0.299504453915713 0.00615962061816456 2.29755818965975 3.02530244661445 4.97085063194561 7.4298303141489 -1.1703840381642 -0.659535745546481 7.31034306427828 1 370.971525526904
"1" 11.7667895654992 11.3017237802913 2.43075019388206 3.75937418452203 4.65595407508634 8.45309777091703 -0.68658281927347 -1.4338103851656 8.80782603428382 1 491.316775720416
"1" 3.36884341200042 3.01452586651379 2.95809238766002 3.81111779157938 7.13530946928202 9.30226379588162 1.2008911325764 0.3469670616373 -4.33471944369847 1 480.900106434689
"1" 0.622463318268429 0.743107830804447 3.51609967817045 5.22146888977862 7.76684604536093 11.269179277738 1.65412186359195 0.8283771913856 -5.98164984367733 1 401.504300302998
"1" 1.09910089070739 1.29128501659783 3.06657197353734 3.4976678319851 5.97454134557371 9.7016141355758 0.205905027617916 0.0514821832201193 0.481562572000382 0 437.266656335632
"1" 1.27943604137557 1.14554462183242 3.74428320466164 3.73030040229246 6.91701591266126 10.9253157746246 0.748513697706865 0.99506145133045 7.9391359250125 1 445.299528396204
"1" 13.6332592834436 13.1899649639035 2.27373737262268 3.63441316719287 4.38231712779104 10.1401043449448 -2.08608352941386 -0.311844876242643 -7.78270791036133 1 519.119297674947
"1" 10.6529617829291 10.2674867005677 2.76044544065012 3.47166752925367 5.7898204703608 9.08711119635974 -0.302991641697634 -0.587936528036618 8.07296375192008 1 489.062130379301
"1" 4.40108265042776 3.6889645288633 1.99787485678408 7.19319473498693 3.94456055054154 18.8577331392378 -1.80224684928328 -0.0803066886138599 7.28856625128058 0 468.910628331214
"1" 0.860981593179149 0.258864411458552 1.74748572371308 4.1745330942282 3.78769119853253 9.74114229026354 -1.07049118949211 0.0931535107386805 -7.82444805548184 1 411.103011828203
"1" 18.4033504011494 17.9843271651333 1.91546299695885 3.75630762914922 4.04315694956449 10.2494299643665 -0.97320413328391 -2.24715464376208 7.62744999380318 1 544.708837156932
"1" 2.8561801024054 2.55575428455179 2.02013499961744 3.79168913656321 3.85193845976349 8.7187374297818 -1.80412442436519 -0.809701561475596 6.52575583130153 0 475.774721079577
"1" 0.937746320822216 0.735197416789107 2.34668642420983 3.7868016332353 4.63767622080431 9.41181786551162 -0.650854457548798 -0.197080387403494 -7.73739157794776 0 419.590807248416
"1" 5.15050968473505 5.03151512969293 3.04887008647102 4.3423371310576 7.37068093600234 10.224064874774 1.48590063996204 0.985194618123707 -2.33732247616865 1 505.944996147223
"1" 12.585261975821 12.0835248674355 2.48765126493976 3.4180817004778 4.71524608906692 7.97118954927344 -0.410188314128154 -1.57927051561806 7.57957062524585 1 503.118220316026
"1" 2.34788743756078 2.32524604410076 3.06944498477172 5.59418029756087 7.3636824180651 13.309154338695 1.64099245972857 0.732591143401931 -7.19195261712293 1 450.717916306323
"1" 3.05852051886053 2.95896019100233 2.58015752112262 3.60846008537373 5.27522997612506 10.4537361162653 -0.122781178587865 0.0264515227636625 8.35149874909812 1 482.115996361267
"1" 1.64148670283323 1.15238190033583 2.41997527206707 4.28080773186494 4.78555636479537 10.4955725921224 -0.531924056983614 -0.19808316403758 8.06144078608509 1 445.252140192741
"1" 2.31661644952359 1.51380203214291 2.03811589365438 4.64862689834133 3.92746027378607 10.8423124614747 -0.714941871511507 -0.426299877689968 7.63446285393623 1 465.569869803566
"1" 12.6580963727282 12.153735982191 2.35051176786532 2.60971758946621 4.39659151836683 6.54947565427929 -1.00886684364453 -2.80428124088871 -7.99066740111881 1 506.82373882625
"1" 1.57264203662899 1.42420270064829 2.54990452377883 5.01772730062297 4.9850694457915 12.5500264984139 -0.0590438570335719 -0.141124696586608 7.95001048168148 1 442.75480767301
"1" 0.943369774361455 0.36440934088927 2.70057539594588 4.97480044125888 5.32303523942418 12.7955611013708 -0.328650393822563 -0.109394552501729 7.90791179417443 1 401.278799894034
"1" 1.88946409285782 1.30880415079048 1.99778467935113 3.92395434971825 4.2261430943271 9.80232052077635 -0.85520381806397 -0.0050463223155167 6.79741769695224 0 461.558748656246
"1" 2.52727810054145 1.96827583826151 2.59265118332129 4.29189627026027 4.75512778230717 11.8523868896206 -2.24440765396829 0.419939803454942 -7.9448469644933 1 460.023826389358
"1" 1.41189256731481 0.920567928321473 1.88314314473014 4.35565216386447 4.82496572358239 10.6643692666688 -1.2166203450447 -0.45778936102781 7.99161118218653 1 434.854333489099
"1" 1.48779838620632 1.0245453940413 1.49673670872114 3.45182465816127 3.28541998631739 9.05613905527665 -2.61555341070281 -1.30980244942512 -7.42722552773741 1 445.51224003356
"1" 1.86316989621513 1.45945854818091 3.25587207959248 3.8030871346476 6.26434459022223 9.79318629269536 0.0150734770675474 0.0724367387469888 0.32237228274305 0 454.374926532424
"1" 1.81886570103486 1.5127327123341 2.76278533818992 4.10364084308654 6.86765542077258 10.4429939649123 1.66328574420198 0.359947247035599 -5.00063933159492 1 455.392304221544
"1" 2.52212725022248 2.10796109507325 2.70587856312241 2.88893345659378 5.17530150700404 7.49691168125634 -0.0239790686505084 -0.590425832431395 -1.62920621157401 0 478.362978292666
"1" 3.70162144381265 3.32643363682257 2.40655166706814 4.29340307606288 4.79457476972467 11.9835509530575 -0.727979597088569 0.650331448151355 -0.55671569368302 0 486.714877525502
"1" 4.62630167298403 4.26026575613455 2.29102876589876 3.76078770775349 4.08532364928249 9.51913731782035 -1.99450597775017 -0.379738444068484 7.64427538047589 1 483.620834528647
"1" 2.07739847267517 2.07039263385627 2.05890305181844 2.83170438545827 4.43073583973391 7.21366532422719 -14.4154431216258 -26.7959084902866 -3.85841651071328 0 460.608372673322
"1" 18.504827616642 18.1296278251257 2.91579330685314 3.9142786648105 5.80692472167732 9.39189229293858 0.343160023697106 -0.212574872109883 -1.06551807070895 0 521.692362008444
"1" 10.9473021850802 10.7673336331182 2.88458768767127 2.74801323594203 5.38584929705793 7.4163913511317 -0.134626955190163 -2.77102930834649 8.56598893891585 1 500.02387236485
"1" 4.55745111050313 4.40633725288314 2.02910605928223 3.45675836552015 3.93572439133275 8.29681075310953 -4.16910245197365 -1.19347599879288 7.24831797878283 0 483.404945545166
"1" 3.78992638866096 3.65451545869991 3.16982095632789 4.2136921417122 7.57842696115082 10.14438234179 1.31372166648051 0.420379391641471 -2.6382544394065 1 461.797823250607
"1" 6.4230901004688 6.19781574117059 3.71630274410736 5.18287769188823 7.13922398978246 15.6718295247562 1.04353657424278 1.05438581269405 8.75854463397556 1 500.022902716985
"1" 2.83745625110007 3.0602949755066 3.40050182893331 4.29564335346187 8.33054709754091 10.2858133182438 1.63703915905483 0.324903178401751 -3.41117166677657 1 461.183700225022
"1" 18.1713957699461 17.8065887441204 2.90487010878648 4.2019075791133 5.49234833450024 10.8101483415713 -0.00898057792481462 0.140540317663877 -0.232285396909742 0 522.04873927251
"1" 2.08091413167861 1.79178406398222 2.10748947621495 3.74696951159689 4.34418479172054 8.90724192440649 -1.0504937009226 -0.872198687445087 7.97221582391774 1 463.168343832068
"1" 2.55752456315108 2.37450701468845 3.98042878470622 4.45528404966908 6.54751917340918 11.4184447872774 0.932390389141217 -0.0527538155915436 7.88405391055239 1 469.723428902263
"1" 5.70468588066238 4.92122314925624 2.62292370104978 5.24539441319447 5.07350321188754 11.9985566345897 -0.282251308195777 0.10068866913837 -6.23053429462382 0 480.368896369484
"1" 1.66567200680422 1.43292223211466 1.82012913254403 4.06868786554563 4.0575918882538 9.87847431420313 -1.91747441415003 -0.400261022581102 -7.38411685417255 0 450.368397174203
"1" 3.41155196156461 3.08794929600235 3.20239501435707 4.896271390223 7.89865197467811 11.9750882800707 1.4660726473098 0.707772643252233 -6.49748932650846 1 468.966881829967
"1" 2.40081187626423 2.10172729162208 2.14620898200913 4.09490545064952 3.93890050803758 10.1632045891454 -4.84594472953189 0.0525628111887576 -6.7875272234673 1 468.379489209201
"1" 1.76806157852145 1.65241596997436 2.63706621929984 4.55975701311703 4.90429147981191 12.8450908910987 -0.568833677437355 0.37606491064405 -8.27089739257653 1 450.780441448836
"1" 0.930746149319469 1.46600538444027 3.8988794973523 3.70288224562242 9.29622766273338 8.77000535648958 1.75698147440859 0.505692915969386 -6.50859521368574 1 398.285927669017
"1" 0.815047354194226 0.84940805508368 2.27613906559924 3.06573124066914 4.32424576888556 8.17379183639124 -0.83007709448224 -0.642452356483416 -7.14969548633351 1 421.877580974186
"1" 12.548859011509 12.4581416512335 1.72117354150024 3.93249590646491 3.84380852352429 8.94457776275967 -2.31109844657876 0.0682735030179666 8.11551253023539 1 529.5261266541
"1" 17.9677068874619 17.5942321343726 2.64778933026532 3.43289641798151 5.69623853631295 8.73493436925565 -0.329466322524234 -1.58747544692974 0.113159173994729 0 513.000728016905
"1" 1.6383803057314 1.29038624340831 2.38601534607545 3.7212815020805 4.10001185815594 8.87425082747314 -1.91020822974088 -1.04845857081878 7.610539997162 0 441.345907881406
"1" 1.55702486166696 1.18066770204952 4.22381207227012 4.11698482863047 7.54569601457167 10.633792244607 0.776602155465161 -1.74771351632949 5.68797698181508 0 430.649021199786
"1" 2.10658243989486 2.0157273656783 2.7077803515038 4.16392752334865 7.00507293996367 10.5101763889259 1.58848899944358 0.702537713699596 -4.29578972466941 1 442.674828241815
"1" 14.9990945165886 14.6790060896519 3.08041665797806 2.69219821158699 6.04249348411028 6.43338480330305 0.123978049221677 -1.93698491261554 -8.24884637245382 1 500.993291767195
"1" 20.6284559212356 20.1658564515625 2.08357755461931 2.94208374351785 4.09874618212711 7.36581382874594 -11.1520667319455 -16.0517015178871 9.2076740923401 1 548.376853407008
"1" 2.46504877038735 2.11056626818002 2.67739333355773 3.82360254312933 5.30876439155957 8.7162388667905 -0.0973014690320514 -1.57863175080248 0.345684582773167 0 466.601455420634
"1" 3.00222358843243 2.58991804128379 4.57813895194776 4.51390657524848 7.93819109747354 11.2602110090223 1.2900541838563 0.394909322513744 1.31958807971492 0 488.008809197087
"1" 9.59183335329062 9.59426869999193 1.98085812486037 3.66207754153327 4.44854834307549 9.78996667970759 -1.39900306648322 0.0472401802334266 8.60749400711433 1 503.358774334948
"1" 16.1972732874104 15.7578473234113 1.82976943581504 3.28609274832904 3.83927658420128 8.56999773872259 -2.83155000650283 -2.76225007283843 7.75876025928082 1 504.301721809818
"1" 1.09609188077205 0.546643200645202 2.7892124622076 3.67322458350867 5.22072274087397 8.96506718222436 -0.428108460013598 -0.501613451998196 -8.68450153489941 1 415.123142870689
"1" 16.1580859732444 15.4186317387157 2.41240659386411 2.85328233970435 4.95050602281762 7.63556821631342 -0.762075293571584 -0.804877301703988 7.4991687724049 1 570.421676884433
"1" 16.8016756354117 16.289015678784 2.75708729476294 3.20655673827228 5.37542033455809 7.9385703483333 -0.68539196083192 -3.43952951289621 -7.66248189639153 0 495.826134449255
"1" 0.852136069978494 0.409751428596989 2.43185618881514 3.88215155289749 4.69792173799009 9.34761979889978 -0.531524391653101 -1.37545551453033 -0.678677643703228 0 402.195930828443
"1" 7.45270344409407 7.54401238684734 3.66260872644704 5.15220183414459 8.02772021175167 11.0880017205271 1.4341676398197 0.656644508131732 -3.26446609700412 1 486.225598607165
"1" 19.2647823862604 19.0427496011698 2.85629679924648 3.42410855897276 5.22215032525764 8.80531169301708 -0.124436506892513 -0.515426893128714 0.395661485195322 0 572.900309222679
"1" 18.0552355138926 17.8518311673259 2.20385968824887 3.73693265551513 4.6108577547475 9.52571090100556 -0.587305289304472 -0.28420232568253 -0.782683466232341 0 516.940774551459
