"1" 1.94544295842158 2.62959073059198 1.73690228517193 -0.166270664185008 2.25111597951741 2.33849906786739 4.8324586775004 4.81262125576454 2.67922568596531 1 -3569.24334929057
"1" 5.49903995848765 5.73740131430622 2.45521347468811 4.20269068719502 4.80296690295752 10.2268240686012 6.40568467201275 6.39912862386944 8.60451533113333 1 4923.84322759319
"1" 2.53217179296361 1.61867186270531 1.25383842214139 0.266023815565026 1.98869965238986 3.54739476899201 4.48185330177435 4.61193521886705 1.97383362558993 1 -59.0500330524192
"1" 3.42079281389449 2.50928699143444 2.75552696973064 3.54899322931895 5.0818496416617 9.7627037973503 4.38859233292009 4.80815152650233 7.06372750857556 1 4474.87861004983
"1" 3.02564820707838 2.57010261595652 2.67766504345598 3.79270992805543 5.30374418382743 9.39324601978415 3.90750925479283 4.11601429562114 6.49608179942613 1 4562.64635449647
"1" 2.78116967002902 0.799362609678614 0.409132604818456 2.10907856675813 1.38840303295873 7.55577137604003 4.72784521163398 4.69613243101117 1.77654412348574 1 -616.468458424268
"1" 1.98436803269662 2.56363825191601 0.946396860581801 -0.10416185166727 1.37385625713353 1.84403653818543 4.89035833166034 4.91198340951254 3.76013149065351 1 -7749.0209060684
"1" 2.35499540805914 1.24387766410002 0.374244930361923 0.811813826700114 1.29606317874499 4.51616610254219 4.6821108633175 4.29559358830837 7.60376182016892 1 -275.102704362973
"1" 17.7213085089322 17.4735521943131 2.48598335278154 4.43035426544769 4.99860784612097 10.8030620962441 -2.15789959379468 -1.63907439180823 0.495968679894681 0 5775.90308817171
"1" 2.88974392405309 -0.109623352528693 0.0441378391006184 2.98145426978092 1.21435636490545 10.3125484442789 4.97675031450366 4.79733415168529 6.09609591471557 1 -1612.31485460613
"1" 2.95202895473293 -1.09850201481003 -0.307274966870694 2.20454324702197 1.01797106312177 6.60792238539539 5.29125945761146 5.28860072775781 10.1396596681881 1 -5254.09164348247
"1" 5.51919373916721 5.32186451146658 2.56556075293087 4.14283549677249 5.1626714186263 10.2690771564331 6.08800475037205 6.09301256294124 7.6400416864477 1 4987.75109322043
"1" 2.61714058731606 1.01446174609083 0.3915411669401 2.32671217890383 1.3302840897891 7.86535495160618 4.69456124795255 4.6212888160218 1.4417869527398 1 -118.997278336898
"1" 2.53428091257229 0.575942170841972 0.229903862992038 3.22530866068857 1.1929242773407 9.53107786613714 4.65344827586811 4.39100109899336 4.48937691775881 1 495.646986454896
"1" 2.69242837253072 1.03465773073793 0.44001514127772 2.38505872054499 1.46727321579636 6.50513102504491 4.68077243114595 4.59005889320783 1.73076568399424 1 -458.562383577959
"1" 7.34113576369156 7.23467790513638 2.46725419274061 3.91196486692322 4.98851119895382 10.2138625419707 8.13648627402978 8.13432764164809 6.12325598938204 1 4931.11826365173
"1" 16.8254611292306 16.4706848458805 2.53415649704997 3.91806926287346 5.02866130822709 9.87582861387828 0.561314013530379 0.881839683623693 6.24859091694046 0 5546.32112853283
"1" 4.33058818030384 4.04693319132247 2.51818191149267 4.13317080838921 5.05800276189548 10.3541558432971 5.06992414334637 5.1006548822461 7.63743689778578 1 4835.22641738984
"1" 2.68093402612558 0.802339804955235 1.04562882045632 1.89872530214083 1.90735560369047 6.63139827112963 4.39854858372372 4.64981670866122 10.1397823807968 1 1103.90369286093
"1" 2.84326735554958 1.3464366090695 0.0874740425176814 -0.195238098465785 1.20063876392425 1.99396056086679 5.04628946924822 5.02464210387366 5.7583695525533 1 -9121.92860030867
"1" 3.58529793845996 2.9514407200598 2.40519038349753 4.23575151173564 4.95857111967248 10.32954525676 4.55571005207323 4.68055285156236 6.12241339114385 1 4615.94464703858
"1" 2.0203304143776 2.07934980016415 1.27591776934755 -0.274296661292059 2.00506342171469 2.37324578525906 4.56314712709222 4.71387371170954 4.19618083102424 1 -1660.89697563331
"1" 2.67771537117316 0.865949649599188 0.507427922882253 2.65837379291495 1.42469751272503 8.71044515699653 4.62692946236257 4.48905139983745 2.11040865207193 1 41.5107308715706
"1" 16.8978173992086 16.6499035629003 2.39167262869288 4.00273498915476 4.77003057145698 9.91991571414641 -2.50318407892168 -1.11623481230752 1.18601176632431 0 5654.31914686775
"1" 3.77298045532331 3.43171092059922 2.63524856062915 3.91659716317661 5.25358506992876 9.83789292001924 4.81690856318272 4.60661555666419 7.80484375970498 1 4761.15454827955
"1" 2.77330893787117 -2.1151620325493 0.212780429767138 3.940467730967 1.53651626429001 10.0589930023956 4.71807330979776 6.18944488424119 10.5035285773817 1 -1287.27142017736
"1" 3.15125353073405 2.91053324701068 2.48610943656062 3.91718106006441 5.14129895737446 9.92699621021584 4.31972043587242 4.15159188151668 6.87731497947093 1 4563.37824162852
"1" 17.3582625602875 16.9407928247631 2.42539206162245 4.10144232345501 4.75513486764122 10.261486488316 -2.01163000333393 -1.08120691502105 1.36477664412637 0 5680.68200544953
"1" 2.77070013870921 0.720133998358755 1.06107566824455 3.14470315956312 1.96155603111108 9.19991422274206 4.49661100972709 4.73443995509098 11.0795759020243 1 1476.05286687776
"1" 2.67325589034971 0.45344080904434 0.358655703144616 3.9021003562428 1.15152743807666 8.67015498637878 4.63675614596076 4.44898030161887 7.22241209471564 1 1186.40750014201
"1" 17.0170017550603 16.6916880773019 2.4840839775919 4.19049794545637 4.99931132293235 10.6315508601219 0.0351691353720511 0.5383277007243 4.16127797972486 0 5530.4418518959
"1" 2.07084499258695 2.47033819546989 1.36893225410383 -0.179509715147872 1.89375952040535 2.28428156506104 4.79049291599263 4.80948754131403 2.72307848855587 1 -4523.62801407127
"1" 6.7248495037571 6.62464508955869 2.46896437589562 3.97126809161045 5.12805832614126 9.83978470802885 7.51870079618312 7.51566936491639 6.82735915201487 1 4883.53979681837
"1" 9.39230423990601 8.98227694946716 2.41325317317103 4.10258719971266 4.93369391630514 10.2900285199082 9.12533321322664 9.1253695530142 11.4355260354843 1 5402.54357257947
"1" 4.88929514836193 4.67316349498096 2.46939880876423 4.30625770832845 4.99547880541178 10.7160931536428 5.51253035751176 5.53495231156682 7.82125489837402 1 4971.21612906487
"1" 2.2559046645433 2.41016971416738 0.987707992837489 -0.27692444363804 1.61683756176361 2.13550219162721 4.89352776345903 4.88247889078219 2.35652740770754 1 -6003.59816276402
"1" 2.89651060948695 1.94666977452382 2.72105082058193 3.51944453823081 4.97230726601409 9.52594080889457 4.3618964764029 3.84434883411894 3.82656303856092 1 3779.78074630026
"1" 2.97986058458114 -0.453010077754492 -0.0857643701180131 0.732151116954997 1.16754876819138 4.09347526471072 5.11366558221254 4.99550027307429 4.36829195140891 1 -6790.9537805895
"1" 2.69965572240375 1.17731709578495 -0.103890143595756 0.210403508406644 1.04952188066226 2.26788307391176 5.09073081181837 4.90737044357829 3.48832114833686 1 -8430.48125738302
"1" 2.72100539255297 1.68455505948511 0.564748096945034 -0.286538902843408 1.47062183533902 3.01317382502349 4.81058401970474 4.83707347200348 7.00548273427502 1 -4425.35182696194
"1" 2.82200431815835 0.189582845230006 0.257705151022728 2.95079003033043 1.35345626832277 9.69716474645929 4.81072827749341 4.60984313845512 4.98814581192445 1 -518.919843979846
"1" 3.00342352122524 -0.104345554882847 -0.207295037338698 0.755449394378594 1.06151043661839 3.06549059328955 5.22561445775511 5.46852052897198 1.59744059596901 1 -9946.30359231474
"1" 3.09643081404953 2.73223330661628 2.5558225244528 4.04405316354116 5.13672428057204 10.1968389562709 4.13300231010903 4.09114820665958 5.7285657365597 1 4497.81449595852
"1" 1.60023584068266 2.71855801499897 2.09791608895329 -0.0544344117062148 2.75658527206176 2.31973648061113 4.73773319563616 4.72764861541687 10.5948816672432 1 -1226.33364305713
"1" 2.51138963720293 1.3208765054365 1.90982432767048 4.06801022292292 4.53860854054454 10.0355985791769 4.2582340339116 3.64583738114605 3.98288895621691 1 3296.42320778732
"1" 2.76095137040122 0.654915522715761 2.12812481150714 3.1816808154746 4.50392221952454 8.25048384787346 4.15267004361591 4.7202991856398 4.68192304390372 1 2849.46065479274
"1" 16.0893460105289 15.7627636374437 2.53920669581089 3.86410846678553 5.01648155076212 9.58238818559147 2.85533458288074 2.75108147899316 6.80086777342608 0 5546.47566592526
"1" 4.21955500840304 4.04186039506224 2.45680636053042 4.24261745807803 5.07625169797752 10.7089217393479 4.98474615174625 5.02428780937758 7.13970604773065 1 4846.37080834696
"1" 2.46986365339287 1.84147493043312 1.16312065275538 -0.277422227368815 2.08876472184923 3.40227540888675 4.56431225554653 4.66103743958439 6.7004721562698 1 -1270.75702319138
"1" 6.26524947171915 6.10089266058899 2.5434017487193 3.95230568899493 5.19291160985013 10.0742544858688 6.85441330586965 6.8575030486399 9.68971811140001 1 5040.92927958383
"1" 13.7959213287994 13.5457916183779 2.58450008289344 4.15629936874095 5.03054510033176 10.4292913673879 1.15111938235851 1.1505722835701 7.48032888037774 1 5520.61323831623
"1" 13.1646801204 12.8511835172938 2.49395146248198 3.89003320043675 5.01068358491671 9.86036942550749 12.4725587794165 12.4725590588643 13.1404983970216 1 5489.55864020135
"1" 16.2432508979038 15.9060498131233 2.50405343604002 4.04832243772954 4.88721869636568 10.2007279214207 -0.237413673104916 0.384253905460573 3.88521266008674 0 5563.9988582142
"1" 2.57496588046666 1.02514696312917 0.783463487620772 1.70708154867469 1.69433392716144 6.91726950106384 4.51790115827555 4.35423297374745 1.80727204934009 1 882.95195016557
"1" 2.25366021412085 1.83102970837559 0.935392637699555 0.46885915251468 2.00093209353778 2.52300760565987 4.47364192670805 4.31606460420752 10.9660086328065 1 1051.55019845665
"1" 15.9293142000352 15.5785644735211 2.48929567930401 3.80864699603099 4.95939878754483 9.70632230817518 0.213131244480452 0.650048018617853 3.9263413036823 0 5567.09758195246
"1" 1.87369157488569 2.66277220089771 1.81990612640851 -0.141185043755124 2.33805427787705 2.32728524532255 4.81920483319887 4.80002716180361 3.21440296184347 1 -3289.17171619225
"1" 16.6853499336518 16.4251190679002 2.47115964816704 3.83516796481824 4.92372431063653 9.69459004595297 -1.15540569945296 -1.69403782686006 1.21444115942595 0 5618.26050344255
"1" 6.91102915792566 6.2190437899002 2.50832608676066 3.94225133339258 5.05101449730363 10.6845670160819 7.37685927172751 7.37858767185229 10.5562928256027 1 4983.08033076249
"1" 2.80995670706752 0.417737328588926 1.02173337335391 3.03206311903539 1.75092846839726 9.2040682322144 4.36044269677164 4.69029669602957 3.18807473523523 1 1529.52367643909
"1" 5.10217474299446 4.73224416840577 2.71635886611328 4.04499412385589 5.02672747387209 10.1830710271147 5.91831459307585 5.8998245235643 5.19942025754177 1 4774.6465808386
"1" 2.54261358363037 2.13662931782259 0.0840260809964852 -0.0507655262429993 1.03906950335444 1.69038981925166 5.07358487855493 5.07192503657254 3.81364924490388 1 -18881.2139617726
"1" 6.73231077080033 6.44228157687356 2.38822018987799 4.10193611383443 4.82374236913655 10.1586314931617 2.76061901505806 2.7631868450003 9.55525561391446 1 5527.69049580094
"1" 3.76903807935366 3.52578802993524 2.63247761187883 3.89568723506487 5.23278416231741 9.80183712247973 4.14573680028728 4.80300585532182 5.13058242656153 1 5262.58193746867
"1" 2.60706173705211 0.649735233892133 1.78938294162373 4.24906260145382 4.85049774493616 9.92134770428981 4.28450501381831 3.07209673864024 4.79217575817199 1 3376.85147580181
"1" 2.86877518242282 1.23126305070375 0.0314544139052583 -0.0454416914942578 1.16035679057259 2.06983132059669 5.06242322380378 5.05827021354866 3.73908770631865 1 -11120.6802736949
"1" 2.70918187897593 2.62382506886568 2.36974583974354 4.00754986649033 4.93976464073765 10.0851487830181 4.01199652566225 4.14686896805383 4.72914854506614 1 4326.39536465629
"1" 4.88456669164816 4.55085996086293 2.44940818396604 3.90550794549289 4.97671504545087 9.59482580926858 5.78475369324054 5.74919815865295 7.479285100459 1 4759.14417534238
"1" 2.70891476190203 1.46710323136474 0.226513533217044 0.0489812797958165 1.213782765217 2.71034680337863 4.91917753847996 4.81737923461596 8.09734835321741 1 -5270.29479292056
"1" 2.85901390929558 0.235623021134147 -0.0900866707888137 1.72657938740113 1.09034503012187 5.66032073288163 5.06959412910721 4.90830146389644 3.36368807120277 1 -3486.09266122684
"1" 2.96147178321302 0.0582032929630396 -0.0913950150714804 0.36737658248365 1.15187325775853 2.78871198002099 5.12026695153953 5.03649779847029 3.14546673327895 1 -9429.92288959934
"1" 16.8463366454268 16.5390941354302 2.46539341787331 4.12124654055009 4.83921895600515 10.3644033545715 -0.569898143297441 -0.106487075093204 4.94298630426048 0 5583.72018387591
"1" 16.0489995803055 15.6540717046131 2.47364928944788 4.10716275537359 4.97189187757648 10.2159661275742 -1.66010739435713 -3.17235729655193 2.42587146275989 0 5595.64977821384
"1" 2.90261503991889 0.118581132892064 0.121868974602444 2.4411134086289 1.2646749170893 8.37582742482316 4.92970633508811 4.89593247189414 1.76776394268938 1 -2326.92778544668
"1" 17.2151322159347 16.9004824677069 2.67995512068954 4.22952516560832 5.25780263523238 10.5082138791391 1.03648700656221 0.659965845179138 2.90136780164639 0 5471.66212108194
"1" 3.02488033884957 -0.775904592961318 -0.168772106011311 0.967822350184092 1.10418108171497 4.39166955502441 5.20259403848093 5.54657950280566 1.35903163464054 1 -8357.30676842998
"1" 2.80442186072472 0.819567231218262 0.329307510811435 3.03258871614031 1.39774273535231 8.74246069370628 4.77280677519643 4.67021756264424 2.08730949250823 1 85.5318542995483
"1" 16.7606548290982 16.3391562606146 2.4808233624776 3.85098232187622 5.05731408905151 9.62193651996019 -1.25235764396071 -0.254649753944526 3.0923880085527 0 5623.19543502562
"1" 2.30015666772697 2.05692872046346 0.712115603106145 -0.290605092244957 1.43408615947996 2.09949119248553 4.77908888056425 4.8689151274885 3.17045738181382 1 -4849.49491965141
"1" 16.4231500118324 16.1176259580433 2.45091325031616 3.97059233931786 4.87031016181957 9.90791678251829 1.28101003018448 1.53078947044062 6.1920493426386 0 5546.447423654
"1" 3.02823378677614 -0.878779368706449 -0.194102568286749 0.97189647954811 1.09304125772204 3.73375501375654 5.22195284442081 5.39781953237347 8.29228314781076 1 -8457.46802754374
"1" 3.68819607839412 2.48645196267348 2.65806267337189 3.95122963793719 5.04873454186648 9.9258077244585 5.02157599816082 4.63714272303233 5.25584018066536 1 5223.22468812231
