"1" 4.69610499831255 4.27079322661545 2.22399063277424 3.25985210663203 4.26405778783841 7.92886571107147 -1.3327765245901 -2.26264937432289 5.34322763898506 0 5820.24774345525
"1" 13.7487185679158 13.4318943069007 2.13633644112124 3.46975632994088 4.24620008492222 8.61446101795826 -1.49475977144282 -1.07937422648268 8.21800606551906 1 5877.86440238531
"1" 3.6719449599119 3.25913546906666 2.35279919080046 3.64336376173234 4.70494670285775 9.15007008505692 -0.707899649164667 -0.810016439077643 1.00186285471432 0 5781.79806282269
"1" 2.01608797612218 1.67001388502428 2.39669099576544 3.31129960801306 4.81703289161174 8.1096245066133 -0.840773056898343 -1.490243231292 -0.502531660321924 0 5494.11194776507
"1" 1.54975068562923 1.22006070898787 2.12998813188824 3.47003055481138 4.23271930143049 8.6951486951407 -1.8617532812757 -0.686322945890456 8.00046271682892 1 5345.85715998266
"1" 2.78641060770049 2.38407716431122 2.4605630916649 3.4587512777852 4.83107738228963 8.82745234703268 -0.568599404221439 -0.855205226191675 -0.357865863114323 0 5692.96767477526
"1" 3.39622444693598 3.02127431283912 2.377923795546 3.5829174441193 4.57878078363294 8.98356225491268 -0.750235443017152 -0.694155991942016 -0.436541345471593 0 5777.82976289371
"1" 3.59570217592021 3.12768269538253 2.10221529197419 3.16819692347794 4.34729083099139 8.13894842216557 -1.62681549810892 -1.1124141707646 -0.872949454959503 0 5797.52268832431
"1" 3.52675649323511 2.94363090561322 2.07442166248171 3.15646282874779 4.13921061907694 8.04341564699471 -1.3019037762336 -2.15551352193236 -0.57453622264229 0 5792.76126264909
"1" 3.6788387349612 3.32120527238114 2.29316962005233 3.22463496503365 4.57516250607639 8.28686648775876 -1.11300798110997 -1.22579290712575 0.676717609769876 0 5784.95538457655
"1" 3.85095962018016 3.44521310187494 2.58366640951346 2.84861912073677 5.08691378964729 7.23723137156845 -0.581024817713032 -3.77618641066093 -5.70032568778655 0 5780.44990552878
"1" 16.2015169196803 15.7107374348489 2.34362269323036 3.42075028403325 4.65313000766717 8.78457826023226 -0.977154334376756 -0.828029590205822 0.346515895029908 0 5897.2523166709
"1" 1.93645355306043 1.53794715276765 2.42921664032575 3.48137680415419 4.73177420020287 8.71777419206876 -0.831671642832207 -0.973984518440913 7.20580454306208 0 5471.61102066624
"1" 1.99038375381814 1.57765060501944 2.1856815661861 3.48300105905424 4.35581967520438 8.53615132683013 -1.09940508783433 -0.981287356890307 0.366731569144707 0 5518.40853971986
"1" 1.75537610640755 1.24081949754064 2.36623096958978 3.32014825081822 4.61853166839559 8.50541630543697 -1.28451335104579 -0.657986905573757 0.972719787271209 0 5399.21819185069
"1" 2.3582882745773 1.9375430595344 2.27495334724971 3.28125380774614 4.63683233739385 8.14643272164728 -0.727537233526613 -1.09703980944297 1.7884914618932 0 5646.15674448132
"1" 3.11092851746652 2.78159236825061 2.39893502117814 2.89855728335749 4.74602821046696 7.35758258165916 -0.768111454180436 -6.08014340379004 -4.13160834856484 0 5732.50201493956
"1" 3.04578868875881 2.65205029912529 2.3977041561464 3.43840246206999 4.879977868149 8.68605760490708 -0.485782778896818 -0.907267588252396 -0.633904350501249 0 5737.58711737386
"1" 3.09169940915788 2.65981296287436 2.37344115918019 3.24869732469158 4.75388401418498 8.1558823328039 -0.75202707279273 -1.21864144436598 0.188001897749535 0 5740.38916095308
"1" 2.65266199174399 2.23626644164166 2.13450977102206 3.16628593837684 4.30545665512255 7.89727294062838 -1.14322651738122 -1.60838989034023 -0.470813480088612 0 5698.22551236372
"1" 2.86832116982733 2.49428958147785 2.30456261418231 3.73848941361957 4.70902283068752 9.37365323431065 -0.554477533328879 -0.459215373907712 -7.73659107925107 1 5715.10406351591
"1" 3.20605017660002 2.66085835671502 2.18667670806323 3.48818505331666 4.21978378495557 8.83001582128412 -1.12228451811888 -0.741089267080969 7.42606154287252 1 5781.78780416201
"1" 2.83624919197189 2.47206421402363 2.17402313343443 3.40943438884128 4.42587492409363 8.58630398211596 -1.25269400030116 -0.730187924860494 -0.0635625168875415 0 5722.72403604887
"1" 2.3561882787122 1.89922707923974 2.31532445021023 3.41427267138758 4.6526622745846 8.67285760760239 -0.745326934946861 -0.832239407642197 -0.323346342876302 0 5619.97179669659
"1" 2.58945754574507 2.20368479040729 2.24527347086073 3.75400689917727 4.61357118191711 9.23250699354485 -0.625785691439565 -0.431440065569023 -0.207918091688981 0 5698.84631446358
"1" 16.5097917162226 16.1797414672429 2.51830065670933 3.13570856315014 4.98833860142138 7.83862196543012 -0.454068476083765 -2.89864849631289 -0.360647531255527 0 5917.96893311339
"1" 2.46303175660486 1.98898224933041 2.48133971013479 3.82733355802786 4.65976735116806 9.34055360265241 -0.805521474831822 -0.574786753883984 7.78132897179241 1 5608.11771683889
"1" 2.45478365257423 2.07836782688801 2.47724981170658 3.54223754826937 5.01801658317047 8.95167720960814 -0.339550422981695 -0.455451877962788 -0.079219507661668 0 5671.36397080069
"1" 2.95453463540182 2.54590091154097 2.36728986383485 3.53047471566929 4.67241889558579 8.8165667983207 -0.732309027648181 -1.04962537947363 0.293340941389309 0 5710.41998321736
"1" 4.19781912208076 3.82496384669383 2.37407172386739 3.82941172592571 4.88787143719875 9.56781111478788 -0.612826993751139 -0.887284803257166 0.000399056882910932 0 5769.57639520267
"1" 7.30183348265631 7.06039251899909 3.26631033952829 5.04573144003702 7.55392476751376 11.7482121657569 1.33838812133468 0.977033775370409 -3.86532767463868 1 5696.87508358068
"1" 2.8655677311515 2.51217320078186 2.05816573780748 3.63728628997015 4.18741756896697 9.02529089277866 -2.18093394663412 -0.632128323108969 -0.2906139871419 0 5698.09031359408
"1" 16.7947038673055 16.3055448249488 2.14636429633141 3.57117047342423 4.35234832415137 8.77815030545536 -1.05394265807804 -0.626748277173541 -0.0179413270846106 0 5989.51073022585
"1" 3.70264380328994 3.63746020008328 3.44764548403302 4.31992147778744 7.85877235083718 9.86978751196631 1.40047962257367 0.893467980538377 -4.2735459153172 1 5647.53431118448
"1" 1.95759639908931 1.48890705342595 2.47795735941049 3.8011621608378 4.86180250199727 9.31716635063247 -0.705851058929423 -0.800457744849702 0.347840440166664 0 5442.72738009009
"1" 2.19389024128066 1.7976991598598 2.36919874216658 3.42665023333142 4.93325911187913 8.82966408375702 -0.463888531775656 -0.89051173928153 1.39261445624896 0 5583.65706876564
"1" 4.48672137507561 4.06145770570094 2.27306405495791 3.65424614205275 4.50838199750987 9.28423862393784 -0.801180608206349 -0.474518208477157 0.264255492520512 0 5858.22523003704
"1" 3.32568299973299 2.92853334315812 2.10900368571869 3.68472367659855 4.17992828149411 9.27315424821707 -1.93288208285356 -0.466309132250146 1.52864662863798 0 5763.12843199971
"1" 17.6421105584254 17.1431654554263 2.15928525850591 3.22476783339449 4.38075660015182 8.08068963376678 -1.38632207316256 -1.33409671260545 0.815798419213682 0 6016.46596832242
"1" 3.86031308700516 3.50091149954026 2.1699337988472 3.42954779068933 4.5058409542233 8.64336037572091 -1.15405427150437 -1.01765273939835 0.162704020824105 0 5794.37656738072
"1" 3.10102838775023 2.68363843124383 2.33902512672346 4.18476818090823 4.850121370076 10.3339016099866 -0.611777896709903 -0.214202127091427 0.405198596071767 0 5729.90033696902
"1" 2.37812559711368 2.00335508464163 2.18486446213048 3.82779419295474 4.38184020981217 9.52637139799003 -1.28902219863256 -0.30825759928685 6.83332739906366 0 5628.83655100583
"1" 2.36121187610197 2.03630240045383 2.41483626633508 3.47732978126633 4.74977606468749 8.64182008050652 -0.497995548152355 -1.2241017168883 -0.362934282036854 0 5608.92001804687
"1" 3.56087461893324 3.0150641228608 1.94135466362564 3.37935866542703 3.98138777912135 8.50568362250336 -2.15250281075678 -0.549978037418304 0.721190154634785 0 5839.09728821037
"1" 13.4614846345664 13.0359042254802 2.04352828277362 3.46248065115952 4.15749767453629 8.55598440947839 -2.85002657007763 -0.889660009378434 8.49970331707376 1 5954.06965726667
"1" 3.26156905698822 2.89281613520044 2.33314254541271 3.28863922533531 4.57668754839553 8.30842775136253 -0.877343180092128 -1.3139268453458 6.47939890567201 0 5756.5064954894
"1" 3.90199403747813 3.46543819624867 2.34980906564517 4.00284170288574 4.6296807412764 10.0654300527562 -0.89873551193882 -0.423806528343972 7.35655955193799 0 5775.89175276297
"1" 3.73861866010582 3.63105824114983 3.33308956145782 4.19051604719769 7.53817429561057 9.60937388123792 1.26796608501507 0.533287671207003 -2.62342684636109 1 5764.29708175832
"1" 3.56287415152823 3.18388316051342 2.34911381650306 3.4248601887257 4.80769844813332 8.37526065322135 -0.583467079626113 -1.13768298595713 -0.636023631617884 0 5783.26263047266
"1" 2.01203589209397 1.58805766982002 2.6029384847836 3.43119669845453 5.21337600801699 8.56279292677536 -0.752774612610326 -1.07413456302646 -0.441396472441436 0 5442.46141274574
"1" 3.27611235396753 2.939716662903 2.16291391951502 3.77051424557848 4.37671218006669 9.3101999797468 -1.02357816203385 -0.558812266311321 0.80725590090006 0 5773.22915032867
"1" 15.8370571812422 15.406877819942 2.52052856387215 3.36969925367681 5.17671663404115 8.53977776595732 -0.472445067498682 -1.21839893178988 -0.407523620501298 0 5850.57870588576
"1" 2.66851134415036 2.28134134881131 2.63161038326896 3.75143293295767 5.14555449842405 9.16400615374166 -0.411715919269225 -0.319985134789708 0.011263475433162 0 5682.538974615
"1" 2.26383768038505 1.9904509301152 2.66035763024509 3.44928889638463 5.25611875606213 8.41067122312111 -0.194548495961606 -0.737135695981911 -0.756717863711691 0 5604.49419840348
"1" 2.99627716588258 2.52997168602715 2.11698082044999 3.55629698217601 4.16883119972763 8.71141250135626 -1.69544146774428 -0.844505867353572 0.551177491385005 0 5727.32622431738
"1" 1.91395526496934 1.47535764295892 2.30721398093837 3.68692134120406 4.61526923136733 9.28444709596739 -1.09209812959837 -0.46289564889512 -0.36083777246201 0 5463.66895226971
"1" 1.99108771869465 1.59967374190938 2.3634219513608 3.52393046624557 4.76910561494858 8.66880679782723 -0.718117529230081 -0.641120794442708 -0.0628634270326482 0 5521.50496859281
"1" 3.52832896100532 3.07071067856877 1.96699096985909 3.2923096638563 4.02800464419955 8.37830015175339 -2.61119106371885 -0.911397066842162 0.651814478505198 0 5803.33194470453
"1" 3.32031043833986 2.97015914483948 2.39127076439883 3.86059179739338 4.79164233464656 9.48890967430956 -0.401605127162774 -0.328357170166961 -0.873374505611982 0 5777.4379011083
"1" 1.8082411903468 1.32987392315919 2.18387122127104 3.76320451199643 4.29732305177057 9.36015587708949 -1.47485347548495 -0.684800584132628 1.2937175826345 0 5411.95238573311
"1" 2.86912847573701 2.49801305462378 2.64137297790983 2.97798949674475 5.10782241320455 7.55537379344782 -0.412493704542432 -2.91984607897553 5.73673759678536 0 5693.3698104581
"1" 3.33597859370312 2.85427170552507 2.01648113443336 3.72295168889467 4.13539633405063 9.3241453251773 -1.52182173056922 -0.619030393402364 -0.0275422063752568 0 5773.3642996597
"1" 3.68480320963169 3.34826726432457 2.13758554468806 3.42871954969497 4.2313031213867 8.58447373908075 -1.34573532247845 -1.12352024524054 -0.60976428354857 0 5792.16172740034
"1" 2.55442205317399 2.19669197999187 2.17217197528688 3.71256813516153 4.20149325461101 9.21955949446073 -1.93652550962852 -0.38887681583899 1.56242828874639 0 5652.97223634201
"1" 3.07241347599971 2.62676365977936 2.04205834250013 3.21408568215994 4.05793124157641 8.16908266576636 -2.93884665266268 -2.08240739597318 0.202000132288468 0 5699.04264126513
"1" 2.85290049760604 2.53166387320119 2.2303917813288 3.21208850279104 4.35384768149533 8.32634698095546 -0.916646927669711 -1.08595294841898 0.618321219263451 0 5742.0311573397
"1" 2.54853924019483 2.23742132590334 2.07208059081137 3.42816419658732 4.22948194219039 8.46799502218423 -1.37390441533472 -0.836352189082672 0.0667793490547309 0 5687.22016298656
"1" 2.64255029088937 2.31216801018264 2.13290005319537 3.63657994217768 4.1514547652233 9.00892965019817 -1.66758113464805 -0.799605610595021 -0.161489742623332 0 5661.89462818486
"1" 1.91085635428062 1.48911352287045 2.57287778064644 3.25496896061351 5.0839066047153 8.07749598566959 -0.458369291101338 -1.21403665086725 -0.906618626565786 0 5463.21971418396
"1" 4.38387719638952 3.85637639155225 2.26540330509679 3.26209838437357 4.49258123324559 8.27499039754093 -1.09521097042161 -1.22381657634703 0.409366640534936 0 5828.8300794437
"1" 2.49051215640489 1.97946723287033 2.03621758935645 3.57965690743984 4.18585510752302 9.13252644752898 -1.32408346152127 -0.369451697871272 0.352857033867698 0 5686.87105892272
"1" 2.00206591529362 1.66331749584008 2.29188214433924 3.84712244611802 4.47859209709094 9.41544267127544 -0.877512603238455 -0.453191657360902 7.77035321926239 1 5524.55346791398
"1" 3.49324706558586 3.11879213972218 2.56516061575657 3.19353079574144 5.01229169899444 8.2457117981295 -0.487147511723487 -0.826499440384071 0.585767769769333 0 5802.7448652458
"1" 2.85166458723484 2.92002018734489 3.52372149039541 4.57007852588644 8.110218326479 10.4403317109957 1.59771681846291 0.935414834740818 -3.11717356432394 1 5551.33670297671
"1" 16.5798377065514 16.1656564241507 2.29148810460568 3.43174817176049 4.64892029821478 8.70069149520729 -0.738611957264009 -0.714121020024851 0.040576848769087 0 5951.66820392643
"1" 13.9966872445755 13.617050313914 2.5077831357466 3.04209845882239 4.90300969122877 7.74836140483784 -0.537334273551457 -1.58900089085925 7.56473543854779 1 5897.81921023192
"1" 16.5229742940527 16.1659866849 1.96751702276893 3.49646269618169 3.92269210094719 8.78902757544385 -2.7702586206463 -0.783382429726969 0.0481308430979595 0 5942.36024936278
"1" 4.4812701302196 4.07011610642753 2.03647891757841 3.56832895103155 3.99858640039355 8.98716965365374 -2.54531968620463 -0.907421999981797 -0.577779439490543 0 5809.31782091295
"1" 17.5939804485961 17.2232635462099 2.22135152916316 3.60772404998794 4.41533888779648 9.05178175526437 -0.851517849967886 -0.663381448081219 -0.0647023879680507 0 6070.16526297597
"1" 3.61622196642255 3.20372082572087 2.50075370656717 3.52966275912728 5.05838914138203 8.90799836915276 -0.440679824917447 -1.18917906400513 -0.297050133111499 0 5751.87186954973
"1" 3.03953690937048 2.71062245030505 2.07489853237412 3.64042034329043 4.14420553782393 9.05832698515987 -1.35553135479332 -0.611402856303775 7.28977456936909 1 5754.9979761826
"1" 2.8590766416354 2.50315351146654 2.27205409592166 3.11432108021344 4.39780067724543 7.9871513445516 -1.10279361606705 -1.53588123318428 7.87972437343273 1 5716.42696708901
"1" 3.16692483916883 2.85644598180855 2.24805758030111 3.3690311110944 4.45989104861308 8.58745396565783 -0.875802222614347 -0.903828503937333 1.52623085489337 0 5778.23263998276
"1" 4.12197182008895 3.74698144481087 2.46679460349815 3.41937892809132 4.93140584945169 8.60775359358126 -0.553401597478655 -1.05078695557998 1.12196487775094 0 5812.58278651336
"1" 3.87449806247469 3.43861755604015 2.29214486822949 3.19092294811657 4.41531322772846 8.00523941919156 -1.13392209092566 -1.036499036566 -0.0828803352636707 0 5831.2439508221
"1" 3.49149793081328 3.14349130925575 2.14129164539767 3.69991577762913 4.31185752694779 9.25339110560482 -0.862964024448955 -0.745770030966726 0.654668348240215 0 5801.83764102681
"1" 3.20936368114954 2.9090152237745 2.45718824484697 3.43905834054681 4.97924506000352 8.74518249288641 -0.533942064922507 -0.943198949382182 -0.38423924072877 0 5735.77090582683
"1" 2.67204839214757 2.29466202941897 2.38971005014514 3.38817248775113 4.7798616105607 8.7606043376724 -0.761697376274256 -0.865722628747288 0.516285783730471 0 5677.52339069117
"1" 3.39189698801947 2.85565442528921 2.19155790546684 3.70138939283779 4.47076563118212 9.26009979667904 -1.01674623234853 -0.550375216988738 0.822876220646602 0 5779.09725872261
"1" 3.00925173512737 2.52908744451028 2.34667610895157 3.32246592217884 4.77901127449904 8.28464754163431 -0.76878923686877 -1.1246549048323 5.91745957447834 0 5728.89986100691
"1" 2.15006752658425 1.74269515575324 2.87551678934006 3.69571509020153 5.83773618096356 9.3790839893992 0.0576686524572038 -0.507723126221039 -0.543514891247334 0 5527.30000097375
"1" 17.2258183959322 16.8699282971386 2.1533426858887 2.86908533850215 4.3230718820921 7.35110116237173 -1.19973318824348 -2.38104418021582 0.749121207307183 0 5983.11298710137
"1" 2.92137946845394 2.43711819482283 2.25295326279184 3.72845692276277 4.4717284899623 9.43959873942204 -1.18036552432732 -0.564650512927744 7.19173965688402 0 5699.78597957626
"1" 3.32610624304919 2.96682991822406 2.37151953114449 3.04297294890852 4.69372935410357 7.64102422500568 -0.678497114291788 -2.55493857891309 0.113595133319495 0 5770.49410617548
"1" 2.6354075935675 2.30415729656143 2.76448849863437 3.33140072487648 5.48152524900067 8.15247586647385 -0.185222970089023 -1.04560597367755 -0.451789578159523 0 5657.50187627914
"1" 3.865145526557 3.50791967999187 2.03153544774187 3.21338368741501 4.14890351897565 8.13712892327664 -1.66167714425953 -1.21395761334201 -1.03541722269428 0 5826.57061534071
"1" 17.8739984814723 17.491424686637 2.16983505581022 3.41905397633517 4.39072250778018 8.58098829183738 -0.88914960448482 -1.14336268186014 0.571579258822695 0 6052.43858139295
"1" 2.35616789397486 1.9107894239313 2.26555906031373 2.88002441492253 4.41941386615708 7.26214367559835 -0.866146123834454 -3.42542977449379 0.338082055451591 0 5637.96116415866
"1" 2.60947310294372 2.22585790982567 2.20505293679907 3.43740800361439 4.43376307914883 8.66347858010934 -1.05745748046344 -0.821281076415596 7.46542054362874 0 5676.9458901732
"1" 3.09356542371192 2.63858819873676 2.53832121506617 3.44953521740245 4.86107842516506 8.60313055753031 -0.524839738183106 -0.851766987352616 0.562043128820173 0 5744.81103320557
