"1" 2.69458773852103 1.59352098412755 2.99475161936015 3.30032839848401 5.26404678108805 10.0140869811921 5.15255503070166 5.20810425940189 4.57699042484188 1 -1778.31677002963
"1" 16.5202675681724 16.2685706161617 2.51888053076641 3.81140666918555 5.19178771456672 9.55285856870777 -2.04633054374077 -1.18519402091995 4.12269783337206 0 5595.79249310188
"1" 2.48214508426718 1.84729856238184 2.75484802498124 3.46983814494829 5.27243643472462 9.43540944094825 4.92541023115797 4.82712834742903 5.02097133883748 1 143.653006000342
"1" 2.00203658700703 1.65667051867044 2.53525273117752 4.23775062682717 4.89945727650703 10.8045093450785 4.8001337016372 4.3743593403371 3.17815839501698 1 673.835809467462
"1" 17.5125518940533 17.1865602852296 2.51928533810031 3.72659276712878 4.92314434751699 9.46241701370844 -1.81479828746661 -1.03745403645648 4.19368637880075 0 5657.20986012471
"1" 6.47863930958085 5.99709447679766 2.42922116924335 4.08450325570772 4.91079788098897 10.0581798727708 7.48171867421195 7.49043674316988 10.5893362671395 1 4535.2159080492
"1" 2.77095395521421 1.35616930832903 2.56870578115841 3.29651265844748 4.40057826353962 9.55408259409742 5.24562850613238 5.30171518834541 7.01764087098099 1 -1118.82842835048
"1" 7.37680126601294 6.89435764469108 2.5033079612494 3.84979411352971 4.83473034539815 9.73279383421902 6.63176809129335 6.63389654008038 10.515977646584 1 5442.88165128873
"1" 2.67085526885594 1.8731455646761 0.768171208755758 0.376030425101127 1.53681291113174 2.83492474543586 5.55671178512391 5.53128169521546 5.02910805563807 1 -15171.4700382925
"1" 2.43082789157417 1.88801392884416 2.81556489858797 3.82507680100433 5.37944249152827 9.71249548095035 4.84205431175153 4.71480359212315 6.35605840469922 1 348.743271143489
"1" 9.83077766209416 9.4739762496079 2.5060082486808 4.14048459402551 5.07118541766819 10.5122590489534 7.70633580062578 7.70615857463434 12.1120821013281 1 5494.62541232372
"1" 7.96810943082906 7.600940406972 2.48816084435076 4.17558461836662 4.91149593489742 10.3762246136041 6.37079868894678 6.36597774582896 13.1726778494742 1 5491.30633257229
"1" 2.66123385496281 1.03047435138627 2.45762370034888 3.73429711478772 4.63692713933709 9.51370591711463 4.76181602006505 5.01832155360489 4.84629177216138 1 757.934623025518
"1" 2.62102091345132 1.49260496108697 0.950293180496587 1.86402416428206 1.55688724722748 5.24507231274707 5.26099315394167 5.21297621837614 2.44784611222622 1 -6103.33583669356
"1" 2.8410881538345 2.63090984143434 2.56912396144217 3.67998655533661 5.23787676216421 9.13176578156494 4.61106454962612 4.42738488670958 7.18235711492213 1 3515.14366422515
"1" 14.190674147229 13.8771754865469 2.57452872988673 4.10773552466516 5.03107321411537 10.2627086560669 2.40672860253859 2.33453175351072 8.1095503926487 1 5510.36950560477
"1" 7.86642042669337 7.5464059378121 2.41802415697237 4.06838337664425 4.91642568756706 10.3175199214772 8.88707222140597 8.8891054809649 7.9886912639061 1 4614.64886288332
"1" 2.33293472840963 1.93285435788949 2.64590429693495 3.37418733238614 5.09910886588004 9.17087462189568 4.9160177890309 4.7555420247291 6.19962954157842 1 242.426050386603
"1" 2.41045003209891 1.7073237570994 2.05836840461535 2.95958105341953 4.93348202523853 6.88391160557559 5.18871660392169 4.52671397174723 6.52686893477933 1 29.6902925567483
"1" 2.34220307073902 1.2855617102777 0.465856240430106 2.8418753585154 1.55145180942243 6.99744093661327 5.22113924881392 4.95431135013306 6.70452968603938 1 -3335.8320051863
"1" 2.80594140338664 1.26972008656307 2.84397072647635 4.17893441768238 4.71721241113292 10.7013050646908 5.13852398497568 5.19158144323993 5.33188115813326 1 -1782.57423308031
"1" 2.92639361822205 -0.473640456862025 2.8785587338086 4.65717995637999 5.4528898505301 12.022625594961 4.87768280523607 5.57033922331349 7.211118389074 1 -317.993108201161
"1" 7.28339021967474 6.999952336018 2.713762255283 4.03740214531892 5.28357889015753 9.99435703172251 6.77708337242847 6.77790735110929 10.3478773042197 1 5386.45543520225
"1" 2.77402455532057 1.47498175163941 3.07224322567623 4.26152255293893 5.10336337632417 11.1890733738332 5.12156770095862 5.14839722087495 9.76519145512884 1 -1603.12503546842
"1" 2.6963112126485 1.8526938646982 3.2197264712564 3.25368158631635 5.22887171141668 8.92246104334911 5.19603523914489 5.20515429537327 5.82709071870974 1 -2029.41840447296
"1" 2.27428287748783 1.4878997458169 -0.0253031394125722 0.967246775596683 1.4510742221984 1.8038730748744 5.67148803383987 5.36031537596603 3.80066846677134 1 -11938.2069336889
"1" 2.19670480796532 1.3898070845214 1.09162547077014 3.45300847457286 1.72895031615485 7.87270253112794 5.11664442911392 4.96882800805336 10.6123523623838 1 -1458.10221939259
"1" 3.32152620243021 2.83038724843502 2.68576370477206 3.94807756658315 5.25129990942521 9.63604883957223 5.02535986927183 5.10155379591796 8.14189569981794 1 3605.3774013027
"1" 2.1183921534249 1.89923793933055 0.788570278677358 1.95262399617591 1.58384355764163 6.63083818633661 5.15974953925026 4.95300428463377 2.7508540622674 1 -2730.58754709183
"1" 2.93146739644151 0.444183964330031 0.523436361959923 2.29649034456189 1.46500400492371 7.64635021084865 5.53591957515031 5.49444884844831 7.79359564279633 1 -8884.35423185627
"1" 17.8349333503581 17.600763177596 2.62989670205023 3.99746103329862 5.17787895070343 10.0242320622777 -1.53407123553415 -1.36144290728412 5.82426675782041 0 5635.74951593022
"1" 3.94070891632016 3.49749304883735 2.28478735072021 4.09321799401732 4.48881013794083 10.4680665582273 5.59609014153225 5.52532548013548 8.45074143864237 1 3146.85210984119
"1" 2.72021575725196 1.6081333699292 2.72398672006184 3.44521678161568 6.07260968062165 7.53773785489177 5.61535098894643 3.84954097881182 2.22296223072393 1 -622.837990242318
"1" 12.1666868051588 11.7724144672743 2.58947314695745 3.96510524532544 5.23581030271036 9.98576217246031 0.907451308631617 0.901663530264734 7.18749332023174 1 5524.78813157709
"1" 2.50712807909439 1.84523856520611 2.67826596073231 3.4015458069846 4.85661139089795 9.14480377380479 5.01247727212727 4.92450489739879 4.16836969216899 1 -70.3758084784204
"1" 6.48605913393092 6.17311757729038 2.46547921551678 3.86356541275933 4.8232545354647 9.79346646950464 7.73227451996035 7.71348184567253 10.8225213043568 1 4693.49152269732
"1" 2.79379259827536 0.552192355367783 2.58918656000307 4.38910619132211 4.53943396522312 11.467987759068 5.05999426819306 5.34985732655487 4.97660427954975 1 -655.128310543834
"1" 5.4494943752795 5.11310505606141 2.32583287087574 3.93835226125754 4.76708806637652 9.78419590449603 6.12472812126321 6.13376792108227 10.6413449396431 1 4998.99235573132
"1" 2.75574456465916 0.924072992002087 2.67296482167575 3.77661448951333 4.55401278150447 10.0810369419577 5.08811619720266 5.26664617218425 7.07232303933015 1 -858.204680568117
"1" 3.56045520670451 3.10373513611756 2.77965216468901 4.20504391698286 4.90537972278264 10.5844646289703 5.26654550424156 4.88251797440261 7.60444868377791 1 4085.56396587795
"1" 2.27537537353318 2.08456053731854 1.98744553488025 2.53769417624437 4.4558332730611 5.53397310935183 5.51668246866451 4.64047986530447 7.8211926577952 1 -30.7737706544649
"1" 2.49544897227401 1.83346287862045 2.71191893425884 3.12786085489302 4.83368173435639 8.58420172210089 5.06958109770362 4.96589728264035 5.99333229385263 1 -22.4116411780051
"1" 2.65685738682929 1.48350511099554 1.17920608944456 0.864416969281808 2.25416978024022 6.34635499386635 5.2514078815258 5.21642780481337 2.28316333125232 1 -7036.62123429921
"1" 2.68767193661401 0.244891001488018 2.24341045248616 4.09255690947355 5.44940715787455 9.4558685615682 5.13199338162624 3.75250874627893 5.32350456493819 1 -131.61090437774
"1" 2.49490492727157 1.83732655332316 2.80275195027825 3.4004686377334 4.91602242531683 9.32707031871817 5.04820417723632 4.95697231591253 4.01172607872974 1 -227.701524851647
"1" 2.15439826682374 -0.818385039909608 0.595933614905515 8.89030780761231 1.79716912264326 19.0079508204071 4.8790199506 5.67935098711411 14.5477583480257 1 -1102.34445956303
"1" 2.77578754543108 1.09900658473848 0.649213890370136 1.51775410020588 1.2330445845708 4.40240294685464 5.47993989152302 5.53073587816545 10.5950455599852 1 -6410.47906513076
"1" 3.06554739989264 2.67405215658905 2.40382324698716 3.68176482254028 4.89372625061656 9.06299024886595 4.57307554116587 4.5568251489439 7.2148821590435 1 3701.9790347165
"1" 2.74226392595209 1.1546818237563 2.7852710465758 3.29363034669917 4.90802186841561 9.34412052610947 5.07046522606178 5.18981270505436 4.11565490348611 1 -976.796525848156
"1" 2.7020919172099 1.76176028744345 3.26531537189402 3.61777037003913 5.01000934743775 8.98890220372946 5.15970396772757 5.18063327002134 6.05421749750326 1 -2048.93965619235
"1" 18.5478326587009 18.3279101453283 2.42735701022404 4.04748803881149 4.8670184756185 10.2327401476084 -1.57863781403246 -1.45288305295121 7.19163261130583 0 5565.90723457848
"1" 6.39834182536461 6.11711267959345 2.68390343213538 3.98990354347685 5.34522922365372 9.97463902656269 -0.988669306597571 -0.65501006180977 2.63854510090852 0 5477.15068703133
"1" 2.42348138549415 1.54163880937286 2.55038482306909 3.79227790131997 4.78940623439968 9.54024229536669 4.95021268204972 4.68468649224794 5.42046361972806 1 283.204698965979
"1" 3.06252960690348 2.88524827662709 2.39915188577918 4.0160919038343 4.80812551202317 9.99266868224974 4.47732644158806 4.52607415292937 6.89067455906525 1 4060.69142482599
"1" 4.19176716219499 3.74305415370171 2.59760128565477 4.23541747007452 4.86370712454401 10.4967618284311 5.62429227104267 5.60063561668433 8.58426608334957 1 3696.95006948907
"1" 6.24816228446883 5.90516758632496 2.36349103416424 3.72434299867554 4.91318431025418 9.40838062349481 6.63434796682064 6.63541408463617 10.0581296429296 1 5204.641534578
"1" 2.38163801173163 2.04359500344449 2.55644945393487 3.30542315669841 4.94079986565523 8.39376519945481 4.93519056599568 4.79737191697287 6.66888933536024 1 238.534014036828
"1" 2.53928835511263 1.75785123974118 3.12762446177276 2.8964083914252 4.88268327244363 8.11652617689745 5.18840517499062 5.25890007236731 4.68833482100684 1 -1321.2569628235
"1" 17.6946901925079 17.3706251102717 2.50767852972905 4.13710352535434 4.95353773319293 10.2592899268426 -1.40825719178264 -0.869562945938823 4.5192415376486 0 5689.98921526498
"1" 8.0383696461496 7.68717632173082 2.60856459654793 4.19803900096442 5.036397521982 10.4429358009052 7.29344916256318 7.29163361615196 10.2242164224018 1 5455.20718200549
"1" 4.27899537908823 3.97365079578528 2.53209090443418 4.14662785885385 5.11592759182213 9.98727428693975 5.83246546731781 5.77462740648019 8.41734054170111 1 3524.53739460353
"1" 2.68810623612159 1.53200173922275 3.07809000461181 3.03042724432377 4.93489222677408 7.89396030873928 5.08064255001652 5.17264749735325 3.31839339602983 1 -523.735212305604
"1" 2.74544323834496 1.85500315585908 2.18365667959369 2.66521192420387 5.84708948897862 7.02208602633236 5.86458944414669 4.07507185735101 4.00786627153216 1 -622.585816152525
"1" 2.06993369929019 2.17709737374192 0.0740267444053876 -0.140643361408918 1.69808403355027 0.978752497567573 5.75638874508796 6.02859245909204 3.73715615573845 1 -33061.0428220045
"1" 2.51346884302011 2.04129406309944 2.42820691139861 2.96990201880912 4.97866307218384 5.95872893696634 5.73906405298971 4.3550722246647 3.51134650270467 1 -524.82628985116
"1" 2.33219203489053 1.83803070555397 1.93569408284634 2.83011026223066 4.76354750993486 6.77305387578126 5.17303557050652 4.63694923257794 2.60063783722755 1 83.3364222258242
"1" 2.28863923654744 2.14314882150834 2.63034441019052 3.09093567960939 4.98410305566302 7.60269491698584 4.94023199837533 4.80216623189234 6.0228513348086 1 268.25060299928
"1" 2.84421488873436 1.17085927704793 2.97878562238032 5.0398281700067 4.9147327741316 12.2756598920452 5.08447772723337 5.13651316022581 5.72849508526718 1 -1508.72005271765
"1" 17.2574914296162 16.9105602737141 2.63191365348557 4.00343055557818 5.13798909912546 10.0144123395455 -1.01139090193941 -0.987093190215906 6.30670330853226 0 5572.27643300261
"1" 12.8660403001278 12.6426308037632 2.55922401017146 4.06089172373962 5.01901989824496 10.33396100665 0.781270270947307 0.949173544659762 6.38419817917541 1 5500.25598873505
"1" 2.57174616912542 0.468704000090631 1.877402454697 3.95384393003967 4.86718276279744 9.75066112132546 5.08882681702654 4.28322697874491 5.24539105157788 1 329.049676384384
"1" 2.54808721199788 1.10497095147308 1.95793567913259 3.29808815509263 4.86705911712248 7.96479641008012 5.08061579567198 4.52384855682151 2.15803583112515 1 63.0562277852587
"1" 2.65680854647775 1.8374207085414 3.06320202465694 3.10106459307757 4.57887043909329 7.96975815384275 5.25680107849866 5.27836122380156 9.66966486227138 1 -1576.48221511744
"1" 2.69771849415898 1.66371649987583 2.80751688978202 2.63232471603561 4.57417620883915 7.50926688269853 5.2282423035724 5.27203520557172 6.4109507422544 1 -683.642877304992
"1" 2.74554286463773 1.12608078607845 0.698016079285949 2.59849192177934 1.41188644282393 6.26352675090969 5.33866177086759 5.26562303633763 4.36473093505722 1 -6024.49255771968
"1" 2.63068791734323 0.914778320068484 2.91365858481131 4.32120127655808 6.84639233848445 9.94682772158034 5.09763140792482 3.52993708298251 7.86225763438322 1 -162.596014846247
"1" 2.87322802644715 2.08993788781492 2.41509597289087 2.83632747566193 5.81240707723107 6.73975877246308 6.13754736270689 4.12591809001038 4.82010391711092 1 -1010.23574395352
"1" 16.2202430287148 15.9572723796005 2.53191645518427 3.87583112222883 5.0269594587708 9.71849776586254 -1.80899762331497 -0.834946827455254 3.31620001865158 0 5572.63857519403
"1" 2.45971285797281 1.67347310428434 2.71938101909799 3.70939863471136 4.87788361480535 10.1446358620584 5.00196534686764 4.85997773467039 3.92610715321923 1 -60.3773653305616
"1" 13.6720204222918 13.3244684603274 2.52675861122996 4.30137902933696 4.986974947201 10.6595062748678 1.75767387598381 1.66625078342062 7.42197924002317 1 5508.82655954479
"1" 2.39151573750594 1.37393157391314 0.852751672832431 3.91067722250935 1.44833466775338 8.59764216689722 5.15990292087097 5.01313354143821 11.0947636555061 1 -2069.68959241518
"1" 2.89339071298773 2.53432952685532 2.54458403465905 3.96598003584391 5.22973442614267 9.92671581073939 4.67273325496702 4.39297669809441 6.66647937924086 1 3474.2140346204
"1" 2.76801018380595 1.59781925492088 2.90787843475571 3.43593148339924 4.99925378788141 9.86763606464324 5.1970840565395 5.21782273272479 7.31777412420446 1 -1696.72682998289
"1" 3.99353236693655 5.04044635851946 2.89165147912644 4.10823565129165 5.04873779176834 10.151201967096 6.07170245756693 6.04460152014091 9.10442326945806 1 4315.98950676789
"1" 2.73770240261863 1.66241865961808 2.9708364301322 3.39669044901182 4.67845926044511 8.80368450009022 5.21158001147911 5.23432261912606 7.7085751502191 1 -1662.80363787533
"1" 2.49726385172831 1.73168031418006 2.67020368297957 4.22482304542868 4.69370030663226 10.356215897987 4.92929067795598 4.80584742659881 4.87203181081803 1 261.750531466278
"1" 2.38178878005961 1.77826191422206 2.70035328821839 4.10953270943257 4.80600499758935 10.7196941723926 4.9114332748571 4.75226952720843 6.60827522388344 1 400.783129461619
"1" 2.29740700139445 1.63271043404335 2.71117992191996 3.68362365397983 4.95176961937243 9.53863095209707 4.58103941475425 4.12897596887702 3.95567637735171 1 2221.63730717354
