"1" 2.54296310352143 2.1933369245617 2.51840806307027 3.85857273633048 5.1626738581421 9.83401919243896 3.71314268715364 3.48575419301928 3.50625951396195 1 4248.955967098
"1" 2.81703057113921 1.06022732558836 0.843035243621783 2.85594987752196 1.67639197522629 8.71417203460247 3.91404237887617 4.03772853666058 4.45877197009231 1 3362.69195315279
"1" 2.947570025782 0.248618558493974 -0.162676169967683 0.508182264845316 1.08858823382159 2.58713631472269 4.48384386513103 4.38829453960973 5.0759302131972 1 -97.2256711525042
"1" 2.86004318087848 2.66554455979142 2.45059809074187 3.75894817689102 4.93360831919942 9.32280447390677 3.62800186395579 3.63480512683606 6.75800969275935 1 4786.6371152077
"1" 4.62617298609179 4.58044591358334 2.56207561779809 3.97612303896797 5.04158786439675 10.1396790901711 5.00903792071758 5.04389055027834 5.32429220018177 1 5141.04994134622
"1" 2.68644558685484 -0.0780171354275985 1.34515846871742 5.28502147712171 3.32925834101521 11.9647259482038 3.5882387631489 5.2204136281224 3.42752036862074 1 3350.9023792479
"1" 2.51767750837571 1.5064152392811 2.55841590778975 3.71237369476741 4.04990698283593 10.397152090776 3.57857729915567 3.72859622342657 3.94162684465938 1 3918.99707310794
"1" 2.58872805128697 1.53889440127138 1.60426567357544 2.7862310440519 2.59711993182387 7.55487735759035 3.72065765358176 3.81398739891218 9.70077210960832 1 3741.85675488492
"1" 3.62679636228305 3.44731302233661 2.56514458646776 3.92229229684524 5.21633355562634 9.86310190611919 4.07744539057539 4.33244508392331 5.06979343307736 1 5218.74435326402
"1" 2.94417183221545 -0.668843796733127 -0.174211784056699 0.389804178647858 1.05548580676838 4.94370595743709 4.48396300684151 4.56222610724978 11.0386632150598 1 2022.57520798916
"1" 2.67838816289357 0.647735097333114 2.57300425411837 3.61844116579292 4.98218721231676 9.31865152938867 3.46614319055527 4.17643978161751 5.47370647576308 1 4094.45863532735
"1" 2.73721091061468 1.20867562731764 0.492398512145992 1.99347491894988 1.43528114623454 6.50440546162393 4.03717187784769 3.9585832509647 1.9326079985226 1 3001.76928761829
"1" 4.78712012954486 4.49819112948428 2.48096769232519 4.06802804969555 5.1708098934013 9.92084899774855 5.17716358165903 5.18930186824608 4.57916731125875 1 5056.85715752603
"1" 3.52628985595037 3.05260080082615 2.53534659080493 3.78701436033204 5.01496828621765 9.53835027095629 3.97934365330617 4.04262302774026 4.53633449838169 1 4955.23348542176
"1" 4.87051252701537 4.6469414843698 2.68881770191703 4.35275942429727 5.18425255240642 10.7529995709356 5.22374619585068 5.26550883732316 4.78666850991275 1 5130.01533151246
"1" 3.15782258599441 3.07297673751158 2.58744629969684 4.17418570697986 4.70621242019657 10.4125984685927 4.22368435643483 3.94649884542987 4.16495946413919 1 4843.80009410686
"1" 3.03680693725781 2.63584140744009 2.44933147067857 3.91840483577528 4.88207309693836 9.6277377503723 3.72001660692618 4.14467923117674 5.10810392641005 1 4962.42503883067
"1" 2.70809538222662 2.54351004561388 2.60707365569159 3.93771369091158 5.13664289718032 9.69871399355229 3.5966911501881 3.64312685441878 5.17962649446401 1 4701.5384528819
"1" 2.74297960506443 1.1069971777054 0.251414679298183 1.62285352751614 1.22856617301474 5.41683238242685 4.14208590835121 4.10856819598384 1.6788488593771 1 2614.14352630054
"1" 2.72628297230698 1.96366327913927 2.4511471807221 4.21452975583942 4.682725585487 10.706505686162 3.79251131421057 3.42393761193178 3.34313314890471 1 4380.13067019333
"1" 2.31273171126173 2.02302912871406 2.15592259138333 0.456148005311127 2.60858659069824 3.22125962104691 3.75116112994951 3.88111818279546 3.4806011797013 1 3573.32550151782
"1" 2.96208859178342 0.290116738864657 -0.211307962428277 0.578265742554853 1.04566529963518 2.69163402471602 4.52659447841577 4.51205454482542 2.6388116621266 1 -902.42684402902
"1" 2.76905138613587 0.952250830996544 0.20834541054547 1.45838434172692 1.20585316323408 4.75266383587202 4.18120597287353 4.19914871838557 1.36937291504289 1 2288.37630807283
"1" 2.95237404608806 0.692612857212072 -0.138617606552462 0.314491735098493 1.07682485289124 2.34318742657676 4.47334998169379 4.53443770399448 2.11970236676754 1 -1536.79168477908
"1" 3.01260220600876 -0.314830770294557 -0.0965192345436444 0.55057590085409 1.13431006228348 2.96658832348807 4.43566690214394 4.84748474101716 1.96911846187723 1 222.859709072325
"1" 2.7457184690238 1.28473293916004 0.643690528602042 0.247114496339583 1.47208028074819 3.20414711936079 3.97742739217893 4.19381320396208 3.54236869860446 1 1861.2203471428
"1" 2.59679823333542 1.46647388955529 0.530229917583799 1.93835702714411 1.31719903686211 6.49331194090431 3.99539535171529 3.84322296082394 3.93175850398454 1 3026.61277304228
"1" 2.6261068543463 1.01102649379975 2.26702328756742 3.7885774282828 4.32236102518204 10.0347957159942 3.54645943575408 3.93262528565765 4.99795197683057 1 4019.64147616258
"1" 16.6827322427867 16.3683305914168 2.37171146542794 3.92387780843759 4.72220004036997 9.8796727349707 -2.43467901379795 -1.99448378306075 0.151634783310483 0 5796.35985962121
"1" 3.10741512155535 2.55958883200244 2.65092680423701 4.5574397070854 5.01321592620254 11.2089674789862 3.83545697576247 3.59029533235943 5.13176078714636 1 4817.98048390056
"1" 3.17399471902945 3.10451807912084 2.58777182373363 3.97899770406141 5.15298823665158 10.0846355504409 3.84714956059161 3.91440652907368 5.0708370318818 1 4971.29378908323
"1" 2.7327760388741 1.3121439544181 1.14399264771641 3.41076969035244 1.92207162599259 9.28026719593893 3.81043213383672 3.90563623471981 3.11750274876889 1 3552.39638876428
"1" 15.9776707606922 15.6466692511742 2.4941125571036 4.40635054022097 4.98711856202908 11.0324530607224 -1.9057810047884 -0.742759420703818 1.8036825607689 0 5515.56013127552
"1" 2.8686703762409 0.664894760141475 -0.270877506050179 0.522898187105616 0.992165750441173 2.43204149076382 4.54656133429447 4.43641381672254 4.09504945835872 1 -890.072624619928
"1" 2.78874748050516 1.15091977461019 1.92652566711645 4.34494206199694 4.34032589049997 10.8235342704109 3.52879928030208 4.51779752964176 5.13191205448335 1 3897.20501845917
"1" 3.0363714564994 -1.3855906404785 -0.321479941698962 3.57360680715743 1.00367125446264 8.70889170331282 4.66510672674319 4.78584622052062 2.2601856984931 1 557.681252566063
"1" 17.1049730334176 16.8088469657023 2.4002641787662 3.98646451807769 4.84777207190485 9.88229784263765 -2.12087091767728 -1.31518662076923 0.441858868805825 0 5682.33922913381
"1" 2.62787471331865 0.963302442171604 2.55086511023674 3.89693142156286 4.5509488672551 10.3341831247356 3.53436101198893 3.85563106400428 4.93820057579243 1 4101.15147955442
"1" 2.717092628896 1.13417934194402 0.300073175129152 1.88054864983667 1.2680025930585 5.79955322305992 4.10748859253686 3.98842089065976 1.89279693261196 1 2717.55778616388
"1" 2.9352106016543 2.52428527618421 2.57818293487557 4.0826566853015 5.21941941131704 9.9749879084626 3.73784007823187 3.80626337610324 4.00495449927197 1 4711.62266838932
"1" 2.95073892239758 0.710357143525062 -0.0396403589680925 0.14758435091352 1.13107943961874 2.4316671494027 4.40471507272891 4.4556567917718 3.33895831173869 1 -268.466386579536
"1" 2.85144667705277 0.356722729186954 0.253892686048571 2.0008362937033 1.36040972869551 6.19985560973735 4.16931762081688 4.26210044438246 1.11484989638603 1 2154.60152408316
"1" 3.0267968746089 -0.643952511238324 -0.147524083032987 1.32600347079014 1.0836181773113 5.29938262580858 4.49787404946627 4.69532355300263 5.45878007716607 1 762.523857060956
"1" 3.08964718881372 2.72437595077182 2.53642832635384 3.88326848066001 5.01305092408787 9.68570752502978 3.76738647782989 3.84024035383415 4.56502708429861 1 4805.53199489953
"1" 2.93806659635363 0.66347563732223 -0.121983030514879 0.493356852098757 1.03344838991417 2.87363375826309 4.45368265952058 4.46840417468063 10.4739484759942 1 413.2041647071
"1" 2.84561450999876 2.6010379779778 2.571255310747 4.02736921326265 5.29614685766941 10.1037481496993 3.54706756202375 3.61211367253141 5.93083546383643 1 4840.35356528936
"1" 2.92949897932003 0.899774985581733 -0.14596520549413 0.273304899107545 1.05884889065783 2.21759330436149 4.47811648611155 4.53926836382928 2.05464280794429 1 -1579.57790881296
"1" 2.85001227126314 -0.179974793025546 0.587837416280233 3.98499326295909 1.7469862974598 10.2908103495908 3.9362875068031 4.89991663858379 0.85361804151133 1 2613.7714814235
"1" 2.59326780285057 1.49890241502593 2.32240749920774 3.88764104781383 3.82932174166423 10.4885089498315 3.60833225979459 3.74983177528307 5.37613427411896 1 4010.64320223041
"1" 2.86727044011084 1.16755408337382 -0.0428380380559587 0.0811665549538004 1.11048760799002 2.11845926994762 4.40978932314155 4.43329168407078 1.94532360012894 1 -1133.88397446983
"1" 3.00216961036027 -0.769009468636093 0.0924799337624766 4.4182510423677 1.3189681933749 10.2234774783538 4.28614640567145 6.1265362820977 5.95528688600008 1 1471.47547058781
"1" 2.30754994933189 1.83197703912399 1.88182304768706 0.179578672986841 2.7989156139716 3.04461205802177 3.74727227797886 3.93882787020731 1.77540885195736 1 3559.60686083645
"1" 4.39636020221394 4.33488420249394 2.58788337094504 3.89548342928635 5.14084301325723 9.9430819873502 4.77540924798878 4.78108906712905 5.59427176078607 1 5085.10965702738
"1" 2.78497966926843 0.565999765925222 -0.0599680956752197 2.39316180744982 1.07650403875569 7.41143954052695 4.3449909762983 4.13710232247152 2.40264248748609 1 2209.49767456734
"1" 3.00990786595879 -0.405058034283672 8.6673690812002e-05 3.43374034469951 1.20391567233732 8.47433501881489 4.36540745767312 4.82100260852446 3.46839292522552 1 1815.85256636892
"1" 16.4346916102689 16.0746198814724 2.5194398951414 3.75969320056232 5.04507731526312 9.6360432886554 -1.61520084858232 -0.542288696897856 2.04529185668102 0 5619.82305750059
"1" 2.96322799985182 1.04533320040911 2.30812325572531 4.69607758258536 5.19547084178899 11.3318431541836 4.03112131403915 1.95363057853551 3.88398067630696 1 4713.74969094792
"1" 16.3397474557413 16.0003493376925 2.46163267288147 3.929200022447 4.89641213503982 9.7631612147342 1.10861419917654 1.48029005930811 5.5785621139179 0 5566.2608502762
"1" 5.55581779729385 5.13578369885225 2.55640983973304 3.82074753585256 5.00675969397827 9.66029086680238 5.86489587870254 5.87339781206158 4.7996355908287 1 5077.9159463963
"1" 2.85741165780723 0.545894517991043 0.545246230468778 3.26303938090835 1.50024219845069 8.29849642078047 3.98107351443866 4.26891110436232 3.86734352230688 1 3077.37130912254
"1" 2.51628952149847 2.03553585026149 0.480865500187793 -0.0600363946909259 1.22927616522649 2.20696629746349 4.16655481304424 4.22092911679642 4.50276963504737 1 472.959643924971
"1" 2.8016356347982 0.821749052820307 -0.197704664973544 0.560001662592745 1.04988933320914 2.22774633546683 4.47003463740335 4.31520045699725 2.14314766178547 1 542.681084195478
"1" 2.4491741913083 1.91573271275426 0.986504347126497 0.097124469571812 1.59857220014765 2.75196756471117 3.92606195670533 4.05728602479595 4.60801113412546 1 2282.70642107838
"1" 4.74219027956263 4.41685727401873 2.4559133171244 4.03528056384603 4.84460057814094 10.0514750925055 5.2937332157721 5.27294956283644 4.41854082571568 1 4973.26588015966
"1" 17.9202238015562 17.5161218213648 2.43005954583178 4.03756914771135 4.76831381375339 10.105985292164 2.92905981720809 3.05903576838011 6.82139147293413 0 5562.06403585496
"1" 2.71317157325115 1.38319107760889 0.194048443807631 1.02337082866382 1.16923796518498 3.41992119031791 4.18594151675964 4.07476605062291 2.341329620375 1 2377.86825930678
"1" 3.63319243797888 3.45392413537094 2.45132539932222 4.04716246822037 4.97145347667297 10.2786803690255 4.08929247029208 4.16490536634212 5.77827482040481 1 5039.8806210028
"1" 2.57271693914679 1.51242513102904 2.36362036955952 3.34154054706192 3.71865492185505 9.36582668392329 3.59670708889501 3.77262128839468 3.49521332937356 1 3972.36668823333
"1" 2.82414966269095 0.52244585614754 0.112240133992138 2.44022504003497 1.22468253767918 7.45070341055938 4.2467709302568 4.21660042619629 1.40503944824514 1 2010.68755785431
"1" 2.87169138560081 0.495946488427035 -0.228894771358474 0.617249829808421 1.04270952310983 2.36680810461592 4.513801050738 4.39174222533742 2.10925880664765 1 22.7344495301277
"1" 2.82512521888684 1.41616340377719 -0.0438679069634555 0.0614751169591457 1.08158847841842 1.97256166581721 4.41352738714539 4.40427473948268 2.90461964459693 1 -1954.37184321361
"1" 9.09230061305791 8.48867172024729 2.47975289125221 4.26160724184276 5.34183017687535 10.4464846925343 9.06061571583357 9.06107648413018 6.16317566955737 1 5209.04215839763
"1" 14.6716958318577 14.1369115391054 2.54826829327722 4.13092532917081 5.18299934255217 10.3589478583981 -0.472004101645621 0.359812191126071 2.71088546106911 0 5512.44459523931
"1" 14.2634427716558 13.9057201416613 2.52682804238478 4.07951660407976 4.92510032266128 10.3259939959176 0.515202613512152 0.747344657120739 1.78478420939338 0 5524.50875462021
"1" 15.8235055424063 15.5343681033319 2.67595337280711 4.00819833010936 5.25719428016558 10.2269078087135 -0.623845880988691 0.302504047270616 2.66473998578875 0 5519.94347236075
"1" 15.1345790914209 14.7698918004932 2.46049636399982 3.93328413294475 4.93366929061233 9.74821962715518 0.7128324281568 0.714659584907174 2.11656185968059 0 5562.73866898807
"1" 2.93421522774195 -0.334051743576032 0.0428235424860882 2.29934653485872 1.25557214534754 6.28368022503573 4.31216715154846 4.38499999777319 1.22824016273879 1 1279.47605319469
"1" 16.2841402414581 16.0424562355032 2.45710070495366 4.06453640562648 5.06024577162071 10.1044026932963 -1.93988233229098 -0.669146476473194 1.21368581285419 0 5563.52550649277
"1" 2.63442196276153 1.40939131301087 0.182328238141621 0.25098210549261 1.23539685097155 2.73609638428549 4.23459326734144 4.0811300605329 1.52692870374965 1 1772.15475387433
"1" 2.735327011972 1.07824136376475 0.348786798166314 2.44019243119551 1.2980179508297 7.29744215933157 4.08507847099333 3.95075259080868 3.00857827051543 1 2835.49884028246
"1" 3.00484337585558 -1.35258171020995 -0.0802902495370099 5.07969321993437 1.16693971695402 12.0928674813141 4.42574987663293 5.01215782117855 5.67975866835151 1 1290.12713582612
"1" 2.88878209980317 0.733661916270748 0.420113828008373 3.18294744341269 1.33878762573114 9.03902580013091 4.07268569749992 4.20215562572818 3.24438577994315 1 2723.25700046486
"1" 2.63589505840316 0.818476056047349 2.85032261900633 3.6844404873264 5.3186683716477 9.60847169848666 3.43556014974933 3.94386929547852 5.60718875929835 1 4235.99321174236
"1" 2.87879801919975 0.729118743560407 -0.0108632407260089 0.388444383071583 1.10714864325926 3.56166944409499 4.35872181351349 4.27262691563506 8.44163207312317 1 1227.23484146024
"1" 2.69201070174139 0.496190433657385 2.52192913075591 4.45237946474664 4.77144689769253 11.3136163772948 3.49266678310931 4.28248713663317 3.68573738230918 1 4078.5570766209
"1" 5.02361956846398 4.6443484255101 2.585169346427 4.20421750962602 5.13495268715467 10.1382042842188 5.13280609755135 5.14664328319974 3.97966496097628 1 5222.07638743675
"1" 14.181514625603 13.8229151650157 2.56320920288807 3.89421516448332 5.0102855400771 9.70869571765769 -0.354176698870944 0.220073198528363 3.17516202573446 0 5539.75684600759
"1" 2.94930081942497 -0.405427711532932 0.0764374065317511 3.70164771729234 1.17411982987178 10.0860720547839 4.28433690568863 4.69646733267346 5.42083632792983 1 1804.44683953435
"1" 2.86425311267663 0.238787327561345 -0.422867266686026 1.9060956994232 0.926983696014065 5.32759138846266 4.67429690591609 4.70548565224808 1.48683390396056 1 1080.99786952012
"1" 2.74878133617835 1.67305819923485 0.0471268741260183 -0.0409684671303262 1.10310659108391 1.89834797946103 4.37570478287252 4.36497432102668 2.91645706869251 1 -1600.0291375382
"1" 2.88028862118307 0.278528198650139 -0.033779182932119 3.82328559854676 1.11725761468147 9.49265035119285 4.35933166700874 4.33029190105522 1.63203100407091 1 1548.68569558827
"1" 15.9912584400229 15.7075625694024 2.54417537150231 4.15339552067568 4.96307513914194 10.4069599781302 -1.74645041462819 -1.65165746925157 0.338895080438513 0 5578.46467430748
"1" 4.82776260265726 4.49062110012025 2.39246370810872 3.68999241935176 4.85332685415647 9.53824225075384 5.40012365886191 5.37200896541712 5.33701784499396 1 5014.18446420726
