"1" 9.54677869594678 9.33578096935812 3.7757007370194 5.74440605597567 8.750617864863 13.2055974269939 2.16840338368262 1.28068434755695 -11.5414104026315 1 2488.45485569914
"1" 1.826020785197 1.35730088778963 1.78430085663903 3.54730016915479 3.70122184910727 8.8413378725309 -3.74835791852782 -2.10918801160604 1.43993021786313 0 2704.17343297309
"1" 3.83446493606854 4.46746610502537 4.04639400289126 4.07432992096723 9.97756586587201 9.69159950826043 2.43976882976242 1.73638622017451 -12.0611593982345 1 2675.60104314874
"1" 12.7907316214005 12.470307025953 2.21697353629018 3.59895194243694 4.23873790032561 9.00431383973201 -1.87642125602574 -1.12321366586971 7.45209231300222 1 2916.68957668125
"1" 1.51829809534175 1.35336294074895 3.48453645520524 5.20507183497728 8.31318678710335 12.1659067510455 1.94286149816208 1.13857777840611 -6.29847089750979 1 2569.20661028258
"1" 1.0459041993583 1.44456279566001 4.3670893116479 4.04321334101766 10.0567377824304 9.32363061276928 2.43366746783512 2.03219684626072 -8.04123768835235 1 1872.08571599132
"1" 3.97295403535689 3.64645999523508 2.24071554356519 3.40187283710049 4.2136139095567 8.60328731065097 -1.44778482013644 -1.14127270489747 -1.65817134254265 0 2891.47553259154
"1" 2.40564314878458 1.94822475394218 2.00416911787573 3.04384682499894 3.91712301833981 7.32554032896399 -5.43454433048246 -5.72219458385313 -8.77659802446268 1 2793.71988748791
"1" 3.96863302147624 3.6799229365339 1.92106649892332 3.25427116690969 3.8820975119501 8.14976135832718 -2.06203975103976 -0.96388096274249 7.19783872557798 1 2928.97350890654
"1" 1.27726438646695 0.838570444389259 2.00729988804076 3.21239424009335 3.92332707516423 8.27138559005143 -4.85674011372712 -1.6724638677285 -4.59612229950997 0 2572.70458968449
"1" 2.96691462605359 2.80860742465899 3.04198833650016 4.28899158517988 7.46485410387687 10.584717105511 2.07162623435573 0.788231819750329 -5.81914385747819 1 2637.05300426144
"1" 2.57482879417846 2.15348318967222 1.95971668551041 2.82792622592192 3.98582219775536 7.10929125538629 -8.85030063488746 -9.91582510533707 0.302154741430488 0 2823.11246644487
"1" 2.44757976929594 2.21569447601222 3.60283337562129 4.50667772355448 7.48334571001539 10.4093881556568 1.53770645799819 0.52839918090969 -11.6188582878868 1 2776.6105940884
"1" 3.03273344384745 2.67284546639579 1.87537970061657 3.38290383187448 3.88819675212187 8.54762015935688 -2.23588194697209 -1.39780304156581 -6.70262450347373 1 2864.58701875217
"1" 2.74911980524723 2.33304013254237 1.77814654005656 3.55158970750922 3.70339631555638 8.3880676321137 -2.33915389226441 -1.76701920252931 6.87590621261046 0 2847.06499969146
"1" 2.95337418277764 2.60278913759198 1.87128417144251 3.0215147523736 3.96391200079624 7.41452497010789 -3.18924641250389 -1.80777916167491 5.28030908177457 0 2872.57465373854
"1" 1.71635200985894 1.72474012149359 3.61176889563278 4.58690486147783 8.52186241444292 10.7593901772827 2.02252535811283 0.714278584890881 -10.0993828134118 1 2695.22002064619
"1" 2.98934842474193 2.40487841164232 2.71424234852163 3.62389378134779 5.32681771527818 8.96863857618898 -0.454685538321364 -0.281669106131375 -7.05363913494306 1 2837.22658564561
"1" 2.59709445967078 2.13626445978554 2.68401323158849 3.80183280389383 5.19633601461705 9.2875475695964 -0.496801333048916 -0.418485244193208 -7.01700948104176 1 2801.30613153808
"1" 13.4880850187431 13.216309435276 3.46163373877213 5.09094732830832 7.27970397316958 11.9623634199896 1.28579552362046 0.84513898137179 -12.4700246364567 1 2963.20104345646
"1" 11.0632545799146 10.825299708159 3.37606119966086 5.1859181782137 8.01351072796197 11.4875946351322 1.63720161205137 1.35186729123757 -11.2600608248876 1 2846.75457539613
"1" 2.48056157774184 2.13867592865368 1.9467506583511 3.04911019458402 3.86996311693248 7.5693236033269 -3.75865382539983 -2.43841277141638 -8.30993882103548 1 2815.58803804622
"1" 3.71702771676802 3.6628098081248 3.37975990674469 4.38011933899755 8.124456447934 10.5155087196177 2.48763093699495 1.65885222966208 -5.49848983843649 1 1988.28888591408
"1" 3.37810842260143 3.30028541336879 4.00232574370143 5.40921099121651 8.94468618932366 12.0955850588679 2.3541682120519 1.4677514835822 -9.35251785673994 1 2022.05603514428
"1" 9.00018468961873 8.86202854574051 3.53205423678237 5.17454229248727 8.29432653746498 12.18819219913 1.86893061127314 1.09650945736413 -8.48537415429626 1 2764.40814878607
"1" 2.9245411719685 2.45552907620795 2.07565772949299 3.47353897633154 4.1083640915196 8.60443894361314 -1.68583339183523 -1.25099470764804 -6.98670940003928 0 2848.20820837369
"1" 8.06818132501489 7.8063192382585 3.2154926999259 4.47397830960196 7.92216889692865 10.3478995781873 1.74448615790414 0.936599845939835 -11.4575840972622 1 2870.20252967789
"1" 1.589142837436 1.16447283772216 1.73369114854317 2.94835440974255 3.50037576587789 7.50510976803206 -4.02709292533702 -1.76662057082178 -3.54038970126064 0 2705.37127759301
"1" 2.4420501286884 2.14405810880139 2.10652814583032 3.26202177368291 4.17816499266742 8.39862862297747 -2.87217810970144 -0.85764859657761 6.90094181861272 0 2809.09896255092
"1" 2.56479618037395 2.18338242678351 2.08123820116 3.45845524868894 4.03859272133967 8.45364164327108 -4.82174207852748 -2.49338197217584 3.29246932072873 0 2780.99819507317
"1" 7.96095890908408 7.59508136776923 1.9385698664322 3.11417409959475 3.72890916741627 7.67524069277688 -3.38730800504369 -2.33672454245641 8.71458964131633 1 2939.86879238716
"1" 3.27625248332414 2.59733974833687 3.31908196335509 4.16216986946919 8.0555865291081 10.1000493111756 1.97398321110945 2.46179748073382 -3.91648430654118 1 1872.9706363328
"1" 9.5477142810159 9.15258703154495 2.01024545275224 3.28695556743098 4.02935766305076 8.23503159604785 -3.49116075662869 -4.55239452664643 -6.72690569226525 1 2920.43755282987
"1" 8.451829518223 8.21939870917863 3.51320694488668 4.77124162674519 8.39293153130787 11.2088798806222 2.04226484496241 0.984016938322358 -9.05839895525901 1 2759.80583312553
"1" 2.9986934310159 2.61150714005607 2.1084259633175 2.91125184675655 4.1218614805825 7.48404338338027 -2.39130727549724 -2.85640460005913 -6.67710528381047 0 2852.13418003818
"1" 2.20026047464309 1.77479422562089 2.09815571765634 2.95243252175707 4.14526324760794 7.65728838964659 -2.10987341514677 -2.17508762375051 -3.84851728279817 0 2778.85283757827
"1" 2.66164557236111 2.22085013426637 2.05372859699463 3.4003122702252 4.06299687040197 8.63295135259283 -2.27347559479693 -1.03106147894122 6.82064056562707 1 2827.67332347107
"1" 13.1199835832465 12.548744958754 1.8531877064608 3.2427739896612 3.88776546088185 8.34652380441067 -3.41562153155962 -1.54286005606563 -7.1557639219814 1 2968.69578812351
"1" 2.70503559735111 2.4898103858129 3.60792715153148 5.77302547425336 8.29413946840019 13.1681089762509 1.83412923070338 1.69223651870039 -12.492666017288 1 2490.94721011796
"1" 2.88078183520021 2.41044153777199 2.05236293691823 3.25328184833043 4.02799370732678 8.31503953334164 -1.93614040862266 -0.62051616712503 6.79297093612019 1 2877.69288811719
"1" 11.1431422110352 10.7959184068706 1.94548607227464 3.38775224144243 3.94650238049006 8.69827414335429 -2.39251220699463 -1.13238377954626 9.07723775218353 1 2945.30732321959
"1" 2.28259063219993 1.90049965058528 2.02847008923961 3.05246899141938 4.16119010558484 7.81635400743448 -3.03627635719376 -1.48126882677755 6.34234561426445 0 2789.98002829468
"1" 3.00138912345178 2.59698603924483 3.64609032263495 5.2644162831334 8.38524092923028 12.0885551672253 2.26317559550471 1.75660376523409 -5.19561213542873 1 2022.04300284416
"1" 15.2139215624132 14.7854408383919 3.33265229142313 5.7015222670925 7.67133998141326 13.8266617007765 1.62365975326669 1.3963185338561 -13.692094713419 1 2838.20413365247
"1" 9.67627765019018 9.28488854872318 3.48941511114566 5.91705813382082 8.13243793041119 13.6906631432757 1.92793475938561 1.8264877217644 -10.9824348413258 1 2617.62612762876
"1" 2.00036470196182 1.44121218072059 2.57057315071109 3.97031677924198 4.99817238337726 10.0026928333866 -0.569302691122075 -0.547118828057046 -9.12907037381658 1 2710.03400541554
"1" 4.15948216246458 3.64995212794731 2.00596592156473 3.38116680920623 4.03366467433105 8.39801445896383 -2.77760591752367 -0.889051650660465 6.22941554364429 1 2909.97510949853
"1" 1.76993326778611 1.20219131859705 2.34631032314385 3.74900083565925 4.64695657307582 8.94333881653875 -1.19056307294839 -0.781609207350752 6.66323490945691 1 2679.63898333044
"1" 2.65129027350516 2.29889012839789 1.8729481408611 3.28913519826289 3.81084583423602 8.06447268727933 -7.14050913085082 -5.51192769489279 -7.60827388268559 1 2812.08641989282
"1" 3.44819914790826 3.09185474222013 1.96195075875439 3.28066665685032 3.99584872911388 8.34708831153089 -2.51531159563034 -1.39591826361975 -3.64383221790714 0 2880.88432934747
"1" 4.29190681095196 5.15322636770809 4.19966644096564 4.3730141803942 10.1126995811782 10.494238603108 2.89800273008317 1.15773444878364 -6.37508695711391 1 2091.83089004727
"1" 2.41260583810629 2.14008668840024 2.11300714687935 3.26758374576628 4.27160887660803 8.00902895281191 -2.33461857995426 -3.62822214985064 3.70381572313179 0 2773.94189732599
"1" 3.42353728184761 3.02555493283749 2.04851266225714 2.99023672683025 4.04989898957985 7.25207280909361 -3.24043854828041 -2.12318961374733 6.65709159102467 0 2884.76077978473
"1" 16.6386907552883 16.2830127060041 1.93122833376122 3.26121493787828 4.08125965288575 8.56336162660198 -2.4336099210996 -0.885448293038712 -7.09897582838095 0 3024.38565007586
"1" 3.44118911788531 3.0293756378677 2.00007831983225 3.08668921002674 3.88608751979975 7.72127798338294 -3.69773032181741 -2.62542989652886 5.86622822419657 0 2875.35735144984
"1" 2.45724355330622 2.07535442641093 2.36554885806079 4.03387959956193 4.75796050480313 9.98560817540974 -0.442469044215783 -0.324245380686225 -9.28691510037404 1 2809.00212047972
"1" 1.9103391316955 1.62664513999044 1.79993631269598 3.26860234179635 3.8130373536664 7.97711935924171 -3.29869483201672 -2.1819127484932 3.62340956117123 0 2742.29246807977
"1" 7.36428973323843 7.21131607783768 3.60542344503035 5.15859252369232 8.74445362226685 12.0118277705698 1.96555726460663 1.04407944031867 -11.0697301891761 1 2736.48921947042
"1" 1.92519565441674 1.5088322780258 1.97119848621349 3.24797196695103 4.11489887326759 8.24388735560469 -2.7075417494383 -1.11261297961522 7.56119660902012 1 2738.91603908851
"1" 17.385761223526 16.987277650679 3.2587645432126 4.61345170456529 6.982707866866 11.1961425423123 1.06220196934119 0.9127539507482 -12.136671084081 1 3044.48017153463
"1" 3.19617884099664 3.12870798836211 3.75930445771682 5.23960050751467 8.68014133252802 11.860182014055 2.24935952119779 1.11372453092465 -9.68522303046548 1 2554.79284180974
"1" 3.56457581889234 3.67643040803729 3.72511280447819 4.59573287931486 8.4181297871832 10.3876027010324 2.53799394257138 1.50452455428264 -7.2377118951591 1 1925.9941419098
"1" 11.7346543060901 11.4215817409997 1.97289088939336 3.40964438459007 4.03813375084746 8.4004878199107 -2.31492268009202 -0.733389689890891 6.91678368561846 1 3041.36837248215
"1" 2.10024437260468 1.73956176281819 1.79671964482687 2.96126429906386 3.73447685112656 7.45680890735219 -3.40736713929868 -1.45973832980368 -4.00912652389531 0 2804.60342043891
"1" 2.11648529841794 1.64765377425046 1.83660490906404 2.97209916720055 3.83137934866759 7.35701050585184 -4.56091435308803 -1.95019554536912 6.12042977084779 0 2785.94339727741
"1" 2.51328319836465 2.07147086167781 3.51101841219762 5.40833256624205 8.14628942398691 12.5471972025752 2.38832404097203 1.58624926147732 -9.70900990183582 1 2072.55575150704
"1" 2.20550732487327 1.68484939305075 2.03574377335517 2.78015298527511 3.99042699648782 6.88272785627012 -5.55144845618245 -5.14799488819365 -8.71690898432428 1 2777.23634681338
"1" 1.41256789521061 1.75566065547241 3.27456193570798 3.37985263720203 9.09388861356884 9.38909582327185 2.67000057936147 1.83628770412244 -8.74753963054422 1 1646.41631347012
"1" 2.67120289064877 2.29117629841342 1.8987742285981 3.4001247724854 3.78539488335441 8.59334598654456 -27.5246271345277 -0.548866625874639 -4.92744126853365 1 2856.02082912551
"1" 12.1663895339615 11.8225049314396 2.28999324604327 3.87786816910357 4.58535655224343 9.51445241209647 -0.531076789122398 -0.457088793833951 -8.3479288671613 1 3013.23303345272
"1" 10.9690963150523 10.5764696080651 2.27317275091418 3.50556596187654 4.66158515582501 9.22327658084448 -0.929584564693822 -0.241775273818052 -7.20155239963733 1 3032.71798562746
"1" 1.73425401265811 2.05579189725415 4.00298972524188 4.34120621535287 9.88223544584434 10.7166366428963 2.51919832154557 1.56623318223843 -7.47813670524582 1 1674.73933357038
"1" 1.72531966247338 1.35069790246375 1.81960643265298 3.57736796470668 3.60454700093598 9.19953280622772 -2.27375464573596 -0.818361582786606 7.28042126110885 1 2720.26304499806
"1" 4.04363469543069 3.98599682452983 3.4300968260031 5.14043232373381 7.93874577397818 12.0015831646338 2.15893727895636 0.931147234504053 -5.65107120066493 1 2627.27669157646
"1" 4.61019104478563 4.31375812787718 2.0452314576917 3.15925526967944 4.15821207018911 8.09473225456672 -2.42994573463705 -1.50702137615819 6.64585920114923 0 2905.17092645902
"1" 2.49525340121373 2.05789362043533 2.00755271077966 2.94607180365773 3.99499907911673 7.45693185109539 -2.88588296911571 -1.43192253321387 6.68350383113304 0 2833.34312338752
"1" 22.6120812215768 22.2716086905924 2.99665612717957 5.00861871418101 7.19954360097618 12.1905472560825 1.43632682745747 1.09733013887858 -12.7282839810117 1 3080.72442783022
"1" 1.68839150546577 1.90485579251324 4.04487134070407 4.52915852700311 9.31832125427743 10.3761537462575 2.54034282516881 1.82508447546714 -6.68096314105854 1 2070.76217227724
"1" 2.41271434291381 2.35131976217483 3.4691705662708 4.63161811095677 8.11392874213297 10.8285521738801 1.89511277200478 0.80582698438111 -4.6127706763838 1 2613.01260574537
"1" 12.502539435127 12.1331925712052 2.10365078760244 3.31249129140045 4.21320880322038 8.38870712524913 -1.78003141325877 -1.04485793692529 8.41108709818258 1 2949.69877279316
"1" 1.99945894779512 1.64320930478937 2.23954801813421 3.7993647363365 4.34790197558442 9.2767068462425 -1.7425396229371 -0.531551961699069 7.90538402010784 1 2737.48751164961
"1" 11.8527777099149 11.3526422907069 2.06146005478205 2.83297282847126 4.11585156599381 6.99270644324003 -1.95464712797326 -2.3000603347188 7.88732370137288 1 3123.15429188288
"1" 6.91704187091793 6.62807686020661 3.69746174795416 5.51625251249206 8.33100918970645 12.561006338426 1.883396847228 1.64080394970774 -12.5166823870872 1 2536.88763530887
"1" 1.62995228707705 1.15422780916146 1.95426625912001 2.97076764633725 3.90054161709777 7.29480800041464 -3.24335535361281 -5.08603855005317 1.53357169580644 0 2675.43661036943
"1" 4.77602897461266 4.45079867020774 1.80369883234131 3.13488853120573 3.71514992989044 8.10168460244262 -5.64684219136492 -1.27504758822511 -7.05229953044091 0 2934.19479331176
"1" 0.917814475421281 1.2234040374213 3.75994984206542 4.77286812525927 8.81832612603506 11.185848970953 2.81347881679911 1.39021545123221 -8.08219892339531 1 1899.27869639795
"1" 14.4869211379984 13.9570532696173 2.0141199606879 2.97507123027168 3.86125795751976 7.47862959822942 -3.59617432115304 -5.15007089969706 -6.62290706433309 0 2974.02839545243
"1" 2.56476951972559 2.11593479535446 1.76925317837741 3.22998972746289 3.6298046487106 8.35985957045368 -5.9158490929969 -1.86755922741417 -6.7109221451058 0 2829.58431364736
"1" 2.68554874972404 2.32245065889369 2.05941120765469 3.06174430863258 4.15847699217547 7.66311436876531 -3.40099540714365 -2.59095900421539 6.2346795570073 0 2816.62300813581
"1" 2.88063747505432 2.36936026726108 2.0426698532047 3.3346946678591 4.12807445619573 8.29272325662835 -2.22871230578796 -1.39733961766386 -7.68505487854624 1 2840.916741193
"1" 2.64232232322503 2.18031657166022 2.09596256928361 2.90710918698571 3.9211874886768 7.25460265424739 -3.02007654566463 -2.63177746551124 6.91311859789633 1 2833.60291084443
"1" 10.500160210304 10.1159200667925 1.97443557105916 2.97678390141847 3.81611401224623 7.47221876335481 -5.77561877216716 -3.75934148140995 -7.53143762124152 1 2929.39970391279
"1" 2.7048876411802 3.0810692411174 4.27880382263642 3.82207634889679 9.94244974170501 8.88135748630927 2.26833129044046 1.97045602832025 -7.88652011909988 1 1709.23794341805
"1" 8.38996101403399 8.09051477281702 3.43225731869693 4.49203646517668 7.87410439340877 10.4297571525542 1.92093802681487 0.966386783790371 -8.00270474888349 1 2859.67149966253
"1" 3.35210600603914 3.19118005372479 3.57672561529549 4.32863803898822 8.54698991114052 10.5151564796574 1.99334150629934 0.941107143445101 -7.25972095756988 1 2720.98546556919
