"1" -0.453042645343737 -2.3777354315605 0.501794050336195 1.92394072204039 2.52217001496638 2.76599774015307 -3.98756986796023 -0.518456836467549 2.82334619524137 -0.634591849204666 -1.32256668001552 0.214085527108079 1 94.0159060195499
"1" -0.351118288522957 -1.01693461667347 0.272122957547 1.70535391748827 2.81761791567651 4.50068753022123 -1.93322084485648 -1.04445989599376 2.93001052846114 -0.659242469098634 -0.0799016212933868 0.159055819579445 1 181.514084815746
"1" -1.0885012019916 -1.83367936323677 0.48379574228792 1.25431104597892 2.14004108246237 3.68266914267668 -4.10706429483847 0.0393626527490704 3.36053552819244 -6.49794039781779 -0.274258166276135 0.772501378185542 1 142.95597160868
"1" -1.70077114342025 -1.29557763855486 5.62366272923188 3.21737531683747 10.5622325243546 6.47174102344474 -12.7339761235705 -18.6619544013784 2.06688711450018 1.94634978786005 9.0942194933671 -13.6944452522153 1 187.362752520871
"1" -0.469051654708404 -1.16293568453943 0.261711043189082 0.771153969227825 3.21087910581457 2.72930690192532 -4.02745660540487 -4.06794281437898 2.97405465381583 -1.66648276125145 -1.67293094396472 -0.0482474895138029 1 164.53436914431
"1" -1.21471633266391 -0.653766530958347 0.613922960174787 0.310886187180263 1.92271244470831 3.05339838775599 -3.14951170937664 -1.64908365330923 3.87762341328036 0.252811032421577 0.994043111611408 -1.42971993615708 1 140.766060912023
"1" -10.0076848857391 -0.386596524581219 0.652773076257752 0.0184459302313213 2.99958500461542 3.75812885325925 6.59626674279441 -13.7285125706332 -1.01075645592811 2.5169663195273 -6.8137754113221 -0.492777896725043 1 134.934620346606
"1" -1.90825328997291 -0.982540621202864 0.476223473667452 1.98878669290429 2.33441043619434 3.87158155966664 -1.36488887599088 -0.39792596067476 4.19748377080654 -2.87114389914158 -0.770816218522412 0.443091063259878 1 128.516723453395
"1" -12.7315113290378 -1.11808166598399 2.86063569838771 1.360940448128 5.3783700604093 3.73379373285538 7.91715660437596 -6.10961010415572 1.18237471278975 -8.81126324590064 -4.94023606049564 0.738484888196301 0 190.620405290928
"1" -0.881499682960971 -0.826040333797493 -0.117770120096085 1.05155934195734 4.58621106015682 2.97306990648854 -2.54819968145642 -4.19344247103896 2.9944387604267 -1.37019997090853 -1.45792101280518 -0.00574574418088981 1 161.255306894171
"1" -9.77400407264567 -1.05236720785906 0.788448678269162 1.44085397448076 2.93596034268753 3.2179634364257 6.69067411324637 -17.9167981997053 -3.91291899092667 -6.04017845543244 -10.7925973292505 -0.0187010160668078 1 204.223830227492
"1" -1.34675595845575 -0.812219890319729 1.43900033081451 1.01365912719179 3.00836463044096 2.94238466783916 -3.60370007485445 -1.06004815629782 -3.05769095680232 -9.81590283242415 -4.12393702245777 1.65251328277155 0 259.804562925818
"1" -12.8351478391928 -1.55885477699987 1.83791135779937 1.74219583246724 3.31402996412166 4.29649538165637 7.88953737170975 -6.29567955864722 -15.9373441112672 -2.23012329593455 -5.49544706974733 0.0350948232113743 0 148.229953925338
"1" -0.050272804783377 -0.998485608512452 0.312047718560533 2.85325916732777 2.80218906401192 4.38156000153515 -1.19283922116857 -1.11493820227484 2.6779260325522 -1.12297518032223 0.546216220189792 0.0175462936657503 1 178.946182789769
"1" -0.29972188456237 -1.18167513021909 -0.0985207053613015 0.52838450036562 4.0990117451122 3.4724814221174 -2.19811388125866 -1.022830063811 2.56528777431003 0.771696421332825 -0.0968422669402899 0.112643043975896 1 164.050550188685
"1" -1.55953690732333 -1.43326438234746 0.400781251107254 1.09925713263869 4.47123511789792 2.64623473338214 -14.9818237209099 -49.2956978942968 3.15002455123802 -28.2326251071806 -13.4659556410867 2.33502148130652 1 166.631595638625
"1" -12.5399270737601 -2.11363079498389 0.93729386200922 0.888176641348781 3.72893828921319 3.01501368204302 7.83565196662051 -6.40391462121634 -19.8549096662207 -5.30349031683809 -8.4139723455393 -1.24379242189213 1 132.468280021165
"1" -2.86032932666884 -0.589342653632493 1.48570763276101 0.677925714680383 2.4668783234587 1.92290313488967 0.928447398303871 -3.23175445212374 -1.2004341136245 3.01916086734539 -1.27369503128255 0.307275987498136 1 107.494896836647
"1" -13.0878339792406 -2.40819875691727 0.986978522138015 1.52466259522216 2.75853241522212 2.99480441054203 7.92466228730999 -4.61128525431102 -5.13768245697332 -2.95700105870163 -8.29121870545264 0.488572055044005 1 105.717545195472
"1" -1.09206305853245 -2.3302305581177 0.763453868248456 2.53565875248732 2.02742177502882 4.54754319697509 -3.39282584742436 -1.04084845975098 3.40178747259185 -1.26974587390883 1.45887989984356 1.29099285363537 1 85.8303386527621
"1" -1.18645418586698 -0.300567159543532 1.02694662833449 0.391262613128993 3.76890739253494 3.09304736449008 -3.30463331271394 -1.54237167942312 -1.80346550708375 2.81380428995239 -0.764794050916366 -0.183522467269646 1 168.783621357447
"1" -0.430738288065811 -1.20468074156829 0.434975315551623 1.42848313032712 2.2878123077737 4.32326806508032 -1.89568446890257 -0.850609245615234 2.97923241591089 -0.194890581174253 0.483817227943189 1.95906120461223 1 162.817902752671
"1" -12.5825583349124 -1.61876714452188 2.90414969331086 2.5567833855918 6.70773993654229 5.16684497544065 7.85498552166748 -6.37676654781038 0.215244119572382 -1.50387405887626 -4.35867688823281 5.960264282163 0 151.942148583207
"1" -11.9267586879103 -1.46031225667748 1.26550961525464 1.14734030399838 3.3476737136422 3.9038066073732 7.33860133340137 -10.6658314839174 -2.86777471616939 -1.97716970028373 -9.26355161122796 -0.238734956525992 1 165.496971195379
"1" -10.8295151774654 -1.86451975595804 3.19874710517299 1.4211655431173 4.39644044742612 4.18007974683636 7.03641989627246 -6.94406273187348 0.249606530889721 -1.52734667326025 -11.7309985267663 0.0902147770340309 1 146.817049559234
"1" -0.795357764637526 -1.01945843970299 0.549676554916616 1.35032198156641 2.96292732391593 3.79884022830907 -12.5742652676782 -20.9755033748664 3.17615276242693 -8.56076836954573 -6.90518284628571 3.93024527902819 1 175.460007523788
"1" -12.6126160009025 -1.36638323519778 1.10226596534733 2.17181531154252 4.37750366291505 5.96564409942532 7.85030608711544 -6.12776241008974 -14.3919086148909 0.495666079568281 -7.42117514300708 0.310277257665143 1 170.610705860797
"1" -12.0576491463198 -1.59832042452535 1.34312458756009 2.6902873203036 2.83325946636515 8.98263251457276 6.80792758784578 -0.207599325225209 -1.79357255015946 1.33636723951707 -9.54327103137709 -0.350322616232988 1 182.614430912296
"1" -1.54947301689894 -1.03695581556437 0.944107793908511 1.31086398024381 3.10103290740872 2.72788366209006 -20.5832395327343 -25.4698517004886 -12.0911833380069 -17.7439277482911 -6.14339225339064 1.13909677618733 0 223.59778765134
"1" -0.154784104836605 -0.731630070550735 0.741196308739431 1.26498355573656 1.85537701297958 3.98898420518974 -4.72092708988022 -3.15252682510018 3.01580766516877 -1.78945216884128 2.08821236249797 -0.881349569353083 1 193.950422383463
"1" -0.496633228774032 -1.78098859884328 0.131410516455187 2.45688518672661 3.47578130182739 5.1142622201949 -1.84249973923515 -1.17463605824595 2.8225339359049 -1.55877964083548 -0.418040111179344 0.114417813496142 1 113.918276947602
"1" -1.47454166679299 -1.29956362186111 1.5991239776896 1.67240076720208 3.03416880104347 3.66256320275364 -18.9438655201927 -21.7694603390938 -8.62469704798819 -7.61279304917151 -5.51476348618955 -2.56214542924309 0 209.710669951376
"1" -0.347391745157944 -1.1565918301436 0.307360789516791 1.28492681161556 2.88805821280459 3.47758723314869 -4.39625513608769 -4.49020065474733 2.80596581938899 -1.48980948478385 -0.874156623219227 0.35345569903211 1 157.635613217501
"1" -0.298069825911907 -1.59610789782743 0.313842939753349 2.71070002285969 2.88882210454086 5.19811851419117 -1.12719838713546 -0.456162583009953 2.69885877015 -1.38359522792385 0.366457367924262 0.20097445262658 1 124.892255912922
"1" -0.437755119334244 -0.727788359819564 0.497729357326364 1.46297465006341 2.51245980200574 4.87027709383848 -1.72054044038149 -2.26441254142834 3.01115197313616 -1.04840153350066 -0.0138832747996844 0.0936301295177612 1 175.642125248524
"1" -9.84019707881066 -1.35771893519393 2.20499593134826 1.83340795198956 4.36580555475003 3.95768478773373 6.02526688732607 -13.5981629265036 0.491295567691706 -1.8446896105319 -9.46428360031932 1.59165490664171 1 192.294551556404
"1" -0.663080127833594 -1.02411209043972 0.344412040586733 0.94277420620233 2.8950063022351 3.12010627119167 -4.57997542872635 -7.09505688130373 3.09255509975028 -3.35101131060828 -1.09769769562886 -0.258606180055665 1 160.148577413892
"1" -0.826068416738464 -1.27645218255313 0.737317465790013 1.27861890326363 1.90417338642499 3.74241669896321 -0.496881644218466 -1.26837979787708 3.40728335706565 -0.187069668089804 -0.00770669256078285 -0.482313266168143 1 161.369499085833
"1" -6.90265466868134 -0.499891925582978 2.69734063124149 0.574374019622079 11.2791950795753 2.56647405973406 4.85078025128097 -4.67068337896388 -4.75689040442116 2.81927667216696 -2.01016309435974 0.275187953502145 1 75.5989595757937
"1" -0.540473701620964 -1.62150528844745 0.14379621086508 1.77516156670504 3.26786503003031 4.41636910858411 -1.56627021154278 -1.0679017767574 2.89434636962161 -1.05049504435577 -0.225368462993671 0.0118663005736015 1 141.198275289197
"1" -1.4472724559835 -0.203089701348322 -0.364296827361272 0.511963358490194 2.6944997978938 2.45037547465817 -0.51365406392491 -1.94849248909471 0.794029422717751 2.81717870271607 -0.575885741872831 -0.0860624416199605 1 137.234215105241
"1" -13.1249980444071 -1.51622539874131 5.40113998295758 2.83015524607795 26.8712920083783 9.51372293014898 7.87569655083816 -20.0150094226643 3.11483512981052 0.660224319979903 -9.13648952435843 -0.352152618125605 1 142.371297251025
"1" -12.4542590482308 -1.21307642062269 1.95291143425235 1.28005843765869 4.3903907347732 3.46047440329486 7.85229893421642 -6.05987671410776 -0.537689177156787 -3.05847772376943 -5.46379554281461 5.91561900906881 0 191.178310091863
"1" -0.442128529228852 -0.367540079597254 0.501628944607632 0.279379067792715 2.51227744559532 2.53318236709408 -2.4630670214259 -3.77787228970349 3.11117410942526 0.350220118901761 -0.464240809240475 -0.0233665344429791 1 154.69985705753
"1" -12.3019936961764 -1.37908924907331 1.65628311489937 1.28373025615328 2.63883821281955 2.88095250257846 7.8157371703098 -12.7927339109494 -4.55056121075047 -7.25735399911289 -8.87993305632155 -1.04568694716639 1 193.670661107697
"1" -0.740465588412048 -0.947352865409542 -0.351423509480865 0.50364634213692 5.08040950397834 2.67002382595221 -3.91292742524098 -6.47665295678377 2.63638942060358 -2.12057748784559 -0.799846613912054 -0.112616724221476 1 170.05991260696
"1" -1.81432219516618 -0.295452091913679 1.08365746152808 0.0157387948503211 2.6575071789529 3.68742658891214 -0.202480194225541 -1.33307931856347 -0.284047752857679 2.56975931908649 -0.0802269703591756 0.149249183130927 1 165.920528160129
"1" -0.326418045455582 -0.931616042012286 0.315727701358394 1.87529078752922 2.95095153068687 3.63734154856491 -0.863134290404354 -1.14655157445148 2.82914774162407 0.106402919732296 -0.118001779931415 0.114579773843131 1 195.039154056572
"1" -1.71736718932925 0.480379448190075 0.331460150689087 0.327020314147188 2.36112011132868 2.96077326606052 0.83076323491705 -2.7386070554848 -0.886306605899402 2.2851409214167 -0.732851910414684 0.129806253952655 1 227.867798764501
"1" -0.191069213493036 -0.676450647793723 0.325171244019339 1.72596720742661 2.77450020517182 4.02545930245256 -1.48572134917782 -2.47367607804211 2.84882839362749 -0.764685812492763 -0.0399379005228911 0.0813899388663069 1 190.791468465102
"1" -2.39833470758432 -0.151231503678777 0.250328451773686 0.343880890507983 2.44738891284291 2.93980596880944 -0.34232124338149 -1.1422683863558 0.234679203023564 2.63151579094664 -0.0228475044305288 0.117498023388678 1 130.125535955875
"1" -1.75419894937289 -1.4672282229918 1.31733446295856 1.31357561072421 2.89569314161605 2.95052481739689 -8.97273292180937 -7.60214736948406 -3.11202109285738 -3.01060437124116 -4.29479587399188 4.58776367000155 0 185.819400038724
"1" -2.72938364576452 0.242343803260012 2.35861387856374 0.138395525704325 3.37012751649458 3.35973171477463 1.78099455358683 -2.1971117496594 -0.851676308150172 2.35620784439208 0.544972046833396 -1.60827077401211 1 217.607917635524
"1" -13.1020215597057 -1.64049622717201 1.25689701769229 1.35729428565132 2.83458038470776 3.39016947542954 7.80160724780877 -11.7459131974911 -4.95275824933273 -2.62840086369266 -9.22637677971146 0.250652635127987 1 135.981712168212
"1" -7.67969591745157 -1.39911160643703 4.74330124195888 3.52351810609682 15.7345823650296 8.68995712750321 5.03646700958498 -11.7226231628399 1.52885495168788 1.13051362425344 4.37832350334587 12.2248135497918 1 166.001110680312
"1" 3.11672237683994 1.84952550006307 -5.52308378950683 2.56594572760058 5.27635131933255 6.53154589791403 -2.30629998449222 -6.94898434781954 3.47641319911229 0.489220971224985 2.82478840139106 4.67074273078381 1 166.039627964969
"1" -10.2512730321702 -2.12224403445051 1.25379018476623 2.5618981464659 3.44812573855294 6.57785497429611 6.45788136070732 -5.96742509707111 -3.68581342541385 -2.34168914085131 -11.0557665974773 0.409020286566409 1 112.770788639818
"1" -2.1424699571337 -12.4882719043676 0.990256864587326 1.14144966165771 3.554099587707 3.36122541244192 -4.66930653215691 7.75697900992388 -4.19885615167487 -14.321165496747 -8.50811130653829 -0.00241023111211074 1 132.242543572407
"1" -13.324637374437 -1.73266872047062 2.71099928968289 1.00259547822275 6.1673799568718 3.07466606832052 7.98776409251199 -6.54281238384321 -12.604211170082 -1.38478594280358 -4.4289099129221 0.712206719488388 0 122.153271926829
"1" -1.20270697197975 -0.786402165427957 1.57754649694914 0.324469445999795 3.4507794103563 3.12364625513864 -1.30349537001318 -1.30069710460676 -0.897477266052824 3.06413913423074 -0.19664099507039 0.34468762629997 1 152.844979903102
"1" -0.493542902145899 -1.09768993827506 0.4943709051934 1.84125377546613 2.43028978276065 3.65932566476496 -1.99841500252039 -2.40333030657896 3.03215669911667 -0.704431898627969 -0.330048838185438 0.249287117990902 1 156.134862543632
"1" -0.981820009432442 -1.21854351208469 0.0984572840603112 1.87071996998602 3.64560266726027 4.63894181076197 -1.85324611478024 -1.62021921433253 3.22575872246996 -1.02577703901644 1.80025534806687 0.617738852363051 1 143.086119196614
"1" -1.67581810619748 -0.812751904922153 1.15757854733198 0.323189921163099 4.42855122199673 2.6742490913552 -1.00842212227922 -1.5073676787682 -1.29327830979479 3.11163628217461 -0.113931697288069 -0.11257742908368 1 138.948282609932
"1" -2.15588609804166 -0.543813512065987 0.993647419184014 0.335599766046633 3.42414269908392 3.0356721264998 -0.19664616198806 -1.40707155950829 -0.660409998988603 2.82635576266521 -0.112412126858818 -0.153579289852791 1 135.309857909281
"1" -0.978644353975005 -9.53393012194809 0.876073792467943 0.927353143951681 1.73313491826251 2.38068177702577 -21.3978461638317 7.56814631323722 -13.1104421275727 -20.1283282637355 -15.4120709753835 6.00193412761708 1 198.399559651066
"1" -4.33856858775584 -0.301070378441714 1.34485844407428 0.71532128658663 3.40060949143233 1.91886765040693 1.62841341593894 -3.22411374200686 -1.23457140974458 2.81273281522947 -1.83406815436939 -0.172175431942 1 115.539232376891
"1" -2.34313869006486 -0.628135485652383 1.79740396293207 0.51548560375783 4.70916870913186 2.44713443607079 -0.236622466301981 -1.38582900221369 -1.56115818729865 3.01737986928416 -0.18614286854703 0.183916851201806 1 101.600348407415
"1" -2.27778777146186 0.150919738348442 0.543137334629576 0.140364522876996 2.99812725910655 3.26656747285089 0.203351641330443 -1.18993961933764 -0.0309236314929001 2.43394637372259 -0.216050366349477 0.266663292312299 1 156.395067548493
"1" -1.64244746555715 -12.1642221714404 1.05809145075535 2.91308479999197 2.98330621639665 8.93722101750288 -6.24999813942317 7.78603300295919 -1.98800249259747 0.686805034182331 -4.54393819108404 6.05188193155834 0 175.322105334719
"1" -12.7814044666 -1.2569269310116 1.27532741987088 1.0686379220187 1.96512224389597 3.088588314503 7.9134639906899 -11.474737346777 -10.6113909048138 -11.2443271228172 -9.06527958434328 1.62750033299106 1 180.64203867609
"1" -1.55953575754325 -0.383284171723599 1.03622107904206 0.122669918750634 2.65433802555553 3.53926036989475 -0.746059115978464 -1.2445852711322 -0.2552011255951 2.75696366609859 -0.0897368213672722 0.177767620725777 1 158.998683852595
"1" -1.87268082290157 -1.24883956891753 0.975680888526533 1.04325008085986 2.30451071658445 2.65626555784123 -6.88704315617794 -17.8134898166484 -10.9398232752291 -10.2083873309418 -8.32673689443703 -0.351381834958672 1 192.007121551808
"1" -1.67795009722851 -0.59232730352137 1.37021611212949 0.575856799078834 2.70660401667895 2.66856036887786 -0.444623835649737 -1.30214303332904 -0.186047004624776 2.9877394787232 -0.131241652262342 0.455577316484037 1 148.205211800794
"1" -12.4271346329997 -1.55297603902417 1.12578008916445 2.42268895754089 3.4142809925999 4.8165339534983 7.55350732494917 -4.7685331995882 -2.54333898285333 -0.174205850600941 -9.19698797118709 0.0902252751883907 1 144.918603405678
"1" -2.60598968722752 -0.525116110271971 3.28041872254564 0.509128856352697 4.00793850060107 2.56653741270467 0.0969090069841668 -1.85757750531663 -1.15844420956041 2.85344182193458 -0.300127614256052 -0.0709373730444761 1 108.573409505188
"1" -0.452544534181771 -1.91755267988539 0.486855274379693 2.52657693445024 2.34856157842447 4.91625773123051 -2.69122863219656 -1.20272405298821 2.83272903063357 -1.69995369987779 -1.12254793832288 0.220546085135064 1 99.0154261343821
"1" -12.9633156304312 -1.60425868855442 1.05819512409339 1.33580471405144 3.0393854458167 2.84206087637643 7.91908493023129 -12.7755405292535 -5.07886158599822 -7.15763680968243 -8.20848261985582 0.416704538773293 1 147.958833355841
"1" -0.787848492735636 -0.54430594721008 -0.223785116139608 0.51106032697278 4.25458653864866 2.78173514715307 -2.04278484342372 -1.57937553705037 0.447557067308598 3.01933891047157 -0.174925079287108 -0.0924585402665246 1 136.761392719575
"1" -1.95128452378807 -0.44351781399859 2.26053064871515 0.516595311686146 4.28040199660358 2.69598576131813 -0.59617679168177 -1.86723844078987 -1.48174071436018 2.81547012070115 -0.295236120695784 0.279362909275667 1 126.343018727177
"1" -0.419160704614795 -1.18109115679093 0.312189251988144 1.8477942632046 3.01245732788868 3.94078188775281 -0.822576311317557 -1.21718729220246 2.83645687173767 -0.52385143620673 -0.190621052503215 0.310000215142202 1 155.981615309438
"1" -0.995652165686136 -0.850755359876634 0.135872179505622 0.723992857883396 3.42423816623224 3.15656354092548 -1.68802203874534 -2.83845745250285 3.32718671943715 -0.105662787834765 -0.345535230564707 -0.0125050261867727 1 147.309520304124
"1" -0.761794187341391 -1.93883449659506 0.317546180560353 1.42605695774009 2.67541537394787 5.74730832329518 -0.771721505144041 -0.99984156594667 3.05563946613313 -1.59873860812245 -0.149648342648132 0.154541925066377 1 118.35111574187
"1" -13.040266489686 -1.33592794852263 7.62248183189278 1.31345832413162 18.3036716153462 2.93572426120965 7.99891102733542 -7.38639501125097 2.69520629968494 -6.54885180545508 -7.76304650442547 0.378406117306389 0 160.623150878479
"1" -1.92261382075984 -1.73463649065983 1.60084275701993 1.31738191260891 3.99092342329967 2.82795451030269 -6.73867138019376 -11.9623443241326 -3.32908905863929 -9.73617721243486 -8.352652092147 1.36922812904496 1 161.121875051619
"1" -0.395082173048392 -1.41288674120229 0.475628793929501 1.92575597289692 2.33026765164909 3.79585990115819 -2.36730285864406 -2.14940932242337 2.83938946846152 -0.626888526515698 1.23598157694181 0.288510625976755 1 112.86968922394
"1" -1.15504659373306 -1.21304184469986 3.11342750319364 3.29289865627008 7.55038378379779 7.93580678276788 -0.501867136778626 -4.5533877426327 1.96023096281494 2.22477287081931 -3.14872614761339 -5.5783794144877 1 172.681753659123
"1" -1.72617887695244 -1.93549402272111 1.24436502229206 1.50501929519441 3.06744767077643 2.9831312689907 -3.27938994081715 -0.119480699717273 -4.85594989498494 -10.226826119343 -4.44832544834575 -0.769955631908697 0 184.713539968602
"1" -9.55472580493818 -1.22325680916413 3.94036175821207 0.696510451325811 14.968861511682 3.70218060960123 6.68906855850066 -14.257609449759 3.66927823273465 0.0553690850841906 4.39572202100554 -14.5820801112745 1 162.524823183257
"1" -0.632942095373564 -1.91844516391936 0.514955290085738 0.774190901014708 2.49906874617156 2.60978834564549 -14.7519051328795 0.748268136921362 3.01329906113449 -25.8075610682355 -5.64437508245614 0.092397035266196 1 147.840836577899
"1" -2.90864173438512 0.151094205472934 1.33341073772446 0.327976139554385 3.31310283287088 2.77640834578117 1.40727299311434 -2.34052803205265 -0.608927950868264 2.44979454916085 -0.786126388433698 0.163408869525045 1 157.924679886097
"1" -1.37138406530657 -0.0514296327057921 0.927795254358517 0.49871324377239 3.54305578726366 2.52236902274889 -0.739790978212816 -1.10255538534597 -0.581746992816631 2.6656361799258 0.619169198473677 0.32809120257078 1 179.27064912965
"1" -1.97795366023415 -0.248521229738221 0.756232248201454 -0.102623626261075 5.77879744349869 4.16661105104312 -0.89427408334558 -2.26266283442105 -1.42830210455318 2.43965452401133 0.829631881105059 0.435088695362494 1 150.868391510714
"1" -0.298323831052053 -0.289692434163456 0.355465456747362 0.928187418357649 2.9153499219157 3.08488828681744 -1.05968132144637 -4.86695221192282 3.01534593127206 -2.74381149393176 -1.73189053800578 -0.448399006288181 1 212.317337989626
"1" -11.0602268642222 -0.867319791727789 4.02402874472952 1.25141155766507 10.3764477432422 3.51846048406072 6.78239786884071 -5.29870698843007 2.43844988547575 -0.966628080321731 -1.83969489328058 5.17704331999244 0 222.042779884463
"1" -7.48215299644799 -1.44594295870133 1.38245453414462 5.51348701217094 2.60631040804835 9.30678746201508 4.9744507518711 -6.72105636458073 -3.56597420284309 1.88997130325369 -11.0165172698612 0.0668733467623395 1 171.310228792363
"1" -12.1776026351819 -1.76728044108273 1.4235004558522 1.34720642292767 3.88195293184964 2.94873344612717 7.31145832689035 -10.2251511259185 -2.58094518735699 -4.23983958595901 -9.04231185115452 -0.132656121645694 1 135.20746192141
"1" -8.62416954105947 -1.49367511499778 1.97304886588353 1.71005409966705 3.93191056207429 5.06355557542304 5.2003022891402 -12.36084667284 -0.238650336170297 -1.63003793189421 -10.0081658046134 1.88048286580693 1 198.858345293429
"1" 0.0677657752027928 -0.479997756634972 0.279286046138519 0.936991911064638 2.91205202923845 3.38513194622806 -2.32790812204498 -1.12939173977016 2.77051146754829 -0.0166341343777811 0.570986192464638 0.0109814627300133 1 232.04547826416
"1" -0.554090079911999 -1.28233810314698 -0.0296099396333292 1.61360600504898 3.96240872881794 3.96697066246202 0.0370279416686418 -0.299666032778089 2.80404550910697 -0.155636910817264 0.310784827589573 1.14783234487066 1 180.204831430258
