"1" -0.892040719140622 -1.03016778002316 0.164870254483351 0.865039353402357 3.58627522173384 3.04884851854134 -2.49645194748453 -1.92159042972868 3.11564217581089 -1.43096943149546 0.188606698494896 -0.200286838623861 0.428623674705554 -0.0293911435330157 1.23068987491756 0.217517683429251 1 1918.99388227551
"1" -0.499365894891491 -1.27326065655095 0.277046514594914 0.636599100838217 3.0602656121705 2.88090895096977 -1.72616024249465 -2.11810771290879 2.84722459056502 -1.14970515011562 0.0296674697948904 -0.580911996033439 0.297584363517091 0.269139013178245 0.982150270636474 -0.0592991124885021 1 1767.85013387501
"1" -0.933489265472891 -1.13735686768325 0.0177222582716616 0.332744002948979 2.93974899577092 3.44656927175629 -1.54529495935241 -1.4634285246731 1.24413407068205 0.188367912625934 0.341780055009464 -0.175266966942467 0.12064885416578 0.727536002181849 1.25510804168677 0.265540309430132 1 2201.39234119482
"1" -0.74718986433526 -1.15990493996075 0.0525687660055081 0.50810503904063 3.88217691149572 3.78425174978118 -1.94433834118035 -1.70875011512201 2.88440474682327 0.205890833187528 0.0522197099405207 -0.221064084502003 0.475764450187495 0.345894436774157 1.12903998392699 -0.0727361356236713 1 1864.89928052753
"1" -0.863027674768655 -1.23566696736009 0.141993875224124 1.35857787601678 3.11083025943929 3.39353031314222 -1.0305802520827 -2.04383902294845 3.15025496311696 -1.33911522114985 -0.455185890468202 -1.11126115314996 0.201700558819967 0.263901118139357 0.282958924780119 0.340141165805059 1 1724.92123000996
"1" -0.669353714829782 -1.25418314706388 0.250443436938728 0.786753364603616 3.16319440375944 3.41146738911692 -2.07847253539836 -1.80227349890317 2.51987763930038 -0.653294022775665 0.235594491682007 0.301327569000865 -0.0178979404628277 0.126889258264532 1.52087468061067 -0.285498225607025 1 1994.46796406976
"1" -0.47074133496573 -0.84665531444552 0.226247770072794 0.40789165358692 3.04978639965643 3.23840661995234 -0.91384788100735 -1.4347788644298 3.02112845075726 -0.177924733220286 -0.0275995966789289 -1.36058723768292 0.117282966660026 0.210478632604406 0.983911124159013 -0.104099783509289 1 1752.08043319507
"1" -0.780505859382641 -1.41460634515563 0.277396565264678 0.999877680858001 3.33225491137082 3.66528712804991 -1.84740984065025 -1.47978723026476 2.9864019589462 -1.17713946438315 -0.360444855461817 -0.489772586290725 0.125141951806908 0.0754106801893396 0.430929027896719 0.149555684557828 1 1787.05105352317
"1" -0.634700332667128 -0.755908827064726 -0.0583167562737342 0.156787687578166 3.6685534189353 3.72521129134152 -1.51124759910734 -1.76496019007288 2.83897404030062 1.3023334530298 0.345597991791985 -0.461055566728613 0.269950385607197 -0.2010260992419 0.994781425752175 -0.247525043464597 1 1849.80648390547
"1" -0.122077524058469 -0.109856376033836 -0.425029952859334 -0.262619169114531 4.68531316594768 5.49709734032221 -1.8097803617892 -2.22606949795997 2.58836333433287 2.85610965681979 0.0250758635740005 0.000638400638082797 0.744297132430346 -0.0379878503376914 0.829928074039976 -0.422560655169552 1 1533.83862737682
"1" -0.71000359089343 -1.42685319001997 0.182445894258103 0.99706589041805 3.69718185604953 3.5111629580275 -1.8123405571888 -1.9843848227716 2.89911083519696 -0.96949763396182 0.0591227586900704 -0.165303032731682 -0.660195385525155 0.234354523099858 0.958925667002315 0.0624313080676031 1 1793.89019159173
"1" -0.547683541117881 -1.18588656244917 0.256491824942793 0.857281755469809 2.96974508481031 3.63852126011781 -1.14572254955443 -1.54387727505539 2.9092857111092 -0.797049670658015 0.250983205267311 -1.01538899569362 -0.0176721826118061 0.292417576806588 0.510473073380826 -0.105146010384507 1 1691.33224756959
"1" -0.983666794567782 -1.41921936845842 0.311486079830084 1.01199977387041 3.95530277913683 3.57286745954521 -1.39594636957986 -1.92516511772913 3.04052891459375 -0.937921534105412 -0.428627701253834 0.145918976939759 -0.489634430761335 0.0538639699155549 0.788856727581975 0.0743033330494046 1 1862.33494268942
"1" -0.479339719677111 -1.45793374722652 0.219325134391505 1.05508374176083 3.15109651798164 3.70774871078389 -1.34887501550746 -1.44226103477152 2.64254153878197 -0.552530673809158 0.00496164970470679 -0.748748922599086 -0.0497545707486942 0.526862298099953 0.653239681108114 -0.182561445637251 1 1704.88468768631
"1" -0.770615993569872 -0.821187846960461 0.469745097089796 0.0706404447793546 3.23310988490454 4.04672399062779 -1.53849650871566 -1.58806865576634 2.31470512192311 2.98142817850616 0.0691963196623845 0.583974989241889 0.360002595828158 0.434699655719117 1.54982176035485 0.300709134142882 1 1842.1813101991
"1" -0.521292456879922 -1.23721590618206 0.608357966096132 1.15438034077027 1.31483403958841 3.95820282952273 0.49928355392481 -1.22538568183652 3.10402873985197 -0.6317643513924 -0.11663239003632 -1.5162004538833 0.292667088524178 0.151367643447804 -0.0487731065071258 0.0550289913777142 1 1443.51885422959
"1" -0.524829962782999 -1.04424715155756 0.184590835284644 0.729791293951604 3.18979557145602 3.2897273975165 -1.50807928330797 -2.07437833677565 2.97822237121817 -0.78791736833914 0.152431292511072 -0.532292087596201 0.218310136325942 -0.103847936470049 1.13100974616459 -0.0199338374593952 1 1940.14145275997
"1" -0.582364196145227 -0.926794832960694 -0.00469548486760557 0.131099309303541 3.86823262288953 2.27229172596856 -2.08902622890621 -2.61820017036805 2.95883739712612 -0.89957609771952 0.582829755336883 0.141557782144549 0.398270016927813 0.298754385718484 2.20018251170754 0.194439800670107 1 1850.799099611
"1" -0.826628135468838 -1.20555355104272 0.293293192369922 0.731403979520446 3.0607966220935 3.4969496944907 -2.24921817372367 -1.91102794188974 3.10026516483356 -0.495949364158396 0.290604116954014 -0.391133991216664 -0.154854844211934 0.142204997941147 1.14863942990246 0.0531178637741576 1 1808.07384956623
"1" -1.71062997239097 -0.638327143014786 0.937958327563273 0.313484716742964 3.18091720106648 2.82325421274049 -0.689891381630896 -1.74313369314047 -0.576229275764702 2.93317627231199 -0.177619973273357 0.432035427173826 0.462892329503427 0.172249875909752 -0.96836828820117 0.563263280136894 1 1679.62381538144
"1" -1.88094408929761 -0.676698918516148 0.564949807992303 0.0445788231462102 3.62921990042988 3.77212976250138 -0.325314880854021 -2.19557193991202 -0.496327232339223 2.78192725318546 -0.322985112292597 0.75455827016573 0.032257032099926 0.0853599044894521 0.221178681862895 0.0264320456927239 1 1893.87921709134
"1" -1.29124717658043 -0.515744622422833 0.823636027060583 -0.171512142108309 3.19126035253415 4.3729612867019 -0.596843817138162 -1.88119399922061 -0.644491630492693 2.65498857775993 0.186739523441584 0.189426110833388 0.249804759160329 0.41486728066363 -0.521926201772182 0.351027358615601 1 1864.91379541905
"1" -0.183277841441025 -1.0966162300796 0.26778555654671 0.735659530524343 3.00982858700034 3.24031637659033 -1.13101498715186 -1.42466604475602 2.72695713133063 -0.43447983222016 0.130706968000369 -1.01299428827004 0.343458379047424 0.454722730186159 0.414115815163953 0.250638592989042 1 1847.05123155335
"1" -0.67304670893806 -1.45487468622187 0.0246588358289264 1.24478443183778 3.22027762788279 3.72847761302963 -1.77303945679566 -1.85703120284328 1.51669445532805 -0.577753034813032 0.417269930649204 0.0371844836259285 1.13026244594691 0.276745540013778 0.551671807041878 0.71446788673978 1 2251.94395042779
"1" -0.677671216259865 -0.979246354584464 0.171941804952986 0.507116951471109 3.55774699435819 3.28668077266198 -1.75712509342885 -2.21112040510446 2.92832062890386 -0.132188773729796 0.311574075479307 -0.395706635076485 0.463764916006614 -0.120670987087442 1.29171498927995 -0.072595299596591 1 1923.27695540895
"1" -0.772154397574951 -1.25028824681476 0.209363199296537 0.797821521378058 3.31716848926003 3.73742543036398 -1.52951764896101 -1.844573583055 3.00513460691757 -0.60746267471994 -0.306598475494589 -0.848050105909362 -0.150238953555874 0.33453269103878 1.17402408285443 -0.0213892002469561 1 1690.37104453825
"1" -2.49447718999984 -0.989303053281847 0.804783149947853 0.261926321595599 3.92638988679348 3.40103894425418 0.578202116257848 -3.03056246930028 -1.3867707053327 2.96503640876336 -0.649833310179311 0.564357750763612 -0.491838857748722 0.236671739594961 1.0599316448683 0.421423345456056 1 1752.40358952183
"1" -0.397322853615092 -0.998501847209097 0.331558665102435 0.339286153021706 2.83758793489923 2.71529136252682 -2.19211319291636 -2.07002216039735 2.88991171711836 -0.177159132871556 0.456382807479172 -0.520223257975056 0.0970669891229479 0.246997597677999 1.5689753499894 0.440474624490862 1 1860.46419794944
"1" -0.761749262326729 -1.43500840141548 0.0781592234213517 1.06025050753903 3.5162306524624 3.9978598241039 -1.92670627950134 -1.7974138225488 2.59619959981145 -0.863026172584358 0.582696686100019 -0.0568410445949784 -0.350795626581323 0.27216966414109 0.563238922747707 -0.155565663377608 1 1935.56943399764
"1" -1.64003272594021 -0.561741396123451 0.811602642735009 -0.08993403475965 3.60632736592947 4.32905387688464 -1.31976805866113 -1.93401396932826 -0.9621870505266 2.52137119436278 0.0201054608043683 0.600141517615138 -0.320600201461427 -0.0699810927287799 0.983766033301369 -0.014483374615282 1 2085.64661216209
"1" -1.90249149536086 -1.37153133630461 0.892093541685205 0.78113972902421 3.62455586288041 3.68061193791697 -1.13662517516443 -1.74775294099695 -1.05404791032081 -0.0622872036862823 0.364832225387416 0.399074625226274 -0.205926536163718 0.344357141169971 1.04930961279524 0.474694439265003 1 2219.37965101699
"1" -0.344298530666692 -1.16222190036622 0.23719571358211 0.792966833987625 3.20865012778771 3.43699568931456 -1.92558365498982 -1.79795998473725 2.71872494699049 -0.563585438775103 0.20408789676506 0.0865233916501348 -0.314794796837216 0.362775106219146 1.09314322551971 -0.078114236786838 1 2039.34795413072
"1" -0.637110531279184 -1.219944901851 0.233767666532305 0.577613293059549 3.55893190777751 3.54248720256145 -2.17863273623816 -1.84971980822363 2.87287088189598 0.0273846762671669 0.668623678909863 0.126881685459843 0.117632471690494 0.238717929623721 1.27216605177883 -0.00717883144564392 1 1995.91092978546
"1" -0.66192874856151 -1.07577241008317 0.192620103244432 0.843766399352117 3.39891419941144 2.82777204398243 -3.06470331216216 -2.04677822003437 2.91602557524148 -1.04712107530243 0.738891481261522 0.724625133032642 1.29309357748467 0.344403380524326 0.952692374541503 0.798545921062234 1 1998.03435882629
"1" -0.873879610867286 -1.44721368406951 0.275284082613006 1.14460944298284 3.21185258758122 3.82418648865333 -1.72082511915364 -1.64652724253765 2.35115712227975 -0.821630084443682 0.0931964903012566 -0.402797298155313 0.601048577943593 0.418122489035353 0.334903954197593 0.638550812949072 1 1966.80654350222
"1" -0.384265780177867 -1.22609126618426 0.255288182206638 0.696536595884946 3.25266577099692 3.24696663095518 -1.99269054072147 -2.05917767681203 2.77571851575012 -0.775162895602548 0.162511768456027 -1.08930276223219 0.190872454935727 0.0829624187170842 0.594729623994807 0.203236475978598 1 1856.6354128247
"1" -0.853086306186529 -0.808207804603124 -0.0344717632120809 0.243829038399405 4.0779941459154 3.77238030841951 -1.73612169244072 -2.07080787277115 3.0155609254634 1.63998288082786 -0.1007018669056 0.201729323736415 0.0715317387062891 0.675456388405561 1.38478448595275 0.225389060813963 1 1873.79350423412
"1" -0.720150463006715 -1.03060889702157 -0.0372528261148164 1.22828051030066 3.91254391746728 3.46045533989651 -1.68134524604421 -1.94352114294381 2.93045488980912 -1.09291153419116 -0.0658100997416536 -0.731178539118495 0.870788426555284 0.568865853777446 0.198650519252692 0.0270535767858092 1 1958.00075270416
"1" -0.936036047112936 -1.27227061166571 0.215088402844775 0.870932985760178 3.32174945305498 3.25620107089816 -1.89379855281269 -1.87797539002073 3.17624960383828 -1.34535929497424 -0.435322689152967 -0.745013243424218 -0.00830064086569929 0.0128364192846514 0.996264594198408 0.089260746027973 1 1747.92129363266
"1" -0.625435768570537 -1.33770876558014 0.185540399856205 0.840980497150303 3.36438272214665 3.9213379954054 -1.39715047252719 -1.67492046934396 2.92132509655444 -0.690694297010695 0.292606070585846 -0.574174174452986 -0.234887694821317 0.13749797726454 0.740635128742432 0.152508110997787 1 1701.4145229088
"1" -0.670416623378578 -1.57715148150844 0.200134036005777 0.623643200711643 3.57771104988589 3.99474377585432 -1.87163258193156 -1.24457418494436 2.81953451920459 0.264555478174876 0.0695720530586702 -0.0543902306890812 -0.199795970519464 0.356032031794238 1.15074905499375 0.621589792252803 1 1627.97874485653
"1" -0.718244388998596 -1.22330454415457 0.141550364668819 0.697013238746936 3.66192408925839 3.30650025899092 -2.35112036784001 -1.96689698892787 3.02129190593327 -0.69721698409704 0.0481594744070059 0.184830730133203 0.298769335750187 0.373520529352608 1.46994165232669 0.521391814812728 1 1892.0442426321
"1" -0.532015019054508 -1.24999480402626 0.160170119085515 0.990804879907863 3.67609585838248 3.89167891896313 -2.17201815153894 -1.60801731160785 2.86425711995611 -0.789246492269326 0.315193001983783 0.2006413855633 0.0601510443589378 0.628410640468302 0.768998711327192 0.981248931371529 1 2088.67852620615
"1" -0.541904579922099 -1.19759831209773 0.0872089296071326 0.572472008049653 3.59398954478884 2.73797469014729 -2.04510148346287 -2.1274842280883 2.91429549312272 -0.583162470453065 0.234035926418455 0.172878225540885 -0.10411273337799 0.627267525282785 1.43129178637506 0.621166164167282 1 1860.95155040739
"1" -0.573384795220852 -1.27792789633746 0.0544394347828148 1.27763209104338 2.99779937747762 3.78421685197127 -1.49805158843152 -1.61098797090326 1.77839483623853 -0.849053538279659 0.430811103940476 -0.576971398571475 0.447504283821847 0.374672800752253 0.196396778158396 0.339703594039512 1 2232.78038627031
"1" -1.00284486271768 -1.10570681740685 0.439855989306071 1.11407846088697 2.92042587896687 3.32580021328901 -2.8175116372137 -2.0140056429782 3.3290961725081 -1.10084616729598 0.045241177621768 0.189760970265248 -0.122800301529481 0.459618303448228 0.631629555927938 -0.130611604240942 1 2001.52286681348
"1" -1.70114326396766 -1.37441183113607 0.679323064656122 0.749378058780165 3.17794055077075 3.56750838887226 -1.06830356153926 -1.5572880114604 -0.561832810407864 -0.349869011923918 -0.0181873650866855 0.417914190411274 -0.390187188797475 -0.140005485109516 0.708271213502025 0.44218514785123 1 2341.61847926217
"1" -0.669086067214708 -0.665124503094592 0.174680427257315 1.13819425653917 3.52594168316881 2.87792706628206 -2.32559212488474 -1.91395819269723 3.05841501392748 -0.917226219352445 0.332696250916591 -0.771420612501487 0.324408567993728 -0.000600714902177912 1.07681419245837 0.386188849834236 1 1799.74275339509
"1" -0.307005810061262 -0.617195662508955 0.202103088681062 0.102454096151413 3.04644832840645 3.16607194666667 -1.24927980189354 -2.02606623272124 2.77258749967534 0.995309100410924 0.0581207796009711 -0.987295742334641 0.395796566689297 0.251362014920749 1.25640559378814 -0.293448862556758 1 1633.22092242179
"1" -0.966923493375101 -1.50384745345902 0.319577882298693 1.2222107137731 2.72745402900983 3.40943809124608 -2.17761854647206 -1.82144418288931 3.2293490538077 -0.77478713527556 0.148482836299385 -0.842191991052854 -0.0297028253166516 0.457588332330916 1.02895767744063 0.200407342034155 1 1673.83028149568
"1" -1.80489070304559 -1.37073566685721 0.570842126980304 1.07911676685842 3.35170885927209 3.75032850568337 -1.13034487203204 -1.7726576151546 -0.0999240768812116 -0.780086632014927 -0.15996004631103 0.623839011768532 0.345555856722011 0.694551957847466 0.69465912558412 0.354720711192329 1 2296.77241226037
"1" -1.9852273312881 -1.44099573725689 0.991315940910028 0.91313937524252 3.39075926281143 3.81495811810206 -0.797669283921918 -1.78191819931909 -1.00250056179058 -0.388425965980066 -0.446103448862663 0.287013713686991 0.247678257764382 0.414578724424689 1.03753816501795 0.62464917778088 1 2237.94279495326
"1" -0.442073646152182 -1.3110351385651 0.0126317380297827 0.8928772562809 3.57646349878107 3.86138127535804 -1.22559300815672 -1.40583338781033 2.67974876407184 -0.551975126209089 0.0446195347172397 -0.700335068191732 0.566792344809942 0.446286200844405 0.937657807822376 0.336047150811046 1 1826.58395376627
"1" -1.44917270418537 -1.1600926943044 0.0919723051966705 0.426676446724753 3.40125379668598 3.65855128511198 -1.3485245856708 -2.10376026915829 1.78732176418423 0.466217777841887 -0.164290227471036 0.171609052908026 -0.462450087762076 0.332576042369434 1.05299650577369 -0.326255739078848 1 2121.57089432337
"1" -1.01004706911006 -1.51219030657756 0.0535986984010308 1.05946815901279 3.71865373269393 3.81359938857713 -1.40264624000026 -1.72675611512584 3.11491844831419 -0.185047630709373 -0.483262003666037 -0.633589151101522 -0.138357897742571 0.00623815200377388 1.3984448223969 0.104612600689028 1 1760.02490431497
"1" -0.582160041798151 -1.19374922806006 0.270542630337195 0.694912028926361 3.2197629960038 3.82611818887249 -1.89885777357532 -1.60066939997822 2.88610194696142 -0.286570917065547 0.612197071800481 -0.435522418916455 0.0424529735868744 -0.208687595857476 1.16458844903147 -0.274511272171061 1 1929.88392646725
"1" -1.41494384196963 -0.649803137061313 0.0332486760391809 -0.066609270543305 3.72523826963852 4.63574271642021 -1.55972456653815 -2.29605717987002 1.29694061773744 2.60872087940613 -0.393591399152083 0.467296738027278 -0.325586108585318 0.210429910103953 2.05497621517853 0.0303233929810046 1 1997.1534067012
"1" -0.634947997479904 -1.34975602307768 0.136665935174953 0.866961877778514 3.73079538148569 3.52878826532881 -2.29687382623759 -1.83412477679124 2.82394422090482 -1.02711253019911 -0.385675426719897 1.1218922765171 0.356316898379806 -0.056873400155666 0.500563194631859 0.0754784608486298 1 1974.38596954345
"1" -0.536468404801833 -0.681515731282927 0.0518262998247238 0.0840551708600884 4.04869198097817 3.82424801331244 -1.87348306581945 -1.98190413717041 2.7987133007065 1.39039185309088 0.269273328696933 0.443012907389863 0.492726357807605 0.138079075368885 1.66847994713575 -0.0501620429451666 1 1910.87280690327
"1" -0.251093196795674 -1.19629074514146 0.11607631513342 0.914730115592856 3.09933621747331 3.79508107056641 -1.05595355826837 -1.49244794904573 2.5791281348296 -0.512185450584922 0.104051962580232 -0.981001692995783 -0.214110362645409 0.392581833366939 0.556689358959386 0.00934117587123516 1 1864.45635390584
"1" -0.788138273136806 -1.24141525462214 0.261664783373172 1.05369483310892 3.12962251941098 3.77918689114295 -2.0880266151465 -1.84261656399777 3.02919414891549 -0.626435971004142 0.220958137406779 -0.565880938901894 -0.112921844053814 0.35473287292107 1.34135646283367 0.211960934475113 1 1696.04043305148
"1" -1.0340357379876 -1.29943630199635 0.0141276384178966 0.933899936670886 3.80125687060925 3.79944489136027 -0.877907606442249 -1.65991665743247 3.10626617289071 -0.393717985043645 -0.632369382692178 -0.783101196145857 -0.0995411489526955 0.116976925194623 1.09708440692498 0.0907340300940234 1 1708.00030408926
"1" -0.801170221058405 -1.19351666755588 0.313093507522216 0.957094797744903 3.82656793161235 3.51329250547148 -1.89775261689362 -2.55540140912811 2.96656665318588 -0.900374843886773 0.189214384600796 -0.240191959290105 0.610668235926351 -0.103513342976195 1.36293789023655 0.0137019286991361 1 1826.99290724514
"1" -0.652849902873132 -0.794890721238546 0.167715412706664 1.51478332729125 3.45064612918169 3.82573932011858 -2.7370077312404 -1.76366416092986 2.99202495126302 -1.02781652577649 -0.213555817087883 0.602064733789768 0.400821192139046 0.579131298195171 0.227054698700546 0.893192315391895 1 1960.36879017635
"1" -1.14818529402069 -0.324386164319769 -0.218026634576458 0.482594678049962 3.34243487844199 2.29672708633708 -1.1823465906545 -2.70410707351001 0.506587550487003 2.87847208320697 0.0482066563113261 0.348892912385304 0.650280580485017 0.19889181070781 -0.859074784122635 -0.304261568747756 1 1909.96932769311
"1" -0.770877355612293 -1.46972011946715 0.0180076297270823 0.969898049179722 3.0672621595248 3.39277688537205 -1.33960859868626 -1.51537211884057 2.00768765063759 -0.753909340644475 -0.215894816314853 -0.658406950915227 0.544267232460557 0.24648895878929 0.506045368167594 0.31196549837607 1 1908.65118319628
"1" -0.958259599158329 -1.2729336018925 0.311215520661778 0.946354720173507 3.43479471887277 3.29942807723926 -2.60113480445204 -1.7349617148725 3.14918283734597 -2.10792256917331 -0.617657947897794 0.165219733721207 0.228841784058908 0.0179452582515457 0.6235880645092 -0.0720319408153254 1 1814.26242145374
"1" -0.99819266778211 -1.3043823007884 0.631641939534077 1.21850875434117 1.50681442493073 3.55639321039662 -1.35724926661238 -1.83446426571062 3.41459548330866 -1.42181596749615 0.321130996687578 -1.14385096108042 0.634224704047774 -0.235086315583501 0.240765590767227 -0.128635091543525 1 1532.38578687464
"1" -0.0741299170504923 -0.913003303195015 0.169252947646323 1.15608391571844 3.18511126499513 3.93841554045684 -1.80323138001137 -2.07349928204079 2.59501595926274 -1.05700814621158 0.270244520387176 -0.894128198392863 -0.454721227822953 0.22127499563384 0.708590853352244 0.347513569361033 1 1939.67330277097
"1" -0.775562920838091 -1.22509030692297 0.261436446065389 0.380073376925452 3.07950837285717 3.47814972932709 -1.83845799460418 -2.49690298117891 3.02128968193589 0.330774880888437 -0.192225004861118 -0.965824984986016 -0.0409403438622328 0.389685073084826 1.16847694432263 -0.121234404467854 1 1590.37395483317
"1" -0.995450204695214 -1.31227076366804 0.181524373584776 1.05674527016086 3.3727232027859 3.48104322861879 -1.78508759038246 -2.08852400718605 3.14595544316527 -0.548192379794888 0.0560448362202674 -0.0808349734295819 0.333271637906884 0.0881581749124567 1.27138245096905 0.218178534117523 1 1701.84205060713
"1" -2.50294566137166 -0.608266408491057 0.723752884733699 0.322602421682646 3.5079414847315 3.09640075443863 0.791668043072358 -2.55156166719171 -0.730759458610162 2.80665927219232 -0.432869374357184 0.803635419233553 -4.88396317710194e-05 0.0401892830442907 0.464581304175545 0.454628508186332 1 1940.33850230263
"1" -1.26689241403001 -1.31582207266315 0.132466416090711 0.876798449147841 2.86664388660363 3.79463164118814 -1.43441527185137 -1.58162893814705 0.864688952918061 -0.467060521583663 0.456621414857543 0.133212989376281 -0.374782031120003 0.743365182470468 0.771411936317052 0.299577437782334 1 2298.31815754189
"1" -0.752558746392173 -0.822635521909142 0.216582465926082 0.536837310444834 3.55446323556955 3.49815629885966 -1.89473307798685 -2.00766413309301 3.02833546175548 0.365374825371382 0.333118536058329 -0.182875917791562 -0.138324539206248 0.478325391945355 1.11959922940312 0.160253868555314 1 1935.61067440018
"1" -0.444065173030676 -1.12654956111338 0.233258314226151 0.874460634289469 3.55557528155928 3.22770185587554 -2.26768180322424 -1.8736517266332 2.78760180716986 -1.12557589506248 0.0101735944394878 -0.0173582987651683 -0.587389895539683 0.100098002812775 0.954578426167249 -0.0653587820091839 1 2085.94297061167
"1" -1.77820914162473 -1.28781066469062 0.466952121293675 0.392883303461322 2.94403780723356 3.79968067557328 -0.89057949741491 -2.24061713443567 -0.528848740496687 0.74760152643626 -0.342831826571127 0.673506458808641 -0.744910691288682 0.328247742857544 1.6912169707138 0.103566951727465 1 2213.62087273822
"1" -0.725432729041945 -1.41597110846067 0.218359241717931 1.3476718335319 3.07322023006931 3.83670575437765 -1.20308555528826 -1.294980199907 3.00607792331512 -0.623958289118844 -0.39206637378964 -1.00331349943835 0.0901070686193416 0.108844027136148 0.772487271229937 0.209301353147573 1 1572.46813007829
"1" -2.31478448615826 -1.67089696870908 0.397296493556355 1.19601711187432 3.46086379716936 3.6007324079882 -0.287655763419456 -1.34251820152801 -0.0235937551726124 -0.927614452715429 -0.412842711672967 0.718629782742512 -0.253284359401296 0.499588815956362 0.206761706003832 -0.256571279866081 1 1968.15646891894
"1" -1.3493760595797 -1.43494030324247 -0.0160408397896735 1.41117788761961 2.98994893956944 3.60794574514796 -1.28777065066312 -1.47418062673411 1.33215756392667 -0.905311895304999 -0.343029280362936 -0.383751030500647 0.726454673555592 0.346035142167517 -0.0175503613511166 0.552297570671914 1 2063.53655080886
"1" -1.24736887790382 -1.15731293642827 -0.116220268982059 0.554946973732078 3.33806985426925 3.56679855628503 -1.20577667692617 -1.68185660312913 0.826908746583709 -0.00151769417780878 0.350786607761288 0.087408121878419 -0.421914681500294 0.481530120821838 0.894152959769998 0.213036443177852 1 2359.37686421637
