"1" -1.31023385799091 -1.04039012995203 0.227384975577407 0.437013003045647 0.269230499411972 2.34057408842786 5.33878110192613 -1.91015731515129 -0.39463673480393 1 -1472.34028871097
"1" -0.620509072378377 -0.921563511703818 0.219123756421375 0.974139174489528 0.207749342567042 2.78988739205007 4.90663021080556 -1.60033523012959 -0.152010211947298 1 -1347.17545731919
"1" -0.877304853584858 -0.732847695927597 0.302910228879567 0.597623224753925 0.424410272688784 3.82540208372011 4.72353540465468 -1.01842813751491 -0.779841266805384 1 -730.666132331367
"1" -0.934615409672329 -1.04885363300865 0.437003268469863 1.21261802950924 2.46923125320877 4.01877504772378 3.66293552368727 -0.67213143725266 -0.113919222904382 1 1326.25554728823
"1" -0.612547300886297 0.0399808146702536 0.423342114644207 2.11752102141671 0.496608152378305 4.13388542303197 4.41541344729349 -0.752015312304717 -0.718377716986014 1 -58.3000922776264
"1" -1.91089789469293 -0.213258949839085 0.949129662533685 0.250992145147796 2.85904712514095 2.81250642487552 -0.302229222168502 2.9350772973942 -0.0387211670513574 1 1318.59908294229
"1" -1.40371088790893 -1.47055790396951 0.229203726422662 1.42404920880908 0.244773243883112 3.49068054241051 5.46798618599294 -1.2973261528811 -0.0334984736981309 1 -2006.40011240391
"1" -0.184083466400035 -1.23430721922813 0.349588655819335 1.32697573963906 2.42905998049294 3.15421389298097 3.12319946069252 -0.687140213757275 0.178526165064472 1 1311.83872500731
"1" -0.484268591326839 -1.2353593172849 0.374269355143032 1.40900199834587 0.336577392208732 3.49139767039408 4.24751703676048 -1.08231135269997 -0.284048891529089 1 -784.863533005759
"1" -0.81233949233032 -1.52149450074394 0.200203313164817 1.35654770144449 2.79493911428803 3.43521423993841 3.40315494863294 -0.741614212320259 0.486215384028567 1 1231.82441197591
"1" -0.341726622199146 -1.05606057249545 0.331404375337675 1.1379944208013 0.314620832075577 3.23060501189818 4.31603118361668 -0.995642112715309 -0.194900358724758 1 -996.810875920055
"1" -2.03761800046282 -1.43979411403532 1.04275234005978 1.25220182632238 3.06983563583821 3.29133175618169 -0.832572649747733 -1.17094632215045 -7.32730409948105 0 2068.8038916535
"1" -0.59676771438655 -1.34595778877425 0.270670084168196 0.996905128252319 0.260965526265268 2.36194688500414 4.68596258033194 -2.28844816152652 0.334432437513186 1 -1718.44756530463
"1" -0.696702328216881 -1.34491432789037 0.340479131587964 1.56348111831641 0.331923809455493 3.89232592527955 4.47287414703966 -0.600836856784923 -0.317450733988706 1 -1226.11210525497
"1" -2.15869773469745 -1.39463651309341 0.913468715848912 1.00966250722379 2.70031892462731 3.0043169568331 -5.31032374650994 -1.41643143344555 -2.70401087328691 0 2033.58328143678
"1" -0.407026192478406 -1.61709579540988 0.3690997798367 1.73161435439494 0.348933558398228 3.83752765196888 4.18457611070827 -0.566832093932759 -0.257460731666128 1 -939.001861422246
"1" -0.653255226741108 -1.2548896077299 0.395808688967767 1.20569230607209 0.371145145651875 3.44966130948297 4.3004687418254 -0.722178265647947 -0.330478704856134 1 -789.322938316403
"1" -0.61013339509777 -1.05788695797721 0.396283456355364 1.22382668108376 2.19829677521017 3.45759576267782 3.47577431226848 -0.592932442640579 -0.0350831678312987 1 1379.10900315902
"1" -2.30773443564157 -1.39359816514689 1.24269464519894 1.15860133390996 2.68455136906176 3.1892744325033 -3.08216192117011 -3.54015892372963 5.31337781977274 0 2003.28326871115
"1" -0.743759695208418 -1.29124754014944 0.429684412653417 1.43673901580356 2.2853336623119 3.34409354603552 3.57020036061086 -0.563588849310986 0.0497081946478003 1 1208.23249670217
"1" -0.285731813118067 -0.593511724034603 0.540614503801571 0.376096485968677 2.99064352529355 1.66169523141304 1.66293451880123 3.82169336857327 -1.12992612977056 1 458.950222306725
"1" -1.92299917990669 -1.39505881898645 1.01146162166588 1.05564627761677 2.81788122985604 3.12147565175335 -1.31571654908181 -1.42419857644869 6.55926033617812 0 2151.85811948767
"1" -1.65950178314038 -0.401155293316606 1.21396178120091 0.237977716017758 2.8329746905187 2.60566741025319 -1.59029174953515 3.18499735672565 1.46329575339574 1 1444.99518789322
"1" -0.919055149868526 -1.44073318072914 0.325510203918357 1.57731461644012 2.54435426025107 3.78032758854491 3.58756011707047 -0.614479087170706 0.132142859176772 1 1350.50090944508
"1" -0.603931864948906 -0.947722165173085 0.336668097525176 1.62137018420835 0.30779089830793 3.37590524743038 4.54261926944442 -0.765947284956344 0.179516727593173 1 -1216.11885253101
"1" -2.11928400246794 -1.41021638049903 0.974178044119784 1.16432556331489 2.48876372905808 3.08158710163728 -8.60008479732291 -6.7117672382732 4.10872692570492 0 2064.99885229424
"1" -1.78809498383075 -1.4266190741782 1.07011147036087 1.43127155616652 2.79197307736272 3.45812045792395 -1.51703327218861 -1.49907072574614 -6.6397317840835 1 2229.17739487002
"1" -0.52593192880129 -1.63103165716695 0.341531191658901 1.1776602988105 2.64605907858653 2.97501655682403 3.25075789514192 -1.22075177273056 0.11153827671574 1 1292.37746300436
"1" -0.419585605063152 -1.31015022049611 0.33897600082897 1.22460029566796 0.339241416443776 3.10053733639193 4.33647672652141 -2.00195589293082 1.07060983776366 1 -932.672736125631
"1" -0.534359164901436 -1.78541879569837 0.281650839203626 1.35915510874426 2.93118061087917 4.31560622900884 3.21061926059447 -0.725046310229154 0.0298058596854633 1 1619.02008597498
"1" -2.16957808363529 -1.63874934519376 1.06228231896646 1.15245309662176 2.93499701417593 3.13535827555933 -1.25350013251907 -1.40069796615244 7.20813697298181 1 1854.75323798197
"1" -0.729584819459172 -1.09173708265102 0.35903055748704 1.31322030609462 2.13523123280392 2.74082324365295 3.61447229150538 -2.40039954296908 1.05668713080904 1 1466.36825383556
"1" -0.867607219107573 -1.1085601109058 0.238284442625065 1.38053120625622 2.75765122820364 3.41188113193218 3.55448131759357 -0.95766142935561 0.554773018901609 1 1359.55904541689
"1" -0.671197305730602 -1.33963655802899 0.379623622640649 1.27999519195548 2.16289350666514 3.49439719404987 3.51976199466052 -1.2916118163926 0.0142133267601369 1 1319.11913805368
"1" -2.04127647788484 -1.62059146785634 1.06629139127853 1.30521426960921 3.04314567489063 3.23484627846737 -0.788344704376511 -2.47028466360313 7.67659808452205 0 1935.63086733807
"1" -0.436962764322551 -1.39508024126252 0.324732032456031 0.724671596172749 0.310519957439441 3.67154405951442 4.35392548938903 -1.56251753047718 -0.339159263396429 1 -1160.51782553366
"1" -2.10660964581062 -1.52378903952987 0.961691153804675 1.30377027623122 2.80137982399406 3.03871609147116 -2.37624545930439 -3.04190087499457 -5.43371145751578 0 1983.33120772614
"1" -0.638592526264948 -1.33684443302806 0.131596153291461 1.20422556367563 3.28370611427014 3.18564348495494 3.22590114358912 -0.559989521422368 0.165202578417473 1 1402.0992570087
"1" -1.12172433680337 -1.19487333202374 0.432262394833482 1.18130989813482 2.29861085516565 3.81393251558451 3.85130136874162 -0.956503915531717 -0.170028076129719 1 1171.69830090345
"1" -1.87710697599929 -1.37103239278715 1.01242476227647 1.27449357885327 2.77522949966607 3.19542995023615 -1.65154847415325 -1.97460521199461 -3.9125210698626 0 2217.10920847608
"1" -2.08728143282412 -1.433882813685 1.14903139415772 1.07872988572763 2.92174382301465 3.02020786306164 -10.1348239975686 -10.2020810809114 -1.83630158522035 0 2064.37914715976
"1" -2.13929689393873 -1.55787709469411 1.12102045347032 1.17993667681149 2.57864311969655 2.92889139088132 -1.67738266330736 -2.38257756409515 6.50650166676056 0 1942.42754904812
"1" -1.30142348976531 -0.0821845295650722 1.04462235845882 0.254079088721041 3.1907791713603 2.89900831798919 -0.674750350916364 2.92490855822875 0.0606493675638482 1 1581.32148869171
"1" -0.901360744791553 -1.36733586977411 0.262885136507239 1.00947648065853 2.79239002468158 2.92926952106873 3.50755674269776 -1.34378111533564 -0.0942968382638037 1 1188.43602724927
"1" -0.565106502813513 -1.61485761660805 0.131865591492081 1.306518059091 2.81542159218534 3.45238894063477 3.23449928593717 -2.13104879997093 0.0797394524473843 1 1604.44881135636
"1" -1.97845052636544 -1.55498171081887 1.2485971736446 1.18402625779222 2.62674937850618 3.1768191857306 -2.36974229905887 -1.08216907079352 6.29442015288492 0 2028.50715792318
"1" -2.05001439016332 -1.61664003041088 1.08316375872871 1.28854762907918 2.65641613159227 3.23282416504188 -2.29947166835029 -3.48738074116284 6.09965133766561 0 1946.12013240884
"1" -1.00840964398495 -0.583577618697205 0.532927496477614 1.27790884092066 2.24212555515875 3.88314978859333 3.95598477483116 -0.937991715141953 -0.0230402763097523 1 1300.48430458292
"1" 0.130792218481205 -1.36353037589437 0.40764882097194 1.8111376565815 0.363866682037901 3.81272170538711 3.82757470954603 -1.65752478347783 0.595386473576266 1 -1062.10190294182
"1" -0.785097183839897 -0.720448492538331 0.275020445475047 1.41073408513087 2.73106431435736 3.30874416270773 3.52258703124456 -1.01520368028013 0.0654104613892281 1 1426.44579381228
"1" -0.561887627991257 -0.955403232543801 0.277218056180641 1.26412197743259 2.56542956195003 4.11925538105274 3.3887069864329 -0.754925529221829 0.0168482290643354 1 1359.51469131206
"1" -0.548731719717944 -1.29343271079096 0.33724826709318 1.22399151570451 0.320572558197211 3.58233648883002 4.3720702676681 -0.745611579091217 -0.181814652693381 1 -1041.48687938029
"1" -0.751933853793431 -1.68679782570735 0.445114117655 0.98406343731478 2.01755218455124 3.20476551904962 3.63432328466818 -2.50081706417654 -0.110745404876866 1 1081.73258887942
"1" -0.523648874422941 -1.20770270624828 0.489648477305796 1.36552113780228 0.344853967713298 2.88278986915613 3.99834268868183 -1.63787401260031 -0.14793875913076 1 -287.554044930126
"1" -0.661240585321092 -1.42690743918473 0.199358918787778 1.45306731404677 2.98531564415345 3.14214063908733 3.31677455867699 -1.02956579089491 0.135307229601881 1 1357.26094344792
"1" -0.572328748819356 -0.925949250520808 0.600936623019775 0.957991868465192 0.570888563444177 2.77251453746739 4.00119894595809 -2.61032226971471 -0.278760590750089 1 49.7799890468668
"1" -1.030097088877 -0.704311912908985 0.483907374578753 1.1047707916988 0.44455568333888 3.04655070428192 4.59183288978796 -2.04031413766238 -0.0879658902012915 1 -333.146079978793
"1" -2.07286367535108 -1.4202210077332 1.07680428502038 1.05665357789225 2.68504047146905 2.96702110655255 -1.97927493571564 -3.38180850895265 -7.64142979247918 1 2073.89688983268
"1" -1.91192915150975 -1.41996498852177 1.08436087153644 1.2002092719085 2.90226840122567 3.11921625491587 -1.95129428268419 -2.67412884677929 -6.69830676363555 1 2164.79947200141
"1" -0.25015431557041 -1.30170199525604 0.18687077880964 1.19372824730662 0.183803311407049 3.78490743347684 4.80107188139658 -1.40742906352484 -0.125635060496521 1 -1673.70922152126
"1" -0.874436939693738 -1.35057760043659 0.34864803345613 1.01364379193808 2.07452976740264 3.09187044961868 3.74724005441931 -1.74472095014315 0.0870260112489306 1 1086.34149941973
"1" -0.588714065945932 -1.61689396053484 0.310280710312158 1.19682533030703 0.301644445132778 2.74204809756619 4.4694455799792 -0.980258884706202 -0.0176903460166537 1 -1633.1493626744
"1" 0.251228789011139 -0.902481549605605 0.198322424073651 -0.0181980262906745 0.179295240395764 1.32292052061127 4.56155130912775 -4.28312281339661 1.30218045083688 1 -1947.36737363542
"1" -0.408676909069235 -1.34309331811534 0.256261023124786 1.55170580861361 2.60921839289941 3.55178757219551 3.18277861979751 -0.590022900642593 0.339294592723958 1 1550.5942680505
"1" -0.657132671374235 -0.910305476198314 0.462272353120799 0.68926593115257 2.16653483460168 2.67572615695674 3.59710168222729 -1.48242347272294 -0.0571749874617526 1 1245.39508820401
"1" -1.93428200508554 -1.43404706633148 1.01419032782062 1.04720051063571 2.92235086007272 2.98083355699447 -1.34795729457321 -2.35187378482816 -6.61254097212085 0 2121.21512672559
"1" -0.242900172108086 -1.41793423812095 0.246684074296035 0.998165754437235 0.241128380227529 3.38215795329296 4.53662412234567 -1.29102784510958 0.14203235620506 1 -1613.71748198014
"1" -0.817059189836044 -1.33192756529004 0.412087579816939 1.18382494388715 2.29180275797518 3.63602143919095 3.61271168517117 -0.910586541851784 0.0951014027465035 1 1193.32413507068
"1" -1.71778790507064 -0.216314418090645 0.796942098782013 0.266581136370743 2.91132307866138 2.66184226576323 -0.151419620821932 3.02352975671166 -0.228725903387003 1 1414.30807606289
"1" -0.401688780515613 -1.08898796516112 0.291633001211621 0.443411424724252 0.279743127223544 2.12771570513399 4.47608123522861 -2.42995683429129 -0.0844435996435675 1 -1288.89173678311
"1" -0.64761598366353 -1.71640765879762 0.0952574285200701 1.55478634705919 3.06599414033562 3.14955557738612 3.20871611786227 -0.937567109335855 0.151354776778821 1 1233.86695942562
"1" -0.841233061149244 -2.01338853695299 0.264091473889284 1.6034021593832 0.235789510703615 4.62404502315498 4.77007016360356 -1.35276429753436 0.505934016784264 1 -1278.56350534204
"1" -0.435768495486235 -1.39915285088956 0.265798481959669 1.60609750117068 2.77401144018088 3.8153601151003 3.1439954346937 -0.561940910998861 0.547737605574263 1 1339.51595701474
"1" -2.00288098936277 -1.41760721585516 1.13928527111776 0.997313712776616 2.59570081890304 2.95802703506088 -2.96526545721332 -3.41873829210385 4.5738361830644 0 2111.18829562489
"1" -0.593289012734231 -1.14162974267048 0.327856668133496 1.07526370858536 0.319275047313619 2.95896465521197 4.51969618943217 -2.06329848754221 -0.0619993628792127 1 -1119.09671348713
"1" -0.521602121399835 -1.41919303441895 0.290592019026349 1.08916658936622 2.80762103570831 3.45017180433367 3.23420809011134 -1.02252746490391 -0.00535886625288701 1 1477.51623600705
"1" -0.653494670253093 -1.25171417076042 0.289524201298739 0.811382551290099 2.7385520055961 2.74787321184832 3.36975270754464 -1.67339092532038 0.496162060768683 1 1400.25519975523
"1" -2.05447989227647 -1.32950065419229 1.13646666721341 1.10507902912217 2.71634536408117 2.89019777459225 -2.3349895880124 -3.60867906844346 -6.12225539340566 0 2167.21182355529
"1" -1.94160261672959 -1.53055890928829 1.12327549769569 1.19971373369319 2.69244062184679 3.04015892756695 -1.38129401259433 -1.52856673179362 7.15091762342919 1 2059.5601575305
"1" -1.97131600818919 -1.56155824908884 1.012621773622 1.17344204721836 2.90503707901202 3.03738053079717 -0.854177768644265 -1.8486428047935 -6.78172801364807 1 2004.96070987775
"1" -2.30360882320932 -1.48922075114137 1.01997132940473 1.33046166992986 2.93474593695589 3.35913857059934 -1.24907187864315 -1.34867292496995 -6.4388708911162 0 1915.65045272564
"1" -0.541481438072425 -1.2079829524452 0.332419669793648 0.961424851570452 0.303986339290098 3.45987236465293 4.32320980416133 -1.45974878585689 -1.25763206816487 1 -989.56234072569
"1" -2.20084884072036 -1.67418071416482 0.950879338322359 1.22651739879435 3.05207333155273 3.13393429131047 -1.38319034587373 -3.03767855364405 -6.45563313438745 1 1815.52824516383
"1" -0.63714694131763 -1.51261598383654 0.262202756532937 1.48241550483973 2.86476467748118 3.99034670116888 3.35190892107077 -0.672060153889006 0.17892823688294 1 1360.05423342915
"1" -2.15839502339856 -1.53482042585272 0.988209507962325 1.08193636038109 2.83931027969485 2.81388361636923 -1.63211091309901 -4.09560103103165 -4.13868257150249 0 1939.16614006844
"1" -0.788197131897391 -1.23441493319254 0.246527042408091 1.57758778240041 2.6898874634324 3.90881481384035 3.45421245204709 -0.68145322469583 0.26432358583461 1 1313.18338226255
"1" -2.06688681053832 -1.50042206108065 1.01887585144014 1.34085575506501 2.5235261526965 3.18464826524767 -4.09995117374189 -5.5202711578904 -0.60851696021261 0 2025.52990732594
