"1" -0.664307281747428 -1.44588160738948 -0.061503374276805 0.399059377524163 3.8063817409406 3.66064981052174 -2.0984198254263 -1.63534048457297 3.14252291850262 0.0218697959716633 0.276872532408091 -0.11266864275854 -0.186554382569538 0.188537592923303 1.3273448969255 0.00580271879060223 1 1788.17693061676
"1" -0.745803306896252 -1.3500401048134 0.267426360819779 1.14260809403524 2.64127606970917 3.40543446956833 -2.27018909982459 -1.90691769129476 3.4331501611596 -1.19409937980296 0.0786188715714402 -0.338666478156222 0.490346739139928 0.747156733142939 0.614331573510939 0.834461849869646 1 1448.70313468191
"1" -1.67944527925717 -0.575329579841715 0.571154521977152 -0.0515798648088819 3.59230548127558 3.76233687748315 -1.06257599558288 -2.41052346823363 -0.250600030060705 3.0533496423452 -0.286722287096574 0.868145350681036 -0.168319258399813 0.150425830784021 1.59589830315568 0.051629967665032 1 1758.37560884051
"1" -0.488192053400105 -1.1126234474168 0.352954030899891 0.675078722545895 2.22047263131821 3.48583523887611 -1.03941063233217 -1.66365963206149 3.40710419379158 -0.565268895442293 -0.0108734952474764 -1.1062780441376 0.0203663045985225 0.423559053987899 0.649013839631876 -0.163580946207216 1 1317.53801455095
"1" -0.21927251855989 -1.56773043558423 0.197865410635102 1.24056183706134 2.62786591559098 3.74307677143292 -1.48226867222376 -1.31600230000858 3.08062033507077 -0.532610983763375 0.176638391865741 -0.63566417315802 0.638519813802725 0.302908079195931 0.403171654665504 0.0542867608969743 1 1567.07140471254
"1" -1.71192429388944 -1.27471698419276 0.499908888713153 0.959567121573424 3.44698677660089 3.81265556004144 -1.06471972324999 -1.59353330024613 -0.00998307923434011 -0.263546203058082 -0.00252944225257263 0.736476750199966 -0.217749417888329 -0.0835092566213987 1.1357202360111 0.222869927057146 1 2392.69804900783
"1" -0.819604691000664 -1.19962555195896 0.384451488479668 0.86224094520111 0.403229689362976 3.67223547798197 -2.4689390342041 -2.49454232731859 4.43866131607943 -1.62575319912521 0.0325963608970418 -1.14498222384088 0.253572950969476 0.253245376979414 0.456255613847201 -0.525530868494338 1 -719.917205573685
"1" -1.59399507037398 -0.50809448008412 0.866010925545332 0.206472660615696 2.91368436562378 2.59108609325712 -0.447668654555755 -1.59191025525206 -1.16411740903335 3.2317096049798 -0.274479315996211 0.302218005433753 0.768835559221506 0.217117059492181 -1.39666343164264 0.140521738777171 1 1586.95036020144
"1" -0.499324795645954 -0.926653035208481 0.35740722414988 0.637522931123609 2.21330542881796 3.27894569784004 -0.759307559650479 -1.62097415521191 3.4473789615977 0.112712607004292 0.0135857751917766 -1.48219707238078 0.0423280681520894 0.352303672380811 0.977518987402929 0.0593936772292407 1 1283.08625735124
"1" -0.211691868302198 -1.39539002286277 0.249114463237743 1.12678393600194 0.255237006935172 3.55807089551902 -0.987936354786689 -1.61025229582101 4.46037396782591 -0.828530014828093 -0.195477417056047 -1.35317867992759 0.18438110199544 0.224571391649809 0.435216311620435 -0.101334550442961 1 -1437.0039389389
"1" -0.515579164155037 -1.09688804785289 0.338835800643438 0.492198587719896 2.16856540453991 3.54785748479731 -1.36469320261379 -1.54876953038908 3.61133496915251 -0.151527708985552 -0.114898910445305 -1.00173985304592 -0.073053713955562 0.136510906764553 1.12808606042958 -0.285234671293568 1 1337.72195546694
"1" -0.77081676713303 -1.18885453939139 -0.12638321981677 0.994564548438765 4.27690842690879 3.29730224159181 -2.0618237426728 -2.52757983241394 3.16999515606667 -0.98665244803142 -0.384645819208166 1.25221765075451 -0.190773696360164 0.109485147717957 1.39349726371624 0.11441231981864 1 1899.70907546745
"1" -1.58723639682959 -1.1586784721562 0.212622940681337 0.477366832441064 3.26780193734957 3.31682057270655 -1.11438866609013 -2.03688331510373 0.632882905222058 0.280444542780167 0.178339539698079 0.784185652007766 -0.199527168477773 0.556909363266025 1.48781360743987 0.0997357891888875 1 2255.54661480923
"1" -0.783353593628643 -0.957463590932474 -0.0430994963869801 0.735956286223551 3.72334903547583 3.687122003847 -1.78337331961847 -1.86038377955089 2.68196825595914 0.392926804992936 0.200446584849685 0.0303896448588582 -0.233298371303317 0.429760108236971 1.17895731110192 -0.00434263679104606 1 2089.6284013483
"1" -0.992215968663396 -0.914179987489724 0.554946447214823 0.943428556927462 1.68005962243423 3.57900643528475 -2.08810199058743 -2.37172166903319 3.96936970493073 -1.23754351483922 0.238372711490094 -0.781461278943 0.320048466667149 0.388900175940005 0.947323520403655 -0.181702370683758 1 1297.12099816241
"1" -0.678601071131804 -1.09542009195441 0.379661525229771 1.1845410753057 2.19993126827075 3.57293786287961 -2.33599718695025 -1.97564566723464 3.54563197222379 -1.20614695733001 0.0878731624588259 -1.1913386709166 0.081050909493976 0.246320920060869 0.772003819100496 -0.159571646267654 1 1601.33844011517
"1" -0.599805913282669 -1.03206781271001 0.554440617996781 0.760787980422967 1.09937734221536 3.69571430672099 -1.55206795388911 -1.7015075818583 3.7936691444159 -0.89357831408358 0.0391417254975114 -1.1256424176257 0.00725961569489549 0.356863006603348 0.220684985460266 -0.383829650461419 1 887.342933995373
"1" -1.79800916071874 -0.286212014159247 0.632663445000919 -0.0811343157536081 3.66868794595417 4.00722780275509 -0.84643528830974 -2.43859971235423 -0.12984715496495 2.76346914972964 -0.33134212301315 1.19736842729954 -0.194135588975544 0.213595904176255 2.133237081522 0.286165012703804 1 2001.2036430767
"1" -0.875706885991164 -1.14725894257246 0.181052350239185 0.224310143737707 3.24204924791115 3.01414531385991 -2.80998872229587 -2.48923036911499 3.44106181408085 -0.452250550423212 -0.144243691314189 0.922694597054211 -0.289056603712998 0.0989961940934385 2.14132797614356 -0.129998751491307 1 1689.84432388041
"1" -0.672231229166145 -1.66034723717639 -0.190544866079251 1.49597688122599 4.45824310867691 3.29895384495538 -1.90330346831296 -2.24236630260608 2.89828291793504 -0.0664434744705789 -0.418033705289633 0.836116873726047 -0.272780728018873 0.158220843664971 1.83664337899553 0.0846980816587372 1 1744.31567560464
"1" -0.504786105135762 -1.23306425478253 -0.128582788644798 0.236787769708282 4.11995283496174 3.25508096091022 -2.96275156038433 -1.80492351309285 2.89640764725754 -0.6123663939365 0.0692409357803 0.781787208830115 0.221302100445662 -0.195227739700279 2.33711001948727 -0.175694618512526 1 1765.71107144819
"1" -0.505212371538 -1.40818391602301 0.17875974084034 1.18727981926487 0.180818498471398 3.40629661828362 -3.19265356422515 -2.46929548438339 5.03657347100008 -1.30466079114033 0.175327297177195 1.14368794822842 0.670026627009501 0.334391998218279 0.196860143605546 0.327725475660328 1 -1413.77188211963
"1" -0.729498493658435 -1.24341194839164 -0.00709835382592277 1.08623866401993 3.68309423496383 3.27261906714855 -2.75823657939377 -2.59556849783126 3.20612555095925 -1.02017328153255 0.387761607680231 1.64543836423913 0.4109609018083 0.730814251154758 1.90004922234429 0.679821460380698 1 1788.73896521182
"1" -0.623381023889539 -1.13068492430215 -0.0375776789110354 0.984666566086158 3.90314538783499 3.78073608934604 -1.47969699099766 -1.86071202317022 3.10478210360774 -0.529477868942749 0.130182653878358 0.0192329321534431 0.00785461472602365 0.164786385927157 0.951401777763393 0.534518926300663 1 1898.49792274251
"1" -1.51091454064696 -0.313291193843385 0.540136938009734 0.0394945525672572 3.40907624238046 3.63282342843733 -1.41074187740003 -2.73142787090037 0.391845625356812 2.92256272590699 -0.0300822903630953 1.02162157176118 0.12040944426317 0.0899061298978276 1.3533021555419 -0.0161774920587131 1 1844.50922794981
"1" -2.03832291515999 -0.420522094978107 0.419356496088776 0.00159014045471994 3.1373889676714 3.86777776390724 -0.546252369034197 -1.9488800665914 0.203336024529169 2.76510889432273 -0.447227616426736 0.687832162528474 -0.247043094754118 0.211952436154306 1.4125610320937 0.0217334733080976 1 1755.54986891218
"1" -1.5029834651997 -0.37420724457034 0.341819076033872 0.226625929947993 2.90288025025721 2.51909778330434 -0.642950697863538 -1.87364142370105 -0.167695084733512 3.2010489037374 -0.1136981761379 0.324762885252922 0.57857185797503 0.212444748847651 -1.13990109605624 -0.398598537844502 1 1421.64715986685
"1" -0.493403403383133 -1.12121368367989 0.349625880361754 1.0547045485254 2.08339412156158 3.27256662542775 -1.16123497578599 -1.72566641073584 3.45521149679975 -0.909583028719352 0.0347263279673824 -1.04823912363557 0.0509222184705017 0.439515427122903 0.473470453480142 0.451804019568148 1 1479.86612157265
"1" -0.908023418517145 -1.35452156482005 -0.00382542153867904 0.835407733265205 3.44770599083052 4.08341186422908 -1.25643902547132 -1.36090542974054 2.39921366333756 0.151868521765677 -0.131108065628499 -0.422771438687267 -0.464369211826807 0.167350952646739 1.81263097452277 0.227749326429298 1 1891.29885925551
"1" -1.48586918895654 -1.32053074257084 0.188688232350007 0.940698397812493 3.155857843829 3.69175742313453 -1.5561417130252 -1.64738027414845 0.818667009117495 -0.310994164457006 0.162488239008692 0.534923764477521 -0.219392095054174 0.686265554651494 1.45408796358775 0.216741388269893 1 2243.46166742713
"1" -0.603046664982056 -1.25622354849589 0.267989070289198 0.815637971313761 2.89568513745996 3.46075697368937 -1.87857617144741 -1.60884283118279 3.27383112387679 -0.918115582044111 0.288136020667458 -0.236113345802669 -0.195526965665657 -0.126861460190786 0.727969122106931 0.122360994620268 1 1544.90307203837
"1" -0.617734867203802 -1.06003047395333 -0.0646168672368193 0.390210569134387 3.62197501708948 3.68284379201404 -1.34242980289566 -1.59487888381432 2.33226644528442 0.539605231704156 0.379610669986915 -0.309435138944517 -0.299416755914254 0.0933084869671992 1.03997902116279 0.171440555183294 1 2073.81514665622
"1" -1.73380995392186 -0.494483747879285 0.752051232494711 0.0507826969677772 3.57653071945304 3.63231831774459 -0.871474548697335 -2.16948009185247 -0.948713890682619 2.99910979415786 -0.0267809552592762 0.591309999825173 -0.0548731541621015 0.35926852315031 1.01187275701839 -0.147733542820323 1 1800.52904803842
"1" -1.19171097360751 -0.188947044571202 0.228967984467206 0.164606599200244 3.16742991808502 3.04687346246255 -1.23539035281732 -2.59070645365488 0.241685395874241 3.0293209612779 0.025900085267941 0.546699743262142 0.398479352771637 0.145834473113231 0.978291177220458 -0.17738325045299 1 1954.15187576744
"1" -0.628132466582055 -1.15645986921526 0.154439298412457 0.919645903459693 2.84875454394107 3.48766029763978 -2.22973464292611 -2.13000528206585 3.31952438368294 -0.543896516880403 0.196489767632356 0.014581241606809 0.473901693359001 -0.0298286967046844 1.12056215536687 0.316920242958784 1 1712.23000527923
"1" -0.387926375838807 -0.799988186014476 0.233307695568249 0.97249256459836 2.5708500155706 3.35692296838856 -1.90550227813887 -2.15674799759495 3.27171426884746 -1.12410505770333 0.249669899875842 -0.641520730161453 -0.293524546714442 0.100849393068272 1.1744686741932 0.279121183348203 1 1717.31650555461
"1" -1.96566709713186 -0.262049873814764 0.424213382820754 -0.0561892701357481 3.63626270336406 3.96997917709771 -0.103257519365645 -2.34391375938248 0.0721761754998699 2.7891775180403 -0.312290554541095 0.831132595495972 -0.32305044064127 -0.132012570219233 1.44381874397154 -0.00897917181305176 1 1980.8727512584
"1" -2.72797963764173 -1.47367162968752 0.771028104913786 1.12844287221363 3.7214230557168 3.44740836969989 0.575497357544616 -1.94724182558168 -1.38959661311903 -1.35452708615266 -0.584368326865129 0.60057049935222 0.307660604268275 0.0991452288424891 0.389730308481316 -0.0792964296365752 1 2124.08905735227
"1" -0.751722068419621 -1.64462876215992 -0.10019903270574 0.262820813268239 3.53233190268806 3.67659352385951 -1.25254276015437 -1.59014032712232 2.32415487419086 0.281707227966058 0.0519038714532341 -0.68880911956531 -0.24256347753861 0.34920059345407 0.957351456232371 -0.0146679325224463 1 1724.21872677527
"1" -0.686533193759714 -1.33024288113107 0.321081918461174 1.16240442340692 2.37584484196731 3.67803097818396 -1.64778470943722 -1.7299547715759 3.48144415792582 -1.01605848912854 -0.326947327385821 -0.976696277607133 0.140882146481679 0.150358028485596 0.245924751699507 0.116210465540208 1 1333.77887703852
"1" -0.741896147930789 -1.11338720903932 0.193877951955504 1.3037910453052 2.74092394926236 3.59342347171391 -2.11658784067628 -1.82447877665557 3.44592556543747 -0.985272711918401 0.237374226735221 -1.01243901584021 -0.207492524313359 0.309991469173981 0.833507768854749 0.546480385763223 1 1531.18905962061
"1" -1.53507054899349 -1.23784252462815 0.00557275678442503 0.490834174818275 3.23591544373293 3.42434080218981 -1.07195582452817 -1.75168225892899 1.07793754656014 0.123116231586854 0.249282206955779 -0.028276541827886 0.00335102357923734 0.21586640122749 1.11639013240986 -0.370238971992806 1 2071.50620141629
"1" -0.802623050053312 -0.368732103517914 -0.0553024741246868 -0.0192662928492577 3.48012207395135 3.88226313218519 -1.49696761199351 -2.26971138837744 1.27105168561522 3.01002948169587 0.259039011647534 0.238113628623593 0.201247496243044 0.231251317127696 1.14624613703028 -0.386459025102508 1 1773.80114107707
"1" -2.01550765337653 -0.358322702986389 0.514888768221636 0.323948795804244 3.04194323569719 2.97811712922768 -0.437997643496546 -2.33130131206435 -0.566570727159781 3.03353007170666 -0.035330026732152 0.574948002016024 0.1807554239405 0.136886397670227 0.338073279550743 -0.26319208379262 1 1499.31762574983
"1" -0.51574174790649 -0.395793363597179 -0.0450427077106355 0.0457378136855386 3.94883504982692 3.94344343734827 -1.97954620470994 -2.10147482999712 2.32037556047437 1.87119051372429 -0.0104696773171701 0.470980245258459 -0.289419376246261 0.18335207066163 1.70060384494204 -0.149814715798547 1 1921.19736287784
"1" -0.25891994016789 -0.872689292778165 -0.171712694954732 0.410609254672372 3.92356651442879 3.89201219226774 -1.84712952716323 -1.58871416790831 2.93450120888893 -0.0342980717456702 0.395557894882791 -0.436414486096292 0.100743674736339 0.165169644576778 1.43093330337357 -0.041045417673483 1 1930.53385214587
"1" -0.723209451116169 -1.22713209104968 0.527773799571698 0.775358931149971 1.16162613576834 3.78001498639901 -1.11855459578605 -1.6785410779213 3.82480542179551 -0.829594389272939 0.0401828586647122 -1.38412184744366 0.0813272275633219 0.0398497125848073 0.505514013574202 -0.481356899532224 1 861.708703665921
"1" -1.07277133171114 -0.0122708233354944 0.186079472292924 0.151610697507745 3.13656889132397 3.26179385341939 -0.978706392932522 -2.57471114089284 -0.184355821168808 2.91504363917 0.155429135802619 0.776833711846816 0.271825141177829 0.166042924565263 1.64398664716745 -0.0347762275126564 1 2052.54237910904
"1" -1.7300015973791 -1.63710743916952 0.606687699915477 1.05220906336201 3.06804930041887 3.7768922918304 -1.21005634014151 -1.3649929888463 -0.191092085606732 -0.468132797619798 0.0676045592598507 0.610747654187972 -0.180895535912564 -0.148671667471409 0.755794769410019 0.405517150310319 1 2156.27673205611
"1" -0.801196415353883 -1.24921621066855 -0.0661492635428121 0.647759127286799 3.7259876702724 3.90400086706422 -1.45301785139863 -1.68609404902276 2.68188429140712 0.166633449639665 0.178859304013861 -0.276000055702738 -0.379658893196871 0.190429133419066 1.24233882868326 0.214828704631485 1 1816.38002858315
"1" -2.27571430654642 -0.588095135444866 0.748310866972825 0.0209030530818401 3.28089098695452 3.82827531347029 0.0345649121437242 -2.05683721527076 -0.685096580201229 1.85041848770199 -0.433193973084892 0.920816439159501 -0.283717693178237 0.339048171645272 1.53921414857563 0.380922182182712 1 2170.68411604128
"1" -1.31692284711094 -0.610875632885814 0.248507276480343 0.162813855874528 3.44381865654909 3.12773810359495 -0.943444733019694 -3.08184129757041 -0.11770025595719 3.19778046170612 0.0999607904952614 0.781079853502988 0.563757942295843 0.0685499363038852 -0.0574189808759748 -0.323105067236964 1 1623.43596836706
"1" -1.89608650146284 -1.21018795998722 0.633495515528335 0.64205360051022 3.20254872999052 3.72101846047978 -0.754228113810396 -1.76646207495467 -0.364116482402299 0.0950283411533794 0.210097106890992 0.709463452370119 0.0804078645270776 0.193366578165797 0.964920052597512 0.725139615751732 1 2323.49808013242
"1" -1.40161064200009 -0.158113426362198 -0.0983964018957873 0.203346059210746 2.9838058947652 2.94041773699522 -0.867284522395954 -3.18950741149627 0.388835641502201 2.99621921793959 -0.368577969927183 0.386982896960689 -0.0813180312088748 0.0891874251499983 1.75616663424714 0.0176785583834338 1 1782.81628721402
"1" 0.100294092786123 -0.971808454485106 0.142103202199426 1.40762743000435 2.93296387229395 3.56968384573892 -1.68972083269928 -1.51739599236615 2.93004665601794 -0.913526852445279 0.124881391033411 -1.25051093313389 -0.0254467674287767 0.367075681553753 0.0998219944039086 0.0416688377010584 1 1656.97598231149
"1" -0.914585557528011 -1.3144757646758 -0.110493910425287 0.989145578150873 4.16909874888929 3.87851483065996 -2.09622129822115 -2.17101430231277 3.26921662632299 -0.10173397972223 -0.4871243271308 1.17275244656164 -0.432958681887829 0.0890047710955765 2.34878477500807 0.0846203468271635 1 1817.49825660871
"1" -0.732904613312968 -1.23108147281442 0.504646033572877 0.889101157599577 1.23811215342057 3.78134989669565 -0.820102433333065 -1.62884809893176 3.81573455312347 -1.10865673948373 0.0414593351241207 -2.02347114677914 0.201055748428329 -0.0972785918321893 0.611100422471945 -0.459945520301796 1 993.417654156998
"1" -0.428953080250792 -1.10216977546386 0.28220392690278 0.545046079064707 2.46042419082195 2.85249949984707 -1.99861456648036 -1.69074381134394 3.29143250136359 -0.199260301566742 0.187410493299688 -0.831819236536357 0.0601800923752584 0.672137437056162 1.62692983694144 0.690384820826295 1 1505.32623783018
"1" -0.660185079326317 -1.75986239504298 0.330172339265481 1.39955292194697 0.850170360257417 3.68529592160532 2.12122923357484 -0.660106485171588 3.84120740047253 -0.130154442311756 -0.0576828716560739 -1.45334605202858 0.356284283721209 0.506824658702422 -0.172191844991949 -0.563120324267166 1 17.2876296661707
"1" -0.53327501225294 -1.58239881484862 0.0710537536492752 0.351802298574504 3.05032750149371 3.7729750827795 -0.813888845457911 -1.33775981101469 3.17349807267452 0.0637909889892592 -0.0837144495997143 -1.44932971875184 0.0917657265667936 0.454646511541433 0.496291653301488 -0.157248057187023 1 1482.60384487046
"1" -0.635203130770082 -0.596230914549535 0.227764157688719 -0.698877956771583 3.40261655699863 4.39888061423736 -1.57774045918684 -1.73804432263575 3.3673252984282 1.88350301187219 -0.0329354673719238 -0.771827529771124 0.346051724597244 1.04442609736152 1.43968811923409 0.534340823054054 1 1461.75952969267
"1" -1.96572142649569 -0.144928368609193 0.341276341029025 0.360492454340723 2.91123700577368 2.7644361110051 -0.572103415559268 -2.35565554687623 -0.259550506750843 2.88038789928587 -0.105211037443825 0.40758155233663 0.438433053330336 0.256828522191117 0.141242103785141 0.07596181998333 1 1761.40697883383
"1" -1.10771060706297 -1.35080502480713 0.352677220295018 0.557208091457825 2.46580168812512 4.10848063824644 -1.74091301182092 -1.87878219507637 3.76855846345373 -0.536822959237865 -0.222678000354669 0.181407932516216 -0.136717589128887 0.166121410907165 1.63823574817573 -0.188200206061558 1 1503.88213247924
"1" -0.683084344325832 -1.14585976396957 0.249210604287195 0.970637709496793 2.65485025019859 3.21240820258467 -0.932944194882538 -1.55008022632702 3.48871743765137 -0.671012742721492 -0.163523459801717 -1.194692766206 0.155899116621858 0.7674089657372 1.42944373908307 0.292801791915613 1 1390.29509716192
"1" -2.20982311810357 -1.30811266082651 0.736424437798391 1.03910676645881 3.29872431566795 3.76092954219375 -0.347333940912623 -1.66844485492659 -0.661437801200779 -0.595757110389016 -0.163268970017809 0.450724854549952 -0.39916363018363 0.51997554971542 0.612440427442467 -0.486687036946498 1 2271.53468928638
"1" -0.0633327283748652 -0.858445606310478 0.344939387767588 0.907263044779965 2.18899860730381 3.18840605059648 -1.06910803159032 -1.86488330127021 3.22520564649698 -0.684660971579782 0.11845000891522 -1.04967736403582 0.307920432462105 0.237699895138236 0.758069079336677 0.22643322558211 1 1524.34902902986
"1" -0.990365548787905 -0.777100838314273 -0.0335907299097464 0.035761691325753 3.75373280413547 3.83002785396532 -1.72724176757479 -2.37028567542533 1.53456736751357 1.14480130660649 -0.116606538438557 0.635229727219082 -0.325684329951798 0.204007658400414 2.20479517635197 0.0144513945571934 1 2057.7264209974
"1" -2.21702726592025 -0.383548572853276 0.747015589074651 0.262897288954835 3.4428696395127 2.81270755603543 0.273297876015557 -2.6688052777972 -0.817204802565288 3.06049564943075 -0.382574834273015 0.926968108809409 -0.630247857966897 0.24044911533183 1.46989486099665 0.12923409307774 1 1703.76596880511
"1" -1.09693054423963 -1.58401290578877 -0.260862938493114 0.64805472524154 4.58226514345882 4.08492489104253 -1.48642771204152 -1.59019344415975 2.8449100159597 -0.509044404285689 -0.302811733096068 0.391359835058696 0.157896077305196 -0.275606142039813 1.44776167234084 -0.0367322935437649 1 1806.3785126306
"1" -0.609703392214829 -1.17452010916305 0.267301439732407 1.10601954846408 2.86058422119461 3.68627749428857 -2.32087654704667 -2.02492361274462 3.30969542758524 -1.2056322752236 0.13910160444353 -0.359120318110228 0.136607147759762 0.0516248871191377 0.771119523074041 0.0294800318819412 1 1744.51312325868
"1" -0.864877622061265 -1.62508097655033 0.0741856622253888 0.120608112850237 3.10331936446876 2.9442891507101 -2.09028275874351 -1.91258764435357 3.10367594933096 0.100985330524115 0.0452873176166063 -0.567319832046291 -0.126073855076947 0.234571326038844 1.79039103199327 0.0787056317900215 1 1661.86510447064
"1" -0.585116086229784 -1.14070472876356 0.0581088146700511 0.645057897703933 3.24132450252386 3.11611903050017 -1.8956964840361 -2.0895937724591 3.22927070866568 -0.787512725163818 -0.0389972891557854 -0.320437522064503 0.366369684177694 0.259838358053386 1.37088318627105 0.0645049981182371 1 1671.95528365675
"1" -0.439944933393661 -0.922763615820618 -0.0494135663901759 -0.271852926457227 3.69404057246266 2.83325474466111 -2.81968405675406 -2.6872192241208 3.04861165448912 -0.652352945343691 -0.359177079969552 0.612469073682386 -0.231620253445835 0.107475664717449 2.45851938595439 0.086261493424182 1 1708.69975508459
"1" -0.986147752409281 -1.01745979743842 0.344944558557234 0.844477594122029 2.49131015804957 3.73721309111673 -2.80689497972256 -1.94542439575766 3.74419857967656 -0.621795031560097 0.294873042780214 -0.0955099026362883 0.572415136512533 0.438108032321699 1.22646141023144 -0.121710414733942 1 1647.31506017296
"1" -0.487236492921175 -1.08322494557639 -0.0551726071560318 1.14966071545682 3.6563524451528 3.57286179949426 -1.45585683607037 -1.65169644656134 3.07132651173304 -0.557562396826305 0.236635195930779 -0.412183096218333 0.581240641325048 0.385774086867451 0.995603531903359 0.596761706969754 1 1858.14235214554
"1" -0.321713221497293 -1.45590515521247 0.499336107371435 1.22321202909905 0.402141356419218 3.76017678105873 -0.44958909953021 -1.38918225229043 3.86127576739274 -0.651597245562933 0.0291921338217479 -0.929814027865916 0.28422082775562 0.145230519783341 0.0861161078205013 -0.0655682901682354 1 -125.345987230619
"1" -1.57774404053085 -0.469224370324739 0.518653950684798 0.0470525050609294 3.07080065232505 3.4562142962581 -0.743143548005561 -2.71232864064558 -0.770576849453493 3.02168906712587 -0.12830385201012 0.638598424948053 0.274716576211796 0.348466147072797 0.987839052936291 0.0907537502147371 1 1805.70255698494
"1" -2.18772667613302 -0.291598341354335 0.781359953915471 -0.0329246543008954 3.08522223885638 4.03821997385929 0.039703466008626 -2.07841892468057 -0.78488949705322 2.73476469878312 -0.359021083727252 0.744218767967066 0.0419172683812851 0.131671028166309 1.36424885833114 0.169800114461026 1 1857.94282608957
"1" -0.235258326314135 -0.936731293568111 0.114218006176229 0.30375364600937 2.97369314066099 3.38176944773627 -1.23223026333705 -1.64435792278379 3.05021342036084 0.223330129465357 0.134393287579534 -0.843502189979835 -0.161766571740959 0.329656572083636 0.929048644715879 0.0472079254085361 1 1687.365039499
