"1" 2.72720618190925 1.67856995754531 0.31115181459487 -0.14303911276004 1.25526889017714 2.34189634012731 4.24581839169444 4.21379799796073 -2.69293560327102 -2.12617972889431 4.90733365368001 -3.53664296699097 1 351.090235331994
"1" 2.3322111972836 2.2691853773012 0.494124425654505 -0.146931514267689 1.21013616618819 1.80766384120423 4.21598368770901 4.27985995357006 -4.18828038538485 -3.18993202115317 5.08538657084809 3.94590716929822 1 -269.406955098111
"1" 2.90554508215048 1.0419502706387 -0.24081312528031 0.330563983471531 0.980203858649509 2.11895449139931 4.54117683885942 4.55802482997112 -4.56188398825861 -4.60835505447337 3.11048343388571 0.215738673627238 1 -1901.81092981252
"1" 2.78251292130126 0.972942492536542 0.13327498281725 1.76677380470286 1.16017558976894 5.74066011830561 4.22074077315978 4.12349446165834 -2.83365907444871 -1.98894744864882 2.03755665486779 1.69698931426509 1 2454.29249142949
"1" 2.78497855169141 0.910778654597625 0.196941513111724 2.39174186678239 1.21718302126723 7.07844612175778 4.17455874374646 4.06010449890907 -3.90469747080996 -2.1741961964812 2.29718197509435 0.165121322646803 1 2791.56678309188
"1" 2.72124385938605 1.00071692253415 0.173602031040215 1.05169400348999 1.20182976181042 4.44279847846403 4.1699586334362 4.00100294522762 -2.75407776118703 -1.38141430470224 2.47264050943808 -1.26801701470339 1 2154.01978931065
"1" 2.83579602946721 0.82827172478564 0.257533402476573 0.168485331630891 1.27566842313266 5.32173953378629 4.18362927975029 4.1137340225826 -5.46413907908196 -2.02391677365632 2.02971620517492 2.04570638862141 1 2212.37198008854
"1" 2.66924756217024 1.82002780411615 0.25786083656597 -0.145981706267283 1.18827579604822 2.05926870228424 4.28673521301531 4.27850393316993 -4.13538471820139 -6.19538642215694 2.64945374501557 -0.616073864049091 1 -224.368465210791
"1" 2.83697304545095 0.481971602067668 0.259019807267654 2.05349008566772 1.33468159163673 7.59566354460129 4.15314589522143 4.09873566430815 -3.3385053396738 -1.77136037772095 1.60823523410305 1.01522662084255 1 2423.1316572245
"1" 3.65867339615994 3.6397006899515 2.00172423532956 3.48719689956677 4.15402195477923 8.55147705754291 3.88831784531916 4.19176287361558 -1.63538525090916 -1.11030499989027 4.9474647473123 -1.38037148911807 1 5677.83137974831
"1" 4.7138583985579 4.2321861867083 2.10711115799011 3.08096626268012 4.31039388010245 7.82116121512668 4.85477913810261 4.93222951122929 -0.922676244186069 -1.67968015027538 4.23454347683969 0.429467270422918 1 5548.11961818218
"1" 5.7229011397825 5.41580945549243 2.25187861941025 3.96232207834697 4.49752806531351 9.7673886564363 -2.28479428604872 -3.76100711784041 -0.976426788882275 -0.541080895921466 -1.1104719167227 0.413400133732882 0 5825.17436209361
"1" 13.6684013959515 13.3553014567438 2.32023720816227 3.44124101070637 4.61816552463435 8.58806149025522 -2.47409586536399 -1.69006626165312 -0.601894266739312 -0.674204304537935 1.02464559296063 8.34170101539903 1 6101.53079189027
"1" 16.575720986096 16.2153672414201 2.32696281942079 3.77507252667498 4.53169109397974 9.77303771854822 -4.2250848229175 -1.62391659312169 -1.28715836897551 -0.241750222206482 0.713327269952881 -0.459491939775594 0 5994.8908657735
"1" 2.76441935870439 0.692698032990534 0.0719487581723704 2.91436439729005 1.24480104960085 9.58185874910919 4.24282861969163 4.11671972276837 -2.24375194120262 0.843800451691352 1.6678914927197 -0.180075239035537 1 2519.56320609325
"1" 2.65999835625166 1.24404903061494 -0.0763389934039954 0.304045547285836 1.04887314034895 2.34336679542611 4.36974954905647 4.15780100698039 -4.38969517398483 -5.23441760020003 4.89970632820019 2.27362342141947 1 759.052287555951
"1" 2.56676263115694 1.59269798153914 2.97529240054547 2.95237063540546 4.92839114923124 6.45709263348983 3.52939004777484 4.04544498450001 -1.03659065075285 -2.78397952821255 3.08454218220036 -0.495156292411525 1 4392.1370576972
"1" 15.6235497409327 15.3398158031527 2.46022091630284 3.49485085436945 4.84295507830796 8.55676820418402 -1.73873543745168 -0.890521169268259 -0.56833926608559 -1.0430656554821 4.51922582756671 0.824135808949877 0 5864.01154169417
"1" 7.47259894043512 7.10723369013677 2.35286605772908 4.32420152432614 4.73166989803698 10.1379864760209 7.65562125352904 7.65620251180489 -0.593820928609552 -0.0229016754492481 9.02790112068071 -0.192424935961907 1 5510.93905826731
"1" 1.75681990874648 2.68689153786437 1.16991234415541 0.22360793748119 1.26510506223409 1.95143186036986 4.18619343556634 4.08057097158018 -0.414307751441913 -7.03493607293337 3.90405067551368 -5.24027602873718 1 2161.22526556279
"1" 2.88082253262674 1.2304038626432 -0.24463934704429 0.286932714599252 0.962119445789431 2.03253754324871 4.53864713293565 4.57870172993983 -5.03951267904622 -3.10628669201019 2.61753836298697 0.598531697882937 1 -2245.662577548
"1" 1.86030252286682 2.64611267987068 1.54075222622187 0.0237522074875354 1.67294412218568 2.10079953589489 4.13765758139866 4.14422316305233 -2.66382763066523 -6.92867449648957 2.76932336815711 -2.96410073637449 1 1422.17214084674
"1" 2.69198480894472 1.65834797308203 0.504220150215616 0.292628555063045 1.27395621510834 4.28031298428182 4.08942643675226 4.03078905821484 -5.49820720637799 -5.10394144040636 3.79107032309614 1.29312040800661 1 2504.86710790005
"1" 4.9579602312801 4.71499829415301 2.28278278756935 3.79517009642689 4.60745560696928 9.67829909863766 5.48664376605305 5.49551150538674 -0.626779063350805 -0.25712969573991 5.77748086562198 -0.879826887348017 1 5346.70293724852
"1" 2.46128159946624 1.98919486093877 1.01981766748169 0.0817584194546547 1.67091389900765 2.92653021270014 3.94320744819573 4.02793570962783 -2.70090429420304 -3.89741968332877 4.24161206408405 0.958869014523525 1 2135.44070650507
"1" 16.8680986710226 16.4994729473999 2.32996301693881 3.48688014298725 4.61166201846893 8.76085509412594 -2.85098690977041 -1.27659378980331 -0.933039250316613 -0.932629556220753 1.35961245951061 -0.329158123856512 0 6000.14069334432
"1" 2.81322691005449 0.48041206207964 -0.0101306831444664 2.68390393574247 1.14747623179199 7.7285088822328 4.31450025125378 4.18692937391727 -3.24289385926007 -1.57505882931206 1.82661457665569 1.08096776471644 1 2028.06016239454
"1" 2.57753159610553 1.57503935134722 1.90024468069859 1.98919491950036 2.90457183577176 6.19354941203951 3.66223593298096 3.81389702399944 -2.53373077602332 -2.51087378334415 4.2567528287752 2.21969409982327 1 3958.11723567517
"1" 2.81800911310674 1.20947520856824 0.535324189571423 1.58386835666142 1.31942618219618 4.71877679696137 4.01244614959246 4.16410983237189 -3.75363745124523 -2.66131307064257 3.09827257871493 2.96676189883336 1 2772.94787766596
"1" 2.83994936786502 1.3899617712276 0.0548537656151387 -0.0318688229339045 1.14030430882689 2.09484714860133 4.36241749161329 4.46549106481162 -4.06377981983871 -4.29438034013575 1.74167275855974 -3.10129193726882 1 -448.679844389622
"1" 1.84739784263037 2.68089718353409 0.923758175791902 -0.16248430806245 1.34375261222222 1.6565771447565 4.28376658493172 4.29548755602916 -2.82920625341073 -4.8785635337718 7.13742636565773 3.11627982244618 1 -944.232093878582
"1" 2.61190490743482 1.80575808342761 0.534198686450732 -0.0537047361188432 1.33668459409207 2.49627314280228 4.1040241549646 4.18952067844009 -3.02015299702738 -3.02914495973504 3.08431853226063 0.501271654504693 1 758.155840289292
"1" 16.108734179813 15.7136021659582 2.45419168009762 3.85837812095812 5.06276465778222 9.58392446818917 -1.22091073502043 -1.72867877098008 -0.05522503974196 -0.232984310452589 0.417379658219354 -0.775635999615507 0 5965.4769254806
"1" 4.30049749157941 3.99722937768387 2.53037579018564 3.9951558366212 5.00948490480251 9.82800110897925 4.7777563454898 4.79885899837491 -0.630514585287469 -0.153441475287906 5.23933726923615 0.485270706315647 1 5345.77641832542
"1" 3.35024189566951 2.9968270000263 2.51595887141205 3.6973781577727 5.1471200146078 9.60792786274119 4.36014405228017 3.62610303202322 -0.483667371303722 -0.437718762246993 5.04719825701857 0.24349794228654 1 5397.23786351611
"1" 12.1829206996319 11.9399127972207 2.59317641401523 3.71648981364214 5.18518788259402 9.05890371325082 0.0629603673537361 -0.659210609697008 -0.21212517290597 -0.665239039584599 2.14452698918191 -8.04314137925334 1 5882.63713226885
"1" 3.19152659958384 2.87150307875881 2.04530683129383 2.93348290140901 3.90585803558459 7.60209814737937 3.92513440655901 4.01997862830916 -2.23712519808166 -1.72660649736739 3.19181689049628 -3.00117514446912 1 5090.20753745173
"1" 3.72540080626173 3.45072609163608 2.43376776350587 3.60568086754561 4.87082004453587 8.75825662217962 4.27977368068014 4.32089038640397 -0.66784451601749 -0.649233210219821 4.79668058648753 -0.235520852751348 1 5290.44053154356
"1" 6.39273286800553 5.91245606622244 2.67685361093896 3.58412333994319 4.99597829891514 9.07110763645525 6.58730372790831 6.57669123849047 -0.428230767226303 -0.678324028041796 5.76484376808093 -0.203884391135475 1 5530.18635113542
"1" 2.85002917920749 1.14264742296616 0.151846840760228 -0.274510980767645 1.23607231940039 2.46292037801449 4.31697451335596 4.25638277418226 -1.39423451300333 -0.385417952997568 2.12124960137537 -0.375553431009922 1 739.600934712784
"1" 2.60379179683853 1.37354232382849 2.02387007434194 3.22065466424835 3.36296450368507 8.69769911392798 3.64985906260546 3.80543290477014 -2.41745691719772 -1.12040355693003 2.93121396376111 2.452793945495 1 4019.29327429011
"1" 2.42519155000323 2.07130229655674 0.67304116728222 0.48287681349231 1.30343548367937 3.32127301545935 4.04524408688351 3.95654055977456 -1.19741598518884 -2.29433562160025 4.28621457992278 -2.37707012019911 1 2415.79813000204
"1" 1.42929429190325 1.24414286356216 3.83681561965134 5.25383258028619 8.58213338327318 11.7852435122614 3.20664683385924 2.34537345920857 2.29709177394736 1.00975577266558 2.65188323888063 -4.69933854199522 1 4966.18349060809
"1" 2.92624366565414 0.852018922924504 0.132261116080859 -0.194593986453834 1.22777708560043 2.84297325457147 4.31041995297753 4.32557168848233 -1.86754293936633 -3.1570421475844 3.8345488403367 1.2296494212901 1 1084.35090102802
"1" 2.86816082850021 0.414010290416588 0.106956467048734 1.65171787613796 1.19712222840006 7.20249087826999 4.26237958696536 4.21100800976064 -3.69115001854613 -1.44341170222121 1.70992805254915 0.501412829299047 1 2208.27503365963
"1" 2.71073306768936 1.6899601175469 0.228773733824797 -0.180113502381639 1.21750975634715 1.96876504251761 4.27224571552656 4.32213675122186 -3.32444275735849 -2.08401272469965 4.007517855446 5.1563568590212 1 -106.218891757246
"1" 7.2131918483267 6.581651482217 2.39791836366547 2.6976798709357 4.82663078591634 6.73571464036806 7.38883610444902 7.38923329820926 -0.728237675594225 -3.36319338336282 6.5718498412235 1.30970179474098 1 5439.34767310266
"1" 2.65328360503675 1.50570010068125 1.61800697745534 2.39776931291873 2.58019114628542 7.36020560427859 3.73108443386152 3.87428681973775 -2.7383309764086 -1.07051192950448 2.81065151952466 0.0142941906576231 1 3666.75552935432
"1" 2.96315397541923 0.277102670786162 0.0923714703338752 2.99410068126481 1.18066352042821 8.83308650635905 4.28103132204983 4.60021613779045 -2.59320588295855 -0.714550104105105 6.35237167160149 6.27576160573772 1 2791.99237710336
"1" 2.89866819105028 2.73109469265512 2.3003404800388 3.24578334769938 4.6462608759506 8.05079499219666 3.66917192719133 3.74882590428054 -0.629133422922985 -1.27658190872222 4.39973083235301 0.655718546300305 1 5215.9577599298
"1" 14.4237089782894 14.0836885935708 2.34643360363829 3.45218026355436 4.68001739569893 8.55123461371481 -2.62228516449857 -1.45199421488229 -0.733977048764966 -0.840410766135855 1.13595067141066 7.76309911128004 1 5979.67071141931
"1" 2.50067772891118 1.78716585334482 0.791647878107604 0.616036273348395 1.41721588388517 4.15710340658214 3.97393775517444 3.8241104253563 -2.61209065036774 -3.1248267989208 5.28545408417451 -1.26184122777408 1 2772.8294667988
"1" 2.77806734380033 1.45736625126569 0.0420364228440835 -0.00905879743727307 1.10457069495171 2.10777397181587 4.37079312427531 4.3116619292113 -1.77832441463569 -3.54543335312176 3.58056403884553 0.53406503222686 1 -569.727128282138
"1" 2.60686269293752 2.01360395921312 0.179799696142037 -0.0898378538545832 1.1196909782292 1.80886946464462 4.33309959879786 4.33266062072412 -2.70680200969351 -4.06965124908118 5.95028497275939 1.88629698380206 1 -1321.10965928003
"1" 4.12489110967503 4.06701234913069 1.99078985466552 2.88624386424766 4.14273542201863 7.30661850954871 4.72119233599783 4.7599587072961 -1.67604098354076 -2.31403892429857 5.75656015685837 -3.44697527467289 1 5348.32591610877
"1" 3.00871473147873 -0.0529240457111067 -0.219069182621762 0.652974349262903 1.04738557518727 2.86475136752371 4.54822771651203 4.66557570810148 -4.80555848051614 -2.70660564623944 2.40124232613292 0.780980024926071 1 -638.675501147642
"1" 17.2042850000786 16.9216976053217 2.0457109489785 3.66961847197307 4.05302844205872 9.16828632139991 -2.60743597105841 -2.17397075284162 -2.15001682345505 -0.482758795483505 0.701950877787217 0.134416565704815 0 6059.86403794695
"1" 2.36231947487254 2.66197956295193 3.53709255501814 4.06007141550802 8.1084393071034 9.31526193901385 0.760557883041342 -0.0900174721264128 1.75610124090113 0.887251074358571 1.51588537965507 -2.54377671674915 1 5543.93017573122
"1" 15.0973902217984 14.8784674942166 2.07361579659813 3.34896061000851 4.17933380116736 8.32776780709753 -2.89240627766563 -1.86921106883274 -0.842701470568693 -0.526488366108906 3.70441184664677 0.194286178368477 0 5982.62493109137
"1" 2.83313638390129 1.26930686368044 0.174711966008491 -0.0594362651109505 1.25649416450969 2.68085298957107 4.27240255941088 4.20756176212929 -8.14633239300899 -3.01765561479134 6.05749808992376 0.268656798866909 1 1282.26936313857
"1" 3.15998851334978 2.84938651781284 2.03619423398402 3.52294394726692 4.13314113383499 8.89031473335741 4.10207777670327 3.77159455346834 -1.88824506387897 -0.713384801147279 4.40474833759341 -0.9746070525181 1 5136.20143797828
"1" 2.9740994463359 2.76498358738109 2.12761568489983 2.84427359718564 4.37254181751356 7.05091274763089 3.42947860499531 4.16355996209997 -0.999713140840239 -1.68829549745357 3.93914198000211 -4.70798624216422 1 5271.39046656532
"1" 2.87528710530803 1.15169696049929 0.0510489690728773 -0.0802541022570354 1.17807497250547 2.12259068316948 4.35291347134754 4.36617916431461 -5.99021154151737 -4.7328075840601 3.36358765519526 1.34329194564101 1 -132.7202670939
"1" 2.72958917240187 1.10775610135186 0.484124127272901 2.0117221779598 1.38112774675728 6.66956497496177 4.02244843206942 3.90740989496424 -3.0251589685736 -1.24885566589595 3.58815443626957 0.349763092276082 1 3016.79306591626
"1" 16.3892383443335 16.0723114958698 2.08295632214288 3.25026293716371 4.35365331792664 8.34795878620399 -2.89250261947569 -2.36199378079934 -1.44844068594093 -1.22672760823881 0.423970704140611 0.334986568368338 0 6012.93518895459
"1" 2.58081392086568 1.96504356613406 0.325571468787259 -0.118911165952818 1.18826791897876 2.01064716569281 4.24606421876619 4.2825604361739 -3.56951423920365 -2.79269607530853 2.81179490347655 -2.18485055838116 1 -256.154619412348
"1" 2.90165165911292 2.35452893196667 1.71398981139558 3.01162928306734 3.69401124246036 7.66589609734971 4.06712695879976 4.35927400493298 -2.99476120345264 -1.79491747399097 5.50589325025391 -1.21767393197393 1 5728.02088444
"1" 1.66513191546573 2.70656332684167 1.11737297827644 -0.0490032836590171 1.35009812504249 1.70832451611226 4.21683414485614 4.24120906392317 -2.08965225280691 -3.19798795485109 3.72121154600412 -1.49446713231473 1 -129.491437143701
"1" 14.0276774454371 13.7003297494037 2.03464439669685 3.51991018554905 4.06748433316327 8.81384905789972 -1.6379420760304 -2.15883641113694 -1.38685376495035 -1.10740246465048 1.15000911447411 7.72616361051107 1 6087.22714454686
"1" 16.5058919066069 16.201819382965 2.37371735618463 3.40952122267635 4.6395444797355 8.36749840216293 -2.27192943953714 -0.89329943927852 -1.01942430714647 -1.49832002122536 1.28658794149103 0.33514968343872 0 5864.76052470435
"1" 2.36703688240108 2.21679804828782 0.775141671989556 -0.31812531634293 1.49514099713241 2.13869416894261 4.16258899287043 4.20422322061579 -2.41241359927032 -1.9953139251308 3.18510499096391 -2.43538911119329 1 776.517355636322
"1" 2.75726396190513 2.87888274295661 3.20689482821939 4.18965499553135 7.49387770902494 9.87034226502669 0.371009531949961 -0.168526143577371 1.51555051850951 0.627190250707702 1.13181839607371 -2.83579357894877 1 5633.32068812921
"1" 1.74927123316316 2.6414970507069 2.18537563341719 -0.0936555322419589 2.33259664658727 2.24023004845278 4.09362800627709 4.13796983237783 -2.06730736154089 -4.17903670597196 2.66765250421908 -3.17844486138981 1 2507.42677794363
"1" 2.55477954201027 1.54173032537913 2.11276879503465 2.8497778196432 3.31851106926121 7.79797649599119 3.61775317288856 3.7680607845513 -2.16262892044461 -1.21773342844098 4.03232159877332 2.97878706788278 1 4040.01527628155
"1" 2.83368900816309 1.42248574255112 -0.0486450413544125 0.0608677773047555 1.07024016982742 1.95445069645233 4.41727988249154 4.42944543930963 -4.70203461579405 -5.51511378854484 3.97555909814512 4.20687192534717 1 -1793.65641579851
"1" 2.70768244682363 1.06588958102142 0.316455985531119 1.25543324144931 1.23580899320778 5.58425768247167 4.1098354197029 3.92714797976497 -3.02819012813266 -1.84817315128681 4.56973523224917 -2.35577626109839 1 2740.19881462332
"1" 3.00579950000343 -0.331706189368582 -0.255640355427297 0.890454612948011 1.02928714746731 3.35361041318301 4.58148290780349 4.69255167222827 -3.43601834918507 -4.6212430021252 2.16067155745859 -3.50716355446552 1 -419.006967348509
"1" 2.68549124754034 1.1599152436815 0.367800406224989 2.05574864611144 1.27051918539693 6.48596937977698 4.07258975158298 3.90961571784423 -2.4754796135035 -2.68202715211872 2.50973252205639 1.98424138803181 1 2859.05330917262
"1" 2.54929841367869 1.71276744675628 1.81597849684826 2.46088675913046 3.05099338748948 7.12199097413104 3.68544659919284 3.7929649042667 -3.55451385237394 -1.46488398025515 2.96374179680546 2.6401152756472 1 3920.56429414516
"1" 2.99136614534965 -0.384158207038053 -0.324364212617534 1.51034548768911 0.981780034387474 4.12455888194528 4.65143367951384 4.86758808580257 -1.74543317311942 -2.45351749972398 1.41948154413567 -1.46681202210574 1 66.2152164567051
"1" 2.91607396022715 1.00924873692786 -0.237020101867549 0.336251844165403 0.985905719390106 2.14616750110346 4.54134873009802 4.57864696675174 -5.14018626713956 -7.08750335257599 2.53840297604336 -0.564271804791401 1 -1858.91940197572
"1" 12.8909945262619 12.531669809521 2.30142547492863 3.63428946954245 4.58115833899828 9.06387061223366 -0.750887010395846 0.0372900190561759 -0.750509432298805 -0.679476343342334 2.48809044664877 -0.317225798518693 0 5864.51517517873
"1" 2.53477107896499 1.84377707615519 0.689905966512313 0.169079658919289 1.37778129437753 2.80883185319095 3.99691675679111 4.10413459844884 -1.69888750097574 -2.27834354924933 4.48731194777639 -0.967957606659978 1 1713.94692792064
"1" 2.07777744278469 2.43211993019047 1.03056004624851 -0.0573056067380344 1.46800567249838 2.07221548682934 4.09589869398439 4.1483347686422 -3.09429803011805 -5.1621490835322 4.58423648518237 0.614667470708183 1 971.388319111302
"1" 12.4476276988141 12.0713783205873 2.15782536623816 3.68473535191259 4.35998847973342 9.36468253852276 -1.5865250071217 -0.586810603792999 -1.32665139231129 -0.343623657384239 2.24781330651874 8.08575348830578 1 5947.00066352351
"1" 3.31529158762131 3.19087215990832 1.84442525278357 3.46807723556915 5.29578637845512 7.96883224125594 4.08620794250917 3.97197624000636 -0.615098796446341 -1.75634667374469 3.25223449780022 -1.23444016378047 1 5123.88595910335
"1" 2.56430422370347 1.51257983455815 0.368028239675866 0.821058573766224 1.27707037161767 3.13522651294916 4.10946032076393 3.8798178587535 -1.78523093413199 -2.48008120019076 2.16646545126241 -2.60135037136594 1 2151.12300795282
"1" 4.62520202324461 4.45253479851585 2.30325544148223 3.13827420004488 4.50340378524532 7.83440901390268 5.00321910716927 5.02034581601367 -1.42942716573073 -1.49666482160836 3.79462383335294 -4.27779044270751 1 5408.76205463588
