"1" 2.48582617616916 2.12300392446289 2.16542392888802 3.57979735286149 4.30334202229919 8.79279820264315 -1.44225452534821 -0.885163736303527 7.00662328197464 0 5678.5811019768
"1" 1.90835418233802 1.55893213291254 2.32171739294705 3.20458357843365 4.6292110733044 8.08849723537976 -0.993005002222083 -0.936406382883285 0.703667610656697 0 5544.04179729509
"1" 2.48582617616916 2.12300392446289 2.16542392888802 3.57979735286149 4.30334202229919 8.79279820264315 -1.44225452534821 -0.885163736303527 7.00662328197464 0 5678.5811019768
"1" 1.90835418233802 1.55893213291254 2.32171739294705 3.20458357843365 4.6292110733044 8.08849723537976 -0.993005002222083 -0.936406382883285 0.703667610656697 0 5544.04179729509
"1" 2.1037706867853 1.85623840242649 2.24532331289101 3.40598351813071 4.43263312815803 8.41177722516578 -1.34091855401596 -0.886016319306471 0.158645582350443 0 5599.52426799422
"1" 12.1613461294851 11.7829727891017 2.44561856417485 3.31760716919189 4.952583888121 8.35051425267303 -0.334480642066712 -1.2258824237358 -7.25158772104571 1 5906.84852823412
"1" 3.55087410232567 3.14285716705314 1.98193318336694 3.16998504082611 3.89491590566844 8.05810487028594 -1.92479870477149 -1.28885150986989 0.477113272635852 0 5867.9776833414
"1" 3.75993262207475 3.32659950650933 2.13207710647286 3.39179665075158 4.17216763098738 8.4119483277431 -1.74195805535913 -0.869740144398248 -5.66684894914751 0 5853.92182964667
"1" 16.4039625439734 15.9649106335457 2.74330604467182 3.92524584641659 5.28180136873419 9.64521687990059 -0.318712218459095 -0.461152596528798 -1.18455150668441 0 5890.94989165839
"1" 2.80197144558495 2.36060625985536 2.05202829469636 3.15530327497517 4.05661744220249 7.97977523646054 -1.94082637954331 -1.21038065794754 -1.09978147980858 0 5766.64874262073
"1" 2.84762627930716 2.37921833662061 2.46950471563071 3.4646348599899 4.87432107146978 8.526530870326 -0.867218385190318 -0.787220767297349 -0.65471138042996 0 5720.6481980175
"1" 2.63399198798296 2.41131044693428 2.06998618697171 3.60476854381678 4.13585019214925 8.92989408832504 -2.18681645864931 -0.793581874137284 6.76842701606482 0 5702.45083451453
"1" 3.04533640209576 2.7426981951794 2.20576844448313 3.59415202286375 4.41549662061748 8.82152102906414 -1.25193522644078 -0.93273154680574 1.47240467217208 0 5761.44474611154
"1" 3.34936266922339 2.95001370193342 2.38918197656246 3.26807072380638 4.83541128819112 8.16705851175326 -0.43203765351742 -1.12026410323133 0.760674370786604 0 5851.54400972999
"1" 2.16730759301379 1.73669812362837 2.13323074116719 3.65226797554138 4.36222037209802 9.14277728163005 -1.35081176095975 -1.36613177804894 7.41705685271279 1 5555.47025216167
"1" 5.1800008182361 4.66866199597949 2.34950062916217 3.00131953302122 4.68784874472613 7.61105316190366 -0.712057635902434 -1.38301184418297 6.486878350043 1 5933.8474489202
"1" 4.63468367453798 4.23140166969276 2.07768356708019 3.31181690671205 4.04641023332594 8.31957465529812 -1.93007057549824 -0.568637527759103 -7.32512498257611 1 5926.95017721905
"1" 2.92640652989323 2.49160072129468 2.3744579848381 3.81528066093575 4.78650351088753 9.44199130464366 -0.602080902193693 -0.604689275278201 7.25626442480521 1 5757.94154301524
"1" 4.16179045120332 3.71014458594691 2.71471101612062 3.35047112405204 5.20597630629362 8.39656016154744 -0.14343242891481 -0.956056037496038 -7.53859747948819 1 5859.73679389125
"1" 3.09635463086957 2.61628781197804 2.45005209006106 3.66692997368559 4.96256583992284 9.05734612910488 -0.254860213134732 -0.668510846681837 -0.506653224688841 0 5797.11898840691
"1" 2.69370154363897 2.31619975652627 2.31970157965405 3.26544358873405 4.60697683311478 8.16625527251239 -0.900079736903249 -2.24535328474065 6.61044848380107 1 5693.77236085472
"1" 3.03154631530045 2.58707300292377 2.0527918835301 3.01817176247509 4.06647368380808 7.60481477844885 -1.83074701566537 -1.89888449662621 -7.69377570889552 1 5795.89871874325
"1" 2.5035242896151 2.11567137903708 2.22850617392068 3.20378502781481 4.35880112403997 8.15088760537282 -1.60459522437092 -1.6943886934306 1.76518599721705 0 5654.79914531422
"1" 4.17680300655416 3.79628989309882 2.16519190051855 3.6277874222204 4.24482544535703 8.84877917557917 -1.52873613945119 -0.809532087950858 7.09673545468099 0 5858.81314115306
"1" 4.05297791404864 3.7003199856866 2.65293646381018 3.11689398347289 5.16145709344852 7.81036723081242 -0.269283897622739 -1.80548676323917 -0.457824384315359 0 5856.13718892154
"1" 2.25995676702936 1.91440747732029 2.21322543847996 3.00952206014011 4.29747165907778 7.57671805693019 -1.75587081989162 -2.37792532952689 6.78497109657447 0 5619.31033179268
"1" 2.54407878889525 2.27467590257514 2.70248448604849 3.23583923789319 5.31818520171607 8.18223999367466 -0.127856170815726 -1.07369961937437 -7.05421295403217 1 5695.70562621832
"1" 2.74604177946145 2.36239683983038 2.11259482694825 3.4003858720164 4.11903127998422 8.48898524775412 -2.26097921090052 -0.943408837945722 7.58755335202592 0 5728.11185692336
"1" 3.79928620591931 3.3862048238508 2.22300283999045 3.12966343206641 4.5861728693452 7.79512221248045 -0.951383212708291 -1.49526793332514 7.14698416328804 0 5867.66663561356
"1" 3.41001129192452 3.03922498755851 2.24995832959849 3.50639767425745 4.59460576006415 8.92899690997534 -0.946782516771315 -0.875958834590528 7.23855438420608 0 5810.39991103565
"1" 3.82160071916059 3.36652326287276 2.21283561200743 3.69741667088174 4.49474093869511 9.33036616682903 -0.974107145157722 -0.744516250262278 7.14681428244492 0 5837.17176364489
"1" 2.61430522868967 2.29186354185517 2.37338257850226 3.30882284260859 4.77330413063344 8.44657706364805 -0.658186329138205 -1.35894870543708 -2.49801662042708 0 5690.73559007895
"1" 2.37137787901172 2.04688688240476 2.11499871534953 3.45465126518224 4.14358570479256 8.64928476771988 -1.92202675166208 -0.833249407622011 0.714299917615313 0 5663.66653174875
"1" 3.31887319730561 2.91128095594085 2.25201187559393 3.38533204508864 4.55029697908527 8.67072612944611 -1.05604952000934 -0.967586900215749 7.83763949860998 1 5802.08097580897
"1" 2.43307858776461 2.02025690900605 2.62452921032209 3.24404199067403 5.04908354851424 8.17067677222238 -0.355620719215368 -1.82742772788965 -0.139010317611887 0 5650.1002700511
"1" 3.52899595635017 3.02024292387522 2.28864448109056 3.40614055745792 4.44896335762163 8.60536472675822 -0.982589472768846 -1.25130885392086 7.17112647129775 0 5817.73891351076
"1" 17.010254593127 16.5779673561813 1.97340157467023 3.7055276630639 3.95520655189851 9.01565718192613 -2.81697840964201 -0.741385798740629 7.69361240958036 0 5988.5039956963
"1" 16.449848775654 16.0204991198998 2.17077655846546 3.34690223857812 4.35794983851182 8.39098128087454 -1.22101179866317 -1.05770846760668 -0.00604556027254362 0 5957.41089459026
"1" 2.21594402734914 1.77904467172879 2.19498608990656 3.66681598890173 4.37097320428565 9.06886013482567 -1.25338366367466 -0.717420438134739 -0.189423431266857 0 5608.03174153276
"1" 10.7037353494899 10.3173263668521 2.34132941313875 3.10579573636466 4.70630931411564 7.66621661118785 -0.634002877157335 -1.26551506182331 8.06357114685951 1 5986.99903630811
"1" 2.58121243295634 2.21629707678543 2.45641029685766 3.10822342316902 4.84674058503392 7.77120720840929 -0.372905470730686 -1.83066293394973 -6.86910612512666 0 5720.21559607861
"1" 2.56565960033566 2.2631305445738 2.07856315339422 3.38114148795144 4.107640055791 8.65745583038133 -2.71439198591165 -0.97207064459595 -0.20780808258628 0 5681.16311117918
"1" 3.50989538910357 3.06623785101333 2.0062165140656 3.31420204374956 3.90784428603987 8.19234132274899 -2.36738651279966 -1.23972062502189 -0.393884885760492 0 5838.26777907189
"1" 3.82083233740374 3.48546512785897 2.87703754412265 3.52916419559236 5.66021831909543 8.76269710699682 0.217819797237558 -0.850938724524216 -7.30465386332798 1 5825.56984637922
"1" 18.1129231725745 17.704666512113 2.04747866518811 3.11563607172777 4.02935536288458 7.7163378492686 -1.63103332629705 -2.71467622166037 -5.69156842585696 0 5972.11402672391
"1" 2.54722417081273 2.18327908035077 2.37751368813404 3.36281137257892 4.76243027435259 8.42687106458137 -0.501174164098723 -1.30371036445248 -0.420179615597371 0 5700.67914800482
"1" 2.23291489304151 1.92575769899866 2.05608728364768 3.38074765027449 4.09369527920654 8.38179395287315 -2.21982553380746 -1.4087948596533 6.27565746980396 0 5608.47347091457
"1" 2.64395052954446 2.26503670651965 2.00461685835612 3.32621211505916 4.02450805430012 8.35852105216826 -1.91397148303811 -1.04558284787443 6.75025835976787 0 5738.37371039753
"1" 2.73211408502717 2.33644693559492 2.26772521005424 3.47968938464341 4.54086407250171 8.96555659915339 -1.08172314960539 -0.771014334306149 7.07165678484676 0 5722.79093388917
"1" 2.56881004332835 2.16740310174985 2.21941857088318 3.07711290987574 4.5228840645732 7.84505889688038 -0.896349950709677 -1.53986899931742 -0.632196150171288 0 5722.87917286365
"1" 2.34973462150907 1.95549930255126 2.31279515082533 3.22214520904242 4.67878316408241 8.28832111038656 -0.96781440242751 -1.16091280754949 7.66260928406613 1 5650.00622083919
"1" 3.04378891897605 2.6079571572007 2.0797821899905 3.01927678727512 4.24313906980405 7.467405926294 -1.42546721116107 -2.86151276897846 6.18169049881199 1 5789.62929528046
"1" 16.9818530984843 16.6602969496445 2.28707668175971 3.59227434728846 4.47750073742815 9.12068563061642 -1.58866041240155 -0.622130320463414 0.676272101603795 0 5951.7453439867
"1" 3.73187403748517 3.3979715415827 1.94776168867826 3.06296613205727 4.09773622618537 7.60059013936282 -2.4563718998508 -2.55094226026066 6.44359185757554 1 5836.50288880719
"1" 3.54514381815801 3.06960867631017 2.61472603784818 3.30812118280233 5.22157501896077 8.26070546721335 -0.404547046342923 -1.49642695686679 -0.278505322836255 0 5792.05859233026
"1" 2.44463305179376 2.03035988084532 2.31684672141092 3.38292935553845 4.42488941996643 8.35998210723834 -1.31487199053466 -1.14078242432191 6.2285868384341 1 5656.91391932606
"1" 2.78954119313314 2.36142919966706 2.50030540715857 3.20635311009706 4.87517520085499 8.08344368866327 -0.473971274849643 -1.39046463436596 -1.42995529291941 0 5739.48490903891
"1" 2.18853292932478 1.83657195403456 2.34276608824895 3.33909460067318 4.65839956690796 8.50364516556007 -0.787797793572044 -1.12180893791444 7.68977035334512 1 5616.56036845345
"1" 2.40317335353481 1.88639941285918 1.90920254017357 3.20478850031575 3.99705095697764 7.9936298294913 -2.48200190644328 -0.908373021439105 -7.06179889103782 1 5696.25656313945
"1" 2.34516130493404 2.09501735934063 2.14302989350936 3.27216494521704 4.21339182840126 8.35797918111866 -1.19821228783006 -0.804001190468065 6.76448991697788 0 5703.66517152153
"1" 2.42498901710103 2.0743548653222 2.33456018000711 3.22312440792815 4.55145391607057 8.1006510926946 -0.841066680377555 -1.8279553518657 -0.171863092710118 0 5664.96619245909
"1" 11.8251788354256 11.4667223799682 2.37099963039589 2.91960484615384 4.60111169373454 7.33870779512155 -0.770364838273512 -6.29461003156297 -2.19491367760185 0 5898.83710062527
"1" 2.58175969780023 2.20979377582015 2.50468037411008 2.89341129950936 4.9721635845944 7.45318109556821 -0.47690188016072 -1.71346212937359 0.458647262362067 0 5733.16318853479
"1" 4.94647632273821 4.48797828201004 2.2067137864643 3.52325433867047 4.43147410521543 9.03890445042472 -1.22867099156416 -0.96293598186382 6.66602296321407 0 5868.49794978063
"1" 2.4090931121876 1.96982820803937 1.88360570689137 3.14953876425305 3.75258085563528 7.91603397346419 -2.93983764698915 -1.59552611601656 6.03726828580833 0 5696.27507721613
