"1" 3.59887514357206 3.20428063848817 2.48727207929015 4.77133375530999 4.94483371215298 11.6294645504528 4.85694380103229 4.85881355590509 10.6932492602234 1 2088.52452759617
"1" 7.02368202636456 6.73776186310603 2.75911435995054 4.01282976005953 5.379660241143 10.0750607635497 6.74410761354388 6.74642295532796 13.2661604955792 1 2710.59807958178
"1" 16.0580429000608 15.7978160781427 2.73894700711656 3.96354099902389 5.36824905454319 10.0948704767331 -1.59966118185356 -0.840589906886335 6.37636060981516 1 2784.39602534642
"1" 2.56933540269835 0.125617695897353 2.1536717281498 4.59628494759945 5.44813004863079 11.0597619990384 5.06248958450919 3.80030508386407 4.81191342253705 1 3.8740225726724
"1" 27.1512314895738 26.8836338413272 2.63178141589548 4.13288194616436 5.25192569556527 10.2534925763771 -3.57784580844983 -3.13250213846874 7.88225415002738 0 2885.03304041963
"1" 13.2116032126572 13.0182501790678 2.54369792198076 4.05848931587833 5.08159465064812 10.1078570053969 -1.51129272755669 -1.51103502953664 6.60986539270656 1 2817.54195373828
"1" 2.53842484991615 1.19716658605098 1.95071435174515 3.02955054992445 5.24738934299102 7.81898173279819 5.16199802158786 4.35854480521281 2.01174966159282 1 -48.0060244915949
"1" 2.60484382934604 0.63199855419503 1.66993941551996 4.11850235848971 4.34424376542497 10.1927760330106 4.86094124530391 3.5496393040356 3.92873535715422 1 426.230396426861
"1" 6.81394212511325 6.56199527312825 2.54745801734059 4.26797454206854 5.1620055150083 10.6223920223101 4.4383682300103 4.44200732430531 10.1829267405937 1 2761.25296949397
"1" 14.3229820158516 14.0220413855959 2.63734409754286 4.03889816342104 5.33319326311097 10.0312110075111 -0.99396740325657 -0.988215388119459 7.3978585251674 1 2824.8179620109
"1" 16.952241603654 16.6088639494106 2.4914602936589 3.70483250443042 4.87633104849578 9.44677472565356 -1.51405565564866 -0.68493461603664 5.4789830605879 0 2873.01176729805
"1" 19.0488168402266 18.640831764741 2.35275535583464 3.88324851605562 4.86092214898522 9.52649763136449 -1.62590204835123 -1.05389767676158 6.22055487801759 1 2919.70393823608
"1" 2.64105943946443 1.42270823202157 0.651662140106626 -0.552594512863321 1.72100033898975 3.21677704501755 5.61273414593489 5.7341887071527 1.93878395905415 1 -9783.14407819239
"1" 2.74965659057043 1.60074603838441 3.08595389639894 3.83657278325437 4.72149797782662 9.28187303941135 5.1627652983036 5.18620553261052 5.88816486177586 1 -852.48163628254
"1" 2.18725750693264 2.07306966144246 2.61868759733062 3.79955821670603 4.88812726479679 9.60107403431015 4.83333958255321 4.65013172084633 4.34527325540904 1 107.386690555028
"1" 2.37293214478211 1.91425640146846 2.93520597394358 3.95777077798408 5.11054848928604 9.98777014398821 4.88755802802261 4.76836172748984 6.65853945623231 1 113.967006102048
"1" 16.8499262274229 16.458941948046 2.71568663207696 3.94511384717711 5.17865098654421 9.65047485942511 -2.46087693043447 -1.65520930294114 5.43341806860393 0 2840.27377974139
"1" 2.19964012007974 1.91457761230942 2.63850777330456 3.76811140281537 4.67801161158135 9.99011507192272 4.88649056244485 4.70527463629758 7.97254326857221 1 162.848948124592
"1" 3.52153136069088 3.31207662021307 2.64039372682479 3.71840605012686 5.26993137760779 9.5311402359031 5.0339214501743 5.11377451728145 3.92451962540029 1 2061.49017611529
"1" 2.51698699640178 1.74597445915865 2.88676523490747 3.46280488907818 5.30644653466951 9.17273877934678 4.95581490053219 4.8588978852048 3.05560190138497 1 -118.155143619006
"1" 1.86016632450362 2.03456989712415 2.23632987939354 4.21632513594182 4.91010066115776 10.4859152223767 5.38765404196812 4.50758843805454 7.47195250827108 1 2018.22745257654
"1" 2.07382004874267 1.55090609798447 2.18627093132244 4.3225636334954 5.17837476881617 10.6960023237592 4.80327266753478 4.24783581139291 4.02236127494378 1 327.986319935742
"1" 3.34196137242416 3.00839741342652 2.79582086196752 4.00600424975166 5.54261777378982 10.0188068101105 4.63613100716674 4.68579377785113 8.32373172008883 1 2050.77716049703
"1" 17.0047522731006 16.5999009672555 2.56429818018372 4.14777938041118 5.03367423408712 10.3387662706012 0.351868939439179 0.714197041972067 6.97372335105031 1 2814.66985282818
"1" 2.50053814570358 1.56027734242065 2.43348399037839 3.88528014593564 4.69697013075012 9.99303752417504 4.95524052549858 4.76013171071684 4.42652566220659 1 8.94429654700434
"1" 2.54117061468437 1.68891811496352 2.5116602643338 3.42782285617626 4.47769617606725 9.33583156904308 5.07631699563964 4.98456044582399 4.90686028609432 1 -66.4856647674169
"1" 1.77381409428839 2.30301455377308 1.0419059543762 -0.00960410955506173 2.39155355396111 1.70726613253796 5.33450281703569 5.56676847560837 9.14199425513706 1 -4571.29185904685
"1" 3.14932813108217 2.92719237180529 2.51886031292764 3.90739800359834 5.05297547977898 9.93468148081906 4.5176452023107 4.58220320641709 7.56454473185141 1 2066.03273084838
"1" 3.14325862947006 3.01436262010514 2.32681297256677 4.05083900256944 4.81819518871385 10.1203604204056 4.46292134400591 4.58204940040728 8.42118328231777 1 2156.98769794663
"1" 2.7193761218661 1.07660295633059 2.78172740796542 4.1355787846035 4.62928390901567 10.8608680480392 5.08989635573201 5.25705824740456 6.78531749892854 1 -509.946850790977
"1" 2.66528356173074 1.75579439340885 3.38463363920564 3.58878209841997 5.78970614417039 10.2195367162348 5.09703255256594 5.13594324251673 4.74843943576168 1 -1068.91863296051
"1" 2.74100779180204 1.46839180760927 2.86966113421275 3.36090020167189 4.71141615429139 9.00214075946617 5.16224453919092 5.22095905042328 4.63766855165671 1 -750.651034595612
"1" 2.73287096227581 1.29801764198109 2.89146125769995 3.82100514202752 4.8210783694694 10.2737860298794 5.11248759799691 5.20380420494421 6.52073913752457 1 -818.116762099144
"1" 16.8384691381657 16.6329422222621 2.52739042915884 3.77373127856788 5.10390591297663 9.36215325541077 -2.02771409634091 -2.03267304856718 7.335934068025 0 2857.28633701337
"1" 2.69467618262644 1.77504818415672 3.15092112521482 3.23717029650326 5.07324130942039 8.72153043855274 5.18092501140885 5.20774752277957 4.25411339438295 1 -1014.36413349483
"1" 2.76823786437101 0.659910316666127 2.69535762234068 4.04357978740468 4.59419592146622 10.6396187248376 5.03748408373843 5.33486074582002 6.27469742634721 1 -356.23527050425
"1" 4.36354507810349 4.0944250576304 2.54140699969057 3.97364275278694 5.03107589441539 10.0921277573051 5.45554331512149 5.51896073757241 9.90909751956145 1 2261.09105438357
"1" 2.29240978254349 1.8405732436151 2.69444084177262 4.00186079754819 4.79981662550663 10.4556231456375 4.87661451304025 4.71490266259986 3.95356107272496 1 29.1624785424756
"1" 16.1353890372968 15.7601114975145 2.65938568584432 4.15250083404966 5.14765423914476 10.2268875997593 -1.17887451792063 -0.936354931420887 5.22550754219086 0 2905.88756850755
"1" 17.8847469349922 17.4532683615913 2.45622369245049 3.78352622919517 4.90609054484415 9.55296943205918 -2.10878219817354 -1.96504794339218 6.2021366165223 0 2905.87698368385
"1" 17.2152377680953 16.9107721593521 2.4691539582077 3.76811820137835 5.00225971574477 9.32717708424451 -2.90540834903921 -1.91997947266605 5.15620525243932 0 2909.4864216931
"1" 2.39741501643657 1.65662405667901 2.1426558774692 3.74802931396747 4.01409059894268 8.85074602064362 4.9458371172008 4.77235905207239 13.4044941790294 1 138.67500255091
"1" 2.73912812448344 1.65831648373887 2.85928137777981 3.22668757071912 4.68721091186995 9.03270582985026 5.24587366933812 5.26707296432676 4.61762206759803 1 -751.539144309263
"1" 2.77910661160793 1.33921494376762 2.76964758352287 4.4694490872391 4.74253051599723 11.7504666652183 5.14287122458167 5.08131676835228 9.42179619631393 1 -291.199021919761
"1" 2.79613418593517 1.06923059299755 0.658182592942813 2.31878565606721 1.4071070921609 6.10609335717334 5.39722574673231 5.3494005271824 3.79430418312725 1 -3195.17681258723
"1" 3.51495686038531 2.87866000469243 2.60363793407726 3.93491377128953 5.07379408957969 9.74079623182115 4.78535572030286 5.2391671704384 9.33497723424384 1 2048.29789175176
"1" 13.4602128657577 13.1479897172514 2.52651586969265 4.06984025243576 5.24023807508189 10.3203723082998 -0.0696990238712399 -0.0640646330702996 7.2285307428522 1 2825.94438416074
"1" 7.11441618922116 6.86218405332613 2.84134595165819 3.83532619235785 5.44365418005207 10.0712354591243 8.06191626894423 8.06078020290347 10.8676732287035 1 2388.73623418494
"1" 15.4847125713502 15.0280304904868 2.44877499504402 4.19016045299941 4.84086148053928 10.5740350852004 -1.70828788005279 -1.42157119387172 5.68157765417033 0 2877.31377053022
"1" 2.79221626750998 1.3503060769073 2.8361856168627 3.97663357919844 4.84020505291231 10.8344020124672 5.15570673112403 5.20915491076842 7.75678537410095 1 -803.9704543609
"1" 2.69147860441548 1.77313493110202 3.10323227905759 3.05948741836563 4.9140978313482 8.03500188314431 5.17501474870676 5.20680047229848 9.57764330447311 1 -441.520194345787
"1" 18.5209665577675 18.213147544297 2.76956213586761 3.97711202412969 5.38722730965978 9.89790369107593 -2.03476944398512 -1.24770578934751 6.27930601804077 0 2833.55733463266
"1" 13.8181167866011 13.5887116860953 2.64239498091371 3.79612110565844 5.25405781495789 9.54149200902415 -1.33887178062589 -1.33449252631542 7.82746969778335 1 2806.60638010483
"1" 2.34742486403794 1.02413308242635 2.13843098739891 4.11598912198185 5.2920487227217 9.57376731420729 4.98204257708674 4.17935841642251 4.10975948768019 1 94.2411751596992
"1" 16.6629877798449 16.3839148022824 2.46661116488918 3.89489717073624 4.88440022211762 9.7444790648381 -1.50690498996364 -0.990549509733751 7.25995801691303 1 2843.95138741328
"1" 2.80527942576558 1.1630011342067 2.66151451145966 3.73824703043786 4.57520653415158 10.1626247958699 5.16159313721435 5.2417404238858 7.73890991774645 1 -603.839117154341
"1" 2.75235631609177 1.71500932548823 3.22305419963596 3.7824418984683 4.98784158628181 9.27161116485256 5.15616923747236 5.16249475082409 5.78362523250526 1 -1020.06876582823
"1" 4.20469744871149 3.94265807803718 2.42870600349062 3.8499004408957 4.61668006217967 9.7272479177278 5.65876414085466 5.6520688423958 9.80120812618369 1 1905.50778030074
"1" 16.1150695578361 15.7469023545015 2.7140002109823 4.49634136795899 5.31106773116751 11.2210750673197 -2.06683984605263 -1.14840666777178 5.90344489746427 0 2787.93657443848
"1" 2.70269220213691 1.60787174666669 2.99209172307037 3.33990633682076 5.05575747607359 9.51254762365274 5.16517828741642 5.20945832608296 5.70003044457072 1 -896.227293198517
"1" 2.10687577012296 1.87327843839954 2.9527279971871 3.6183536077786 5.41737800464554 9.6428151599861 4.83382726872148 4.59263684438203 6.80226545366822 1 257.652088609291
"1" 2.5777645385376 1.70003397132381 2.37586523196287 3.39530740745991 4.49855235940407 9.39018136172198 5.06181143183557 4.96499530097147 4.5018527543597 1 -23.1270182390108
"1" 17.0723711698378 16.8233649182309 2.66699622222985 4.02487469627406 5.24363708905596 9.91904470007983 -3.13999232832274 -1.63554350321602 4.37064757035159 0 2872.82917193906
"1" 4.37235983642594 3.98876794574034 2.46706950543495 4.00623973771403 5.17128604212667 10.4594277937678 5.91021242989601 5.79614949439479 9.65250358348268 1 1990.37275027646
"1" 16.899452393166 16.705201849987 2.54811689450248 4.14053532245171 5.05355786770321 10.3686554802808 -1.9146494356582 -1.20815091617563 7.02464972394401 1 2811.28902768884
"1" 2.47295378366869 0.761110516337704 2.06386597291477 4.66022349507036 5.1864788635628 11.0369857278497 4.91976623163684 4.31039604128746 7.88390668513231 1 255.986832101305
"1" 2.97199893271058 2.99677702695764 2.56680604130193 4.23678879394675 4.63230965975353 10.2998802385364 5.05697197993059 4.70792105520081 7.2941365116606 1 1823.9856718112
"1" 14.4976981968817 14.2170422063727 2.43835707070848 4.02660419737566 4.84463134942114 10.1859301615908 -0.952644949085734 -0.965372553580759 7.49948815333473 1 2839.94094706113
"1" 2.34746013927314 1.66954274860826 2.12385168634912 3.78891464548037 4.31471955900951 8.52871818875701 4.93134741224483 4.65858834482412 11.0949145604005 1 129.26959370992
"1" 17.4237992940821 17.0209207550243 2.40137751783859 4.02730093040452 4.82303270440898 10.1627003152093 -1.7966774411249 -0.91137211436872 5.03766096704488 0 2870.74541174222
"1" 15.3035744048417 14.8698091376723 2.51326444870113 3.93054928967942 5.02300259420118 9.86281461478116 -1.37166625857454 -0.437451768625705 4.70125974287047 0 2816.48420245638
"1" 12.5699425599353 12.1880827317475 2.54734539633989 4.10757814568858 4.99369150589105 10.4893633535184 0.325225936000824 0.49079821320733 7.25681189994254 1 2807.66962582473
"1" 2.76158866699508 1.18041635093024 2.9521754095192 4.69249604819231 4.92775397793009 12.0478290202866 5.06422793551228 5.13198280772966 11.2763314548291 1 -544.842210384522
"1" 18.3169534289928 18.0225105566076 2.51693725280397 4.03563022111146 5.06750784913697 10.1224411911972 -2.94120889402591 -1.63866932167447 1.47916685213955 0 3008.80866246
"1" 2.31456349996851 1.91213078328569 2.72124760917117 3.20120305896884 4.96363375205576 9.07899952081705 4.97600197805056 4.85211591581397 3.36489828125316 1 -69.3094813198913
"1" 23.3531789733461 22.9428319787373 2.36421019247815 3.99898141628543 4.88368908805319 9.98547212254834 -1.2282857971709 -1.08480794152467 8.28255515035222 1 2903.76621261859
"1" 2.57733771547083 0.3429183263114 2.06038528708563 4.19053432833986 5.20772959428416 9.9627377728576 5.08269382768089 4.01606599013976 6.17933229045227 1 62.3590471274038
"1" 2.76838362921972 1.0774092676908 2.64353027917258 3.60166272767761 4.44700585230281 9.73767365404937 5.14469790575889 5.27502889039327 7.76761612702823 1 -416.686988216301
"1" 16.1942600397509 16.0190248605546 2.58934838149793 4.11670004274663 4.84369636111138 10.4404451600102 -1.2353602410534 -1.2008596935995 7.08911678309399 0 2831.68756430275
"1" 16.1466583014398 15.8371178577571 2.42908386160706 3.97820710328725 4.94519270071887 9.97923689710079 -0.969324048565022 -1.93617666860054 5.01574765487798 0 2839.30223194085
"1" 17.39716224343 16.9569559282301 2.50724481209784 3.8221563197006 4.91922730881647 9.5405609688368 -1.78344949842421 -1.80671777736234 6.93541214132518 1 2879.76587254259
"1" 29.7896248224995 29.4432016892249 2.35872165194085 3.96937954772188 4.78875071903083 10.0317595193571 -3.34502127149392 -2.71237275365821 8.08258991164528 1 2938.10095879366
"1" 2.73243415868274 1.76629164465613 3.30779908289366 3.59865419202536 5.49146058429201 9.66851275359615 5.12640373229147 5.13991979493868 7.48244925816795 1 -1103.41234838145
"1" 5.63107495991215 5.29555405108783 2.30528848598277 4.02420160241883 5.07010435244597 9.91841621561945 5.56406967914085 5.59245976460265 10.0229137798707 1 2742.13115723911
"1" 2.16955687091713 2.02574029956428 2.88906581409932 3.31947561098203 4.56498556320377 8.87029439752316 5.00789300562163 4.88493306916826 5.16955028878017 1 -25.1281604699179
"1" 2.3730124939178 1.59036701215735 2.55296350893701 4.27939998418132 4.27749983386597 11.0860575710301 4.82885006698548 4.15598330563282 5.31966742706477 1 1186.37536111573
"1" 2.39514286990468 1.76466697850432 2.06551827335352 3.34739082053123 3.96537086390228 8.88694937490218 5.0119856627092 4.87027487969311 10.9255956041008 1 47.5189721012866
"1" 4.26518156428133 3.93009038834964 2.55896741523349 4.21029101890745 5.05303611867492 10.2402520321361 5.5345641329386 5.59274455426073 7.88633830787678 1 2231.26966869956
"1" 11.7693194789243 11.4876179775596 2.53466667194206 3.79727429413901 5.00007275386747 9.6469717672755 -0.355835369024768 -0.384472917317603 7.54022782449583 1 2836.12740204055
"1" 2.52536814552818 0.605952484146663 2.25648666154998 4.08077754712007 5.41950906809576 9.5385399583448 5.07669722375754 3.93318553293276 4.32209118661906 1 98.3839356315621
"1" 12.6713219754372 12.4678085366622 2.44219083770057 3.95375779861917 4.97360685270367 9.81658008408058 -0.943776485184898 -0.52950961138566 5.01226463975485 0 2838.88953033511
"1" 12.7754459972766 12.4486997403918 2.47544740831907 3.59904140382691 4.95246192333559 9.14697155450956 -1.18299386635432 -1.17460067980867 6.9824276244929 1 2871.37825251177
"1" 2.24743271035392 2.42083487251969 0.710537001522234 -0.176544861433571 1.36515135377538 1.87365985392023 5.83149194648925 5.83749055341216 7.97689192036672 1 -16931.9809606361
"1" 2.38374704400327 1.90396611785399 2.81146483239049 3.77595088869633 5.25555475270019 10.2383327650514 4.88577854033421 4.75383303105732 4.502237225169 1 48.5471039448166
"1" 5.79245510243022 5.75800780405509 2.6328505200642 3.90840909982552 4.96952135381854 9.81765131703994 7.25832626186732 7.25610083509494 9.28384879617697 1 2000.05633597324
"1" 7.58641425842636 7.19633585755978 2.57724819396056 3.79976984360526 5.22542451348277 9.33202503464503 8.75416348116899 8.75553997918415 6.31835970798683 1 2158.58584477477
