"1" 12.7195663006254 12.6096166333893 2.08404283431858 3.93816473069346 4.33044715458544 9.34705050095319 -3.43753993779526 -2.60057751864855 -0.838317753859121 -0.873207755316011 3.58151200747645 -8.18409005166801 1 576.861395875056
"1" 3.1021295627885 -0.347781477847298 2.38112260885414 2.95598791835987 5.81162986070353 5.50459167334449 5.05901270750391 3.19893557442005 -0.242615653174474 -2.47626311152698 5.03963634319949 -3.68994565408123 1 142.524273414059
"1" 2.94911903357085 0.465390152463213 0.588664835272881 2.00197601882204 1.63790162109952 8.98039888616835 5.5111072858944 5.59817041737183 -5.10722450185782 -3.53419002114248 6.00378095800742 -3.95104371700219 1 -639.409444722323
"1" 2.74469204188587 1.67061315769669 2.74655954699047 2.98558383301042 4.96038935034222 9.39053678049314 5.2488930710611 5.25815542792258 -0.520356945933566 0.107764419434427 3.52171916144446 -2.37289290439896 1 -192.205422321907
"1" 2.77098008427522 0.255219497340128 2.06830086904886 3.9338237782246 4.641770993028 8.54074753391692 5.13014604111086 4.40297822556033 -1.20582096439058 -1.08772638118276 2.91402303814866 -1.16441142902114 1 -65.5469825944056
"1" 22.5766475806842 21.9866293820397 3.81775121528862 5.54400643818769 8.57613658175872 12.4298828679328 -3.74326846617855 -6.51013998711279 1.93503667757412 1.78780081813558 5.88408781023481 -12.7918792284407 1 401.060598559247
"1" 3.6410965864297 3.71196402198636 4.34785869245208 5.09505544056489 9.9540145902045 11.6608695335963 0.226828191914581 0.712974735292063 2.22570618702397 1.56793032052734 -1.56611855266405 -3.84757880736134 1 263.736795042683
"1" 13.0781069481123 12.6218120105995 2.20150054691156 2.87897474912216 3.9761640368162 7.68852462614336 -2.61536579712116 -1.87031125125274 -2.19529701478099 -2.23998648492327 4.46181613249865 -6.75882114313451 1 489.340087566399
"1" 2.0832021065204 2.118106917632 4.0582745421358 4.22569850314956 8.64245730909928 9.31496521435072 -1.04675814034748 -0.582854273053807 1.86533790935931 0.163389814297848 4.88765752479334 -9.65390837211967 1 461.899840000662
"1" 4.97335500668315 4.53624674588612 6.01615362886011 5.72527437130041 12.5694696891541 12.0134627240083 -3.39203879506459 0.434084451933857 1.45645429754184 2.06120816078872 6.01763169187175 -9.2871298323732 1 343.321886791857
"1" 1.03380277202054 0.667155955651226 2.34284603494126 3.5718922537141 5.12564895964396 9.25241917790491 3.97251484169645 3.29632947541257 0.480401988188395 -0.511083341178496 10.7954744706504 -10.3632914365804 1 360.745707194163
"1" 2.43977031040017 1.04290333249924 3.30941094234513 5.4165756535025 7.03681343169517 11.1946229985362 4.79388197355069 3.74213069907928 0.0241485527837415 0.374306672994897 2.64773396693427 -6.51084630401543 1 -55.57297443075
"1" 9.56954823244381 9.27531592749331 2.14838654429172 3.38551053942477 4.13154203340085 8.28691343499499 -2.80296004784823 -2.27300330334459 -2.21211004375308 -1.49312523178711 4.53055700520464 7.39276885329253 1 498.193934322733
"1" 2.71182199059945 0.299279584214396 0.324599602619757 1.49421599049773 1.80309206413998 3.00174218095122 5.57555242314044 4.73073313228378 -9.42077748854305 -8.48607547995685 8.74936458447596 0.352580869305173 1 -846.731458268556
"1" 9.32022082687234 8.89521460750017 2.34842573230215 3.58786214269839 4.15080173393414 9.25383711741786 -3.22999595429229 -2.64164941889102 -5.04401198718608 -3.99548150270162 8.10269056726836 2.22745000596828 1 477.981344478698
"1" 2.25225311154754 1.64526978670078 2.56293917329692 3.04741085362349 4.71059942575006 8.58662569974362 5.00106251967031 4.78203102289284 -2.15016664342422 -1.16744399836465 4.7946149025365 0.448023089287931 1 -52.7991674960958
"1" 2.10492377336732 2.12035773199542 2.25265213234051 3.09124720329134 4.23935878034018 8.81563145406315 4.96577458411045 4.78530590149081 -2.47654743746143 -1.10500164489364 3.75400107061775 -0.507494175328094 1 -48.0347115247278
"1" 10.9976132009819 10.6929994087167 1.55582234641918 3.01052933480251 3.38009655608016 7.38092897556117 -3.19243795981868 -2.11627824962271 -3.23784131776125 -3.97513781959722 4.0806646520527 -8.09964361846347 1 529.505443403998
"1" 2.67424307322135 0.505375662596626 0.376671942670364 3.37594355722161 1.85015508495415 6.56921146224493 5.51899000864413 4.68742719121796 -2.63231255918195 -2.15364536111999 5.07825142885141 0.517628324103862 1 -459.734728473433
"1" 3.51332753320869 3.69539061325844 3.46318520744265 4.70782679747975 8.01758467264775 10.8947274013101 4.80228381744941 2.65541945798525 2.39193343606017 1.56533555761451 2.10063793663224 -7.25651561101827 1 157.39544201848
"1" 2.28167385988934 1.50984398342572 2.0452240981003 3.62826380900451 4.57962110777279 8.49732250089853 5.01145568219551 4.48913496210522 -1.55354998440997 -2.50983731126127 4.22859543250652 -10.016257238604 1 27.1296839753359
"1" 3.70273249770694 3.68626448553903 3.78743511036894 5.11995142230124 7.83389954762547 10.5835767871183 -0.277408384064682 -0.251057604135993 2.53104432340931 1.43697807529541 0.644172369600704 -4.96220497408746 1 293.782364872322
"1" 2.62568910936308 1.73978168944445 2.92072635394282 2.49836830313823 5.1076171463751 8.09809163940522 5.20344183209048 5.25310494314632 -0.182373971080019 -3.32520454436129 4.72454661576202 -5.44197354265802 1 -101.092867147765
"1" 2.54462357355562 1.68144470032614 3.00452202695797 3.78582493526828 5.28227988371409 6.53026941757117 5.43724947520126 3.96449126868114 1.69643398263468 1.51745524630628 3.50109921516664 -8.01892797769473 1 -202.051016077188
"1" 0.884700104269114 2.90692948784773 4.77383659692775 0.0858238041090841 6.6456376191015 2.29574604960363 5.53086116410117 5.53661128935617 2.46580922009482 -3.04117363030643 7.02028427424896 2.83289053886235 1 -811.432082701514
"1" 14.7921152020264 14.6945167951606 1.8997203675639 2.80395791593407 4.01531841538401 7.13225724420243 -3.21568441808332 -3.35290025135336 -1.70642358769706 -1.28530722103392 5.59443118797657 7.62310192427708 1 526.240223798717
"1" 2.1476074763969 1.45154623507819 1.82916647983643 2.88220824358622 3.50170481251854 6.92801436801888 3.01725812430637 3.14273786335962 -15.7016987205842 -24.7856100069173 15.2670570722893 -15.6562035142248 1 438.379353436007
"1" 2.71378407712951 0.453184422614876 0.31137463293377 2.71127575921433 1.32457518483013 7.94847704497303 5.57410419206773 5.34649742255503 -3.66605288165152 -1.63070133280512 5.29216439318122 0.139793386351228 1 -730.494112434635
"1" 8.53818716455532 8.45043851653578 1.48987625982495 2.75826080828269 3.33677304566323 7.38158182934855 -3.18773003969193 -3.32427902881621 -6.40117702741905 -10.4875596623864 8.91984240374468 -7.63091562358965 1 496.151252204361
"1" 2.67972378412983 1.82987581386072 0.587059548575927 -0.534396590819774 1.65351675780666 2.48727848345288 5.74710310276695 5.76386959707158 -10.0046553097327 -18.7178238624628 9.1058353418242 -0.626701364925574 1 -2385.34065534205
"1" 26.860223093676 26.3225773150703 1.849156527083 3.38743192085805 3.69452897186147 8.74068757520037 -10.4339663290598 -1.81974993883899 -8.20931060388254 -1.07442026519429 0.886459023575282 -6.74749213094756 1 581.758225258511
"1" 3.43956296250814 0.152147039789326 1.26911694171018 2.00820691772008 3.84542897429368 5.67508310950527 5.64342610251914 1.31520300285416 -10.0457426651461 -5.77555682087552 4.0378910884107 -7.22186461852978 1 -363.729117005476
"1" 1.72624859407608 2.15328662151962 2.5346266090471 2.78443028833179 4.6709607354986 6.98837823645873 5.23985283139444 4.45257064702204 -7.25276742459951 -11.8152926592963 7.49881836780252 -6.7746770777427 1 128.052356273814
"1" 9.93996194961485 9.75976983583508 1.98313138707452 3.05158162230085 3.7264314534745 8.52141907659639 -2.73480948258271 -2.51467495922915 -9.75058761242255 -2.14187337103776 7.78279792244032 -0.521362110810369 1 489.933631518352
"1" 6.1859702504561 5.70663414093372 1.96755128257876 3.20414714647171 3.80091944762528 7.90280372118602 7.55973576097931 7.56589666583245 -8.33935636073924 -0.0492213714325285 8.37426371540503 -3.81156403576444 1 344.976313118432
"1" 12.2559783885241 11.7658981583793 1.52462384153579 3.77222305894343 3.36487575754384 8.48961470849071 -3.29774103835686 -1.10138348474599 -13.4082712645445 -0.262501718218758 0.785553357097515 -4.9915290857803 0 534.861366487408
"1" 2.26708624592003 2.05875645869214 2.306747613983 2.79614120041749 4.25178668846869 7.52784515109221 5.06566093589645 4.93127081226976 -3.19640980102006 -0.858659089247886 2.79799023550157 1.05464327817234 1 -61.8880268712437
"1" 8.99092679571696 8.53804236524794 3.01371539347814 4.19093948645024 6.69947138954771 9.70980177765745 -2.79433237650971 -1.6839348400789 1.19097054619892 0.0244172235491097 6.3961948618041 -11.3849552539842 1 501.328956033014
"1" 2.52039253713831 1.73161844392567 2.61949826383344 3.38304312502971 4.42007061090478 8.70412378697763 5.09171747338831 5.00179130655619 -0.949419430723469 -1.62151104380968 4.08122611427383 -0.24281149212407 1 -128.928357691992
"1" 11.6959468827071 11.625980851334 2.4984398448857 4.0471154059646 5.23749390344183 10.4947874101023 -4.70406536481896 -1.92738576462399 -1.42487928370053 -2.69802240281903 7.45913355952707 7.10977225330821 1 471.906349601069
"1" 11.0140778027788 10.3651660932324 2.07152871154161 2.72572996959469 4.06838987785588 7.10596678158217 -2.37841937153248 -2.37324195533676 -2.49836685541905 -2.90183087138627 4.07831628394727 6.90103744906274 1 498.970891040261
"1" 2.31104990656937 2.28802948938006 2.77932532440901 3.04154633253143 8.08687727825766 7.48353899519819 4.73462289106048 4.66544170061096 1.13536334982833 -0.420185872950392 4.58795049258111 -5.03589012614345 1 38.2284405884748
"1" 16.8487365593162 16.5881818665889 2.34200740888911 2.56055242381668 4.40500442282341 6.9621206748057 -3.17833608124826 -3.18369695818378 -1.20647937152597 -2.33633745803675 4.67806265514833 -7.03046218498368 1 524.668975355826
"1" 2.25631940825218 1.83499387060502 3.21634833433815 2.33636693264633 4.77350911805974 8.07823402654214 4.62912673331698 4.77273384607388 -6.10718639567928 -1.67972195296231 4.2886415245268 -1.07576249927942 1 -53.9306621123742
"1" 2.58327909885614 1.41617383052073 0.591526560843353 -0.208942971776233 1.52111963064816 2.59369650253316 5.56446570997126 5.77048689732506 -6.02788929277527 -2.73993642418602 2.54656898206231 -0.153330521827014 1 -1668.18472367124
"1" 19.1078618393498 18.7985749333938 2.14720950568465 3.81352735538678 4.0412681094349 8.92766551059657 -3.78698082170096 -5.82376401283629 -5.51916203443813 -0.513025829979968 10.639487243214 -7.65961384023341 1 501.925459593103
"1" 2.80150444012937 0.654632969308386 2.25408849279657 2.45296330380564 4.72757911447972 7.26080184500048 5.03494811587739 5.3025927712318 -1.69264162151346 -1.05872649019852 5.63587506834914 -0.0366514596298404 1 -76.4584884787128
"1" 4.76070920035237 5.59661103535323 4.01970813163519 4.00542002429977 9.25615796574975 9.27731246791424 -1.4503761856529 -1.3109187254293 2.45790528085733 1.01201436114626 1.98440150045153 -6.67695668551823 1 443.367146193814
"1" 12.2806352090287 11.6015178482045 2.00254484573378 3.66547060523349 4.13287576137407 9.79415435528495 -3.54493749252085 -1.69268236752082 -1.5140825990692 -0.734326406797459 4.01891859886713 -8.72951675673588 1 524.988348493602
"1" 3.27557441383151 0.228492354171963 2.60663604617947 2.96959604856541 5.76783977359151 7.22536405795729 5.34396584559129 2.14660947235978 -1.30798206968444 -4.44406175923111 5.76288779744471 -2.8980350103086 1 40.7821827271127
"1" 2.39677622100482 2.30952395503327 0.812580735666118 -0.530979964156768 1.76169560685493 2.10820090969181 5.81761294007637 5.8135124211216 -4.85933563436682 -10.0224030631683 8.45833801373919 -9.491882799706 1 -2588.17238157572
"1" 2.85464723053325 0.85854578883946 1.27590722390783 3.97234950142817 3.301939981502 9.10411188847734 5.23452737728939 4.40785621717507 -4.09394261328328 -2.51770780121996 5.51007499959081 -2.54582196712817 1 -50.2697658772704
"1" 9.41268123220187 9.20829132342885 2.40074169528223 2.36582604645856 4.49164339018027 6.07793972076548 -1.97386478330886 -1.96849956129439 -6.0033615548467 -7.5935213210861 4.71938825496125 -2.04503393457581 0 488.633572811372
"1" 2.32466382489549 1.41834958338279 0.27039798965273 1.69169993936336 1.41019877548423 3.8070999608925 5.5654872590343 5.10761732975989 -8.5036981172982 -2.29671731505734 3.85350127647583 -5.23654698449866 1 -585.295528677954
"1" 11.1052697918184 10.7613757964997 2.74761919286919 3.66641981085751 5.16305042777099 8.98389288632782 -4.71289328282347 -1.99589921012021 -0.785698242372954 -1.92226711671006 7.19143525699782 -4.94950496063439 1 499.240847265917
"1" 5.7592288398816 6.01105406112787 4.37778302308141 4.84201082016204 8.92406649224555 9.84626814757855 -1.94520051747034 -0.970379533372628 2.32393434351886 1.80701539666384 3.01015866323041 -5.54799485253359 1 405.686845688309
"1" 2.64824761602261 1.20052513946575 2.8661022781271 5.50081913678376 4.98613347224852 12.9768720208548 4.95207066738027 4.81170764587239 -1.73293831064968 1.01418968413589 2.17384027560068 -3.39671482542011 1 -30.1367804506426
"1" 2.31143687965634 2.23778038177423 3.72327725895767 3.76625965582679 9.09212006892525 9.09373696564496 5.06231339414925 3.72478194236635 2.36380849715961 1.67146399969611 2.17681362227233 -3.43301633939843 1 -48.5653305492506
"1" 1.08158993011447 2.33328178553186 6.50968135164295 5.21662735521168 14.3530310229541 11.493024232196 3.83614168593579 3.71399137555238 2.92370587777329 1.25277650287688 3.22840369552742 -7.14857609338923 1 104.154726251776
"1" 5.02159946976175 4.95757427603741 3.99710681121894 5.52367142433162 8.19125069651757 11.3230107906504 0.309183343936146 -1.95351605614531 2.42956656191087 1.41262246593296 2.50812853060637 -3.32774448608784 1 305.860337581345
"1" 5.09026520886686 4.3084213801307 3.77952796765575 5.69120259799149 8.36774575525066 12.5645205969396 -0.65756615204815 -0.876237165292928 1.76190464613146 2.03541354354494 0.756214749679752 -2.25113765280925 1 444.528992541043
"1" 2.48491596755183 2.67500889903249 5.03468557301904 5.27791579193541 11.4562107672069 11.938124192823 -2.2582213036325 1.32010564625897 1.88067637025138 1.56871819919989 4.56582941255331 -11.328584694578 1 353.34312511678
"1" 2.87951305595502 1.10371253967396 0.632200129317643 2.8429693536228 1.34050733613221 6.84693169951689 5.41567144463392 5.43922161990784 -4.13924033104265 -3.15790725731646 5.1967329268918 -1.22188368534874 1 -472.11402519916
"1" 12.9544457203942 12.5912370217827 2.35543750360159 2.73705737721423 5.07609565211626 7.27629423747178 -1.50763220753248 -2.01341800713099 -0.663870953616212 -0.936099712249988 4.13687105298709 -7.2421809714459 1 496.127237162518
"1" 7.5024459480252 7.44666468974603 2.01032847334457 3.28108866066519 4.15043782819382 8.07658919852189 -1.25588017848882 -1.21582698806618 -4.90927096285438 -7.00694695938602 5.78810808264712 -6.51741300449501 0 476.596985410075
"1" 7.34350771337628 6.83511417126839 2.17748813856128 2.8324578053063 4.5476413710524 7.48533939026191 5.75370294587087 5.75389319726933 -1.89376571244149 -2.03003666071635 9.85426662969174 9.59715724826836 1 479.908932665579
"1" 4.57709987750053 4.27338488517295 2.65267138838245 3.55738123921675 5.00300326404498 8.62196462467857 -0.202521616516087 -0.395451397602184 -2.07670852835634 -1.96985525242334 5.62352028033554 16.1373017427232 1 459.787097209233
"1" 2.56456652654137 2.12131133690213 3.01867815150661 2.61096623652961 4.81689838733241 9.89501468339614 4.8131126128035 4.75550948298368 -2.32890750502945 -1.4389254461386 4.12648506955745 1.52840334250446 1 0.302791011115914
"1" 2.29793870409822 1.6257479755107 2.32274327086192 4.29744297681482 4.91555542994261 9.78981044379952 4.83969798651146 4.45934865534779 -1.1024831875912 -1.22282907096354 5.19032117878914 -0.858468208849648 1 20.0307701963411
"1" 2.49467276167903 1.16983609463825 2.14975904441398 3.51661714265367 4.53358362094479 7.0496621862166 5.17327780902465 4.38569618725085 -0.808033025058225 -0.858958607331727 2.65257088856078 -2.13856357189121 1 -33.2247662233258
"1" 18.1642574247836 17.8824653937834 2.03274280084951 3.23312786684724 4.0032206678434 7.67530316318076 -4.82168053925029 -3.51567751632508 -2.73749264161171 -4.8234076927953 5.75900610404013 5.5151379574554 0 513.393693134536
"1" 10.7847098972972 10.2521694787854 3.38274983119988 3.19840649546422 5.87296967026575 8.29814196175901 -3.86047900580583 -1.45368731597331 -0.234597092922156 -5.45396605794531 4.04236397788467 3.80418553209265 0 492.829005429145
"1" 3.95364787399707 4.36305887843714 4.36797578955224 4.13671950429105 10.1072501943609 9.48920118487292 -2.80382012331998 -1.38895972014526 1.92183242832195 1.31451792372202 5.44753410832143 -7.67604096660939 1 437.054158951551
"1" 2.34773185167237 1.70552177159501 2.58051720897576 2.87393539113185 4.88219670941196 7.71760652771432 4.57757669964097 4.43546870072043 -2.18907633523678 -3.87800188712839 5.42126147625662 -17.1602154222875 1 78.7678486106506
"1" 20.4345466588223 20.197449260714 2.10458866483732 3.10116857839291 3.89154576607873 7.84355087645317 -1.9680626686035 -0.897999540513966 -17.6308134625478 -14.1826893547647 4.12921806407288 -4.59531337083351 0 499.338918499458
"1" 19.8741998515016 19.4895761448367 1.81879302317914 2.89647311766225 3.65995755263871 7.43694070314729 -4.71106223018045 -4.10527032401981 -8.28805158713512 -12.2008331534884 6.75494660381917 -6.65830978397694 1 535.629226653849
"1" 9.6626779442761 9.1678847982556 2.43072668917467 2.8723005692785 5.05103357579321 8.0597116041835 -1.80273244946151 -0.916835798824072 -6.93839588766029 -20.5192388651877 5.24489677610028 -8.49843538892451 1 474.217871259205
"1" 1.26608270858164 1.69292038789194 1.04509340062705 3.55646729279505 3.859332964223 8.94220671114467 5.35245240411046 4.25512527519861 0.0584460087574612 -0.407029213743821 3.38624787533782 2.13311738564302 1 191.405421084313
"1" 2.51720594107398 2.66872742403717 4.31299462154357 5.51409757551698 9.66755676350276 12.3596677011329 1.92132978121039 2.02094125840506 2.4810731950211 1.20234647298767 2.3540441528971 -3.22199344487979 1 276.349380302878
"1" 2.94314574230249 2.08658501684109 1.52510435865685 3.35153092240628 4.35355415822492 8.70855455452289 5.76319383071216 4.69967506680307 -6.12656040607154 -3.5845546354166 5.13767017967613 -0.683621055276038 1 224.367953404186
"1" 2.07061060694744 2.24552622387491 3.55500184931985 4.43659120279724 7.92185546682708 9.879567368255 -0.0393539610708392 -0.634098211990765 2.03688745031134 0.897133098711985 2.60165384879052 -6.87386133736859 1 429.710908108847
"1" 1.63250983659083 2.4800560484429 2.65700822249313 2.77074888180178 5.91043630298149 7.67248464168707 5.05056211309359 4.59225954139552 0.750099983809508 -0.979130565494856 4.6798616945029 -5.79742705190369 1 48.5385666809834
"1" 14.7184272849205 14.3441865341802 2.30576680628683 2.88845165308093 4.40010627686847 7.41062549689349 -2.89549951289391 -1.40923683306223 -1.658763347064 -1.74550882570468 1.72582368529894 -7.23478841026586 0 489.590022320006
"1" 12.2640223765935 12.2849129669254 3.49243476695823 4.47083866919167 8.17308167221717 10.3578964711721 -3.5058067055131 -2.96789885586268 1.46040560507305 0.372759140285615 5.55260130912789 -13.5616526145504 1 493.754971239139
"1" 3.79035357303451 4.00136515804641 3.96687168734479 4.36416416867062 9.16374946145202 10.0814908386155 -1.05716080412632 -0.736400831526756 2.42603128879725 1.62371274567007 1.7879961457943 -6.15724279155033 1 288.998495756627
"1" 12.4459276786378 11.6816610977003 1.9456307796746 3.0760282034095 3.99928119921139 7.90345886100116 -3.42351917182996 -3.49846721022827 -2.35262595335362 -1.84586458600724 6.26126716749064 -8.32169358933078 1 518.369215897428
"1" 3.55026593358061 3.40852422851873 3.77052310180423 4.64045360630033 8.30774846576017 10.2267723595791 -1.38890236536613 -1.08516314611506 2.34590917051575 1.76081548243211 3.15977489811319 -6.41740940754728 1 319.580123439493
"1" 5.8486027455305 5.04397125005568 2.61087267040838 2.87558454613105 4.76387974481256 7.53716149034821 3.2786623395535 3.2817956688859 -0.852060600217824 -1.27967198490704 3.00182234310451 -9.35960473075689 1 483.459046509883
"1" 17.2414696378447 16.8698782404602 2.37065787932754 3.30200570464566 4.19400018658355 7.78493464151476 -3.61029050501459 -6.56213623553626 -1.41911736112491 -1.33097864292087 6.96210827200615 8.48895027288522 1 508.677909701733
"1" 2.71130259550162 1.51808122315625 1.09575355790806 1.27914308843184 1.7699675113384 4.09777136546405 5.24412507520364 5.33227389318437 -2.63231009067763 -2.50383034332573 4.1608852634389 -5.41978724127742 1 -634.2875985064
"1" 2.63614998064066 0.869356843584233 -0.0735535498480026 4.63304159789475 2.73552098848024 9.67615545402037 5.26940957311097 5.09670990811997 0.118229026656042 -0.0655196119094485 4.37130361789639 -3.21438622697057 1 -393.570070836769
"1" 6.33156697427771 5.94653941963645 2.26544389873125 3.52763578571263 4.0257522942286 9.00240180283861 -1.58473625671697 -1.59291998002815 -1.78857761345009 -2.48692754523628 4.61117898671185 -7.43904605120399 1 478.238861821361
"1" 2.70142986165795 1.82296148393871 2.96786514049414 3.09820932773149 4.63254974185 8.45691568422951 5.28760144907147 5.29049221139255 -1.90242242263132 -0.583149218714399 4.16213164142824 2.38420612732661 1 -205.232328371274
"1" 1.79077849274223 2.30623597397179 4.0046518677584 4.12829144397144 8.87107291854751 9.15766176525409 -0.974211450293624 0.71554455013345 2.7752345304342 1.47374062206053 2.34679996448946 -3.35794446165042 1 315.173959750133
"1" 2.74939582826228 1.57447393611216 0.734481808562269 0.233504772494143 1.58354047208336 3.5206657083532 5.5590595475906 5.59113017450541 -9.2522429112979 -5.05372415145242 4.04597177607179 6.35014145240073 1 -1329.63395494504
