"1" -1.69799980828176 -0.396257376409243 -0.0272781721734057 0.370974536591907 3.04280764300136 3.48326873200479 0.396959873173703 2.78483638544669 0.12705225514796 1 106.138964121881
"1" -0.226908844481268 -0.926543369126659 0.388264493274597 1.67440900380354 2.90087935003985 3.58286541193495 2.85975640029822 -0.62383425454861 0.0378637007061349 1 155.042169467508
"1" -1.99557286028995 -2.61901037427973 1.2340030552241 2.40639809576482 3.12931505706677 4.50678195262801 -48.5319617871916 -12.2412103091732 2.0526450472369 1 117.964980924235
"1" -0.360548745137693 -0.826852672823058 0.397291451418066 1.12039668715924 3.03953783108152 3.29203874842252 2.96490349796787 -0.294309676763563 0.238273632123617 1 173.05613176154
"1" -2.3409539322284 -1.28849553707898 2.54652001817786 1.03317747403226 5.81158976144004 2.82127275579999 -1.9024385603008 -1.73833885527041 3.48134204549056 0 169.609459811241
"1" -0.941672878165399 -1.39355110312941 0.504013748701203 1.67151553280494 2.51688266735365 3.7987171329015 3.31186798533446 -0.467909374333933 0.181557245803714 1 83.3395548707856
"1" -2.28750007349226 -2.2036755566398 0.93098854739383 1.91626112589826 2.91758889911442 3.43739178619493 -19.743557052665 -4.4747418445878 -4.61777149438962 0 119.849340486744
"1" -1.87582290669668 -1.56553273334946 1.28406985004824 1.41880513358236 3.04539206748767 2.88664522645399 -9.60008064331258 -12.2218031438004 -7.67554501648772 1 173.736822518026
"1" -0.588020311381808 -0.605396956195317 0.380387396279503 1.9289563000544 2.79564847501902 4.36244824172211 3.12152752981333 -0.510145731666919 0.274984862599222 1 142.216815191429
"1" -0.955787060442395 -1.29282941551936 0.331963508938243 1.70718419017539 2.95706253625664 3.29961667960257 3.28517149627465 -0.135331627090638 0.205426956542577 1 97.4088461949711
"1" -2.26138056317436 -2.00087328018131 0.925312608230622 7.98049466216325 2.82772069678005 16.3472333760993 -29.2081108097361 1.95814823533739 6.51621500221822 1 132.679796879517
"1" -2.49790063754515 -0.308212814333434 1.66492031478592 0.421494608761759 4.02115232013998 3.10603786907134 -1.11080112928512 2.76913844711229 0.307040403803312 1 123.378419543908
"1" -1.73393761192629 -1.8291864902607 1.52111393237256 1.92555429047764 3.12334484964875 5.20120491201102 -8.35246121085619 -3.35150739490121 1.00513410982985 0 163.587008662609
"1" -2.05473406731321 -2.1628663816473 1.33818492426824 1.37549167625004 2.66020892377685 2.72356281482974 -13.6202689321607 -16.5954969385109 -3.04746354403852 0 133.600496724847
"1" -0.354970152201515 -1.82782045257713 0.499164698311203 2.00532120463523 2.37104079298599 4.60826927494827 2.87157499437502 -1.43859520528719 0.0531668819841269 1 94.3888436740231
"1" -2.17776675916248 -1.22137914057745 1.74410156800487 1.17835830649839 4.13836734236512 2.96871514995476 -1.17116255640604 -1.30163880075722 7.8394742436531 1 183.289053453474
"1" -0.472261205344659 -1.47178175757526 0.501364463835459 2.0957372577187 2.15334315405887 4.65349943009793 2.97603274384768 -1.09158147966383 0.0292843907170947 1 114.617097395421
"1" -1.31233360257575 0.0921749522079141 0.745895705377503 0.387054602131485 3.54733049528097 2.66181582141589 -2.71723137248088 2.6098322900486 -0.400147007323572 1 170.121927569288
"1" -1.40957562980921 -1.58526255135283 1.07989565955826 2.92620878050669 3.54708631486355 5.25143475487318 -0.599444097026921 0.304842475907113 8.07766554265905 1 194.964219315807
"1" -0.523471468360503 -1.27970113564308 0.471875504234164 0.722718880104383 3.04964421777488 3.7242621941324 3.08191915961098 -0.1215522956349 0.0246619076660498 1 126.576645033797
"1" -0.169332386173353 -0.477588325898739 0.660318071587709 0.0592701689938472 2.1783310965845 2.78159258581622 2.83639091158808 1.23496903492185 1.72627345177923 1 139.079915759057
"1" -1.53456714484639 -1.07511648019484 0.985984616850137 1.01375499535051 2.99034269241205 2.87790043736944 -1.28273856461285 -3.59067726031371 -5.40675810836249 0 219.578757858956
"1" -0.670365784351731 -1.59317378634162 0.43430389489421 1.26692217549237 2.89301224451651 5.25183281260065 2.97084460617533 -1.31455183344595 0.150442093314935 1 101.202548197741
"1" -0.625113317451631 -1.64166679687658 0.378723386787165 2.35059284624175 2.68757447050583 4.26639469873957 3.0456252830026 -0.813682847715704 0.191141660739249 1 102.173300460311
"1" -0.801596282606642 -1.44373495725344 0.438927161125724 1.02775297218011 2.41416155608326 2.55882946066874 3.19174410371268 -5.02288096961748 -0.00705669176792533 1 101.461033933971
"1" -0.785326615548176 -1.23410449130351 0.434435902291836 1.36212867714896 2.82759992776863 3.01768913546994 3.15682075006963 -0.737899114174039 0.04071267700121 1 120.471338236639
"1" -0.325294112905556 -1.1409143543407 0.356016929691896 1.35701684147398 2.95056862109609 3.07472806259523 2.88048045966362 0.128969377138192 0.60386394720862 1 152.724949722176
"1" -2.22004505515023 -2.44476446776875 0.131107386011905 1.99138673381286 3.76252100757728 4.48630920188903 4.06001306080949 -1.18587469163637 0.234297003626155 1 43.7786334210613
"1" -2.62244377276342 -2.15646169966129 3.42883079881274 4.6888871365703 5.90767714852963 10.3504953656594 1.27557446578444 1.01183012825237 10.4819711823801 1 109.851473014604
"1" -0.38891490327541 -2.08616838142731 0.552943423985827 2.38206025798505 2.32200525994749 5.7897405309098 2.907324903174 -2.01943392277647 0.177472497783259 1 103.543028303239
"1" -2.6765121076159 -1.30620705102378 1.89617857740349 1.54871916433013 2.32478870408115 3.41400113202934 -13.1850610013186 -28.691681582675 2.92044030159709 0 161.147801259406
"1" -0.785743199623481 -2.00346751498846 0.00495323080937127 2.1191972419152 3.79966829708542 4.60882740836301 2.88810340495328 -1.17305856134631 0.205402890156031 1 97.8604053402103
"1" -0.408660976573172 -1.62994273727244 0.402147248695718 1.50807491295275 2.79711205558775 3.96241799662475 2.88686107890017 -0.753070499986838 0.22221069094159 1 113.52702448959
"1" -2.52097222021193 -1.47736401526342 3.99757629063805 1.32595131751493 6.25916475532738 2.84834980159817 0.909239406432898 -24.5159545528258 7.77150499665894 1 153.001969343221
"1" -1.63989317446218 -1.58223940820695 1.1929787331673 1.04712892692289 2.41321549553048 2.72370324000723 -1.32430203492737 -3.08536834049248 5.5651644044253 0 182.80205641721
"1" -1.52035786032658 -0.345965680248523 0.221353468426377 0.468481901733369 2.50736518705478 3.33756593233794 0.488102879452923 2.90149057415619 -0.207974212306212 1 111.396600209724
"1" -0.787051899584946 -1.85584583070738 0.373398541885404 1.79772483856866 3.07402295312806 3.14448750632906 2.99171790764319 -0.0779954397706233 0.0328485442492858 1 160.85561695234
"1" -0.922635883156405 -1.36175515108717 0.383857534814122 1.18913322915779 2.53794550286626 2.83747390299006 3.24093807542584 -3.60759602934115 -0.0115617594111773 1 109.029419716351
"1" -0.651787199011118 -1.76255747757941 0.421268055974728 1.29499888573326 2.85727879882518 3.98665566884075 3.04426298628883 -0.717193543954032 -0.105311744426079 1 101.560511272952
"1" -1.4689375585336 -1.77727907286781 1.45297528608093 1.35500819244173 2.64006956647008 3.91016143900251 -11.190606666965 -10.7605065786003 -2.17087569132667 0 183.828277214836
"1" -0.822668657589256 -0.865884247375852 0.457263000119882 1.21604800469415 3.36202749857829 3.12290442603748 3.32003233371899 -3.70430303459762 0.279264453135216 1 146.275320269781
"1" -0.307569292017859 0.674783203151243 0.432598355867993 0.425003987275724 2.32414148672318 2.89621112980817 0.675489390863014 2.50092567615025 -0.0177373464527547 1 194.188058443503
"1" -1.60506612314683 -0.605097921325968 1.95901375897604 0.382258827219605 4.70650233062158 2.74684302246414 -1.63706560872101 2.95312010991056 0.288663132553483 1 123.328280860916
"1" -0.972327956587824 -1.36886867961153 0.497778825295718 1.82582695324743 2.28013629631071 4.54931062336437 3.27144454036324 -2.71442797084051 -0.0813261727035744 1 124.630864697678
"1" -1.14257929415215 -1.42050454980148 0.385356259282309 2.20776548316331 2.9347264123968 4.59817859414111 3.43440752298264 -1.08471530964537 0.163957052750362 1 108.621041194303
"1" -0.975582758114434 -1.15579022372397 0.42726797784132 2.32894118396864 3.20052574189707 4.32232605895445 3.37389108156499 -0.116258699673433 1.57090587257974 1 113.402677475598
"1" -3.02962903074777 -1.04649639953003 1.1386098888799 0.407235657261742 4.47417548564877 3.01575219788327 -1.10130123009863 3.23621272363544 0.33866055208903 1 41.5697638835616
"1" -1.1625916223661 0.302335875885004 1.19968373918355 0.38418581805161 3.81613948210379 2.64609692006857 -1.09037828086876 2.52334511893106 -0.00809525665357971 1 178.016366474666
"1" -0.67229589096481 -2.76007266425221 0.365656213481702 2.09156872687662 2.89139942689329 4.51223935120007 2.97560819573524 -1.31954815804508 -1.37643984132015 1 61.6136768913873
"1" -2.29958731456361 -1.2845364246293 0.976154376304603 1.74577300849897 2.99640441428386 3.84888457693113 -6.8204611659875 -8.32440932581343 -0.266606554262671 0 173.242208911019
"1" -2.95121860443323 -1.37915506632437 2.3969691531266 1.15640475159411 5.57865515638681 3.56667623979793 -7.4671824653495 -51.3285468969613 -5.70962168146191 0 148.41218137769
"1" -0.678551948804373 -1.42778989277957 0.378967577403126 2.18263250647133 2.92893430125078 3.80437473555262 3.08299892705981 0.255799493326294 0.217386817943212 1 110.947763245759
"1" -2.69856790240248 -1.43888631036877 3.2350521040363 2.02444114530937 4.798614236497 4.834789247214 0.693301261105818 -22.3239882720871 -10.4926855228454 1 146.066688829917
"1" -2.22555370881991 -1.53826943395236 1.55011112869041 1.71261088327689 3.59272117167133 3.58038301999746 -0.688451453346174 -0.98165601012934 7.24174881657951 1 161.028100725256
"1" -2.25357700305101 -1.77786139536638 0.967649012359185 1.01009447542084 3.37322583065271 3.7061300324291 -6.34497131631325 -9.18770384372428 -1.12602788606205 0 143.24375326188
"1" -0.552726764560148 -1.63206458513974 0.365586005622698 1.30990774189032 2.55402170064773 3.7906029522328 2.93240600323674 -0.481278856591009 -0.647064583520688 1 102.116016698193
"1" -2.17607052400316 -0.306857874446478 2.24403543184842 0.384645929453549 4.86107572007756 2.55613980142764 -1.26341041006707 2.72800964931248 0.0229902580001435 1 99.8826761212828
"1" -2.59526127754366 -2.50730558683504 6.16819834087858 4.43076767893864 8.44594256267246 8.67963658474551 1.98865787513414 -4.01954641257676 5.87911487126198 0 87.8044279958372
"1" -0.443519617205041 -1.32660687207234 0.357999369695217 0.371452349720383 2.75681284926854 2.25020114616626 2.88309788965008 -0.214274187073744 -0.226784457228753 1 106.42993990512
"1" -0.535340079732864 -1.80008668596025 0.377127551701605 1.05666050063389 3.15927032269836 4.71091155421739 2.81333025571039 -1.0968977265846 0.138847165288058 1 165.614070608366
"1" -0.952580092667498 -1.22038608619768 0.435691526647304 1.19100482955674 3.16173933346524 2.91664784008523 3.32109296842678 -14.5899059401736 -0.482383921304761 1 157.647633605469
"1" -1.818063352544 -1.20970054231261 1.37336224750748 1.40032391640287 3.56871086666941 2.96091186600563 -12.4138041693715 -44.4417351053818 -1.7965239644548 1 199.750240300548
"1" -2.90439603385008 -1.47976773840508 -1.3351149881837 1.31505434733801 8.33225205522582 3.0717268212848 4.53470038680249 -44.9189873934934 10.8278010474378 1 114.83860887162
"1" -2.85350356699032 -0.50133260080493 1.7964410512312 0.391449548217759 2.72994206071779 2.74441944820969 -0.377483749172549 2.83328432735741 0.159661639310392 1 99.4256526889803
"1" -2.08311001882746 -1.37139111792577 1.16414207983794 1.46729668269099 4.48891912457035 2.84435345382397 -4.30960899496228 -7.94740466153252 0.262383361824321 0 176.281059393301
"1" -0.367629086436964 -1.70216262395289 0.371847311906178 1.24192915269591 3.01033093471457 4.08735219560445 2.77170183302927 -0.295260774531602 -0.894293630827353 1 140.150531784999
"1" -0.976070025664224 -0.608315419911919 0.436428322658545 1.40232368381348 2.9419814326144 3.73483974658482 3.50510281242387 -0.206911889877356 -0.00489004481677905 1 155.960018696778
"1" -2.28007774342977 -1.34093849441443 1.19436244683944 1.29437759825632 2.49423133460121 3.827638131472 -1.0116511552746 -3.53515155606017 -6.18367467063404 0 170.121015339348
"1" -1.82421679424482 -1.25828105642431 1.81328928871807 0.976228157626364 3.17596698839639 3.18668152774903 -8.3002930724527 -18.5349303363649 -7.0265088933822 1 194.216019190028
"1" -1.0593693943417 -2.09275449179014 0.377090837359952 0.820877757523948 3.37577326531171 2.73480727881434 3.29136051103335 -0.216443102786547 0.0703085318783135 1 86.3900914795551
"1" -2.41851843338198 -1.57943114436141 2.31913724347847 2.40409179770848 11.8051839109569 6.26207494569783 1.76030747272736 -0.111794453904692 7.27345470331128 1 149.380217687438
"1" -2.10717530701579 -1.54124105249468 2.51852611506768 2.219925641888 5.61966088956682 5.3378552966183 0.0379421292148318 0.363910857169524 -9.60387121545873 1 165.104558752123
"1" -1.49131247334773 -1.11774470617294 0.390110633301369 1.07920085537327 2.60240427428258 2.53267620681916 3.73323045392428 -2.66678864426687 -0.0481473754978263 1 93.619039818456
"1" -0.765816993218408 -1.91637823253081 0.396971694610406 3.53444899341152 2.72865070855008 6.92246866909764 3.12199736780809 -2.66923357940555 0.181674300870054 1 84.9328035570496
"1" -3.02281529783509 -1.94247375569504 1.26913515480475 1.96324556205676 3.23016156320701 4.52335762513341 -3.29553821078337 -2.6605200401776 -6.33727286785897 0 109.664289851387
"1" -1.04148347522464 -1.15655312233166 0.45414080944454 0.921731032951605 2.56835785057824 3.20420672196323 3.41346192147448 0.0694694850491275 0.0123705857194623 1 123.078957987407
"1" -1.81782670438612 -1.27736515777819 2.19272313592129 1.59905837488522 2.93842862572083 3.3058890213003 -2.97981192182785 -1.66196543552607 8.60675923395793 1 192.673361130303
"1" -0.645552168477351 -1.45909571207301 0.133176475670956 0.572975592435284 3.84355976714994 2.87127539672793 2.85210772424667 0.328002813694967 0.0726140816833735 1 126.617536513875
"1" -0.961308511346811 -1.22652787400401 0.407995475481641 1.23609427037891 3.07371358807052 3.30533292724149 3.32604378276214 -1.253756509671 0.240142337620861 1 134.604223841091
"1" -0.624944378302233 -1.84136184362191 0.407082644233159 2.57047041975461 2.50103279810797 3.71953886523616 2.73507814324893 -0.815403829446408 0.0277096288596956 1 101.558726876085
"1" -0.49909485098969 -1.65488258469935 0.398065423029922 1.65166497384031 2.75440376351869 3.81201629815322 2.93892289173426 -1.35211902911776 0.133575680114848 1 106.797500746461
"1" -0.559249611464424 -1.45805842551599 0.363333097377356 1.21723967324602 2.8386966182939 4.82420798940371 2.93621288698623 -1.37128870856219 -0.0372693594651311 1 126.864613487678
"1" -0.5141163691969 -1.03544888247945 0.386357305973758 1.0887805204193 2.88879833796669 2.88503855624474 3.03309989148727 -1.81109216112657 0.115331322810235 1 147.492789105133
"1" -1.76187952250483 -0.193202822080936 0.423584246320474 0.134747531813836 2.77357177936408 3.97833394469892 0.160890745262789 2.52473867622462 0.131303518181007 1 149.364202976678
"1" -0.648257427573235 -1.77445978881026 0.361431304787073 2.45494178133822 3.03741961056454 6.32037237172591 3.01723407604317 -2.09953901643767 -0.709401881545265 1 110.430120810219
"1" -2.24145990214729 -1.86121837509023 0.91150407010515 1.13912496282761 2.80639563848022 3.10216180925318 -12.2336833785654 -19.6564419516658 -2.61693131046907 0 139.325336904998
"1" -1.34763256592856 -1.00803034355655 4.94766901308151 3.3480709119317 10.1225267533903 6.82386507677677 2.46984689410775 2.27442300394103 -10.3253964678443 1 211.07382261868
"1" -2.53702645065605 -1.59709833392738 1.06209219049121 0.809164189204996 3.19890675280931 3.07818396886187 -12.2225928420359 -29.7813457554202 -5.17033250948008 0 143.234594253334
"1" -0.239134057031081 0.0664982016498394 0.438068064143656 0.3894002413991 2.51501703318486 3.0583969242714 3.16654343248138 2.63264675701706 -0.262305143555344 1 75.1402495818941
"1" -0.599132769645656 -1.10634899893199 0.337228906822325 0.149948499227181 3.08537255078169 2.35759358627305 3.07964011904557 -0.573610432657049 -2.12626485761034 1 120.963749923461
"1" -1.8361989046509 -1.93929899955644 1.06279414554338 2.77488952057792 3.60862661959644 5.73600410540323 -43.996695980552 -14.0792978237649 -2.88075477326497 1 149.97507883761
"1" -1.12587824714057 -0.207591124216827 2.52232133786621 0.392629112557716 4.78661831366472 2.65937018307803 -3.64313318684001 2.74803778205825 0.161504296348627 1 152.381415578668
"1" -2.38930840537113 -0.707569179129063 0.691115249946423 -0.0224836621218001 3.42761729741821 4.05650505141007 -0.454691267497689 2.748230753792 0.0432616602604071 1 87.7557519068567
"1" -0.878076178946631 -1.59935060808983 -0.138106010534419 2.55088161059864 4.4123420510035 5.99962058679499 2.90366407597021 -1.88123590472694 0.192333693765148 1 129.596760910714
"1" -1.25902680507294 -1.59890893631026 0.422563041668746 1.08198093409741 3.26869665588285 2.78675926136334 3.44791935931306 -0.344869499987564 -2.49576116766589 1 86.5798413837616
"1" -0.427370990168454 -1.62920537807814 0.388314794104224 0.70467341958227 2.75486120099386 3.054059419524 2.91406581818037 -0.762974334638518 -0.114841870402551 1 109.608868151679
"1" -2.2286646113389 -1.85495098334247 1.13240118946533 1.2990319656609 2.67023435469677 2.69715432046006 -1.22773889351853 -5.26906464948409 -1.15497566290819 0 140.047041093093
"1" -0.953074941141304 -1.58783314015605 0.577602906630898 1.06072369043103 2.31718371950877 3.34078529724156 3.27256178077493 -0.177604634453541 0.0311617197482047 1 82.9567903223099
"1" -1.26581417280696 -1.255318394639 -0.0215855402732501 1.93327606420575 4.04215525914267 4.31684819158977 3.30340618349041 -2.19054879756416 0.246495144610361 1 153.453840361041
"1" -0.649265373264958 -1.34297476593012 0.366164343400887 1.49481092520552 2.88922225318238 3.40418543360164 3.01862663850737 -0.153119998711137 -0.0173901547059264 1 126.589991840532
