"1" 0.0234597475698591 -1.78266534806679 -0.182884686406892 1.70944142916942 3.46005277498485 3.84461514208515 -0.830064603251861 -1.10234294416618 3.10200288391416 -0.446715742008098 -0.082204063727827 -1.0500895978168 0.222951961673294 0.440287498993902 -0.189738653953369 0.270313825624893 1 1296.14824199393
"1" -0.525546725694865 -1.15615861918746 -0.0509569153427155 0.565120383346334 3.52217552930079 2.73120192224081 -2.37691681800642 -2.85761549910368 3.26951897899266 -1.59318269258395 0.0557553307867318 1.32413639304061 -0.195203975132198 0.392191349788353 1.39052948627513 -0.0266132560937426 1 1658.79919655109
"1" -0.753888495517568 -1.03373681870021 -0.0843805693618815 0.541766450317194 3.35217028622301 3.42030926279727 -2.41339388379161 -2.47134260717465 3.69932165066146 -0.530154124559218 0.0327879590516746 0.226999449107034 -0.229637871218096 0.260332043855965 1.68137705053542 -0.0555662376121039 1 1539.74318765406
"1" 0.11077335737587 -1.10099961950823 0.239312356214664 0.794121696547504 0.29548031457101 3.27231436812828 -1.93009601522781 -2.11182811702024 5.24261668638455 -1.54430831380292 0.00877651341922425 -1.30829263780243 0.0602246091466664 0.273021387271725 0.942335424196309 0.154108620397346 1 -6297.88817543007
"1" 0.0151227238428252 -1.00432474659168 0.434820426313833 0.992293679575357 0.46037889395932 3.2545573521132 -1.72751007785768 -1.98391558021172 4.60922543005892 -0.952163920632983 0.262206441518087 -1.0975901258949 0.184920588126614 0.351934961472492 1.06430369436382 0.154835272195975 1 -3228.33188333453
"1" -0.638652223285898 -1.34116721285742 0.151123858179289 -0.626470063563659 0.231769509174334 4.02917322271468 -0.253436191226063 -2.16316227312779 6.07316897693095 -1.09087200895591 -0.319740543425152 -1.0794597368858 0.0570870134650777 0.313034993657514 0.753876588465426 -0.205914978229651 1 -7676.58697789989
"1" -0.709446417989548 -1.30320068578219 -0.11385528754493 0.411130415763247 3.62607387850318 3.65248336793727 -2.38472071411122 -1.79929053545271 3.58497378920369 0.121088900443626 0.129705027473903 0.603792723288282 -0.187257458435353 0.219471671801206 1.68633787915947 -0.109059073689681 1 1657.90327356741
"1" -0.504941091081575 -1.04798502779153 -0.245305858972446 0.38029028788821 3.8111280237367 3.56560248896961 -1.98927440993284 -1.82563493857461 3.43564377902875 0.58633329369007 0.10714347329772 -0.447912460850754 -0.0759268572064715 0.370643165823392 1.24233466086944 -0.0349060908688983 1 1487.74407962392
"1" -0.321972303258718 -1.18941986362264 0.12902962939149 1.05446170314285 2.31385977997557 3.5968120526601 -1.22699475029379 -1.59813987376341 3.71505581983961 -0.76253373007624 0.157721750175634 -1.14262516105961 0.0716219293580598 0.471955929747987 0.465123260519746 0.122298420979031 1 1101.09610854523
"1" -0.672413408302263 -1.10479557979825 0.558638029426613 0.982672731200076 1.63757523392964 3.82602904670926 -2.69017356751191 -2.12442848162154 4.49807474918813 -0.391285952105306 0.00474340548507569 -0.532272743621399 -0.221432400545136 0.231872878611927 1.73743387981582 0.104822748286249 1 1045.84632457222
"1" -0.600969087927546 -0.833583197082076 -0.315495998892117 1.12470986036562 4.20581087403448 3.36251622641829 -2.04555465989928 -2.16839471458283 3.43926843594595 -1.04456537654687 0.0357387869507407 0.553386973744993 0.481981497546869 0.676229477703525 1.49674264512113 1.08365869839834 1 1678.88864469097
"1" -3.19439750439659 -1.26707679633759 0.746244237631256 0.654841103402842 3.43837395080501 3.4254324783206 1.22380446681408 -1.92650558888917 -1.00429750689355 0.0352078710812686 -0.644183513948686 0.646862382695633 -0.185565643989313 0.205237415125384 1.09499711800424 0.175094150683149 1 2185.14642861253
"1" -0.710474431232224 -1.09437581095888 -0.0452798082168649 0.745470340379952 3.10053719528199 3.83066734479143 -2.34014720458903 -1.86543948582976 3.75397874948271 -0.015958553781522 0.112062774296648 -0.178008710108209 -0.273813567993096 0.184676853596125 1.52683992547525 0.0608351835642812 1 1474.4872282288
"1" -0.949718537142487 -0.0462536536299321 0.300514354743673 0.459601962203547 2.90455204347187 1.39651616573658 -0.838093310375108 -2.19249696927211 0.23570938100252 3.86352614068647 0.160712309827477 0.257786195404245 0.461667752180045 0.165902204539328 -1.03602297115686 -0.279190757581214 1 526.508649967815
"1" -0.849101663933731 -1.11396438797686 -0.221807028987275 1.58270782186911 3.97472092351639 3.69397318438476 -2.0200534944351 -1.6706269355553 3.67257149018802 -0.328937780883555 0.062002223944219 -0.109570506763177 0.455717131898834 0.561516789330731 1.51616873005366 0.65503146159512 1 1510.367979445
"1" -0.815106110098732 -0.830840843870852 0.31073874267851 0.752432296826461 1.85660014458001 3.17988115245677 -2.89334668963886 -2.36014164668996 4.31192195998673 -0.91674129992759 0.15399948715887 -0.155499677951561 -0.116162562158406 0.145531089185748 1.65596247786157 -0.0725276771175971 1 1018.79973495341
"1" -0.258854870299403 -1.16532216554216 -0.182303384252745 0.592290784831488 3.55488046542916 3.22263278218736 -1.77550971721861 -2.06875981009329 3.41267505262073 0.0524785072867253 0.12601664406175 -0.313857457604828 -0.171183867486028 0.276889742337843 1.52221490776978 0.0698156381577689 1 1639.03575629799
"1" -0.112180901310344 -0.703253725103803 -0.11465920827307 0.17816308575181 3.59165748321489 2.65365503600881 -2.57922630400608 -2.18821784414298 3.265639429138 -0.355915749341275 0.120939498952308 -0.151093001257944 -0.086392346742615 0.259412746213947 1.95003963077182 0.0995104250048591 1 1520.54907263682
"1" -0.285186900695505 -0.954092417856072 0.503916071320653 1.64507591627929 0.808903994730179 3.44969911732874 -0.905368081868183 -1.92465352194417 4.35756131897407 -0.972792899563733 0.161503694383827 -1.66962664545645 0.135219426178601 -0.11632340912147 0.350790676325893 -0.48983463852245 1 -1420.7937772829
"1" -0.333861903072309 -1.18510048572356 0.098838606147371 0.280795869066205 2.62553415781785 2.73034491762173 -2.19154008960571 -2.0158163067489 3.57468509367165 -0.414328848370221 0.135675946041775 -0.36036146611661 -0.0528096728327904 0.284009680719946 1.53339528573655 -0.00718008557006388 1 1281.95656123821
"1" -1.70886322760554 -0.0805649498519503 0.67951419691834 0.185051985708572 3.41447964086978 2.37636505230534 -0.507721359527281 -2.97582139263905 -1.01759682154953 3.4736819491825 -0.167839407989471 0.741262699564204 0.123938272250309 0.170813775295877 1.49971401195442 0.105242119341924 1 1558.78420551831
"1" -0.00861975223165062 -1.30701187339205 0.287668411235807 1.10651064204698 0.323028032710758 3.4741163292691 -1.7684318655851 -2.17283029787915 5.11222807102281 -1.14730197401881 -0.0263064521691258 -1.11230699327209 0.0876176728901268 0.190608141390763 0.899490109318203 0.14790491772345 1 -5661.89652608134
"1" -1.65482736578675 -1.24642105651436 0.436553135262311 0.744635861415492 3.43337863800803 3.83905950530643 -1.37778750535775 -1.95773683406421 0.339026187241732 -0.105653081023421 0.11366148107376 1.03132590238436 -0.24868491782972 0.0760079663830972 1.29220575884641 0.0400214010345329 1 2371.46661925921
"1" -0.144050634772038 -1.12093456290189 0.225983970809652 1.87679342111922 0.23604062284027 3.69909192191649 -0.539662091857794 -1.59775972898856 5.39694485571529 -1.05810317098913 -0.0924551539838065 -0.723175367007204 0.204273826029123 -0.00715806163350021 0.0592049070410735 0.159087396719286 1 -6104.9532531193
"1" -2.08301169110791 -0.506361194466031 0.439907261084833 0.310641528077682 3.21883353747059 2.13331831386724 -0.743579442343871 -2.97737033387527 0.298183448153938 3.74189400999713 -0.0751330857860727 0.834125088194673 0.324845907865144 0.207788162889369 0.592867370622371 -0.170303952179796 1 1135.05959288857
"1" -1.06829722896892 -0.91298866620223 -0.011395179178353 0.0955670899160207 3.41797025136074 3.73801496668117 -1.51239931525812 -1.81987120562118 1.51308988387642 0.856672053380688 0.178391958797785 0.331502085454171 -0.239572654504679 0.208570001388712 1.55116090234349 0.0257339736347686 1 2287.00359775964
"1" -1.00110647131294 0.680164550895005 0.139760107011864 0.209795669560181 2.95201156161405 0.2686126935409 -1.06963060906531 -1.9955253445911 0.174124229123466 5.10912875861262 0.124206024286593 0.341882738412374 0.542110323348267 0.196369493133464 -0.59210744008359 -0.542263333330529 1 -6467.66329870744
"1" -0.228871793859307 -1.02818081206018 -0.0646575312707775 0.229993956314139 3.10379240959368 3.22243405815353 -1.2832533650787 -1.81442281297361 3.41456267254001 0.535096390166291 0.0553973367790168 -0.927433956491195 0.0250632244663085 0.399464634842458 1.06393602394391 -0.019992192948386 1 1245.81041048781
"1" 0.263419906926498 -1.58502110987019 0.245723085885638 0.549034155136936 0.29158938740551 2.85018403907398 -2.74221220564963 -2.47780013471041 5.11240200402125 -1.12683915272747 0.381646867961392 -0.282459474789558 0.36176870701552 0.334113422642518 1.42241552491613 -0.0199645895353332 1 -6066.49002095871
"1" -0.602917040213916 0.0629047033720715 -0.00574571134529475 0.208973241145217 3.42535065217013 2.66005417693626 -1.30211184713454 -2.92520610386253 1.31102597112686 3.29025303083098 0.348429667992495 0.124612109489923 0.644361971411862 0.353131354758824 0.132869768208058 -0.910135545592798 1 1268.64967860951
"1" 0.252795188101455 -1.97365310164313 0.174855132589184 1.60229174516082 0.271013390484069 4.03542944688633 0.51379032239182 -0.680567634235675 5.30726347254581 -0.144031269855992 -0.164866633406668 -0.785348303145309 0.30151129241714 0.246266620884154 -0.568998971826575 0.249874890557563 1 -6916.67242841396
"1" -0.638059711626706 -1.0075457357446 -0.229842383930207 0.818719815751728 3.81638510981826 3.49490175140647 -2.06564631818054 -2.26492662361562 3.46329772817528 -0.193163123575445 -0.0102054993214721 -0.0968638345642508 -0.291390524496646 0.342991869743721 1.83929988657545 0.20549831834859 1 1628.01736371793
"1" -0.893967067258739 -0.862480866311737 0.0255635508452294 0.190437406040345 2.88264774582325 3.39966882029114 -1.15150604404953 -1.56540655664428 1.21469350340111 0.732147921591601 0.311049410246036 -0.302808558440712 -0.250980887030863 0.41553970068145 0.560375954749757 -0.234103358764976 1 2324.69147362089
"1" -1.76763082361216 -0.684373429621002 -0.0724286510990324 -0.182515264687454 3.61324385984847 4.16782019828676 -1.48829151467342 -2.46343072408955 1.54000906099164 2.20761537343043 -0.163478936958815 0.756427123119616 -0.327640132694802 0.183419521087796 2.16562719252948 -0.0458776503210085 1 1812.93477060011
"1" -0.457881141961432 -1.24841770565007 0.270302517174501 0.15879766766221 1.80710672086511 3.22203855112848 -2.38521481659659 -2.24538417811062 3.92879098436751 -0.996922181918894 -0.157416338934963 -0.266910269194724 0.0130414710417732 0.22661595360534 1.56417144052162 -0.183275016196372 1 764.296457540739
"1" -0.810720835183124 -1.81587631528981 -0.207852164475477 0.859829348932657 3.48211027322467 3.45024691590792 -0.937189783861253 -1.99371317302472 3.64720772183971 -1.14669891363171 -0.192428916271781 -0.914225715834541 0.460084421865086 0.118558730908405 0.920084041652856 -0.0709006445786149 1 1112.43871366137
"1" 0.00503025543893914 -0.644258825241615 0.400028824548059 1.04933320622291 1.49915895159921 3.471106956181 -2.83170482824767 -2.6785582511502 3.91539534359532 -1.43683024730422 0.37707187927532 -0.935958213408334 -0.0174721588725556 0.251194246772997 0.843145524106982 0.150716378524933 1 725.20326610739
"1" -1.93567940274126 -1.47670962348105 0.583396077920669 0.814592756134749 3.18481895769837 3.70257110783127 -0.772470974230494 -1.7059517177407 -0.11741387838567 -0.625933202705722 -0.0611664954313055 0.618799428312411 0.448764867447678 0.0544459997541105 0.770615157452287 -0.216087167563562 1 2165.58509597345
"1" -2.00946572400203 -0.308541891611942 0.443667818495563 -0.0993311385619265 3.38365008236577 3.45813992558655 -0.399740742847788 -2.491054789234 -0.162301147998877 3.25391889117544 -0.268313185359517 0.796093358255139 0.0351059001340136 0.190744525201267 1.23810049455629 0.0538690858495267 1 1573.8697796926
"1" -0.0866146727812295 -1.18173474738191 -0.10923168453287 1.05087066562934 2.99516047869321 3.82095632942048 -0.96549110558572 -1.43089604720979 3.33959167119134 -0.702169130477333 0.0900998966437027 -1.19678305932069 0.196170801330387 0.405741415919501 0.139168561272138 0.195076369343262 1 1385.16857882479
"1" -0.51478934395496 -1.07423904573288 -0.0488032419964262 0.555879973473759 3.30776460504867 3.29603179013418 -2.29405367971269 -2.65167089065465 3.50084978538604 -0.202615445026951 0.0104153667838599 0.0408059867696557 -0.260267268424314 0.251195766695048 1.73674059685002 0.0116040722980452 1 1571.98220950548
"1" 0.656983111950767 -0.746784803101988 0.154003830846025 0.783163167719151 0.188508567657765 3.36331410468261 -3.18567550153559 -2.72773959709385 5.5474114625984 -1.54472669252284 0.144631583440116 -0.661305926144496 0.0460302662567012 0.241889592036209 1.06988271155045 0.022513214433161 1 -7909.28615658994
"1" 0.0942706711932032 -1.26082879297462 0.222983516113302 1.31656996434885 0.264675816278617 3.93277800515064 -3.22148616211648 -2.26617019998641 5.32446101260677 -1.37367585967037 0.0624785219044844 -0.846113862506504 0.165553329831643 0.137826782800632 0.648246075261328 0.0751167174902678 1 -6519.91096030994
"1" -0.308114121784555 -1.16212087057212 0.686221959009929 1.02017919148111 1.01795444362186 3.53369668986719 -1.67770040513988 -1.91465878659903 4.15608471578321 -1.10201220831558 0.242468379584814 -1.14865034844114 0.0457382815083012 0.324233100302643 0.611046166228632 0.0478104946887308 1 -338.107517777418
"1" -0.471643108984828 -0.812667012007714 0.440979375419906 0.882973556428082 1.23855443546577 3.71791092212202 -0.00873825259169756 -1.49436532613121 4.408726519717 -0.237562552841197 -0.0908184377292638 -2.70399583436895 0.137212184529511 -0.0176283073260575 0.64795943565232 -0.267015620957837 1 -569.129096564502
"1" -0.606434124359279 -1.48535926422644 0.117006078301255 0.528732598536009 2.45533079867566 2.89530016496027 -1.96261164225436 -2.0236032650738 3.81872779727767 -0.561268392275619 0.237689771773671 -0.781585929610517 -0.0105621688439326 0.305852973857761 1.13401378263176 0.0669688078939779 1 1245.32109915107
"1" -1.74076378144554 0.459093363720974 1.12189314040603 0.328129984066371 3.42256453450656 0.351007101295811 -0.000610938493668486 -1.42352309435226 -0.85928620764891 4.71750172623395 -0.123252516188659 -0.265394117406332 0.687126692324574 0.296321104888782 -0.873148951918494 0.108350274923133 1 -4921.05377743411
"1" 0.0386848955983481 -1.29226384069952 0.261479471988226 1.11803497810892 0.26165318552141 3.32458404453243 -2.88508964155294 -2.22428002606149 5.22263931775049 -0.9621754481385 -0.00833919158804175 0.407746761985248 -0.217113117880099 0.291994333057262 1.61892706422969 0.197824792353623 1 -5883.17685322996
"1" -0.565797800734818 -1.22774124828168 -0.143054499149663 0.404509156313542 3.74524007229831 3.24845214082965 -1.63930349404387 -2.46278803766864 3.24056958345569 -0.208843470473446 -0.085236078984943 -0.267602453495836 -0.219251936569065 0.309344944211787 1.85026980397952 0.0630661321325867 1 1565.59994070022
"1" -0.25714745552624 -1.17444828595652 -0.128990499198628 0.90735244168197 3.32365298454773 3.34227448021017 -1.58972041181803 -1.89026550714181 3.20096938733866 -0.716589955705378 0.246416990611735 -0.898733541442001 -0.06325494031896 0.376041674784322 0.882682294589255 0.168168153369282 1 1553.19764015026
"1" -1.30300960728882 0.0214216357084045 0.397350447321207 0.172219813535289 3.75685068233131 0.191755584536842 -0.75201134360437 -4.67482555635784 0.0220931263939966 5.70203540136009 -0.0395779535873622 1.01002819822163 0.341896185511666 0.145728533411355 0.330874978898524 0.295710679413794 1 -7059.27258071463
"1" -0.694550534276104 -0.956525979243114 0.147711984249483 0.967703587674799 2.1632622386979 3.35108616242123 -2.21689500856575 -2.22893208831499 4.04338328101242 -1.12951586105326 0.0767102855569855 -1.15398683167083 0.000247712737463643 0.310581717540458 1.20808953070017 0.064484642545327 1 1049.53799459932
"1" -3.47133256451091 -1.29185480796127 0.725184736689589 0.555943432274084 3.65311392924045 3.66492933936749 1.43900192981034 -1.86231657206474 -1.18914758333307 0.182361544765647 -0.704459453582092 0.595671661037446 -0.203070620898536 0.210887710480866 1.04325479347259 0.17828165833389 1 2067.44161482566
"1" -0.199511261277471 -0.642811745583223 -0.109091247901397 1.3268277351834 3.12813925014411 3.32526717757723 -1.88129761940277 -1.5454631883488 3.5131891145524 -0.659740476312699 -0.0300495761564339 -0.783558573900322 0.150669840015797 0.762583604343047 0.343623038563211 0.561245582014135 1 1671.78817475875
"1" -0.549680238269112 -1.02638573992419 -0.173061003962818 0.562446958247815 3.34729697844069 3.13054979447686 -1.90145929391748 -2.20052770583383 3.55670767892409 -0.195433465697089 -0.00923216548207032 -0.644711526619231 -0.136385532640085 0.331953581047311 1.54445755937639 0.069369779006689 1 1394.13090810046
"1" -0.351793860102303 -0.942848269994478 0.11280487729904 1.18409170281373 2.41484550798931 3.36913303044891 -1.94157281017947 -2.10455477951785 3.7448782132824 -1.02306043533884 0.398736107840717 -0.669396634806229 0.333149332721943 0.449926520835022 0.539223331288036 0.484158040535978 1 1353.62778221024
"1" -0.321858606943611 -1.24224282908254 -0.0777713594627084 1.02640614121 3.03194643924303 3.2853228865189 -1.41074614545058 -1.61819447135306 3.483554382642 -0.692297909899308 0.114554597054898 -0.774631393438087 0.1760128763415 0.768152483674489 0.714903051089896 0.54917593889857 1 1274.72514071284
"1" 0.0659656624626635 -0.896826004658398 0.387634836253387 0.288259457694688 0.472743123142063 2.95602279523584 -2.33085944435404 -2.6267053401961 4.66392302868054 -0.555509833010216 -0.0362904806579088 -1.55908956644386 0.170608483369373 -0.0240969323516157 1.24033555226237 -0.424759320838063 1 -3646.91596891513
"1" 0.0703553549588875 -1.21524370115211 0.252597302445979 1.06659469324378 0.250474212688441 3.55586158717442 -2.43735985896314 -2.17215987312906 5.14805446041756 -1.33185175220104 0.149858604555786 -1.22350605716566 0.0703989029448613 0.135676901109659 0.809472506166215 -0.23522307965695 1 -5554.37118878975
"1" 0.401905474014909 -0.915973717954766 -0.436228224956325 0.919606236369032 2.88835204387321 3.42314273770308 -1.95673445511546 -1.72221470431065 3.0999674194846 -0.746338337439004 0.106924722835234 -1.35286893901261 0.137566321861103 0.391532657251897 0.42519517529398 0.177314775955958 1 1957.809085377
"1" 0.321935213974387 -1.30636954030935 0.183057405945535 0.58436185881458 0.211592049628254 3.41349761487373 -1.26110986437292 -1.43093580658337 5.34278244897851 -0.553024216225289 -0.0443318799065989 -1.26767376932762 -0.0897022952771587 0.0683440773523057 0.624475709999773 -0.346009542211092 1 -7083.24326789116
"1" 0.488106782375796 -1.25163841560418 0.147224559260747 0.528256789414065 0.194305725880559 3.0596897718446 -1.10492907652875 -1.58800168486329 5.54502150213141 -0.286928376207108 0.0566669457357721 -0.309820168223154 0.032225206596582 0.256553930937043 0.904363901357134 -0.219493045427936 1 -7985.29149934536
"1" -0.116578451445734 -0.828210132287737 0.0706063665197612 0.0259497012066479 2.82505622695795 3.07739255721183 -1.35837550606665 -1.84342966002285 2.94002527625731 0.201160120150526 0.198345607730855 -0.671211130546774 -0.0480813657871009 0.371257594944986 1.06872235572111 0.0398733951096244 1 1704.13138070705
"1" -1.43506181191561 -0.242940206894479 0.778286232426057 0.705911160690715 3.25827992255376 1.14640318090379 -1.03921683112063 -2.48583658969215 -0.692037663289151 4.02584789517125 0.102256357256644 0.678956521437426 0.434483644795905 0.164651682423649 -1.2060491632604 -0.0375176200727197 1 353.995356504834
"1" -0.00469639572784802 -1.1961392025913 0.339868576904139 1.20320946243361 0.36435703641626 3.32755470905843 -1.88946097546023 -2.2923126677231 4.95584625253222 -1.0910469358984 -0.0522150653481766 -1.16638769173687 0.0615174683853451 0.202685136364771 0.969200807584751 0.212066204360246 1 -4889.45648824329
"1" -1.475265868426 -1.39279636810862 0.157526682348966 0.426210665335257 3.44332379793708 3.68845913024904 -1.04750835730946 -1.78842023331833 1.05922033273602 0.337249417774931 0.187773703645449 0.422250069689703 -0.54014808662294 0.357544075655233 0.997183160464674 -0.0222887790506364 1 2249.56663319949
"1" -2.22042448257518 0.188557655959371 0.71348264164812 0.160527492097468 3.03093150441928 0.211146846346488 -0.325854851559371 -1.06139659928196 -0.893984535997852 5.49952522936434 -0.1888430620217 -0.246028789722701 0.423250489791713 0.27172430662435 -0.289011360518355 0.473778668743174 1 -7208.93684899961
"1" -0.359365331843083 -1.06267581577057 0.197234214778162 1.05901065717327 2.0573662803477 2.95062979534202 -1.96804459801513 -1.99493618716063 3.85835718045847 -0.767747103839808 0.270455746399033 -0.698066683014494 0.370438627887349 0.588188178893186 1.4352808526747 0.592957140230735 1 1181.25656024655
"1" -1.50280198714659 0.208648997635488 0.641246240087704 0.223208576070902 3.86239160627022 0.250538142198945 -0.884658890111827 -4.36779841714152 -0.284416630402116 5.25406818161516 -0.312371796600035 1.05618621294508 -0.05264976958169 0.0228908968341265 0.433710811145323 -0.19146144754966 1 -6374.15411295176
"1" -0.607390125229517 -1.33413957284436 0.035377016327956 1.25582273351803 2.92551701366533 3.6069312905709 -1.11893193126502 -1.14271004886822 1.84506305547366 -0.52594650609239 0.144049845401905 -0.831675911084007 0.250183617948426 0.38291185692103 0.132282725238632 0.449860479152486 1 2104.75012924988
"1" -2.27038077378568 -1.42534793735327 0.765893005038938 1.02632796536427 3.39914425339388 3.59603037464605 -0.0904117205873158 -2.17316024546354 -0.372766832832286 -0.830309800500095 -0.489343191387962 0.954563986829566 -0.178080853446582 0.176623603771742 1.05767310482767 0.12037795013707 1 2227.49056869326
"1" -0.1177277722921 -0.93704820891967 0.204183739939556 -0.0153853187058412 0.22178098948456 3.69277191465963 -2.25789455980453 -2.51371708794778 5.635460002089 -1.45949163197625 0.181767111874171 0.968631131838313 0.0516311178020778 0.167505529764771 0.905234525125074 0.159039918177365 1 -6423.87948174978
"1" -0.41535692301371 -1.17440753065322 -0.104687172136747 1.3270747201102 3.09839802876827 3.76374726189837 -1.75264058843648 -1.40947376529259 3.5526648578679 -0.368806156218197 -0.126145487575878 -1.04758401597228 0.166854773064346 0.555866991416006 0.329670451192892 0.480906444806133 1 1309.4998263852
"1" -0.652341199025838 -1.22828269595447 0.127394441309975 0.433418296223961 2.52140398783529 3.75631569780436 -1.98962591467839 -1.81903867106048 3.8615228165049 -0.309325692038782 0.139246999549588 -0.886311628152015 0.366365359309478 0.301002247349213 0.715651712134175 -0.493766840337717 1 1160.16519215767
"1" -1.26591864848901 -0.339820963405545 -0.00823725430479398 -0.204127766448999 3.85971134072786 4.29291982021232 -1.56142906632353 -2.51040707184655 1.46448288016193 3.21660178383372 -0.00828906036377405 0.840798364364544 -0.236058354854005 0.19737447235324 1.95020051354193 -0.0833173936926171 1 1628.15429963201
"1" -1.05651189419285 -0.585277931762 0.431749805887872 0.908351202662809 0.421831477053505 3.7759921303435 -4.13650610891172 -2.46482472620488 5.57798574332967 -0.852295290714908 -0.203166604441373 0.202776146614106 -0.221469601303125 0.838946394533337 1.46307625103523 0.898098690712297 1 -3817.40702907251
"1" -0.663654612702027 -1.24535791476206 0.117602638630103 0.505147508467352 2.26147863453192 3.3540901743035 -2.06128837584456 -1.83507676762924 3.85490461649816 -0.359185229588908 -0.140939440411312 0.766152821739516 -0.187622549272396 0.149897606582584 2.08178330216258 -0.0639864229425318 1 1363.14223793865
"1" -0.385558270571997 -0.998274548106705 -0.0624668552074869 0.646165846702589 3.28203271437702 3.52650143400865 -1.82300924367737 -1.96822475157219 3.4568338274815 -0.940124823582371 0.277831808823845 -0.399564088287086 -0.0953588621735655 0.34329245884824 1.13375263247118 0.0377638830727621 1 1755.72209840381
"1" -0.514842662691097 -1.01306284191816 -0.109853609180762 0.936207923293764 3.2415758905133 3.49337807373991 -1.93811232012874 -1.75705511386462 3.59820162490549 -0.180532635150339 0.219881000730126 -0.435930320038214 -0.202389263602271 0.306195170816266 1.34443291690273 0.223852014290518 1 1574.66350160219
"1" -0.413001411469003 -1.10932194099209 0.137610419638985 0.605355223010991 2.39516522452346 3.1151959823735 -2.35662855289828 -1.99564265046035 3.76527286414841 -0.847454128488108 0.146728349772243 -0.869682420636453 0.0327062151191944 0.322751856351069 1.25202823246109 0.0338147913790552 1 1142.37734385871
"1" 1.35688604680791 -1.2761448978469 0.278452447397641 0.653500489953025 0.301118283345782 2.96417341435087 -2.01487489403545 -2.15496134617146 4.63993316168955 -0.849970381229543 -0.1138615005594 0.579935074940457 0.0999799495997702 0.20492029189117 0.925896437153084 0.298848847018128 1 -5595.17617640852
"1" -0.604707921470143 -1.20750928114533 -0.127238099911165 0.695732832774894 3.40202757682782 3.22904859769468 -2.13609956805899 -2.10195685868496 3.52014381184961 -0.447002496020034 0.077398607913098 0.0330332661128073 -0.198357321811209 0.226629015627699 1.91019066806527 0.108255131959374 1 1529.20744240045
"1" -0.209431754691931 -0.693110782640131 0.3254877774161 0.253352699419053 0.524005713159652 3.35439192915842 -0.78564374245035 -1.65318708292109 4.86465493191412 0.276812482366041 -0.4141249254688 -1.55820530992879 0.353244460172666 0.0607725571557634 0.819532722602835 -0.821508834184563 1 -3551.46738671244
"1" -0.718656117087202 -1.03935733607949 0.135243266256292 0.875975322337211 2.44121322003552 3.58784293727429 -2.09278640542649 -1.81131308699879 3.974312521513 -0.264492563956441 0.148872060757732 -0.73246043887891 -0.107335470975871 0.243485243437341 1.35713948146926 0.0726660618150656 1 1212.82153939613
"1" -0.505609069788211 -0.974845695177413 0.103318822484317 0.444424319526725 2.62828388960542 2.78355654539458 -3.06458656330054 -2.78813415215756 3.76819789616248 -1.70280165881177 0.0262124566244055 -0.129399215886605 -0.0991065967607195 0.244787996377522 1.89312173277885 -0.0107834335767994 1 1298.63384972885
"1" -1.54429496558761 0.456292202760994 0.511740409852277 0.199679160062792 3.07869635784291 0.24447637342992 -0.615969271419246 -2.38019465599183 -0.27013895197589 5.23341621152356 -0.0363077293950939 0.38391246931816 0.57752974525935 0.325951961430437 0.0138467080313941 -0.566267583116641 1 -6905.02801574912
"1" -0.262701894158564 -0.914376044385565 -0.0689671775332173 0.0396355696229524 3.21020148575531 2.9555226424297 -2.44681476115795 -2.52919891651032 3.42989185851225 -0.63497288772683 0.00445960335377001 0.376514529277606 -0.188054736066411 0.238019069069942 2.13117943552953 0.0355995429444037 1 1467.66233444179
"1" -0.258897554128432 -1.07030294695439 -0.147494343972855 0.693953397215601 3.53082890273061 3.01210687895387 -2.35777464014687 -2.25724026984835 3.29860783717373 -0.703123552454606 0.201999992134997 -0.061241075248892 -0.126862620502563 0.298623758176159 1.56684789622974 0.0704306466138694 1 1668.08927715669
"1" 0.0541509023174837 -1.29982666511371 0.323525470455002 1.0578046870548 0.345219605942054 3.32682026640845 -2.40141164334694 -2.27176043096714 4.96510493647576 -1.21872553066409 0.150448699922231 -0.538247449441817 0.0840192660996128 0.115979447247178 0.90166012238604 -0.116899560589936 1 -5046.11536733533
