"1" 3.27612063599139 2.96963792507079 1.91698267275483 3.08867119622109 3.85357872691848 7.90925826015119 -3.30714908183026 -2.24888816984251 3.73320342713782 0 5798.62692856365
"1" 3.27612063599139 2.96963792507079 1.91698267275483 3.08867119622109 3.85357872691848 7.90925826015119 -3.30714908183026 -2.24888816984251 3.73320342713782 0 5798.62692856365
"1" 3.28992611583412 2.85654422004484 2.06861088590481 3.13649472042509 4.12386750063576 7.88324860726819 -1.73462581137988 -1.7613682750388 7.00662300842576 1 5813.24204939901
"1" 14.2367125955194 13.8519909605057 2.05870687510072 3.42884200483919 4.05589384500515 8.5745884324334 -2.44490668893711 -1.42231750610308 7.06977876903528 1 6135.2632151276
"1" 2.30371898064933 1.96056169397142 1.94809508712472 2.90710280304008 3.79115453755008 7.30797094866661 -8.65256930251045 -7.93699338327334 -7.34392006025878 1 5645.61682526954
"1" 3.07715011539406 2.7341344814039 1.88909829374882 3.234641627926 3.78026870883428 8.1857592610475 -2.3256634013216 -1.7074999365834 6.67138596107679 0 5799.76567767095
"1" 3.1800295362981 2.84480125576112 1.98558118706811 2.94823007815591 3.90314075480297 7.51798162956218 -3.17422910223157 -2.5317846236977 2.12533269894161 0 5798.71570362983
"1" 3.54696874575821 3.08952952294444 3.62102261992145 5.26220173765539 8.1078430905071 12.5689305130157 1.80371178374192 1.42573792316621 -15.0639455702078 1 5533.84918406454
"1" 3.81438497504978 3.36768075143167 1.97412863901545 3.42479170420394 3.95331724224533 8.69520236052087 -2.42093390721818 -0.96174864324494 6.74127375205829 1 5853.74056011933
"1" 2.25069059957882 1.82807109385276 2.33192773509728 2.97502112238954 4.47748608240484 7.45884634588819 -1.49797595028123 -3.02174221236896 6.31103830191409 0 5592.36294485742
"1" 14.5789769442632 14.2495377675323 2.00820720659932 2.96778595471989 3.93544928729032 7.43215862144707 -2.0517985942735 -2.51478094689985 6.79090711066225 1 5967.52591880824
"1" 2.54650758142039 2.14036011568988 2.64977148957359 3.58644850551187 5.18529419383458 8.97941857122772 -0.217623290008154 -0.95084628842631 -6.93553120666295 1 5661.93448236276
"1" 4.0361061936869 3.74328860756252 3.29604781345866 5.12251856722156 7.54683971004654 11.9393769160035 2.0071908363559 1.08748405400099 -9.93275765609937 1 5337.33718759898
"1" 4.32569143003988 3.97628531779727 1.89265519246899 3.40018272002757 3.83136322981939 8.46548578807007 -27.9133299746884 -1.26517486076779 -1.63235619068355 0 5864.72474287997
"1" 2.17501610097182 1.62110649887259 1.86536252389637 2.84196448784213 3.71298144792954 7.19107178461607 -3.72440751920317 -7.45183030663725 -7.03857623832624 1 5622.56075230305
"1" 8.89148948582273 8.52025695507763 2.01979408024813 3.02437884990539 4.02414878394878 7.6207785755928 -2.86809787416238 -3.69352825005943 12.1690823341743 1 5904.74765864259
"1" 2.53477983007767 2.06270608201981 2.07166214313103 3.19432996526085 4.05889740698264 7.97246486160956 -2.69892694135834 -1.77822433872859 3.58435199741333 0 5668.79684561999
"1" 5.12275634635555 4.68800602218118 2.02498870561216 3.27510365753231 3.97216453060087 8.27355078723891 -2.27992070584163 -1.44836311260213 0.329642232539283 0 5891.21609342845
"1" 5.83678327200051 5.39750831439819 1.93239391270954 2.9479740679329 3.89477417368015 7.57120952337568 -2.52119891720983 -1.89931542663307 6.54902129623982 0 5934.92857642414
"1" 2.76002352457701 2.31705246021113 2.12655567638479 3.32844657086454 4.15209030231299 8.27966083373302 -1.7304181770926 -1.22705788167787 6.65165749525035 0 5735.63098472843
"1" 2.43055932164233 2.00218944015107 2.01086809733744 3.31120279813739 4.1300722595795 8.38630416117046 -1.33647404975008 -0.999501320912793 6.70625744730684 0 5713.72562817964
"1" 3.01742764135127 2.68832397715969 2.19085003847764 3.24368488653289 4.47562748315504 8.12273165745174 -1.45666902331951 -1.21261788283867 7.09968996159153 1 5771.21413821282
"1" 2.84269225574501 2.45944187177434 1.93760247782123 3.36752282612497 3.85849237401526 8.47177721133879 -2.40835087075883 -1.49435089128432 7.19649250628022 1 5748.86084406165
"1" 3.85764638887383 3.56898594384479 3.67718382182461 4.67246177185833 8.23026925103276 10.6309137217922 1.71972176511829 1.41701352065141 -11.4424634740611 1 5299.81740608093
"1" 3.04858991810992 2.59764509246903 2.09363710129827 2.95436512206018 4.24682415111746 7.6224331116344 -2.28851089464238 -1.84273178125677 6.65717608433043 1 5768.75336907321
"1" 3.14140395924985 2.85348269868542 2.20271959275744 3.16299287923477 4.34971239938959 7.82834390899032 -1.64647782907322 -1.17491194312516 7.07741307615982 1 5801.88980586658
