"1" 2.11752535210597 1.78608482081502 -0.0889609933285824 0.0927046274044746 0.967840245524204 1.99275499270652 5.96185106965146 5.57377372479627 -3.35707641661169 -2.12321304788954 3.64148881158698 -2.76578325308901 1 -12105.6766249662
"1" 2.08356427852401 1.22359825011756 1.31645237648691 2.16373272715938 2.41654328630643 5.96228587927928 4.94236176224581 4.38707895291482 -5.01556881664967 -3.09497907638512 4.94524316408252 -3.93335381228721 1 -363.899854335097
"1" 2.85579605469307 0.111283192543433 0.0243345704624481 2.18637314870073 1.20737587569163 7.79144717171539 5.87749843463089 5.70598144031172 -3.36634570533904 -2.37572405358361 5.2031941732749 -1.54559083209342 1 -6392.76209563357
"1" 7.34948154791723 7.11271189453843 3.37838840010655 5.16439617156239 8.00050524372107 12.3774159029268 0.358562429577967 0.316684958934217 1.98956225518254 1.02622261479692 4.37192617093658 -8.66547601541206 1 2731.63797407434
"1" 2.45252813626764 2.83578574629201 3.30587391232385 3.57315930364282 8.42496744792108 9.04451047008059 0.224821536445189 -0.324480560733197 2.67831103237308 1.85251425566323 2.75061883877465 -4.78574874922994 1 1984.388654635
"1" 2.57464628808503 3.02805371870558 3.58376144833514 3.67730245672522 8.78666964107488 8.80298293760157 -0.155064930521447 -0.0270242283308432 2.4558707783136 1.18327987079423 2.73919513675533 -5.72854268068566 1 2699.31670328502
"1" 1.92225925378085 1.47911774974586 -0.00756172939204632 2.21918256648587 1.31714466626906 5.43699520960018 5.50542598304026 4.98659499570494 -5.98607603220963 -3.74867129338163 3.59964991597087 -5.96613510700559 1 -2186.07902232408
"1" 5.26652182550631 5.59263450624342 3.51277400175175 3.6697543336092 9.07058947257944 9.4751407017214 -0.858503547427006 -0.441166103201424 2.51688299907757 1.70505620192532 1.95379707029643 -7.59561510694203 1 1828.52558239285
"1" 3.80623910506779 4.27344427945312 3.33011550873685 3.64678465857396 8.58335650395054 9.42136271365065 -0.853158972777914 -0.278682568128211 2.20011216312691 0.55905302172181 3.45480090712476 -5.82530538199302 1 2764.51790535113
"1" 4.98834639340419 4.59108656352073 2.52698854347056 2.53229163475309 4.96835032604559 6.27421450970863 6.07105594885316 5.97601362648455 -0.817092249872197 -2.60692624856064 6.6478845343591 11.7803307117917 1 2621.77339267754
"1" 5.5396777301776 5.08449856177076 3.07865437821348 5.26796372858679 7.28966599653175 12.5319701421342 4.06645068023905 3.76904216204466 1.3081265335337 1.06572618640134 5.75400894556112 -13.196468203422 1 2890.64168722145
"1" 2.39280360550598 1.31398791460851 0.94966222190652 2.29722530035244 1.71930564393939 7.69670946749753 5.13437839362376 4.9339200663402 -1.79836778277055 -1.11396982982408 3.66796927621485 -2.58249087323659 1 -1770.5414209232
"1" 2.35096058924368 1.55963477059976 2.25856015786297 3.5268614119697 5.26708854232125 8.40012902716506 5.01937704489114 4.37918129862943 0.404476919683989 -0.878037380142721 3.9900275195638 -4.25732374440775 1 28.1662337571761
"1" 2.79649085416179 1.59105475283174 1.72060241485997 2.63510653294749 3.18667382917243 7.02248159806887 4.99613579220738 5.00522141992956 -2.43666190726114 -1.93386867274957 5.24560350277294 -0.99695978186179 1 95.6440974786237
"1" 2.68857861977983 2.72596530887911 3.80828394738117 5.13454979380133 8.89820880696423 11.7766888467542 2.25209724571048 2.39933035758109 2.19680161285735 1.3399065389291 6.16677230565223 -12.0193619943321 1 2478.97906022493
"1" 2.71851673342121 1.74037617951076 3.51137404759916 4.20501049982334 5.96535766377571 10.8578172139206 5.03588849480636 5.05571614668023 0.247654651740873 0.0443926409106533 3.57613333187773 -3.88877572777592 1 -890.994592992211
"1" 1.60276925739483 2.78501836004967 3.22031718036121 3.13763901994926 8.26864173074192 8.20832140702623 4.16252019635786 4.80817688720628 0.595339614364629 -0.338703323184022 5.18089265909422 -5.64800082249461 1 993.865847012145
"1" 2.7559959481554 0.14127410436651 1.41697925907571 3.00361052910744 3.8638844029306 7.85182613320786 4.93853828786964 3.49666140677939 -2.63671221270522 -2.70607260055261 3.51590229858292 2.08122908722054 1 -136.394213030704
"1" 1.67382994393177 1.57014596964275 2.75253615788274 3.633856907242 7.48737848449791 9.99326962507896 0.222648737326086 -0.0918269555002367 2.03964327519421 1.54778365410721 1.80233680262589 -4.18305135697633 1 2477.48910750534
"1" 2.2749714083513 2.78775786928571 3.84990341432234 4.70688496961298 9.17718287630322 11.222358546776 2.02514696738356 1.01971649144915 2.80136914374373 1.09485073907834 4.09201464746966 -5.59054525509453 1 1931.36130801034
"1" 1.8247586421574 2.30632381348139 3.74421058857258 3.89149602729492 9.29030440223513 9.69241839648243 0.544330037667492 0.317836150583791 2.73573503200011 1.73154161523545 3.46693556769854 -5.48366667715406 1 2024.06768822065
"1" 3.10527961946925 3.14608339618175 3.36425740305336 4.25558656279518 8.08470868171828 10.3089449324909 -0.161603646708592 -0.0809901363343417 2.05202926824517 0.603783278274051 2.82897436889174 -5.40919340313954 1 2772.68677044503
"1" 11.5712437873102 11.0840749981764 2.17065860494377 3.45418234240389 4.18147752256986 8.46910242691649 -1.44237356955685 -0.655219732245777 -1.81767404262372 -0.959654005450355 2.66656505629937 -7.56722950306994 1 3000.14782970371
"1" 15.9257668680831 15.4217182171716 1.98482111088045 3.33271117678159 3.91583605156677 8.31353726227379 -1.77956683109227 -1.78767454736212 -3.36355174919243 -1.49565827815721 5.55896303981462 7.06512554846974 1 3013.51850967971
"1" 2.58178273080682 1.23793813807085 1.44642226249017 2.37483758537536 3.20581666814735 6.53349412917233 5.06667948445348 4.53672727218645 -4.9703752862131 -3.97029403967601 9.27249842756758 9.99771205608795 1 96.462404074613
"1" 2.58885681954408 2.84536063569937 3.15517040195204 4.09453435912409 7.62232144307683 9.8779856130123 -0.0205649843211982 -0.0381407535931033 2.13756639507112 0.717967136946368 2.62997249812402 -5.74081507596127 1 2714.25123593539
"1" 2.54323501741181 1.08485484412931 3.12292647922264 4.4765732707201 6.5249611667471 9.19676754862946 5.28529690105971 3.41826015983614 1.01448632861592 0.452161114294966 3.43193804204876 -7.75323643787474 1 -583.79804206064
"1" 4.8335905696055 4.88332098366978 3.7621350135198 4.57884386303517 8.90619924617761 11.0880607505626 -0.690644798557868 -0.676625981166712 2.16086063444839 1.10966731428087 1.98015628456374 -7.44083005804758 1 2720.64852726403
"1" 1.43066869967631 2.40281573743054 3.816314999732 3.76337313650119 9.40177519166566 9.26630967392965 -0.983571367221902 -0.522304161719639 3.01360134557344 1.47366059388725 3.99595819088126 -6.90761910189266 1 1948.08636028895
"1" 2.13607725727046 2.6468764135127 2.69813163242155 3.37608717360753 8.02640250149649 10.0260472047812 1.2841109682403 0.695739686139136 2.67069960209794 1.13968285571072 2.72642624040201 -3.51080788445304 1 2438.34346287271
"1" 12.0556941875931 11.7804588857679 2.417869547387 3.58107994729538 4.70997921245873 9.07425320441846 -1.93990086880021 -0.792711013115638 -0.727571468067706 -0.484437396752556 2.50006334438784 -7.85510043331914 1 3018.86640224935
"1" 1.86380416336924 1.90312497648117 3.90926695832807 4.09850229700972 8.7048504507117 9.12628930158893 1.52954069188165 1.13738691419588 2.33514210947468 2.05056851267193 3.20094740464562 -7.21972446314909 1 1628.10450290565
"1" 2.4338339790135 2.02896032788451 4.00387871143766 3.17898813591775 6.46817496907462 8.38940489382844 5.00202097612513 5.06834677747999 0.0253700749725508 -1.47207477222122 5.02061460551041 -7.20042279231607 1 -347.712453836612
"1" 2.67059978129627 1.41910979119653 1.5365158549475 2.56201513341853 2.31372928729806 7.254674029211 5.02811077033028 5.20284031420223 -2.54890409545551 -1.66371916727261 4.07209983756465 0.628239686326331 1 -1277.98418236127
"1" 2.85055925063108 0.646835794139872 0.563817572787856 2.34908794679753 1.45663384811242 7.98272682643435 5.48405917079608 5.4096925916084 -5.01515143538332 -1.45561873351088 4.95640976321667 -4.99234842477549 1 -4074.00841993272
"1" 2.90293234767734 0.63435117627992 1.34075565445746 3.11306982207978 3.64844766708847 7.3795459957684 5.17222766826835 3.66170102948746 -2.22232169619199 -1.78844094030411 5.2871612563498 2.27478546777432 1 -352.266765643501
"1" 5.72993498238984 5.77111018966524 3.65991563950566 4.42639790005121 8.99947864718062 10.5851329712328 -0.627058340227113 -0.464089824686008 2.18117114770719 0.94616726413947 3.36375189065232 -7.08878921426685 1 2815.12215109312
"1" 2.72401252796833 1.3003899068262 2.79057147813323 2.74632822818478 5.17321115965422 7.90369095096174 5.01539223416184 5.0964882257242 -0.274576493849221 -0.704295497687908 3.27834181135934 -2.89890515009607 1 -97.069835839422
"1" 13.3374722654122 13.2930648893634 3.58578350972397 5.91001273494682 8.20999366409431 14.0737209149398 -1.62672360898526 -1.38331610078183 1.6888262994507 1.47980649816856 4.67746421760397 -12.1592237714778 1 2907.50334614381
"1" 2.65181609267245 -0.297486473235033 0.155344180095914 3.73989049953166 1.54735241933461 9.61723127360254 5.61694647569577 6.16397576436468 -0.532930171912936 -6.81174303461724 0.532615982018016 -4.52751735149825 1 -7932.21398079435
"1" 4.12117126896629 3.76144592577978 3.32764555558099 4.63058360763921 7.66526651173646 10.4346559911618 0.51319768309622 0.0531325920622187 1.99120151822752 1.39451719084864 2.66220918534448 -6.91683230165013 1 2705.14753355646
"1" 7.0918971525029 6.58678103047334 1.9970669668611 2.97465421050378 3.89464664759189 7.52574324628987 2.54523849130053 2.57102609635636 -2.5032564140462 -1.40896517350842 8.1625281081858 7.58286637596648 1 2982.56905895393
"1" 10.7695938977386 10.5898044895683 4.04469165105712 5.50353255315724 9.03494551184666 12.7302544337184 -1.54527808608455 -1.38717242443016 2.23545494578428 1.2881521071355 3.30931180602287 -11.2122759283263 1 2892.56319478905
"1" 2.44579497861404 1.98620948700902 1.30442867888347 0.894936680801486 1.77687122649878 3.4033008680736 5.26830235119805 5.31646460958878 -1.97997969865094 -5.57428058834355 8.56539058465548 -6.29790172480539 1 -4782.45495099618
"1" 4.05141575454795 4.11638209375613 3.6115218817648 4.75371032276482 8.05986367804619 10.6172203451682 -0.199196784333327 -0.241467436280122 2.36863209670666 1.69184990664563 2.41275610449296 -4.47932636258743 1 2254.45696516418
"1" 9.68527319763046 9.40753681510329 2.45406275993421 3.78314598638956 4.88721730726214 9.68630296732035 -0.67560984544663 -1.56887395556209 -0.522884232217061 -0.655794453581021 2.89062307918908 -8.58966574430912 1 2969.89082010086
"1" 2.3449674221262 2.30782746655208 1.01879702225248 -0.435268752290378 1.87091332030575 2.39713773781475 5.74060100625466 5.74811616004316 -3.17572039574929 -4.64467579914294 5.76635201636779 -9.94498973192575 1 -12814.6346132887
"1" 2.6950638676586 0.750986500644982 1.28976812083212 2.37559995926672 3.63834661795413 6.03919456560629 5.08978439487488 3.67713759626145 -3.83856692970605 -3.36244017523823 3.87956908743281 3.77852010260264 1 -763.824593705373
"1" 0.23609036183675 0.735898982646179 3.65779281145931 3.91376786077013 8.88259232186141 9.47411106902867 1.8255497941317 1.26362462799189 2.50958333976235 1.24709741298413 3.68785134463576 -6.52490641948184 1 2525.14209052932
"1" 16.5450360544417 16.2692789277355 2.02213696280289 3.09193373578464 4.09315874282892 7.99942893421187 -2.60671979126125 -2.61509992997145 -2.01717767573249 -1.76707753385219 6.66215463008397 6.68569666615545 1 3081.62702075287
"1" 2.73091312225707 1.1931555656575 2.29805222564501 2.79796808417142 3.88049993851172 8.29408160001958 4.84724785025582 4.41553200360027 -1.85653426225189 -0.374551448219361 4.00661743285502 -3.48621490614572 1 558.715413884565
"1" 4.95802567377774 4.51939831572786 2.41432836013007 3.08508559038511 4.73872460522812 8.06161869825054 4.15624834252101 4.14418116422788 -0.792318729136802 -1.23580924691547 6.89782908414398 -10.2433664595982 1 2912.25183024706
"1" 2.80300381297641 2.96271109474831 3.20444992004853 4.0830159766619 7.62354865662107 9.71683101553736 -0.124845196604363 -0.206469821668645 2.42562033583616 1.5792097250611 2.35577342549844 -5.34217776259403 1 2401.85040510782
"1" 5.75520320845014 5.85030673485152 3.49905830038092 4.42435402172824 8.28532507197721 10.3686477876532 -1.00862020440372 -0.658902456619613 2.10566343488799 0.750948609026994 2.67102623111425 -5.92244475114666 1 2826.80897179573
"1" 12.0999324218512 11.7534587204728 2.48526652950294 3.32714769318156 4.62454503996233 8.00604004278216 -0.919081759425916 -0.560016258051009 -0.935049177220398 -1.63503374656065 4.51122335469956 -7.6916289953346 1 2953.62699367641
"1" 3.59342487668628 3.86036665883032 3.4261660167389 4.40365590990313 7.99274870957895 10.4413948404182 0.0160809206253819 -0.00474682374076829 2.19210626711257 0.849835813126008 3.20269340597199 -5.84785492857697 1 2698.62949987196
"1" 4.19114971138246 4.25009240910479 3.35016699915302 4.17170692142444 8.0255130228125 10.0389347744452 -0.654020106894068 -0.205790241479489 1.97214940324621 0.707613637346588 2.54219693858216 -5.50197832258889 1 2814.81872711393
"1" 2.43849541766738 1.61695228711274 2.50444739122427 2.77510090127643 3.87096435451219 8.0907112142791 4.77200195026035 4.90615726391416 -1.34556589786009 -1.16355741343447 3.5448413285703 -4.60085303988837 1 215.863210977652
"1" 2.86577637454103 0.723581956218335 0.838998279747908 3.56362650437126 1.60168942232496 9.19426791606992 5.31646125909613 5.28543624080176 -4.51258453761378 -1.53338580678898 2.28095220409916 1.52390951235003 1 -2850.10984670607
"1" 12.2617126152613 12.2498341558157 3.53205171045332 5.39673010490641 8.31368701106091 12.632425099953 -2.62619343094003 -1.17192703992571 2.25745466835644 1.29417175590359 1.57171587195024 -10.5612018851731 1 2585.23989300181
"1" 14.0501848052035 13.7822868075269 1.92792550543677 3.22335814609174 3.81466949011749 7.9746331590817 -2.1379074004126 -1.34002061024038 -1.96822866289159 -1.71633580870168 3.0382554865651 -9.82350282826539 1 3057.95566924158
"1" 2.41421243428117 1.96180447536768 2.88034964000823 3.83304999288632 7.22365915203189 9.70012113973706 0.252674338205131 0.0124070288071207 1.909312917741 1.39671911865689 2.03627390604852 -3.5619783406577 1 2670.8120069342
"1" 3.78403251159568 3.50507210077396 1.5857898506685 2.3236141254149 3.3312807211733 5.99041545074283 5.29154887828957 5.48389739360984 -5.0712166551674 -4.0294755285673 7.41622547810706 -9.35306392871906 1 2025.11375679198
"1" 2.14002863872469 2.48987385563297 1.33005570295032 -0.393451969688718 2.19914704581678 2.36067595774384 5.72970045551238 5.73343892652288 -2.46151278100976 -3.66087351133172 5.26685835187452 -1.15860409053875 1 -11962.6056031699
"1" 2.68599529386283 1.29959601758763 1.81129134522227 4.85103861549335 6.45072997471649 9.53808115139827 5.0423383665944 5.16820234732738 0.0377490529657562 0.129150535637088 4.79969865763172 -6.52125160182422 1 273.409547213319
"1" 4.17473678918851 3.63770702773687 1.76856923015792 3.16267667340598 3.52349724231289 7.99410554351175 5.21561529572387 5.4463592391685 -7.2214566398226 -1.15475837047873 7.08152394136988 -6.3656458081872 1 2431.3937585463
"1" 11.5293145893437 11.1911884421504 1.96020370542095 3.05687465793893 3.81876040516138 8.06330370304974 -0.957356193794285 -0.454094881998271 -2.11303243929202 -1.34895275912312 3.85135794466879 7.43987572631469 1 2991.67581094368
"1" 18.6357215738712 18.4443818446798 3.31198331458593 5.20832269506914 7.29581607364679 12.3096966335228 -1.89517445192075 -2.43277331096133 1.81622391050211 1.34280363750029 1.0332430210582 -14.580356082547 1 3068.01799806644
"1" 14.8330286190989 14.4951414652621 2.07709341976732 3.6520710931369 3.94386803480108 9.66410807646071 -1.73964262680849 -0.770829965261409 -2.58871004965335 -0.358022063234295 3.00204632075629 -6.99100089423213 0 2969.18665500119
"1" 2.4441481336317 1.95636310877373 2.84289005589731 3.1345685203943 5.19889710689414 8.61323045580713 5.00569158006328 4.9274234369007 -0.102701340513296 -1.02909872008054 3.65383408171776 -5.54341381569135 1 57.2161743509496
"1" 1.97590363041578 2.66259732375318 4.15954620989418 3.63178609834283 9.66409828288332 8.82374314667054 4.56128024950106 4.46243720718728 2.07299033278717 0.436325691285317 5.72621951187969 -9.34537674505405 1 820.295126754674
"1" 4.08920552927911 4.61387981689242 3.29288840886003 3.76439810623541 8.47211292037534 9.67531167553462 -0.918186822823689 -0.284275077754055 2.83462771112548 1.3794657818315 2.99401128613284 -5.39160306442964 1 1943.20387466749
"1" 2.39639841112714 2.01489188180334 3.71666247720621 2.59386003596555 7.33400492810331 6.80456604619012 4.69323741415647 4.80413692841901 0.705521883619645 -1.91065127964592 3.70128519061424 -6.74219113824557 1 280.541108281337
"1" 2.34527710252402 2.30972787527393 0.759070890144736 -0.42819727238032 1.58412986072219 1.98867944790122 5.83471629280028 5.82755294209665 -6.92229912636396 -5.17711085702025 5.01427025361402 -2.85541929405321 1 -15938.5242562683
"1" 4.50533182433533 3.96414725784354 3.32683609888194 5.44472252278898 7.90029324757106 12.7931285758757 1.55310369815663 1.25175329528339 2.06641672995712 1.68278516158029 5.02391464496491 -7.28783008099184 1 2536.0413779182
"1" 15.4771097355097 15.1526101608417 2.02381032460727 2.97056633222962 3.99141301089281 7.28901187321753 -1.74094755011823 -1.50558324512822 -4.64953871521486 -4.40008753042685 6.53472882939692 -8.69021526540972 1 2984.36244168755
"1" 2.6551188388844 1.55802478291914 0.548082226645132 -0.10807992538971 1.48306800439991 2.66980427435345 5.6406500638589 5.7157945392255 -5.12273893779202 -5.88159908575504 7.34646155137797 2.63944335381858 1 -11215.7142703633
"1" 8.0083463525275 8.08924601093325 3.46113835763956 4.22659575213724 8.38401802890038 10.2263249866957 -1.31104106702165 -0.955039228601462 1.97805871138157 1.53918795055762 2.41534561490472 -7.3983225204955 1 2709.72906226118
"1" 2.2786497637977 2.25684353251848 1.04216492546586 -0.425884774033443 1.82817013937288 2.32159082289227 5.71334801686623 5.7473004925672 -4.50842043506663 -4.21411333259691 4.96183596176413 3.79771793084331 1 -11453.9361468148
"1" 2.30456841787327 2.15344010474301 2.52812631428793 4.43411777212923 7.94929654155505 9.60711810064371 4.77375100020412 4.67052077970717 0.566147286031754 0.10227511544497 4.27031377747363 -6.79579621675517 1 461.851936987405
"1" 2.4909111870653 1.99891519270674 2.07283108636194 1.14814478401142 2.94889096389611 5.58898767661235 5.08757166324641 5.127699391999 -3.55073428135823 -2.09249782176469 4.80547435217734 -5.32611373947347 1 -2436.5530337997
"1" 17.1931794880512 16.7889072795414 2.10985310639285 2.92139274808117 4.09835786340298 7.30679951098921 -0.431973978020332 -0.33350198315747 -7.61555426028418 -4.67814215415487 7.99245143362065 -4.21900124042321 1 2963.35340885681
"1" 12.2537785887393 11.8337753466319 2.009007504038 3.52662491661362 3.9582547727878 9.0308399449896 -2.59670612356139 -1.40460819796816 -1.84375381823899 -1.03468145424043 3.74087607476314 7.56467302277645 1 3036.12512758726
