"1" -12.6242655446664 -1.31296374997927 1.60405737489455 1.71483771450292 3.35640826865681 4.63843560354187 7.90423943199457 -17.4005484752309 -8.53869531419181 1 181.903260193681
"1" -12.6124102097836 -1.51001711304848 0.989867910380959 1.60243067024713 2.80290231789984 4.99137376319518 7.8740199016469 -5.13568683897189 -4.04593527556578 0 158.056905741174
"1" -1.29679208320364 -0.969439332307285 1.22436483596921 1.47666742844594 2.71390691890179 4.90112290747003 -13.4830316111987 -15.6465918215723 1.89958607313392 0 238.839547745602
"1" -1.37222893660759 -1.67317061385594 0.307107716382504 2.75623730054748 2.76934820104232 5.22412590775491 -8.86247830408935 -5.40683737456361 -0.999167127801312 0 178.832399305847
"1" -12.6248271914801 -1.48849762962115 1.81513032379266 1.55521444755575 3.78485705932798 3.20710357538521 7.87921778730543 -15.4525537677444 -8.04664777944028 1 169.334444239509
"1" -1.2392952611913 -0.513810395753635 1.46223400500872 1.02038765182362 3.19920431347012 2.90708090727046 -12.3599964629595 -2.03418616059249 -8.37561485016924 1 279.270979765885
"1" -1.25070790428907 -0.953475922064808 0.0595885657346546 1.62950897833472 1.79275184767715 4.18531575462901 -12.505384781897 -17.2848584014435 1.07790850557798 0 219.503615861099
"1" -10.0641622644007 -0.916861689574351 1.54027519680103 1.29979785969314 3.68777494863606 4.41359018559255 6.93449994317511 -23.5310860537417 -14.5084646484778 1 196.863253913786
"1" -8.66528302080433 -0.960164681324395 1.40832896820482 1.26723496868988 3.13879286013264 3.63304727389273 6.11797308276793 -20.2473718174202 -10.5047305675372 1 199.894434491066
"1" -1.51931155253517 -0.845605909691992 1.44654013081556 1.85584891426556 2.89941650166258 4.37314974633288 -16.3024711190078 -33.6703427500517 -6.52035856547739 1 236.391975516158
"1" -12.9379774337383 -1.38033117370469 0.994227089540037 1.95076874303083 2.7393272545519 4.51116728715069 8.03962157415673 -13.3903393544475 -8.74124523682483 1 168.58605620027
"1" -1.70006456837512 -5.10313504620656 2.12955205944672 1.63232285708714 4.80721175516408 3.97730439876608 -19.4349958120101 3.19178158610182 -9.49331337873314 1 149.131800229868
"1" -1.57376158112793 -1.27971711751969 1.15972764046585 2.56268595400438 2.77878497440795 6.49071372465989 -1.4508631380881 -1.72832976222309 6.83173854530707 1 202.022987498714
"1" -1.35331629771819 -1.35620236054791 1.73234137013973 1.83648308264774 4.18088655925124 5.11524694943927 -15.9725617069933 -13.7501025178976 0.0919060048454945 0 209.063369719856
"1" -1.4102791464102 -1.51403883544205 0.941989139490368 2.7494817639359 3.03565741927491 5.75999484050346 -15.7997986740328 -13.8461723847379 -0.151573386917624 0 194.26596975206
"1" -12.9440934372462 -1.3086530137595 1.7816177616608 1.37934236843441 3.16402788914363 3.872290254868 7.98569343358015 -14.2665682362524 -7.69427629285558 1 174.303634228766
"1" -1.57779150016411 -10.9979971664692 0.814082831565772 1.53292561618985 2.81124536621196 4.55063094151119 -25.4807909692728 7.47000634237886 -10.7834435028731 1 160.044539665639
"1" -7.56224127743874 -1.39518581263198 1.58917501988019 1.10268635190324 2.8951306872319 3.82507407044959 6.26008672168968 -28.4667739425775 -16.4817969462921 1 128.048633954592
"1" -1.53382828705809 -1.54144368908484 1.67145002189088 2.21762465487625 3.81240483468975 6.92996090578833 -14.3371740506155 -12.7031380112588 -0.759344149429958 0 185.12714322872
"1" -0.958448485286908 -1.4913450338838 0.0643106913978274 1.93105943603013 2.36057134151833 5.41573749130336 -19.1508878311463 -13.6784940647695 2.92283315103251 0 202.403564766751
"1" -12.7998731130967 -1.37657390743972 2.08450889738954 1.56187630216272 4.68323057996631 4.25729726166525 7.91613216634386 -5.26713001242704 -4.79340828204641 0 160.641521662777
"1" -13.0351706727624 -1.50975495761227 2.02993206607957 1.73103634252652 4.74563715540524 4.85067094324672 7.95583835913279 -5.38619217970421 -3.84869748431601 0 143.793730078052
"1" -1.71835559383676 -1.56703905434975 0.790055387494234 2.28586547359301 2.60924047714618 5.17288869428464 -11.9837011186993 -16.2382111044116 -4.76800212722972 0 174.382444142854
"1" -1.59881368880089 -12.3865616160941 0.422327706902158 1.22915640164488 3.16213011156987 5.46803411879948 -5.24689620797841 7.8423454126451 -5.61042504128977 0 159.692019806219
"1" -12.7607178376493 -1.37194467355313 1.94433869736483 1.53194143437929 3.68242987258422 4.26525218962856 7.92964997996247 -13.7120067961727 -7.74040110733679 1 172.034657658659
"1" -13.5081520432185 -1.54757626779072 3.34743798521314 1.14998756132254 5.91475434478323 2.99335691720499 8.04595043705689 -5.43581684043502 -3.83269144055524 0 132.589238269484
"1" -13.4667403190005 -1.57888900523157 1.03461477525677 2.69023911084406 3.20216121275992 7.57614004036448 8.03494258124934 -5.35518158005262 -5.08039952592241 0 123.900948100015
"1" -1.52062117657797 -1.52847251749196 1.20589061096904 1.52421763753563 3.53966190268467 3.68625391388503 -14.6575203499708 -12.8381670094544 -2.10219019548664 0 193.918941532483
"1" -1.27001173673896 -1.26445773896669 0.46672818146646 2.40239670624424 1.98358268647806 4.69512740336516 -15.134904287483 -14.1313416667348 1.43097761638791 0 208.316163852399
"1" -1.40234976299118 -1.59244699400195 0.816169800152619 1.8298613131491 2.87600498020926 4.25701722521214 -17.4341982777167 -13.3777304642026 -2.05630165711202 0 193.94641495262
"1" -1.46518646862181 -1.30896086743449 1.02663850113374 1.70456930617859 3.39373844982791 5.03525055647776 -12.471009505938 -13.8098646797989 -0.500212764554048 0 206.707790020703
"1" -1.63131767462498 -1.62872285245752 1.70351612639838 1.53904531231935 3.95991642238429 3.72463996515272 -13.4845415135341 -12.1599551823681 -2.97423690479968 0 181.131083100906
"1" -1.17965562757119 -1.32029893027123 0.797310791282045 1.50457903495311 2.44312711329366 5.32235810425769 -17.800287155681 -13.7853759015212 1.83967251287268 0 220.074034799708
"1" -12.3419308691295 -0.730920835836821 1.17142581705067 2.18040717814224 3.71561220747622 5.0760298343593 7.80245114101904 -10.2394469768499 -10.9743017834221 1 238.573951919533
"1" -13.0509200000763 -1.57765060600326 1.3381742571736 2.12954872522061 3.77834173399802 4.43598573375241 7.95811335018157 -5.33680628941319 -4.98526763631802 0 140.240289042268
"1" -1.30664211355588 -1.14566213824294 1.60337794227032 1.54730983094696 4.26426372038762 4.62130021529163 -12.9509671663043 -15.1284475952538 1.28625637531968 0 226.167449818763
"1" -1.52664957418268 -1.17912282409352 1.22826676584397 1.31250210482405 3.35445453355727 3.81301319287237 -12.627024490716 -15.6810513224382 -1.83465086141074 0 215.241812846779
"1" -12.0751958466761 -0.797666364109745 1.49676605285119 1.11482337571933 5.78685272024782 3.14451800019515 7.80523288288072 -4.74527461442696 -4.36839293399675 0 228.77149387693
"1" -1.47592380004828 -1.35686579734754 1.08506291248686 1.31555066216325 3.27680012479156 3.14970112379805 -13.6591877675902 -13.3454863934978 -0.754587018981772 0 206.943483218764
"1" -13.553472423353 -1.89130126963211 0.99108569235967 1.14214631435232 3.01048389617377 4.38577466819938 8.04195964904623 -5.47301241720872 -5.36240717838828 0 111.65075653612
"1" -1.85767560691516 -1.94578712281254 1.60871403849746 1.49700832264228 4.44544200352168 4.60831226371075 -8.67091116307391 -6.64800691134234 -6.0283457805574 1 151.460989759543
"1" -1.6422498756822 -1.33425609822905 1.23987325906711 1.82605708222241 3.12658915178172 3.91769030485627 -14.678010651607 -23.6125659186747 -6.34997521894021 1 198.062022968322
"1" -1.28981140463753 -1.0728716379765 2.02905184549488 1.64093598049979 4.97278424607405 3.67394547167449 -14.4267488226867 -14.5496462529818 1.63999030898418 0 230.953581819961
"1" -11.4158721827325 -1.15928937750386 1.13645412391909 1.21889891247196 3.6096866274562 3.48390980221935 7.35992867877309 -16.3189102103956 -9.53500181693136 1 196.545602433132
"1" -1.66121806401861 -1.33410607498845 2.54763447948299 1.02369913109207 6.79212831639458 4.58503944227755 -14.0936160247399 -18.6300029821058 -1.72791986139732 0 189.738748266343
"1" -1.47959301501791 -1.31109901893233 1.79194219198206 1.92606789527995 3.21465613386543 5.13370566636048 -12.6768349117904 -14.8053304926093 -1.53890490037609 0 204.7595611631
"1" -1.45925347137354 -1.36967985351967 0.957493089498106 2.34372707220482 2.98553289486269 4.23373275345579 -14.6834616140491 -13.9651844147172 -0.544512203394571 0 202.17048471458
"1" -1.11068400720491 -1.52784414948416 1.1612090638617 1.69200531709925 3.69537406425617 4.16753134273929 -25.4221275760082 -13.6140997795223 -0.290779943316705 0 218.7227678933
"1" -1.53706615628749 -1.62003510076993 1.17768035028087 1.73171554899614 3.64006816587432 4.6832422606881 -13.9757164817522 -11.993175992145 -2.6376518033968 0 186.065584809999
"1" -1.52900558924708 -1.61590872889341 0.458619083830662 2.47992806037147 2.20660704388788 5.71818548007818 -12.2483926310561 -11.1902544747413 -1.43078513231114 0 174.41978749851
"1" -12.8485832778765 -1.98882898178488 1.72680772620728 1.46901043090483 6.17489216605592 5.68256319334659 7.90369654743109 -5.58108223294571 -3.53543187920815 0 119.613874394111
"1" -12.5033329465816 -1.08521476245844 1.38728895214642 1.41300526900587 4.68494714448953 4.1677474140086 7.8724091009183 -5.04747061717145 -3.50412740528897 0 191.867094253868
"1" -12.0884416937853 -1.13847403386667 1.44668700659321 1.83799884036865 2.88656672253836 4.396642663155 7.78710957952784 -4.88863907982646 -5.39550866642847 0 203.168970510229
"1" -13.0725315742781 -1.64945590034628 1.35364322768316 3.12799143917614 3.88730326351722 5.64921361920884 7.95913360457029 -5.33026821581856 -5.83729000223395 0 130.24034136347
"1" -1.64740681978019 -1.40425090696587 0.342770014201658 1.83038589064584 2.18428281193597 3.94527509200159 -4.94408275776543 -8.52893822217181 -2.91072695338245 0 182.713488516648
"1" -1.67553702040194 -1.55966028660264 0.87430814187465 2.10638849408952 3.61189750523936 4.5294917039557 -11.3152031457411 -12.3896557265314 -3.13834125444374 0 179.671474647864
"1" -0.979058633840412 -1.40885994484653 1.26068619680025 1.69879582916224 3.92277348955496 3.77122732742749 -16.8086836918676 -12.2701162541105 1.36699597265349 0 233.984598655489
"1" -1.82256946060829 -1.75198488006339 3.24551120302019 1.51714015722394 8.19482164030383 4.88876123833755 -11.9676800930279 -17.1633747740197 -5.52307447832819 0 154.831775649861
"1" -1.42449860805167 -1.30268659385827 0.247069093278057 1.41604747811347 1.71769345575687 5.13252766866145 -9.89433083489264 -11.4811230077336 -1.27633352581454 0 192.83049771039
"1" -0.966334509281345 -0.879359548433978 0.61847330217104 1.64748348904916 2.46819382009901 3.83062196586431 -15.9266723728899 -15.3787037784499 6.01429634871385 0 259.184180401967
"1" -1.33715424490323 -1.15204368985384 1.05347112015052 1.28763252958684 2.8453089466731 4.68705310404934 -13.6554644248608 -13.6914482691879 -0.445204935431479 0 225.081081721592
"1" -1.19464927340986 -1.24850360017954 0.874864348481037 1.8992427214927 5.20169821407115 4.20459171145815 -15.2297149287898 -14.266446668435 1.34339446644454 0 224.400153143334
"1" -1.52151525645625 -1.45814957235528 1.89572350646049 1.37564338682555 4.11951635421395 4.4040445151817 -13.5743794238338 -13.7937740930132 -1.25209363066247 0 195.42118848938
"1" -7.95284218554872 -1.85613682368024 0.760915284933424 1.2432711485612 2.26068742108934 5.30377234105587 5.74219812867672 -15.3981495021544 -10.4019490149077 1 141.16450461445
"1" -1.47981759896058 -1.24215186297314 1.12082337140713 1.942326149216 4.91592310586477 4.4049374546032 -13.6306183690812 -15.0065345121896 -0.0121444989876104 0 209.121552956417
"1" -1.68171630265056 -1.41220567787336 2.27640870964283 1.92799291052567 4.52455355577583 4.35552081035854 -4.928098933697 -7.89031675940359 -1.77416198166141 0 187.212522902963
"1" -1.367313225618 -1.76147456874458 0.795680354160535 2.64497202932368 3.19281136978757 4.90293534182671 -27.3219973273785 -12.8408561132536 -4.88004594979248 0 184.960193399932
"1" -10.1505792706098 -1.35782732658867 1.25566612548462 2.29372578580182 3.3005340211724 4.71131012565904 7.42662347797675 -16.8261178994256 -11.2312280641663 1 159.393843401554
"1" -1.51234346743381 -1.52905250395951 0.921081450047469 1.3265151723629 3.83187087914303 4.01266640047988 -7.00757735467074 -6.41239169291031 -0.820215396425158 0 192.989141497042
"1" -12.8056888725625 -1.38208298501336 2.51966984502363 1.69964610858657 5.63585247196829 5.68222326401668 7.9183975589043 -5.27612728265936 -4.76766535333882 0 155.076815053028
"1" -11.5645366091042 -1.30958797381036 1.041098343795 1.53541906611058 2.80780574771989 4.15381304451263 7.57669077778267 -13.5861258518223 -8.78858637621081 1 180.754930732429
"1" -12.5369617316099 -1.49152242146848 2.16322743153491 1.3839952129369 4.76261062848384 3.43770214210167 7.85912019677267 -5.23649510022481 -4.16223413669432 0 162.509110047807
"1" -10.6227276232514 -1.07163449159023 1.55603335059276 1.73112314769712 3.33868292934309 4.80387050176005 7.4567591565634 -19.1611288673718 -9.84002625322224 1 191.603124985085
"1" -13.850145988733 -1.65301659066352 1.32984299912833 1.63802142938715 5.9067459717022 4.16958763341169 8.10232101605905 -5.5127395423244 -3.17035954028105 0 120.138242431077
"1" -1.68083567147878 -1.63475790003504 1.03567609475643 1.45462656976431 2.96724207858435 3.66904811638962 -10.3609490121051 -11.5081048334705 -4.59216732581389 0 178.641975413501
"1" -9.24954956226944 -1.02691276297233 1.39594087314899 1.2031230282328 3.52044303308462 3.58222371852727 6.15892276871434 -23.0159090335561 -12.9909969592152 1 198.841468010268
"1" -9.42074363538037 -1.33111438127076 1.58372262128028 1.62190381888656 3.32740072818523 4.94175032262988 6.49510232597237 -18.2441581982465 -9.40181392345571 1 182.052178848698
"1" -1.4708404129126 -0.719991852765006 1.2196806847666 1.56649323588885 2.90440113965464 4.49666090345531 -5.28299715312701 -2.0154524335161 -8.3878291178446 1 251.483982024917
"1" -8.47182127905559 -1.71022967606391 1.3124990718049 1.84817698902341 4.21468949751162 5.29710867356117 5.3834083980727 -17.0340975024892 -10.006143834756 1 154.763823577286
"1" -1.56388499287883 -1.46733169357075 0.901479184567683 1.83064311193882 3.24985803852314 4.48849060308282 -14.0396321182372 -13.6909544622133 -2.46801218926328 0 192.131480210107
"1" -12.6237131005984 -1.31430601210322 1.7466611232013 2.45214325407049 6.56819427607168 5.47251459088133 7.88702892008697 -5.16144468954855 -3.64728036564121 0 162.851120357834
"1" -1.69792975947751 -1.82187414215398 1.03806813903123 1.48708902728589 2.66648990390195 4.2717766323118 -16.1902239076229 -11.0660081569884 -6.3864058752561 1 166.943979077662
"1" -1.2775717310705 -1.07794986520524 1.20525851635501 1.95918902464978 3.69632185924905 5.06446284338395 -13.8940898728525 -14.9262346855596 1.35388324894242 0 230.838698417169
"1" -12.1883682079529 -1.58376158700278 1.23818507700619 1.5304930123481 4.02273311823848 4.53070940064316 7.48303971154821 -11.611261709594 -9.76174116177579 1 156.846649767332
"1" -1.15584587947045 -1.4624530939844 1.25923159558564 1.57843900656512 3.29226607828349 5.05173698225371 -17.7789692561709 -13.7569129771532 0.830038943909894 0 218.320814443151
"1" -1.33496124697525 -1.50123928725679 1.14538081004861 1.80449280678695 2.59690191884251 4.73349864482388 -16.4695707532721 -13.7720025095769 -0.241827009194372 0 204.321975974907
"1" -7.930489975869 -0.834396796656354 1.31501720192607 0.569137345291666 3.23731466271006 3.02285209085097 5.94754167512105 -19.4070622531456 -11.1574497599902 1 214.292005941362
"1" -1.08256000866612 -0.997774376376875 0.754137185288213 1.68260665587055 2.68194126233332 3.4928496577858 -1.13336394340478 -8.20968720547952 -0.718258384101162 0 254.608170114782
"1" -1.55309386497213 -1.49191559747414 1.00773896197424 1.76833135556036 3.1222131189056 4.60368685946158 -5.37747387763889 -0.831539011198575 -5.86185100993339 0 202.498584235715
"1" -8.23523362306582 -1.61125633016023 1.04480336170342 2.18752614780663 2.78476761200536 4.88497809505855 6.63034372324303 -14.467877706583 -10.7581043484387 1 147.928838873001
"1" -8.42385437469463 -1.3599980636299 0.765291687890086 1.86681398630242 2.19711948144057 7.04706021750656 5.57420620049068 -19.7373962973048 -12.3020128279427 1 163.366087835365
"1" -13.0198767864359 -1.4899731311952 2.80805830501554 1.21982409996597 6.88974900047309 3.42983109626495 7.95269887840043 -5.35540968421097 -2.9820861141425 0 145.955758634926
"1" -8.76166961857341 -2.29016289236679 1.51526521963047 1.34063239935717 5.20355566973743 3.6619142454991 5.72124801000313 -6.25852208556409 -9.94375748328569 1 120.084443225004
"1" 3.8042111096744 2.24314686824207 -1.64956138892112 2.01949170375981 1.08421919391986 4.46331632555337 -11.2482512304693 -23.0469526915869 -6.37861366010228 1 155.531871824652
"1" -1.63316129866657 -1.20248248311923 1.53046068395451 1.37874260234107 3.95506657151718 4.11033705203693 -11.9987100821818 -21.5516000625616 -4.60244089227854 0 207.180225618994
"1" -1.34683700850935 -1.08979276140373 1.35274195779104 1.94436505481231 3.15149786758844 4.1990972969457 -14.549624166578 -14.3707832305923 0.165828264236095 0 228.677073265963
"1" -1.32793972532247 -1.2206156503486 0.923561231750136 1.64583764034453 4.67174968877684 4.08405068635939 -2.36334354555094 -2.43485500588703 8.33894266598247 1 221.841476328739
"1" -10.2641005356951 -1.3596955939227 1.2257687169363 2.06091751497755 3.76688056226669 5.38929842518134 7.75151081112977 -15.5934458604721 -11.6846434067266 1 180.859248582211
"1" -13.5845135320176 -1.8149134006282 4.17893303389834 1.70848533391246 7.35984083259792 5.65264391265266 8.0507454906997 -5.41632811874309 -2.85531044722257 0 109.020088136278
"1" -1.54217354515726 -1.70498376288628 0.896646671867103 2.06563342379237 3.919190700114 4.94048086770168 -18.7228214782769 -13.7668399145766 -3.80115975128753 0 178.959974385859
