"1" 1.72773985149539 1.96227187303112 4.27222544855933 4.59327646953282 9.72247660409723 10.6908681898848 2.20236783146443 0.917472413740364 -4.14718386802544 1 2597.1742800364
"1" 4.98751348166245 3.93927670442781 3.45181707288646 5.54115801630713 7.82504081244277 12.5718508565162 2.11986886002044 2.14904855240768 -2.77842926898464 1 2541.33210771432
"1" 1.97871643746715 1.50920662142913 2.05996227813195 3.36167950319901 4.36089938216393 8.32624944781492 -1.4672767515654 -0.991165055369159 6.86215185093569 1 2785.79410132834
"1" 8.49034788687955 8.17022213433453 1.99710075755941 3.03235245639319 3.9845285929253 7.40506169269877 -2.32939386994812 -1.51713054542311 8.76829901346577 1 3011.01940854959
"1" 4.98602862291852 4.91297965762219 3.19211804395978 3.87116320495916 7.29520583538537 8.78796339392245 1.87886713240788 1.54210190878687 -8.37975916846936 1 2745.10096628861
"1" 12.2084761093232 11.6639459715315 3.23906596437133 5.44260893893031 7.49963016562518 12.9239209053517 1.83321920552589 1.49582152877552 -11.4376521151235 1 2870.29690519073
"1" 4.1648205590248 3.79169244785377 2.0519891691981 3.39316204800621 4.30321170898985 8.28182390682783 -1.57621519516631 -1.23647452827812 7.06356942125846 1 2942.57472477481
"1" 3.04923737324202 2.68061224560956 1.90135781347384 3.35280749197907 3.82415045017829 8.18935415875147 -2.23466879029038 -1.19586609456896 7.01711486646572 1 2914.94398668785
"1" 3.87683918821948 3.55017373227628 1.977627353485 3.30611060168992 4.06952503991526 8.14322200913081 -2.23560974449697 -1.24946381836824 6.98987025727849 1 2939.34491204693
"1" 2.32556076942154 2.51673193670716 3.45511483315671 4.28544689616348 8.34781189771883 10.2040771032209 2.0772069821572 1.19344850150114 -6.63999298754847 1 2603.69468067693
"1" 3.28236439754804 3.00552688765751 3.45535724783472 4.29087647185272 8.90928771296217 11.0624253394894 2.25648894367589 1.85222892453686 -7.80806572055797 1 2014.98301543775
"1" 11.8345550472802 11.3720453392823 2.89808782127959 4.09851293460925 5.91977321842003 10.0511079868776 0.304519439253597 0.144942988444153 -9.86531564345276 1 3040.89232870826
"1" 11.664761317202 11.2860443742706 3.65721464746439 5.0448988704058 8.39299965943481 11.2790697046339 1.96261158691362 1.35970554124935 -10.7901020880029 1 2839.63271642341
"1" 4.67795885621759 4.64682333868873 3.40822693509983 3.99025376569746 8.22465212330655 9.5769281058184 1.98966111473744 1.22331204638015 -5.40824199074841 1 2712.99348996652
"1" 4.85613856426461 4.312546145548 2.45216244644446 3.60930486427845 4.76493905381138 9.40456606892807 -0.721000185191334 -0.271624416916748 -7.04032084218346 1 2954.28028730534
"1" 3.85144702872883 3.30375951796658 3.22730359359435 6.05278071843597 7.77575839725623 14.7719443680825 2.11156416160745 1.48356563769204 -11.7172812320361 1 2613.82663773523
"1" 2.51763778223215 2.16931953537609 2.15368737934993 3.41332535647908 4.48611053461273 8.40855056050676 -1.71235181424071 -1.08324990115879 7.27675510804447 1 2845.79280640493
"1" 14.5353724828549 14.256875492415 3.1006734314673 4.20179475059657 6.47921997538893 10.4472174542539 0.650827979915974 0.145621148068911 -11.4933414252968 1 3031.08459229022
"1" 6.42223310278114 6.13196278446312 3.54910684135994 5.36280453292705 8.04318299191149 12.3603582157457 2.20576997500719 1.8936590683125 -11.6835608830905 1 2615.44690437702
"1" 12.4312621775564 11.9476379229361 2.32349413300301 3.07290938448857 4.35567212880629 7.52245612843772 -2.15301057424807 -1.38129097771718 7.56750584276349 1 2956.20060506456
"1" 3.61699897569358 3.16958153833618 3.03129561737633 5.20351639346046 7.30459523047014 12.5338591808604 1.99291400332587 1.45442163588779 -5.97067844816153 1 2566.90990829099
"1" 2.31388025365246 1.84985133951305 1.95454683725508 3.12900971891025 3.98394359488755 7.82406543363781 -5.03778533116582 -2.34945827190703 4.17711650693917 0 2818.70361742582
"1" 3.82370635571458 3.22173434541936 3.25393217883517 5.1962899403233 7.49407479974108 11.8449000469442 1.71719473116813 1.7513538789278 -3.71337131394077 1 2648.35099895469
"1" 3.22329549864916 2.74510797631312 2.31550064915439 3.26980186019304 4.61432161156623 8.20451529312172 -1.00369841621279 -1.00406481160031 7.04949399393792 0 2914.20115985961
"1" 8.10840335157168 7.70488502266052 3.26693722868507 4.88747767715437 6.78334355170377 11.6867484912792 0.929023452372593 0.866271737275523 -13.4218286323901 1 2930.25723496082
"1" 2.82536259635862 2.39721787563712 3.44178033596045 5.29075093924638 7.81459885954698 11.9815800565519 1.88384590456367 1.41537913448054 -7.80494320673044 1 2549.38064758588
"1" 3.20834495648243 3.0555565777621 3.18743923809943 5.402814902184 7.7154654681043 13.0180929998841 2.07888141996351 0.765775658926876 -10.1195097969215 1 2603.18315213443
"1" 2.57696925914245 2.1918012003673 1.91603986809052 2.96423138158942 3.77398660382898 7.43733264658857 -18.4408276141239 -13.4879514461548 -1.19426619696616 0 2860.40881444528
"1" 2.41005198171226 2.00804003591158 2.05254211070497 2.87204266559071 4.01628117315656 7.37048241838549 -4.71802017080478 -1.88527063275274 3.4464278924821 0 2847.0075582827
"1" 2.63919044786542 2.93856602473564 3.39534776056022 3.91154463909851 8.34266022673019 9.56420433800609 2.30498525351915 1.25355653337062 -7.42274138561515 1 2579.39394124939
"1" 4.03088713281093 4.2378802778329 3.92319404402175 4.38943966191648 9.30750438704235 10.3774693098817 2.20995899236559 1.37071777292488 -6.85448032040857 1 2463.39988212412
"1" 4.10817299940652 3.89037175702055 2.96936517474505 4.14319381765927 7.46793285722847 10.4101202348175 2.51934480808768 1.74113584355374 -7.12963001693337 1 2130.32553936794
"1" 3.39038772293575 2.87461629142507 3.3214712375128 4.75232024563438 7.70930245828585 10.9709033164321 1.68018496351223 1.57668588792534 -6.66007239509277 1 2610.29518795855
"1" 3.86415618063414 3.48024267154885 1.94990969731421 3.3974323338987 3.91242198152645 8.53149834950539 -2.48726877532958 -1.4671845758007 5.93286377783587 0 2930.84174923698
"1" 2.6649142970385 2.80402357146958 3.32477060175481 3.76116205147148 7.97533925157537 9.02176467760383 2.58095571185156 1.83083900865238 -7.04167580514824 1 1817.63989135281
"1" 7.69244801945246 7.2911772045214 3.24784014407265 5.53213014355812 8.20711887849051 13.6299963569598 1.85335902901969 2.10652649106262 -10.6366154113807 1 2885.03673327257
"1" 3.75860719368403 3.35458775007288 2.13734333924438 3.50372445026718 4.36564143169152 9.04925463217608 -1.8045758998038 -0.783550805380047 6.02571751553631 0 2919.8205887097
"1" 1.36505372711588 1.03571642791857 2.06608108360389 3.2644839078793 4.04277771148222 8.25811200098505 -1.55782802714105 -3.08315315430011 4.1679783722595 0 2641.14530569667
"1" 0.85960800019904 1.07010100614879 4.19599094174389 4.90920059607928 9.63868324995401 11.2708369463624 2.5769750094404 1.63288831137564 -6.85413466610901 1 1792.84642545055
"1" 3.41400892410795 2.91941526523565 3.56960426891391 5.74019293763704 8.37649564291917 13.4107182228712 2.13500981992721 1.75864005417336 -7.38180722076386 1 2283.59169322511
"1" 2.04996525447291 1.55606141274838 3.46284071533907 4.55432225940146 7.60661429611734 10.7751370425289 1.62162178588257 0.498980744466296 -13.0294965465561 1 2740.56693282083
"1" 2.08850332927233 1.7657039030971 2.38213512920449 3.54328948780126 4.75708301697572 8.67373954943397 -0.988005668535217 -0.992398714503007 7.05095931422753 1 2788.60213675114
"1" 3.55426907342268 3.21850611382498 2.22973264937508 3.51498938171914 4.35356683657068 9.03560055715348 -1.63617787731769 -1.11887417666163 -7.00753991592471 1 2897.69366755041
"1" 3.16706845526303 2.77456246090138 3.45703139938831 5.19205817819683 7.89190896292769 11.8295404130113 1.86975342231714 1.4798528701284 -7.776187247496 1 2552.85306582203
"1" 2.69006374307537 2.31845613796497 1.69169201404125 3.3129201718312 3.57371779159277 7.89796378655007 -16.6842940391428 -15.013596843682 -8.04465464160807 1 2872.93587807813
"1" 12.1393694607925 11.6950866813397 1.96864928980947 2.94333195272575 3.93226195664515 7.39366908373095 -2.62062048154519 -3.16845904231642 10.7547636922281 1 3180.86115029789
"1" 2.87714773899898 3.0385789291475 3.3909516656729 4.44049236993285 8.18037481482476 10.707264780704 2.68501042567656 1.34591924876715 -6.10627866374408 1 1982.79436719399
"1" 5.47233359474631 5.69219486353398 3.70715804549735 3.55066255722859 10.1364667690829 9.70855260828417 2.21131746188268 1.93106536204913 -7.77338282135706 1 1727.70127508733
"1" 16.9093001513219 16.5313648155085 1.87401344081721 3.05081846823176 3.79269970255293 7.51828037628431 -6.51938209648358 -8.3310881952853 -8.01838128659632 1 2975.94706535598
"1" 17.6198365714815 17.2348813090746 1.85269384101171 3.33799010320898 3.70429028561643 8.49759223133081 -2.3635249450377 -0.915387943538327 -5.53582399673785 0 3030.53862193528
"1" 2.51296990649004 1.82587834059871 3.1972431469184 5.31963610574298 7.67380675703461 12.7511460293458 2.30932201687507 1.90438985471481 -7.48369383400292 1 2139.5532530381
"1" 2.79030558023943 2.9608498869395 3.32736589819283 4.33258557353922 7.55180050030985 9.84685476967774 2.1696229039598 0.978761894004159 -5.96770345159118 1 2654.82348511187
"1" 2.450304984867 2.68838132420942 3.31667970913491 4.20995122175468 8.30852819732968 10.5457412242418 2.0691679864267 0.627816261532267 -10.1992478690067 1 2681.63323210753
"1" 2.29662201980305 2.22983560128746 3.4346916881338 4.67717383535213 8.27661159721325 11.3117044467904 1.77212489134498 1.28594662312346 -3.57670947473403 1 2599.25049029456
"1" 1.45194150183474 1.57414508420367 3.68590503182538 4.01132482336122 8.5984727731465 9.50120580668638 2.16767003383339 1.34830243527988 -7.08441771565916 1 2558.69056680862
"1" 2.93588187956975 3.10145888363234 3.6218339586502 4.77183230622077 8.60327972719582 11.3926901833719 2.29843674395802 1.19185955242108 -7.10246497270366 1 2477.02149278313
"1" 18.7394065690974 18.2919026332219 2.83106880055092 4.77456709992523 6.03262197266669 11.8169683073912 0.400772510273602 0.582922468778656 -13.8963587332355 1 3064.41259067229
"1" 1.71209306645127 1.49876716531051 1.98630340493143 3.47998400585968 4.00513609149737 9.103877510314 -2.02474220970712 -1.11026530586193 6.98424113837579 0 2735.96163222885
"1" 3.5109513506589 3.14284373846942 3.27646342512022 5.42497993709236 7.43947384509726 12.7386896762622 1.36843286597385 1.02767052539277 -10.5025518276319 1 2800.97246757965
"1" 10.5146361901833 10.1398997537634 1.85814578700996 2.75252564090124 3.72104585927855 6.92652295434737 -7.45472812283288 -6.82356700991906 8.56535296310694 1 2985.91253787259
"1" 2.96738832858627 2.58129307573734 1.92096039369493 3.13073671110678 3.90365677118856 7.55015246363591 -2.64833932684558 -2.54710483497705 6.56090740636006 0 2898.47099567772
"1" 1.87650380764233 1.5504846481549 2.54589232707188 3.21131760116051 4.88507555331301 8.12551547928184 -0.497689841514953 -0.941480569013953 -8.21955646591861 1 2776.00457042243
"1" 5.40043342141541 4.87857803342194 2.01592386792366 3.24602338068232 4.09941556737679 8.0920468515481 -1.86997586337996 -1.25296591630536 4.16543237453972 0 2966.31514505358
"1" 7.63452222519778 7.44445629524693 3.3359917503158 5.0489181680174 7.97191490039893 12.0032631928848 1.87750552566269 0.849492734596609 -6.37248519099787 1 2848.00934916359
"1" 1.46993186837832 1.16684613205596 1.96691079529193 3.42989195149575 3.84965728820465 8.81299370215644 -3.11060568183919 -1.47988104705492 -6.30901279255692 0 2670.01540810497
"1" 2.42170365987259 2.25302298905389 3.05216806521337 4.60286974697357 7.63119102158622 11.499551110325 2.29138571130709 1.51381414287241 -7.88782454821679 1 2470.68682004313
"1" 4.50906132481328 4.04430853049918 2.74850644770474 4.01021132200918 5.75207169123225 10.1202940985799 0.147970502376102 -0.12830419709098 -8.73693779818354 1 2929.88270581266
"1" 2.39505992551214 2.06511134095234 3.8916430153852 5.4171333673414 8.75374436056273 12.5695888385772 2.16909928513651 1.52408686760867 -11.016793927855 1 2657.89602879477
"1" 4.33094645359539 4.0160453171669 2.14594446595694 3.04580724342351 4.10295493307918 7.57904787813624 -2.62496586540427 -2.7315754324898 4.456720092313 0 2928.80894140078
"1" 2.18498765036092 1.80155591449556 2.09215006454224 3.60321738787164 4.15441606642888 9.24376083078345 -1.59996800429451 -0.593222663019286 7.0995180872651 1 2819.01374699372
"1" 3.72666673350769 3.4149753547371 3.56042059059815 4.8699884364412 8.21370132270661 11.6532680689574 1.61238122529972 1.54354975108877 -12.3911564101143 1 2704.10021982589
"1" 3.29641290396927 3.26115424989508 3.25009734011226 4.04086246405062 7.79927362646452 9.6976208990124 1.86516716285552 1.01669320274126 -4.41867776388958 1 2732.0108752888
"1" 14.8817448266466 14.4113271239083 2.06844329696682 3.16658897837041 4.3386265081579 8.09758573138376 -2.19470006782876 -1.34147745165213 7.31901903977633 1 3055.07451414026
"1" 4.35465407107238 4.23794961424109 3.68558927685231 4.72794098451712 8.51669387398208 10.9911207949938 1.89248701254419 0.746131949634089 -8.2025726650199 1 2743.5630021129
"1" 4.23206467212467 3.6679344233229 2.05426718486217 3.19162381389726 4.05127305224449 8.11764629212209 -4.38141682078127 -1.22084710442378 3.0927627500531 0 2933.85610669589
"1" 2.99540271505129 2.77022221608749 1.94923951665644 2.80106038046487 3.77286439174246 7.09482543122624 -13.398902225008 -16.9368719044666 -1.53175126767051 0 2904.73255777516
"1" 2.36644347304915 1.99664322955882 2.16799815660069 3.50930870938752 4.23169336006309 8.82897918251667 -1.98015114618431 -1.52372695190606 6.99102696400283 1 2809.15510650133
"1" 6.63139541915154 6.13622294760361 3.08469749735027 4.56132072430777 6.50303539736659 11.0865826380366 0.681905725305223 0.520980821325342 -10.5097599695341 1 2929.04210528162
"1" 2.42480718918006 2.10265853933918 2.22056956497367 3.30996249546533 4.42949050163755 8.64786393340192 -1.09169909619646 -0.491837967290485 6.88373080019912 1 2872.67384114132
"1" 2.55788652730998 1.9580988838831 2.39875800957968 3.52333366990187 4.6479814844104 9.21483072650492 -0.888576338788936 -0.185190215110204 -7.13470149798504 1 2859.01006729258
"1" 2.05070348863206 1.7107916687449 1.76468908463578 3.30495684616113 3.78243645660481 8.20110786466469 -3.28574204529717 -1.42728647260503 7.06261030466802 0 2811.32867555406
"1" 3.25445994588294 3.50439970941812 3.69767509987218 4.15060130234931 9.11801332927424 10.2805183029669 2.07990904525238 1.09346461160257 -8.64201532730304 1 2627.63717121522
"1" 3.01300371075616 3.14893498027224 3.65907609081359 4.74630711071786 8.56483040797268 11.0894088286379 2.56653030419877 1.41177019551337 -3.54677317650999 1 1903.5441469072
"1" 13.384796060917 13.0529372094464 1.9309525468068 3.31219612225812 3.89968109617539 8.29142814662212 -1.84409383101048 -1.28775079739249 7.23322369231298 1 3041.62028651261
"1" 2.37752108426107 1.97768032303507 2.2199010405798 3.54314705106931 4.24101282576902 8.83311031828694 -1.01931084164619 -0.956564867251495 7.23041798774506 1 2845.81852311669
"1" 9.30025634115159 8.81317517452264 2.02463395961393 2.86789281983175 3.90928273727678 7.01930867964846 -7.02563575045152 -4.65747380648373 6.53723832567535 1 2966.09468380827
"1" 6.32262809756366 5.93025694429167 3.27820376184802 4.8016406721113 7.70998423816305 11.366903384224 1.54576084937016 1.32173621623413 -13.8741607101289 1 2743.54178576177
"1" 1.96899564667285 1.53845891175904 2.08548411198359 3.00326857885756 4.21828073327044 7.39234148059549 -2.45951344380005 -3.08374573691074 7.29493050697967 1 2767.27898647061
"1" 2.8284201641315 2.73470650028851 3.59481552737224 4.56215514683095 8.67553258293481 11.1777026306634 1.7327368217863 1.43582203272826 -10.35822188054 1 2557.48896484751
"1" 4.71780429257618 4.30478311764609 2.23830917079965 3.29522508977386 4.25450255593657 8.15734470200908 -2.23006130342305 -1.33875812833841 5.49902363258158 0 2929.30132071009
"1" 1.36024336759726 1.42462155495144 3.50937683973189 4.63703428367433 8.10955317960875 10.7353927425913 2.10984268921236 0.728643657796415 -8.13169904313038 1 2671.92898245505
"1" 11.3370841659381 10.8889103844902 2.51210776292308 3.55381405043109 5.01022808058542 9.09128645607309 -0.788103431968598 -0.634553804662823 -7.60360545350385 1 2969.53747014957
"1" 7.2685453314119 6.93318447649915 3.39317174370227 5.47840043876579 8.10579688858535 13.1230505773465 1.93670866407909 1.90165304478795 -12.0471936428232 1 2651.07057295962
"1" 2.21920219819553 1.74499884900724 2.08953405740191 3.23097380079767 4.04228548403758 8.33072249140993 -1.91531001688343 -0.858964160012752 -5.64050480963135 0 2827.38656161814
