"1" -0.502899131116606 -0.629047859842082 0.0402717373242995 0.0438827464923898 3.51273943182948 3.32933825429438 -1.51800264587725 -2.18569377678559 1.45041041657462 3.45782388143033 0.145333082786324 0.433448239122718 0.125395286542511 0.530747534333153 -0.0494326856909693 -1.02901228854367 1 1394.53425525597
"1" -2.00838996767503 -0.375594535859707 0.319438535958407 0.510149101739636 3.7546097895299 1.46499945245312 -0.0349669283587747 -2.53771756636346 -0.0301994707276406 3.41573478268999 -0.244685174815975 0.507725056119096 -0.00317688667072053 0.493809292928003 -1.38309970677789 -1.12768659905232 1 1256.74201957672
"1" -0.210266423526947 -1.04159761609162 0.139047711862534 0.451218835598785 2.96909653683232 2.96462586451466 -1.92420346504841 -2.09859655559433 3.06628195686207 -0.551077188705793 0.0936529150753075 -0.681374135108593 -0.273781866620696 0.260784705215253 0.906934273378288 -0.0601654016090872 1 1665.10734412833
"1" -0.642912143596072 -1.0667218234607 -0.187122357629487 0.700113373007347 4.17749586763307 3.3089752600339 -1.53961904796354 -2.13817729417821 3.09256343761252 0.154084549679384 -0.257108722815236 0.693512158074874 -0.462160854871482 0.399609767156576 1.72550060349151 0.063467635613562 1 2024.96250926449
"1" -2.60137318256151 -0.504854108300703 0.339390700337129 -0.0258279174127386 3.5078783217071 3.82490705723334 0.222663068318928 -2.16531023456427 -0.239281916636438 2.36244377177135 -0.58561741383876 0.693396421659012 -0.244466166608212 0.17349325013444 1.24315680572598 0.0783388743107384 1 1795.75996243547
"1" -0.434728514349565 -1.53307697310706 0.112084688553855 1.29710247303901 2.80114683606754 3.72841861778755 -1.05758819628329 -1.20276220299253 3.16657307421866 -0.516110927135985 -0.043433891409568 -1.2542312592578 0.0404343006458267 0.461923479740184 0.175040678279564 -0.0205973113316481 1 1373.54018513051
"1" -0.516597153409073 -1.10385940311537 0.357448717188168 0.860038832639646 0.374872660404279 3.23833328847156 -1.94812254735163 -2.59153559555925 4.35376425537758 -1.28082669476857 -0.172232590360632 -0.800383417880181 0.137821821165795 0.178016503840907 1.03818397493784 -0.255186026570392 1 -717.122858591822
"1" -0.914286831633489 -1.16638829136774 0.20320911324309 0.871763875485211 3.00786033093823 3.4127847467472 -2.81651418936653 -2.18751619710416 3.46447393212292 -0.792212644111581 -0.0576515141607172 0.792752487958691 -0.159784713691463 0.330193757096989 1.53297666753888 -0.00728791886016911 1 1770.70186564896
"1" -0.430390699813367 -1.36221827616708 -0.0116177899870233 0.90275125483664 3.60262149461348 3.52888383550449 -1.87077411474899 -1.51185240193073 2.93409348277942 -0.418512193194438 0.145226291884831 -0.0582438138648458 -0.206354096278012 0.367464134518852 1.25020893528786 -0.0508047527535255 1 1809.23361782641
"1" -1.65181201156941 -0.0745244066023787 0.162123076413761 -0.193633416811416 3.0165131321752 4.04798163456605 -0.850065439523976 -2.19407915659271 0.113218257692323 2.66135497866995 -0.0199929159802828 0.270502685414853 0.246798296093536 0.247886528736591 0.710173854947683 0.193592225949381 1 1865.58414095749
"1" -0.583556467297892 -1.36185905886524 0.0176081220613441 0.923636661796452 3.40359165117639 3.33300736332818 -1.15542142274508 -1.78070913302097 3.19460021980874 -0.569523434502023 -0.245152645114334 -1.04112726183594 0.0498602124290734 0.288825784392118 0.862739685190405 0.100412315016797 1 1459.11239471477
"1" -1.59447958200732 -0.117214693797713 0.0634112324826014 -0.0276905852756485 3.68808287487372 3.76745620757293 -0.86094924203111 -2.47005135805707 1.19112566633054 2.54459997093435 -0.24444564134141 0.773961751137441 -0.145538106559278 0.15919704314869 1.7502992376862 -0.0172651601770878 1 1920.31347421536
"1" -1.47693657143944 -0.817988022185053 0.283528904278353 0.148500585921419 3.47277028432761 3.31799060000219 -0.886683549962657 -3.13176969057567 0.476573658835959 3.34819812968905 0.169826055997992 0.567179792012202 0.367384765042729 0.324354387348637 0.103500701139852 -0.244248158611413 1 1634.99853712874
"1" -0.975975880112197 -1.25448655935909 0.579232008570081 0.899274310752632 1.44679566690511 3.36609712255733 -2.73377348832691 -2.04929767391972 3.89021810523185 -0.959379192862575 -0.000702501423313261 -1.00778879151155 0.057956840106674 -0.0912828119289409 1.28895166821713 -0.481469281347862 1 1210.78368358131
"1" -0.672809249828082 -1.00565081238788 0.191980700887087 1.07331821548351 2.72722368255547 3.48496029845077 -1.20169020123641 -2.06955497759609 3.49678017099101 -1.07254051930697 -0.00152788910405096 -1.14213985024696 -0.288637188499993 0.0860707481086912 0.789029910521247 0.292265988557711 1 1661.72728420616
"1" -0.673431233111017 -1.04805833664266 -0.1196767148428 0.180416923208192 3.84169380238226 3.47368787283491 -2.6870538579596 -2.11951591728706 3.20635693122256 0.41610967576739 -0.153376038001006 0.802483614944107 -0.28748789407296 0.0953958334383657 2.09190604674247 -0.14695634507093 1 1795.14541752895
"1" -0.576598369766033 -1.00769272995279 -0.0982206280205314 0.46815083417658 3.71148724428587 3.0031453431443 -2.06356808322643 -2.29622286381482 3.19924466635421 -0.540606155422722 -0.155207491139198 -0.771646399788304 -0.147613601214951 0.258408917420558 1.75911256090935 -0.0103106206157805 1 1609.58688209847
"1" -0.911296647604738 -1.51090060081457 -0.0759493431216957 0.608209329415902 3.24331471708416 3.28245864672686 -1.63549858280084 -1.69986339296499 1.86993543148528 -0.374442417743845 0.113163511026965 -0.747813174302638 -0.176610793674568 0.412970400762715 1.1227984412371 0.176762057911046 1 2014.44810895777
"1" -1.30003488762656 -0.438513024828471 0.323572244775162 -0.163141364079316 2.99269043274087 3.67690328134894 -1.15689412157268 -1.70175090709929 0.0619710315112649 3.03377079377655 0.161313908665341 0.308998240721571 0.469912090993392 0.377669418002094 -1.12742967298319 -0.255084976132705 1 1791.54964508999
"1" -0.312510657719234 -1.03224713194573 0.354692530356444 0.922874277965456 0.414866914685717 3.37140493231926 -1.30773481658701 -1.94613865063936 4.19577971722844 -0.832299200135791 0.0111132188411787 -1.40633222425436 0.0726838084712544 0.227332119139434 0.659057268835317 -0.245626900605804 1 -591.47375285696
"1" -0.761625117456342 -1.18612164420177 0.155341501600802 1.25656230689633 2.7200116044743 3.39043624380158 -1.8653069978035 -2.16418165560387 3.54808072333296 -0.405455396611045 0.0409164985918822 -0.776208504782243 0.0439353405927472 0.72720616178881 1.88412055303405 0.85644601604284 1 1454.44657551453
"1" -0.840122473530371 -0.866356222535729 0.33946592277582 0.585516057608357 2.24677474402914 2.77965930703351 -2.5103285381599 -2.58947518714768 3.70633997939443 -1.31680827129908 -0.145073219794179 -0.713460894221863 -0.0943737831571661 0.118342712290537 1.58142502304956 -0.229132162272913 1 1524.87438539777
"1" -0.604929895417603 -1.21377888833259 0.133088098189475 0.856380573369458 3.30656975829169 3.14830276949967 -3.2069713956615 -2.86345087207362 3.31489899969459 -1.43505528061766 0.00948639987591924 0.0117390645573721 0.25629886571713 0.865905651214283 1.17098818379983 0.811973267649577 1 1703.47364156517
"1" -0.813499536994993 -1.07775876642802 -0.104095524041524 1.15830380173764 3.80267347178614 3.44337252593961 -2.21859391731713 -2.18046759528333 3.31674776449891 -1.43539386013136 0.415111846144661 -0.14326260060858 0.625979797931431 0.53705193899869 0.579389846788909 0.910804145839293 1 1808.95350989728
"1" -1.55808722604137 -1.48813067562403 0.060320569327479 0.881079514507494 3.09724783332318 3.29471853581325 -1.334726960143 -1.64659368428399 0.978923455840425 -0.351005257727572 0.329520811625745 0.120445855671081 -0.297977776774454 0.40688687561381 0.841167122179219 -0.189550172017474 1 1977.68860938295
"1" -0.502870369360901 -1.34309962479577 0.188111937664427 0.569269729633227 2.56100629865166 3.69648977543842 -0.802967078406094 -1.49304861497601 3.41524908864225 -0.612928241466755 -0.352453006465698 -1.34970192217067 0.11180108113857 0.26576619962186 0.43655547115233 -0.10644298407885 1 1332.13057891637
"1" -0.803070153492046 -1.28711405376526 0.032805650305276 1.40474346569978 4.11077899775011 2.98566104282065 -2.13828440210178 -2.82172791455467 3.19526713489608 -1.47362265459011 0.280172710766874 1.63320253101686 0.0562393669535124 0.709658915214209 2.01284640951474 0.435590768745329 1 1899.29143627165
"1" -0.762426327390048 -1.04199430552346 0.24814259055548 1.69008762951708 2.462384069371 3.9562219191872 -1.37164812357286 -2.05989538544058 3.70082221960399 -1.44904481270817 -0.0551141457049731 -1.42452265991795 0.25234855338176 -0.187988727195826 -0.15826018181834 -0.0756253261458692 1 1511.34176612824
"1" -0.285531386514741 -1.29187507992756 -0.20644691734129 1.07327177313627 3.90149253376116 3.54513384703292 -1.72685756974946 -1.89303147062099 2.85448656425989 -0.938143789428703 0.0249322289241012 0.0282657753503868 -0.37533375371542 0.251520537018465 0.716830466608082 -0.0977192275315625 1 1875.20775959765
"1" -0.577514332531483 -1.11024572610765 0.458746814640082 0.965500000231212 1.5068172861393 3.44572671166199 -0.409141257452736 -1.51455095565284 3.66811843783671 -0.438487053978128 0.210183497014308 -1.56159121613314 0.0594942192893936 0.105883483801409 0.693577763487654 -0.0849258128114451 1 1048.62150388553
"1" -1.14604407338149 -1.11362622997771 0.42479443071582 1.7162499858464 3.67549480926593 3.36268597844702 -1.96966293934861 -1.47085377234448 3.05136983639235 -0.496938860720634 0.129225084548738 -0.882560131588891 0.327149122357937 0.462933571572967 1.04930773085322 0.478928774645634 1 1843.41515369756
"1" -0.86682650985376 -1.22782425688263 0.486433921533676 0.946410187013194 0.873839264649293 3.4037261289225 -0.650013957174905 -1.87679423646892 4.05632861498906 -0.903968241619407 -0.0165189127758814 -2.49590447877695 0.403779745903447 0.179230939543732 0.768013362686167 -0.300988481808653 1 498.08250159477
"1" -0.256672901078295 -1.1363895923909 0.128834056699701 0.867783766858513 2.99074543516154 3.20085370977072 -1.90594895983974 -1.7362041317382 3.05149517218094 -0.544906869348656 0.653411585218676 -0.725878235346569 0.127488121184614 0.276106673241414 0.578114783177318 0.195229393052141 1 1798.00053167357
"1" -1.4749436586539 -0.361708782982082 0.777470694818337 -0.141981166300317 3.27567300927221 3.89284555633063 -0.94425933975789 -2.1911158894328 -0.638197350603041 2.89045014368094 0.0899773575437575 0.607608943502469 0.567487716462482 0.277323144455288 0.783382424070315 0.554283191988569 1 1881.84032384038
"1" -0.68758772324029 -0.873886459552981 -0.14610877750699 0.443460815365084 4.09716592823598 3.69517928517841 -2.66275343432049 -2.18627331689616 3.2169603914879 0.224790315910013 0.421205406669048 1.10444494697184 0.314130261837011 0.00391702013614535 2.40245201900987 -0.154750353645713 1 1873.29741627764
"1" -0.55755212445042 -1.25685998621026 0.0160994038965585 1.39192519008607 3.01101104557064 3.98325728843836 -1.17238615327435 -1.58443866865293 2.39311768423591 -0.746332842225161 0.0884939002756046 -0.777752950626757 0.371659226471726 0.375655027630573 -0.138552746004294 0.287124821373012 1 1916.96417037724
"1" -0.745856064481209 -1.3732896430822 0.305250099061036 1.06219720076096 2.27337927009577 3.59738582579337 -2.3068147454271 -1.67109827134607 3.51971231130871 -0.92245844091362 0.070210525173802 -1.17652074646939 -0.249630317068932 0.222345831808839 0.793256752378354 0.0513230446423691 1 1512.37110986618
"1" -0.711379589714702 -1.19258069359524 0.427781501276614 0.82474937711658 1.80464734030295 3.29337406946141 -0.873656500507555 -2.04703165143011 3.6436451134545 -0.874990435765499 0.0649718435989552 -1.47323914613504 0.185474325454482 0.107707302800289 0.991909940598847 -0.307061995247823 1 1232.69051684229
"1" -1.24717374605858 -0.52305785658453 0.0683018691667346 0.187136808879419 3.22683615903938 3.76205740792244 -1.69440869306123 -1.89992035434131 0.979976630962887 1.47882438787342 0.316589797277341 0.32201335600329 0.0527704172894342 0.122081871382376 1.42424254358465 -0.34356684232371 1 2302.67153795175
"1" -1.9361152117331 -0.57062698084655 0.670405893439398 -0.201326947815527 3.25848428758814 4.37168063556435 -0.577185872049409 -2.04320234715898 -0.470308106923658 2.90025127173421 -0.218502072116502 0.70877193482417 -0.0740074713067605 0.663811634215562 1.43466342949699 0.516142369240464 1 1759.55275884731
"1" -1.75535921603917 -0.124019259677998 0.797989881120045 -0.151631135447291 3.22891883284468 4.11417996987165 -0.732107665505562 -2.27308355978877 -0.817365842462373 2.76662359329382 0.184202494145265 0.492670147118499 -0.100226207297694 0.300168409624152 -0.15812854739605 0.0890943722536913 1 1917.96099391211
"1" -0.0644262853612121 -0.163187516596559 0.034684248522738 0.0832999848856395 3.19566566114183 3.26891718571804 -1.2739534288245 -1.91487558387858 2.77032257530613 3.20774698809285 0.10918860580579 -0.711126943798511 0.307386053097536 0.395721229462093 0.471676117919669 -0.638276151703429 1 227.994885283893
"1" -0.591349072599916 -1.01581986957887 -0.0844959962311073 0.59313746468739 3.80139176396259 3.51824143193741 -1.62421102526209 -2.09315858199926 3.24105861842873 0.0739264757025859 0.00882623959182465 -0.41646851091142 -0.214964784401556 0.178526771089927 1.31678239659299 0.0133455493854954 1 1863.5077404975
"1" -2.89085848804142 -0.320811862269883 0.252265584915102 0.0550745522824492 3.5844811999922 3.56376452419211 1.02057387905168 -2.52269967858237 -0.81032787628634 2.81075507471604 -0.521627075600092 0.839447067157964 -0.442441044317739 0.246914725952803 1.60805188065196 0.1253261335155 1 1637.74068373226
"1" -0.732049526227099 -1.12078049004909 -0.141572478085397 0.926104954951121 3.95713957095447 3.6231693706791 -2.217601100468 -2.28471062797415 3.20343257736145 -0.419925360637157 -0.0111266923310507 0.752270482441576 -0.225524136426253 0.466400356348792 1.55169335609735 0.107126186756505 1 1851.08250815479
"1" -2.11404138442195 -1.39927132659002 0.754513500696847 0.990086492029616 3.3940547748828 3.74359268565541 -0.332049802448129 -1.77180214092577 -1.08616794081745 -0.466792798442836 -0.286651845402186 0.699104885384232 0.204423790355309 0.315104686783314 1.21793949354314 0.416006734473966 1 2269.99332650162
"1" -0.81464083199508 -1.06841578463653 0.229735922524831 0.723813695125237 3.11879953550478 3.62509272271436 -1.88129712412129 -1.93195608160753 2.77246937159083 -0.673051370996773 0.47348630969532 0.525405957767001 0.262270806730699 0.193649402064153 1.00421741225826 -0.489692329273358 1 1995.08658611264
"1" -1.31910492988399 -0.150831502429062 0.460798817582996 0.0751309189829675 2.86139589386972 3.16157624938095 -1.05339497738857 -2.90097237245615 -0.595721906242608 2.8548604081134 -0.19528285676925 1.07758945683291 0.207844584564777 -0.0881317201646252 1.21831902977572 0.0697749672443972 1 1757.370571646
"1" -0.780934362084478 -1.12728898050851 0.0849180065536691 1.01805104418063 3.17779143752774 3.20515218453376 -1.92626292483821 -2.14056344122671 3.3850864165352 -0.63890846171666 0.252721767834186 -0.459430291848589 0.740339951240854 0.315038077368102 1.20838459807548 0.301786546756938 1 1716.49704938775
"1" -0.514357715616075 -1.13712210564888 0.0603743542920011 1.42580253968644 2.79221921601621 3.76043244810121 -0.841955861742645 -1.70607923564983 3.25287927756282 -0.849163643552048 0.0971189905612888 -1.14246482670647 0.359851216910905 0.234991383340867 0.13452342252327 0.208792682353135 1 1698.85041314823
"1" -0.711726061126793 -0.255681088224587 -0.0548864190503651 -0.0925241464034285 3.57623125382651 3.83138366250562 -1.22624380010367 -2.59821553341277 0.956466181430168 2.96803873128289 0.4921644208804 0.553876585646679 0.509281018479644 -0.0926920064917548 0.518853411964257 -0.581135027423164 1 1953.16760816137
"1" -1.69571404959127 -1.40826985790306 0.570936520880554 0.798061578540837 3.07579863534495 3.59317200776573 -1.15988035233529 -1.61484776735348 -1.06277278463318 -0.401084492333901 0.157377693321529 0.449259216962079 -0.296685518156662 -0.100546294845177 0.781816662537898 0.348252675446817 1 2316.36755978269
"1" -0.615203640694127 -1.45340607594338 0.354225598174699 0.923278872709999 2.29079124147453 4.15502036723725 -0.838609580999923 -1.60941289829295 3.38685601263895 -0.878098973521553 0.100625664752393 -1.06990240321789 0.424128928787195 0.148833203152914 0.113285940532049 0.137548511058984 1 1438.06088995707
"1" -0.513915531081425 -0.983348972492354 0.241005182887782 0.450682847961328 2.57504778763157 3.28206623985393 -0.864362333328453 -1.4606609707116 3.35771004430806 0.0165448341645579 -0.112660740730946 -1.05649387425607 -0.517777029899959 -0.145056150986361 0.809183629556493 -0.0924235461950582 1 1516.30649112599
"1" -0.0735680637315809 -1.10077080823649 0.32284488075983 0.867341313289813 0.382752489588963 3.82792243471316 -0.100546646144823 -1.20586262379386 4.00873883645324 -0.588221710764364 -0.100031167780905 -1.14043757639335 0.148562570297527 0.288823846655711 0.0105761926869677 -0.520630008249254 1 -577.083298788784
"1" -0.291878579262106 -1.06094725477437 0.138271620880837 1.43192340356984 2.83474504651076 3.73065760212623 -1.0649296824159 -1.32989962010466 3.11897404597691 -0.734614075595504 0.121282463879809 -1.32571860603475 0.245565532855535 0.285448677904265 0.0283519911647679 0.0941874886758271 1 1665.84920330464
"1" -0.805744451665814 -1.50963061307019 -0.0220712388603849 1.50447902803027 2.94590339933866 3.84780702206384 -1.25240073169068 -1.30108249060744 1.7583291569601 -0.538715911011373 -0.0566084173736554 -0.619946519792235 0.394580529654321 0.448442441699734 -0.0415250843911053 0.508560684144262 1 2005.32268375048
"1" -0.733280972218498 -1.22674556634324 0.240072838537062 0.777773530868363 2.78993894896658 3.48384732157187 -1.92419206919692 -1.7241817135718 3.36650996795572 -0.412451760038412 0.087915616448949 -0.716932707258385 0.25211776575965 0.50042349776551 1.06091087905229 -0.106142282348677 1 1504.78817640338
"1" -0.475527535316344 -1.24778715646512 -0.197630746095206 0.867623816774644 4.03518418564523 3.86993956261238 -2.31395433983605 -1.92191446725624 3.09740831998222 -0.473070257011119 0.0575693715601058 0.71403325363388 -0.180186231582813 0.0554192000774115 1.54699879836282 0.0363749175243175 1 1940.31795387546
"1" -0.672655438792375 -0.773248932011162 -0.149519221906493 -0.62108814614949 3.75288308730249 4.49297952789244 -1.74127415695678 -2.0988078367528 3.20861190248077 1.2618016041244 -0.0263949173465581 -0.645715187560569 0.32191766724263 0.301889343032409 1.38057756261392 -0.19061472492489 1 1359.9504659235
"1" -0.953961988418261 -1.32457569357727 -0.0814352415362081 0.931972740173306 3.65830527955422 3.4285897420921 -1.97917653896093 -1.84102291011492 3.40574348105846 -0.903122747182388 0.123897362874966 -1.05530270070558 0.294614529658829 0.441790102596388 0.748527391518601 -0.156956042027939 1 1639.01356243334
"1" -0.776924792159234 -1.02691339237942 0.110328290561478 0.663965068333792 3.29544782357057 3.58709772293332 -2.21272380258002 -2.01752826130632 3.41541130853697 -0.160415470961662 0.26231476914063 -0.795439544599245 0.178695381466354 0.0801287191196546 1.44065030041574 -0.0308455718042954 1 1730.99692172333
"1" -0.368048901490362 -1.17250320913132 -0.0465136520913072 1.29605457990273 3.52141529020133 3.59530430827063 -1.58212478153158 -1.78853456723314 2.85991372218855 -0.803100567587736 0.30277419207497 -0.533927825442894 0.310414935050303 0.724513649361531 0.526245148391552 -0.12104405950302 1 1806.71018706827
"1" -0.786476216082439 -1.21767752573823 0.102194778387273 0.923897063617176 2.81789620851513 3.15810376383265 -1.53911517116196 -1.56934036836558 3.46031580145855 -0.503929420823481 0.0549165097983328 -1.08740031977959 0.113774524609824 0.615992577760239 1.14200449519726 0.495381840789218 1 1457.25744442966
"1" -0.814166903407714 -1.34587913907669 0.0670813841118946 1.46670249953655 2.92491405605833 3.65826305112854 -1.36399351574763 -1.38513221642615 2.01287901666401 -0.523636908374845 0.462085228257813 -0.783445196202391 0.237828250776166 0.411043110111445 0.00188081101792825 -0.111785139969155 1 2095.80415413078
"1" -0.57175998314402 -0.637675215199145 -0.141425046344381 0.0168651616288329 3.80216525906017 2.20375368010426 -2.89043940982498 -2.81164185172173 3.22433749892121 -0.948576093373405 0.257400701494728 -0.291664985024094 0.355227457460812 0.188961214862972 1.94569210431442 -0.0961033819008277 1 1803.01211499534
"1" -0.644410724087693 -1.37089044668725 0.362044934121755 0.859512366775815 0.324655995454799 3.39345167289397 -1.10194890577415 -1.83931335415762 4.19888629884583 -1.07618933681031 -0.178169053003797 -1.11678108204265 0.0736812705539886 0.0558601127330211 0.868635309158729 0.0720146655457126 1 -373.079522674889
"1" -1.1462459456308 -1.57858200499515 -0.245757649837086 0.990594949998201 4.37623319628608 3.62369066691357 -1.71563409192158 -2.61980908972339 1.58231404221414 -1.69877371002682 -0.0910396757783741 1.65991844452951 -0.653095822221878 0.264149689165025 1.31984670903073 -0.263351349421771 1 2202.1928369897
"1" -0.776079748780211 -0.985263294470805 0.163031831813896 1.24832421089717 2.89388653393187 3.67980009229828 -2.77436236772653 -2.01865105200753 3.45141674830037 -1.40515803270646 0.0999533601090956 0.485874206875099 0.313939446634996 0.536663180156087 0.797215954034263 0.487432561487949 1 1804.0944911103
"1" -1.86216168677651 -0.736166909393861 0.72881861542497 0.411162950476651 3.21352424923405 2.31382172031903 -0.15151504296253 -2.872687592285 -0.664645404639308 3.47933572255285 0.0713677787553662 0.67984367758967 0.1985537628726 0.129474495672961 -0.059895357016258 0.120538194947434 1 1409.93186887704
"1" -0.637509104772472 -1.24531023661251 -0.126971744010756 0.832965496904655 4.13468443631372 3.18821592467646 -2.38086407471997 -2.3535545717548 3.11430465584828 -1.0953807858617 0.0382229267682 1.37850029675822 -0.0273465986802057 0.363428662907628 1.40489444455913 0.218857779762307 1 1908.50901377929
"1" -0.134143955919901 -1.46372733767598 0.248338315210923 1.41204006371287 0.249374861494229 3.36499055648063 -2.39581372297086 -2.0992653792162 4.45603659945371 -1.28504631310905 0.0891781376434256 -0.969301931672438 0.430043176411265 0.446182246325811 0.410843623438391 -0.00530684606497673 1 -1352.14791506722
"1" -0.681247466282254 -1.12937906640198 0.450407555706882 0.547791854194709 1.45887175693998 3.42307655634659 -0.396368208457925 -1.72027086306789 3.82262647636218 -0.474285031557625 -0.278597935251975 -1.51589201862667 0.0237224137808539 0.193816835592141 1.54007149307785 -0.202281159283037 1 926.060841969564
"1" -0.115291637594491 -1.13994108457829 0.076470725807773 1.10144185914834 2.9549581072635 3.58722621569491 -1.14714989594254 -1.4286971744237 2.74314076660538 -0.570399932101832 0.42368781028845 -0.837137231680419 0.167204991521337 0.396837059758551 0.26034456719806 0.194207388025951 1 1841.39804246663
"1" -0.640040435975133 -1.14742908693548 0.0778801532345196 1.08537612701923 3.16633270933323 3.68100654032519 -2.64522602422258 -2.41891723225532 3.28994136141315 -1.35149427308101 0.178246466488996 0.140565727003792 0.213502092587805 0.401126431151022 0.753032907564332 0.298001856921879 1 1639.50203830699
"1" -0.642046562440236 -1.09994539853247 -0.150723999969295 0.789890833190226 3.92730043427403 4.02731492533237 -2.35336386524741 -1.7462934987101 3.15968095089824 -1.02847601653842 0.641804435296418 0.852124943450571 0.601581982825395 0.321676000405312 1.49869681084496 0.700338269261909 1 1863.73327373165
"1" -1.25460819424049 -0.131248575931821 0.18322514617322 -0.122104291611157 3.48072130341017 4.02376394169331 -1.05393672739337 -2.24005477118125 0.8850007075806 2.77429928620783 -0.0272944184558062 0.590709947096637 -0.402089296476179 0.13462562641783 1.25668269644835 -0.184672071422627 1 2137.60666795566
"1" -0.570547872668447 -1.23043972204319 0.0798878829044402 0.926305766278782 3.55662404869872 3.42081373717453 -2.63462940980535 -1.80064793943601 3.15242408514781 -0.825447445088996 0.0844833850120164 0.461907278599572 0.743656889537638 0.387009178427335 1.08095493882088 0.616328835666199 1 1740.23205837908
"1" -0.71427280764257 -0.881740682338503 0.124469505445705 1.09889041997443 2.94788050471775 3.4190981600922 -1.90187655754514 -1.94584380154524 3.45482860127941 -1.05227404514104 0.50453486918941 -0.799047168174815 0.0771928620258028 0.260272035287968 1.15220578645065 0.348252246732264 1 1866.98859219258
"1" -0.309173948053346 -0.801211716740562 -0.0697317535547453 0.245982569965001 3.37460671633718 3.0624446721023 -2.06408706947209 -1.90321367056582 2.0870623810177 -0.315920295678114 0.473005504586953 -0.100838075277101 -0.168717139628053 0.758148152447084 1.1070088499983 0.818825942737977 1 2095.38740757005
"1" -1.4460486104236 -1.25369896123407 0.223838981532826 0.966298852528267 3.15787455623731 3.59046468815174 -1.41800695481067 -1.77085503850017 0.783283856992041 -0.0402998521692751 0.081990318741587 0.683080585332513 -0.527330253620398 0.438988032830268 1.05379242538586 -0.196429571912491 1 2285.00073427645
"1" -0.612448694607241 -1.45809074765548 -0.130287239419218 0.659554689939432 3.68510605660029 3.55420860245812 -1.96825635795692 -1.80393357034417 3.03096892885792 -0.403858153434123 0.0349805137348385 -0.172457643925932 0.0251536460260782 0.764386701947908 1.33493610789978 0.199409585416087 1 1540.24079093898
"1" -1.49648583613038 -0.328006461584792 -0.0814061362612867 -0.130220852719952 3.49547557211968 3.97426085097581 -1.57904492224577 -2.568291082943 0.724330885512307 2.84385882668488 -0.113725918695841 1.08857601291112 -0.178780451989693 0.117056718304884 2.00046607742419 -0.0189468362738266 1 1835.07140586801
"1" -0.532654402058497 -0.994299672769406 0.138905078982615 1.00553170470609 3.03121896198574 3.54035982715262 -1.85090556487428 -1.87320489806754 3.28538479502317 -0.669385587087251 0.294300028137234 -0.563256259506716 0.291291564620545 0.564110233617313 1.192216060295 0.467700027180348 1 1800.80361046174
"1" -0.714555355086694 -1.0988000102464 0.100726293795789 0.438965437006423 3.20060501810718 3.32278272205006 -1.72407198332168 -1.90299838494195 1.90534236134532 -0.118944134881055 0.373286718348351 0.0347906003437378 -0.265575319323749 0.191435780365061 1.03134579367929 -0.0955068212766887 1 2295.26835432094
"1" -3.13340123677687 -0.425570276519073 0.435934236309956 -0.0280510119943338 3.46590526904916 3.58262574368881 1.36219601397619 -2.2536655934281 -0.534338710591036 2.86518191186564 -0.669990221991999 0.808040662150079 -0.0127566079679045 0.210784646446414 0.00556326473838049 0.0796396537451336 1 1624.48764340099
"1" -0.344946265871435 -1.40763928434174 0.375408680600237 1.61408947544601 0.442636018405366 3.88550852131961 0.999509124852762 -1.00696247924728 3.95871139294439 -0.399509267468841 -0.0503749742844175 -1.28856131543866 0.281642850127449 -0.0511068795731561 -0.17865609785436 -0.0258246456935675 1 -529.930525790238
"1" -0.895330219356486 -1.18515150560958 0.0186020035459122 0.475424889210209 3.68684873413805 3.06782480566447 -2.60583970086937 -2.29224253687593 3.27408197814865 -0.524130286566569 0.176966080659061 -0.0515154103087802 0.222265765657805 -0.0063305418197775 1.52409986877443 -0.0896246421198798 1 1834.00596533534
"1" -0.825810477077702 -1.30589758043311 -0.0211118296950948 0.828840071124436 3.68848141427235 3.74150742854362 -2.42141366282347 -2.103393874744 3.28209483541688 -0.782281728465026 -0.0563943340232311 0.988087291173162 -0.113025835475434 0.0997587856184705 1.23670454480686 -0.0719486073376529 1 1856.87710118639
"1" -0.57681606563604 -0.689358328436369 0.21537097908896 0.288114072924723 3.58852296093743 3.51652919360426 -2.03304050466988 -2.4007497093962 2.54885270344551 1.25209572548375 0.0270281909378421 0.207166035977329 -0.211606373673269 0.361831334901189 1.41647328484175 -0.099547521307297 1 1907.84333269252
"1" -1.46366481349361 -1.04380906475827 0.195110333983881 0.293178029887589 3.52360395890158 4.01199068337423 -1.41923682395032 -1.75258822917647 0.972206634527081 0.700938088360505 0.193485252359254 0.827877772141713 0.121429204853986 -0.279515983646152 1.37790996318733 -0.637180589705822 1 2323.86234049119
"1" -0.982204016850627 -1.21321342674261 -0.208990989178898 0.546073588724328 4.24466665382693 2.56057253144909 -2.29538923192223 -2.67648596105673 3.36915856190898 -1.54776681491304 -0.344950353158423 -0.299050747916144 -0.0325867306256975 0.171912928702928 1.05384234019359 0.142337990857436 1 1693.57742327403
"1" -0.867390875742332 -1.03014340455036 0.171638358307748 1.06288150842206 3.25869944576482 3.38666258543146 -2.14129834206656 -2.52686235635456 3.43334203840955 -1.44891245323206 -0.169394264461276 0.561190230889242 0.216828187223029 0.386488483957883 0.974190327238887 0.208018376369701 1 1792.84227542071
"1" -1.48402321233503 -1.34440814964353 0.274367624724953 0.522798293650369 2.81700536309219 3.63358014917938 -1.3157538303282 -1.73600551606514 0.561785523868907 0.110449967546509 0.105407874859856 0.354720556467664 -0.364662394739894 0.741429705839475 0.770514662718425 -0.171671349401515 1 2195.8511114412
