"1" -0.288786817665688 -1.7901538508025 0.219043014341313 -0.38448532777406 2.14083475648504 2.187301657565 -1.90801892293494 -1.93588212809506 3.67536576007079 0.952202095583307 -0.140322747352568 -0.832660160966906 -0.082660536867215 0.322789415054843 2.01029492842612 0.0874173860197311 1 376.957686599388
"1" 0.229232194490643 -0.86120008030333 0.198152951348035 0.899885577363331 0.25902444416233 3.91417549145581 -1.01683746018557 -1.59076427274206 5.36597580773966 -0.748225803158633 0.0814741507535702 -0.931674362493145 0.143368594798954 0.274842618589782 0.457225911782787 -0.399370636383208 1 -3372.26982389048
"1" -0.2363781173088 -0.924224257788651 0.600605775045308 0.415579104101718 0.783212857735024 3.36550667899301 -2.12807971721965 -2.01978066264638 4.28137371836485 -0.421492862456581 -0.0274449421712266 -0.638389476168532 0.150985695107635 0.0711810763170848 1.37219390440886 -0.424651963675954 1 -570.565482942649
"1" 0.726409760157456 -1.39097054898575 0.158593059836811 1.23202276487178 0.2238708457093 3.8766499945926 -1.30886867227186 -1.27991012819291 5.29823210423573 -0.625161667680957 0.135587404290067 -0.753637997508083 0.202371320992436 0.231074384987208 0.240142383881976 0.125292398878986 1 -3518.10364518708
"1" -1.51958755279519 0.0902360097033997 1.11294856116516 0.240758914020558 2.9173889671092 0.292473798760988 -0.848001379956341 -2.49423401988827 -0.637803885733721 5.21286736758162 -0.104418069788177 0.654789642448561 0.27292285022532 0.182388001063676 -1.05382373421062 -0.0327997728381849 1 -3150.43451481911
"1" 0.129185634862208 -0.815393371058705 0.337524058719119 0.439332977033317 1.60295559670193 3.08045983995942 -1.00042952900973 -1.62020542282975 3.62475774329467 -0.0933680308716466 0.0526231609335449 -1.13286728148149 0.0311028766362398 0.391660890414759 0.830821037070347 -0.0420354136884324 1 334.88344298226
"1" 0.179001620468055 -1.44534717759414 0.240411116097163 1.2816172740817 0.254111987362475 4.04326603326369 -1.35008503962622 -1.79835091662063 5.11512094276726 -0.939436768224445 -0.0170321664759868 -1.20857204533701 0.187968624327151 0.176883137880299 0.381897428146936 0.0893429102106356 1 -2966.36526089554
"1" 0.618378808641275 -1.26198237241203 0.209857142931239 0.728145042853292 0.31116616574554 3.55088048384233 -1.25932087428955 -1.61726348958865 5.06014357107265 -0.473411830710364 0.24854444403699 -0.807211751901196 0.245694841715686 0.244259660251118 0.523852725776763 -0.0231952501612197 1 -3073.72565352854
"1" -0.144432563678916 -1.0858699500627 -0.187626890094661 1.13000995452117 3.33617008487545 3.78206964267476 -1.46023643842519 -1.31524664726107 3.30010452068522 -0.567133391187255 0.10760015950608 -1.29254006762224 0.184876833461675 0.40619360666248 0.367961224298415 0.165638026598412 1 726.863421483678
"1" 0.00228765750426728 -1.28940176623629 0.0232257387805969 1.58960783631095 2.82859320542848 4.05269131334271 -1.07841016001988 -1.22237353782788 3.13924751607774 -0.619614241618029 0.0499638195399701 -1.15792064693787 0.22911484727524 0.404319367087311 0.054524046218304 0.208923880435379 1 676.608202575881
"1" -1.73965119557171 0.297250257305919 0.923566500968617 0.292904381533605 3.07218349184912 0.346184742010759 -0.359012564288295 -0.789052075280698 -0.754122635427947 4.89018309790153 -0.0535137951310867 0.145343135510883 0.332832523430379 0.217521663346098 -1.48296387282491 0.153131530323106 1 -2636.82096211484
"1" -0.00170450548110033 -1.12949018372931 0.375431745120502 1.00954708386805 0.41737713130551 3.55088107978684 -1.95294505249273 -2.44935107303198 4.80770472624476 -0.996808343653869 0.302994127925541 -0.977168039714137 0.0995223224612367 0.350832142983047 1.17970832902687 0.252798365854227 1 -2090.95892598754
"1" -0.0346418546043782 -1.04007520625199 -0.0542429336778771 0.649019983509161 3.12809626184655 3.29617938582953 -1.93187247652987 -1.73808996725501 3.28236584997024 -0.32707288074098 0.261890264781939 -0.596795615930793 0.00137393912387183 0.358218247610317 1.13977405695139 0.0493911848487165 1 833.939736850763
"1" -0.162544453350597 -1.06191664246513 -0.125370162359741 0.620462891341091 3.53816857071307 3.31830929567697 -2.08377672280367 -1.75556582482255 3.17891961169572 -0.236172336571556 0.239805721391232 -0.19021599829779 -0.0750404443846304 0.326410692104008 1.4787266042847 0.0753363889202893 1 891.353866528487
"1" 0.54108719459934 -1.69415482917849 0.242779974631369 0.795016382946125 0.28992536428774 3.58792461315901 -2.17870501659729 -1.65807077954722 4.99917013703215 -0.124418655725324 0.0913870014809796 -0.299676290102082 -0.0534174157623526 0.223847428824894 1.37521469915354 -0.0155064593228786 1 -3011.35298761664
"1" -1.3481638579836 0.341687205067874 0.774929704674434 0.273416630173245 3.00188029011329 0.314612515930252 -0.474159114528704 -2.85805495965458 -0.676197154746812 5.05202565229635 -0.00469649919260258 0.617404243922406 0.385501464477686 0.205664328019981 0.442221540156754 0.0107878958751546 1 -2814.73363675374
"1" 0.189672043497281 -1.43661171350506 0.191642259287284 0.893042835406918 0.260299225037582 3.54326855117011 -2.52942339073846 -2.45139280093453 5.38047540663957 -0.848312344728451 -0.0248230874813873 -0.307742309511197 -0.0359339804990976 0.399748550569275 1.37978124570122 0.166513160704573 1 -3393.10830886815
"1" 0.0725859975598279 -1.24859032348659 0.269136252297244 1.40263377993665 0.31614568919027 3.85131015952466 -2.2207827261048 -1.86559536020779 5.15222258623311 -1.05223610916315 0.208296978898804 -1.36448187767242 0.117903329540145 0.14702522467335 0.808236259721268 0.215659737750581 1 -2802.4782897502
"1" -1.6627399610296 -0.330610059032101 0.172372892748883 -0.00755281094025611 3.15179980095368 3.0031546188852 -1.14956569330924 -2.57983466629084 0.469253265905748 3.47407695662039 -0.100015505631605 0.680719735629684 0.190516069738623 0.206193191408351 0.984464341738382 -0.141349784440556 1 649.38721747126
"1" -0.661893453687286 -0.747579707277696 0.109204645539719 0.747217382925501 3.2705443963177 3.06410285471298 -1.8977675971815 -1.96968754100194 2.36784502940482 0.243641617079098 0.219963523278058 -0.293559452025119 -0.117479154614692 0.307446625636743 1.40289511738009 0.0775715147414857 1 1083.49876734012
"1" -2.26268402780431 0.995085160375383 1.46332887136944 0.174130478753 3.28244902150159 0.214433258032661 -0.539090970946549 -0.884496776998075 -0.687969298311511 5.15275944162002 0.0490559970488036 -0.220037864933793 0.656053679957199 0.226764432485089 -0.653155794902287 0.121892242400637 1 -3559.86230478707
"1" -1.63481584926768 -1.17473603453999 0.648991167544835 0.604369466438405 3.51678082418699 3.68306774221729 -1.37434016390288 -1.84385000031365 -0.596222954809495 0.366987746708814 0.163194060984893 0.6973275338363 -0.226430405618045 0.125429014632575 1.38945777234234 0.122012782693385 1 1214.95554414505
"1" 0.197701396076725 -1.32494908671644 0.157332077708456 1.30448493224769 0.171291462099171 3.31521471486237 -3.23416856179326 -2.58830145671259 5.63778958526788 -1.37336923271547 0.0521274103744848 0.567959561870986 -0.0635471772826603 0.244855157084303 1.54148046200979 0.416499935529225 1 -3535.6606609358
"1" 0.303314418976167 -1.03079059453055 0.265494558591814 1.22844495700854 0.303298678679381 3.41773838814742 -1.11032183752306 -1.61782885561199 5.09540583789799 -0.702122295957383 0.0823461047396651 -1.42580995737435 0.135425407437762 0.336820901633772 0.634215782683845 0.197163308627582 1 -2948.04495397861
"1" -1.74522257253118 -0.249314621496913 0.0022448890581474 -0.0950445564961064 4.2321133096734 3.55653046788064 -1.21590971564217 -2.60227535217039 1.04451373001882 3.17974845384752 -0.191616687882128 0.770930424804395 -0.28761420636332 0.0664189842498108 2.53111632413677 -0.0918207959353138 1 740.908281763142
"1" -1.58875892350413 -0.30043611402385 0.730279739614246 0.364738688220639 3.49699307828829 1.64852298145058 -1.28221788147291 -2.94030566147617 -0.66079764346329 3.89621269551514 -0.00306147101571501 1.06386457806876 -0.0925734014974985 0.15396624567135 1.58817879001945 -0.159256370325879 1 376.075222762272
"1" 0.857862637345818 -1.43107964703141 0.158516178602458 1.2769012083379 0.226298793830591 3.74247240297966 -1.52605879280877 -1.57422352524285 5.31504263232444 -0.649173109522237 0.012856481652589 -0.341820312068789 0.145269585722064 0.199103115305088 0.495334840772504 -0.128194489461321 1 -3719.9414175882
"1" -0.401501793516252 -1.1194553993702 0.164942551426633 0.586655770149619 2.5110767365132 3.16270890993915 -2.30423841714723 -2.22178758980174 3.70997207904802 -0.336995598338034 0.120957126151057 -0.294154230539449 -0.0793259475977106 0.225292272693221 1.59732098333407 -0.0480905313661444 1 630.642193288848
"1" -0.54751542052264 -1.19965896910367 -0.0577459070195169 0.165418464702426 3.74745436970962 3.41753297409466 -2.32869204379016 -2.45379597683585 3.00654831906313 0.549786152230538 -0.0295961388840523 0.618727902997697 -0.122062377864051 0.198116126456194 2.26112182883578 -0.0089686034452168 1 785.018592042121
"1" -0.860345895005739 -0.0343233049018356 0.0938794020559201 0.291245568093141 3.44523301489535 2.19145710698512 -1.2418183260914 -2.56372525223442 0.952806273686791 3.48356256708355 0.345048563042441 0.563349265178305 0.235414155549376 -0.00543037796398527 1.01326785951292 -0.626960652019665 1 608.203555360029
"1" -0.520450305463033 -0.847172567901675 -0.0394923067870322 0.223873973696639 3.32249719753837 3.57766124335224 -1.48280257736786 -1.65704922590315 2.04483209841645 0.740451820617518 0.265714201585167 -0.512679622078735 -0.0459199379879075 0.349576722012614 1.13608560597236 0.0427707458896381 1 1101.25798880807
"1" 0.00596794186325927 -1.12792387488257 0.342825326502974 0.61524964459969 0.474971457611253 3.3018513105034 -1.8207235041737 -2.31048025202888 4.69957838827486 -0.877179195453591 0.130990477517527 -0.921720267200256 0.460866637349715 0.448751974010416 1.56849481243528 0.0275425536910378 1 -1970.30952651049
"1" 0.225102126495737 -1.17898502094259 0.30026843619996 1.56172821119421 0.307858342226613 3.50582757062408 -2.07639091405244 -2.02458737081739 4.96043168662641 -0.931514969989586 0.308153803757534 -0.529255586880562 0.450034446246488 0.577588856088738 0.915152458573082 0.651388492951527 1 -2559.27246757442
"1" -0.0842574487661813 -1.10775586259999 -0.104919987926216 1.17337788173249 3.13770259407263 3.30313518961329 -1.38875814727797 -1.39730695438673 3.32041818060604 -0.230913209291867 0.179907898098016 -1.20342078162242 0.096289022961709 0.41213522837823 0.739467733070195 0.218223092932697 1 721.622110693279
"1" -0.353677754511368 -0.997070050847462 0.247462797432568 0.757212296925846 2.05874375893235 3.50145727957622 -1.48557410097115 -2.17128238574385 3.8461376944598 -0.631830847730004 -0.0823108442399714 -0.833243175283669 -0.113426156187727 0.322685362842371 1.38781687024418 -0.01844317607368 1 539.263074742732
"1" -0.252269597265788 -0.580554910605549 -0.0942296667005555 -0.194798801601845 3.75053758681336 3.7636134562156 -1.9331192833563 -2.85886338779107 1.9671505161084 3.79735059626209 0.553663468200446 0.847889263518323 0.0873669176257781 0.141166922466791 1.16503528322927 -0.47926883644658 1 690.229264604568
"1" -0.450608960340668 -1.13187637158458 -0.00880252576628482 0.0261104502013334 3.3114273764945 2.82266086721532 -2.33321612805527 -2.42895177436636 3.06100977256291 -0.144994485619795 0.0395902276709462 -0.432374197573043 -0.110753020122677 0.26560202396739 1.90818490055481 0.0932927047408933 1 769.552762237858
"1" -1.91263929565334 -0.869010862544342 0.256151548288696 0.126669480502426 3.19216321216703 3.43521588269174 -0.966628782095625 -2.21846347971312 0.033479581484569 1.35765443221626 -0.329276630576715 0.782136783849333 -0.0948674026078882 0.169478090303457 1.69528751425682 0.134295607310051 1 1043.69271297754
"1" -0.630862885315651 -1.06143942118778 -0.0995946662758603 0.323921837541302 3.6069879520812 3.52796787406868 -1.67737484882552 -1.71814086156923 2.8878747138028 1.2411904167637 0.197796303998241 -0.699534337026548 0.0270877785840588 0.408121189707307 0.986733000923601 -0.0135603684360254 1 830.347444810497
"1" -0.768557985966311 -1.3241707836154 -0.0815595523865277 0.604332183461928 3.55059415286143 4.18314665729151 -1.94876540190166 -2.36679030518254 3.60999906664022 0.15635707646716 -0.346662776364804 1.05103269651995 -0.475560865542777 0.129538438112768 1.68306702915359 -0.157491708533161 1 714.798527662759
"1" 0.0222862858527596 -0.869722665721931 0.26730288738914 0.885436018545569 0.328724752769213 3.82812564111075 -2.43523149773189 -1.67974968497227 5.2572530910157 -0.817529124812527 0.359031396703829 -0.0470294907786376 0.0313027991605038 0.181177354729167 0.989178082294883 0.244768428915386 1 -2650.02610937681
"1" -1.97415447622446 -1.36809814043059 0.783700339084619 0.965838822421859 3.13184954420448 3.75073676080185 -0.728951186822329 -1.66339911178485 -0.658060451659362 -0.728970867076081 0.0248804188051527 0.486210031651753 -0.316834437401738 -0.070727493981017 0.553181187360869 0.595207487873858 1 1153.30315043275
"1" -0.337148661543642 -1.05831988635281 0.407516471152235 0.636127254244061 1.28066169919396 3.36725060211961 -1.71195548882843 -2.4107786494479 4.21925937970701 -0.898016821199977 -0.237996606700749 -0.887226731229153 -0.017728736354363 0.239818183928983 1.28278263392976 -0.266811561115128 1 -105.394493718326
"1" 0.138029613514674 -1.47679699159966 0.239437286439162 0.985094404139702 0.273322555231618 3.50104925520166 -2.3899229248682 -1.99896632421154 5.21340083936855 -0.766836645531142 0.185626136023683 -0.403013604610805 -0.0221848836391048 0.110684307654375 1.46704378153552 -0.120059412729853 1 -3100.94705691284
"1" 0.168572576966378 -1.00491881601951 0.212687001636996 0.4205853267573 0.270766461944747 3.67605324286198 -2.02108322679065 -1.99965786101143 5.31990217635727 0.12401847249272 0.00887615224670082 -0.943024757320341 0.0939193197150969 0.069570643177295 1.4100033380625 -0.315002539833801 1 -3231.83540677536
"1" -0.579053865664748 -1.36228182164696 0.306501302021582 0.734518201958078 1.93077381446818 3.28373723719737 -2.7226579239215 -2.0155812280154 4.01976429797336 -0.346359619668314 -0.0859552390834718 -0.87460644174813 -0.037433953689522 0.309753900314076 1.9773658083373 0.0792300337239558 1 326.822383154809
"1" -1.32793618084794 -0.676743784799408 0.000284273520382492 0.0400415780541327 3.59849774608773 3.65630173528812 -1.73640949495008 -2.2665303089027 1.16779351435195 1.66616432908601 0.0609081578425934 0.389881996540477 -0.233730894884495 0.22153713755966 1.85254315025849 0.0100035970729058 1 1064.15080756397
"1" 1.23091451282899 -1.98171970171691 0.279532214729518 1.1924596274477 0.296913930924997 4.0807697050138 0.315907628421235 -0.543409719739442 4.5528334285519 -0.650711178235512 -0.161223155177217 -0.608099859973457 0.352042017321265 0.227157072530497 -0.64498518871524 -0.060607653696149 1 -2499.81035439279
"1" -3.03312853480713 0.614600013418444 -1.28492108406067 0.250081806769959 4.51550078215944 0.282193883819 -0.869693747367627 -1.05737727845056 -1.34909540222212 4.92823255436266 -0.137514161928052 -0.43888928700434 0.305360310702917 0.341626901867977 0.171238959096664 0.199460716697218 1 -2799.00631958407
"1" 0.103756787015858 -1.57422001380544 0.298572504837823 1.49067215908507 0.366665678010999 4.06508127045514 -0.44069671502776 -1.26065724034389 4.94816535570915 -0.632722812834705 -0.0387072854311761 -0.776310481173733 0.231460206056899 0.284211552830648 -0.0240671692527006 0.204072459665489 1 -2608.26292390158
"1" -0.25722501702139 -1.09397148988926 -0.18238042173791 0.600775841359532 3.75586292057614 3.46455806158826 -1.7620859550335 -1.92569489093401 3.09140827253601 0.175189572269407 0.212477096362802 -0.504818683006911 -0.0656434582618035 0.382077840666585 1.2102884761422 0.0757467847590543 1 863.847991033574
"1" -0.000302840623062012 -1.36554386278066 0.330428180930916 1.41015205391883 0.313665838685567 3.72374544240127 -2.53478954790141 -1.35568006692946 4.99720820775397 -0.841018286073981 -0.0570477581694706 0.407675611799404 -0.0314080529122994 0.170732370879975 1.76107199188835 0.454676603033103 1 -2521.51135279889
"1" -0.00984556488574546 -1.53847580199888 0.318425669975642 0.834291747200613 0.376637497289466 3.59069343028869 -0.944851022242219 -1.45845223900259 4.89627979529329 -0.328157124326277 0.00929669123934301 -1.48409372873901 0.11835525345684 0.333396143434262 0.637929408663345 -0.14904472869773 1 -2423.56112831477
"1" -0.950090910162497 -0.160444740794941 0.119549159549772 0.0883200271214495 3.28371370080354 2.8645663181413 -1.45721547066131 -2.50857945808518 0.605324400861604 3.4603568254612 0.333850303340354 0.483086374270249 0.2940319783978 0.190773140734527 1.14400190724036 -0.367648274736394 1 780.370129344141
"1" -2.22213638031654 0.28825009894618 0.778392296836708 0.237227870653731 3.32152260826011 0.278464602408418 0.77952925920291 -2.95959575208437 -0.826270635912576 5.11079170389738 -0.458888887716263 0.689629480216842 0.381042536805802 0.226672670455316 0.107664461041287 0.0335380819101855 1 -3153.85948747228
"1" -1.94387168055974 -0.0892836810476786 0.239525941524724 0.127228890513647 2.88968500294172 2.92187157767667 -0.544487754551739 -2.83603788973658 -0.335685530880166 3.09015292046898 -0.231909387086223 1.15987940772097 -0.163976975825946 0.0818672476938296 2.40487147534996 0.0512585218171558 1 783.853952598874
"1" -0.495651084971932 -0.926380919695102 0.323159314278885 1.15314735442588 1.83642952421238 3.13550243937553 -3.28081112718501 -3.24567414428183 4.06170594611831 -1.59233687021472 0.245907446507021 -0.344176332727435 -0.0277300357352003 0.282826163338064 1.77945592872171 0.200366986074404 1 498.200652576968
"1" -0.0871409863567639 -1.03457656374003 0.319538157269105 1.60168654666645 0.343599548492002 3.44803437882826 -1.20466832574441 -2.08399832793055 5.08339816182033 -0.868044279693516 -0.0424918424728168 -1.09771085147954 0.0540244675824252 0.30843724848386 0.886436663021391 0.00206536055861692 1 -2594.05226835308
"1" -1.87189775608357 0.309631444334195 0.329045351814569 0.170061853753619 3.38989303122017 0.232403537025918 -0.471300765724776 -3.2329664632938 -0.560937289594091 5.43781217266883 -0.0231865493889888 1.05578181256216 0.162227568387598 0.00556106801153113 1.25789748870798 0.00365600295281836 1 -3741.05557297012
"1" -0.942126218330048 -0.105340439817873 -0.0415014650552038 -0.0486805424723301 3.63466589881122 3.4365369849761 -1.59111880901759 -2.46991086880557 1.58072704225487 3.26079920211948 0.123037768487258 0.138557906195927 0.135666888797924 0.121417855055798 1.41789474815104 -0.353284730784705 1 733.371428114056
"1" 0.210175481557658 -1.16111108236461 0.231760802648142 0.693377907233806 0.290952436461867 4.17633504750651 -2.40780258022212 -1.99989345404786 5.27260588359743 -0.565679578086422 0.0295860559426439 0.276327519611755 -0.113619834018128 0.228853218073239 1.39672316933359 -0.0257271748855335 1 -3162.02970417081
"1" -0.0727006977645691 -1.04131129810042 0.0392812570645997 0.231626558255803 3.01952144999671 3.24473090355606 -1.65933303880836 -1.66577251103494 2.8812740447027 0.282534761840898 0.373644659178283 -0.659581753117787 0.00529997793737563 0.332120795173788 0.878526441978449 0.0343967602237774 1 897.735211570034
"1" 0.29396641816569 -1.29392431709227 0.219348961989396 0.996491247804922 0.268779660250964 3.63142594074942 -1.4120510514494 -1.74023939566897 5.23200573202691 -0.694128829497302 0.0517348776992773 -1.47793264583543 0.151498020437449 0.386390268574834 0.798761685810682 0.0948457977209292 1 -3423.70221603903
"1" -2.29588717823667 0.170395163545404 0.499813200488259 0.232479429586102 3.78613009387787 0.273433343460501 0.698494770541299 -2.90700554751004 -0.640837189845616 5.19841837894101 -0.479040716075375 0.90203973954224 0.125027932094589 0.153058746611142 0.0722600041351597 -0.115914437209018 1 -3258.06674832119
"1" -1.5324822389288 -1.2661692303022 0.202457059424145 0.850001147319983 3.53147679463145 3.67043929373177 -1.45409674712216 -1.69466617819078 0.312467208640687 -0.246689705620165 0.422574897867132 0.389667528173037 0.437899216177339 0.152916669571155 0.731691409106724 -0.620863321630719 1 1166.35337053688
"1" -0.761988460782055 -1.24090337059869 0.326066044469304 1.06391357955595 1.79639682346094 3.63966447725417 -2.17599726104709 -2.28054686708014 4.2183510307371 -0.842561744051326 -0.0998525970046148 -0.937047907136324 -0.130296626976461 0.347648775399829 1.84543142051598 0.152009536118436 1 355.834244914033
"1" -0.702062029825446 -1.31110695905205 -0.434753037005128 1.05211232272274 3.80279819231592 3.85704796333926 -1.99411869262729 -1.71819048226272 2.3120893511688 -0.779862260696319 0.467768672634974 -0.0139993010941807 0.760892278904087 0.565195582687803 0.526436364142919 0.907949286800657 1 1126.31534394575
"1" 0.285104423378877 -1.13651023106178 0.164166527127172 1.16055861768181 0.198175764380258 3.92965561504881 -2.82728935075038 -2.35404199453999 5.59251407380198 -1.11737195907224 0.138052883221817 0.181827063194029 0.0990167486235395 0.129267621773957 0.682168891173843 -0.0110737491494358 1 -3774.22430079463
"1" -1.59633123986249 0.437503619686859 1.07265204155835 0.383732961431555 3.31028508212918 0.409450711394634 -0.0437461867720081 -2.77418230706145 -1.00257689518925 4.59121331857648 -0.0619996524947797 0.477830254530342 1.17408269955311 0.338157886025037 -0.46185179864816 0.64453589630396 1 -2063.66621543994
"1" -1.21612252808943 0.420499351420522 0.592069455676525 0.302165337701065 3.43280762730745 0.329974407232493 -0.931719454191638 -2.99070707294688 -0.635860404408406 4.88083896866285 0.0098804945679343 0.704642247981467 0.587389751719241 0.176430068019912 -0.351528226598816 -0.0458898448908811 1 -2630.13460024754
"1" -0.0145514176089026 -0.966891902762101 0.209906380680976 1.17131603865501 0.246683682189177 3.57848285003967 -2.36977604330452 -2.61794456055311 5.47555886513727 -1.10781811029305 -0.00288250312965819 -0.735507886123782 0.059556995858716 0.238910604301072 0.95705889852299 0.192233090250287 1 -3289.07018793521
"1" -1.65931332886675 0.90386924543229 1.43059089693498 0.19421486920015 3.17547076700171 0.234943464798559 0.140568855279018 -2.95337613185892 -0.832070107795537 5.12830882368965 -0.247041846320712 0.670783466586468 0.44570208949066 0.741007008660329 0.491773745384804 0.82063219672769 1 -3078.57120048863
"1" -1.84610557178004 0.527853213145312 0.816943953365555 0.235293638907128 3.7179551818986 0.240067149622329 -0.536499400140246 -2.49267323448181 -1.11687605921812 5.03115343055346 -0.172461081678293 0.523193493642467 0.176759532188889 0.208217267073124 0.517760355094127 0.0377155661821957 1 -3024.59675718728
"1" -1.372819848172 0.680372897368111 0.234068269157314 0.216199860956539 2.92100774277571 0.256884691093469 -0.918728948269526 -2.48031112818491 -0.281366798157865 5.06828720091669 0.00469010252925543 0.574522409814862 0.375722954826237 0.167870482080077 -0.112686627378733 -0.30969899752435 1 -3172.08935504976
"1" -1.47492952103041 0.150507628599615 0.705751931015808 0.213949592501662 3.69244111005268 0.253182933454456 -0.621935624122645 -3.01760800487185 -0.90725464558662 5.36236378692908 0.0115024554405504 0.661736465984684 0.246952455372777 0.278042091268276 0.623784891416583 -0.0723452446440772 1 -3384.31106584434
"1" -1.53032758457517 -1.06394586336053 0.531914808165544 0.98789889159323 3.24052844721065 3.5622028299186 -1.32851593272202 -1.90254959163195 0.251495332901602 -0.357545197331516 0.243793205076429 0.798228240447094 -0.233865616185835 0.0791505445669789 1.1239560899928 0.0686020755708353 1 1310.73080305835
"1" -0.173232239927387 -0.930990326075047 -0.00505904583905553 0.734914189899555 3.14981430959498 3.3612156360227 -1.35225887454981 -1.62171133085635 2.37732741389565 -0.214167494834383 0.307301032740131 -0.882265210462669 0.0232059183768218 0.390797517418328 0.749101135365958 0.117812897520975 1 1080.09803711022
"1" -1.12297092123991 -0.029655207228816 0.367124063373768 0.291542585829364 2.93245600522992 1.92391532122227 -1.40068287877142 -2.71967466138499 -0.234060619269327 3.65805287944367 0.0440380492511408 0.556431356977964 0.17668186530316 0.143344436586158 1.28712799985947 -0.235941027855947 1 649.000230708771
"1" -1.01806192572647 -0.0784315438825732 0.35403004664405 0.461814030912839 2.98733116975298 0.671922029323062 -1.50364615566514 -3.31539427144857 -0.820373474061417 4.44976784739586 -0.0957508848517496 1.13596998306544 0.502329580821585 0.0919127595259268 -0.735128782023182 -0.0930674551745252 1 -1028.9623737068
"1" -1.86633931839259 -0.331135581590859 0.2582404505425 0.0816958425516108 3.0785538622353 2.92484234377659 -0.791701677982972 -2.62798436358057 -0.308552366078266 3.36717652875434 -0.238680439449727 0.807250465194283 0.13231203256006 0.183956107609155 1.01169194139871 0.00709304539203701 1 672.974624011811
"1" -1.57950424319342 -1.22067443882916 0.665927038668384 0.936854992857162 3.5700391868481 3.82818092777923 -1.52605309494871 -1.92325949060975 -0.235354021682225 -0.544622609864636 0.235512908829465 0.870954239728918 -0.141839864894762 0.0397181007368251 1.1877090670573 0.0987458820301413 1 1256.70763995069
"1" -0.508331108932517 -0.0687278735620487 -0.00423913406167187 -0.0958694061601295 3.05615003424228 3.37254252990956 -1.3133896871171 -2.09289583145954 2.19127167285662 2.59152181369403 0.056267094401975 -0.705172170896177 0.129363669263443 0.39198223518785 1.1008435289996 -0.1594733875026 1 821.859558590237
"1" -1.40806689804781 0.602228121339916 -0.0626558884077039 0.176876978422771 2.79374100100381 0.238554155173692 -1.14805825318719 -2.62430539944957 0.0594146950136555 5.30095028419293 -0.156153094861036 0.514151817325104 0.691543845895179 0.200902379223789 -0.838339206672666 -0.289634313515631 1 -3684.06663525525
"1" -0.576970072744922 -1.1785640301219 -0.0964954461058088 1.32897897536042 3.10426983057363 3.72045848372817 -0.752496933091242 -2.16673047642428 3.63800321029776 -1.00842431766281 -0.166260506221694 -1.62183078563621 0.0757665121984654 0.476573299390381 0.827721951977627 0.317196614885771 1 610.53048669851
"1" -0.244644320835531 -1.14576254083101 -0.0505851010445219 0.44519805138018 3.2559759357577 3.38774081908176 -2.20653721695704 -2.33950770805751 3.30614156405327 -0.0847410806274599 0.207978198262112 -0.216134714117782 -0.100168651836854 0.26414552646119 1.47722951468196 0.0128759576304475 1 803.703790246975
"1" 0.231100786553501 -1.04295924182785 0.129382417416221 0.630724624705919 2.541668932252 3.21400603380618 -1.57692407545822 -1.43807790982534 3.29719550886786 -0.135787634302002 0.282674437401281 -0.857866868603734 -0.0522659965695865 0.404635087951153 0.636139090919501 0.0774986552065718 1 700.657735831293
"1" -0.229552446996093 -1.37910611125293 0.195366828696962 -0.0793501009687898 0.224386114249021 4.03809247525011 -1.87017931066353 -2.15950909263159 5.66839763871294 -1.11525206771223 0.187237272420385 0.154837478903778 0.0804228920574262 0.116442711632127 1.08664662288429 -0.0660605180864368 1 -3369.79779323803
"1" -0.223175272280427 -1.06648343256278 -0.0527212515339106 0.396976843701364 3.27166000256754 3.34153931210024 -1.76462016005187 -2.06533856162616 3.29015271329632 0.024607909623266 0.170451712197259 -0.167814065816414 -0.111067971202992 0.304113851213716 1.52941040537255 0.0341873217617414 1 792.868836557624
"1" -0.290130526905119 -1.54980727743716 0.224081819971357 0.306251718883111 0.264852206084983 3.55649722600992 -1.26535085016804 -1.99164829903357 5.4630783938151 -0.807299643862081 -0.212045415489024 -1.06509345999264 0.0966970722054558 0.0974788238998861 0.918646006742484 0.132002112470526 1 -3342.99906194969
"1" 0.470201387577437 -0.967624666986165 0.273522111353572 1.39693047959661 0.318508795931217 4.21660112193251 -0.909780197259875 -1.64400931287118 4.92602542213537 -0.844761460161594 0.0528639929612297 -1.42105857585285 0.195403084798988 0.387804947358565 0.085679105118529 0.0266893977483616 1 -2848.42116549004
"1" 0.12019900519096 -1.06179669152715 -0.0108577025811533 1.19934807258362 2.98487383029941 3.93614065086727 -0.864323441286934 -1.23177254725118 2.90744122142247 -0.562393103333444 0.0221751371724791 -1.21161638244109 0.217547119584346 0.429441281722119 0.139945733163324 0.215732333819472 1 702.398470381435
