"1" -12.1126700312 -1.45211885576239 1.23423183181842 1.04424301656564 3.10938039487618 2.90805531971761 7.47849218801301 -10.8230195606367 -15.8706004585257 -3.62248266017447 -8.56653939094904 3.58975973752906 1 2113.1122082229
"1" 0.402962374777564 -0.384600072310521 0.410649101150504 1.93227971303748 0.486821473838481 3.20675981353513 -1.3281762585056 -1.23094786362095 3.68218360952161 -0.376156169916746 0.29965877286129 -0.609510431004862 1 23.528046871601
"1" -0.758118813960815 -1.14466041556149 0.239398220690842 0.777953454994962 2.72231740456985 2.56933286603541 -6.59315732333718 -5.06717348756747 3.44896514745793 -4.14911221686218 -1.43554696820013 -0.98687641490878 1 1718.69246337553
"1" -1.6558916831559 -1.37927856070531 1.06881323458903 1.17419023217966 2.61611693284721 3.04808622427742 -11.5446710283852 -11.0782085113495 -1.18920520597546 -3.00089398073103 0.26724751390957 4.5710550393605 0 2339.2557943467
"1" -0.615135177905169 -1.07749274489601 0.178904882158052 1.17460144943811 2.95658717454423 2.96895008489068 -2.77412866714545 -2.69292425356102 3.31666330621997 -2.13221943492911 0.0979200615413664 -0.106150279459424 1 1735.49279626515
"1" -0.459008303273437 -1.07916127244742 0.1533623169371 1.22537763427078 2.89951035973553 3.31527971721831 -2.41326104059502 -1.93101730659532 3.22568348760359 -1.32279379437942 0.697943064390651 0.247648182925513 1 1824.65331480253
"1" 0.238756183003648 -1.13927291274181 0.168521103093193 2.98132063711599 0.170929997280725 5.39621569595681 -4.85409050711738 -1.03763033780606 4.6789113748832 -0.4631884920996 -0.826729861022286 0.019888958029819 1 -1743.44911977271
"1" -1.66008551816872 -1.4384948158395 0.966559680530004 1.38828700286757 2.88512963595063 3.52182468069677 -4.26474580271197 -2.90388162090131 -1.55024223260098 -1.12979550121004 7.24872741061699 -7.60291374207234 1 2302.24782451303
"1" -0.627165796788609 -1.39861467955853 0.185416613198567 1.03730589175589 3.00071469886579 2.696650816238 -4.4577240046174 -4.40149741655762 3.25195732709865 -3.65634688518866 0.502919633508599 -0.467785658507537 1 1833.08473710853
"1" -1.69154118538981 -1.45654144540549 1.05163242319608 1.49379345508434 2.86164658926402 3.92805734742381 -6.76553978530105 -3.00886808904677 -0.978428291725471 -1.2036129717908 -4.93956147266278 -8.69178172568803 1 2269.92355414211
"1" -3.97982186967824 -1.39905464249457 1.15619390768157 1.4023694868455 2.58891036145358 3.82962571604913 3.0292342022103 -18.4561459718242 -22.8161837239757 0.529484680142378 -12.0793506172364 -12.5044212378899 1 2318.86083467912
"1" 0.0207685152128597 -0.693555019186979 0.300432812523724 0.908925261652612 0.332724260874942 2.88835850511343 -2.61175813924993 -2.11123789085444 4.16407891578458 -1.27182902555805 0.464072148207489 -1.07162700756009 1 -659.519617417012
"1" -0.325401880845753 -1.5580356026986 0.214275408627347 1.26174361943993 0.213565678514228 3.36693821701244 -1.81346163504544 -1.80403590975626 4.68693482384427 -0.813231770316113 -0.0529959793979859 0.0105745390339044 1 -1774.50407645119
"1" -0.123326019438187 -1.09810383382338 0.145044068730925 1.18873970964907 3.04053563902447 3.15989519961472 -2.51435508196006 -1.77026213770761 2.94675983891263 -1.09130358982987 0.662106980319753 0.11649259555305 1 1962.6849097529
"1" -0.260915217452364 -1.17775586656431 0.163603530380652 1.13549802983677 2.82905517505567 3.09770625811897 -2.64586042743768 -1.93300311261737 3.06010291973169 -1.35389217827594 0.860657129074375 -0.0601723992333789 1 1807.91364559824
"1" -0.569841254391482 -0.940767834035551 0.27924560972716 0.813286753792406 2.43661549911225 2.64755802880612 -4.2813596460802 -3.0278160823994 3.4544069813312 -2.5274044814281 0.897669740917779 -0.0445962111083672 1 1677.16512548178
"1" -12.5352074099562 -1.54610739387155 1.21119484183992 1.15698091854156 2.82723644916994 2.88645023295663 7.86257664579437 -11.737339521104 -13.0156054135415 -9.70714254097486 -8.26221475693418 -1.10114014171754 1 2050.3530347337
"1" -0.281377216646914 -0.879884099465415 0.259748246833925 1.69666108934281 2.84660463970986 3.4964990311354 -2.34948069623636 -2.02754251267943 3.12485733222364 -0.756361969994086 0.570641297251936 -0.145096151844778 1 1803.85783552241
"1" -0.719195581169838 -0.961323812489442 0.31298131985006 0.67622238513219 2.54243630477679 4.34226200119691 -11.7672079833544 -10.6411935382704 3.43506975217038 0.758429350065306 1.59294306975277 -9.08686077251525 1 1475.07551623077
"1" -0.779741966660797 -1.08031160138274 0.44493091969624 0.684597351089477 2.3357622662532 4.32247539318153 -9.45778802826695 -8.02348598886607 3.6016160367742 0.423170339091409 -3.36471063921961 -8.22666083988556 1 1412.6146856833
"1" -0.565995660415985 -1.08536802157576 0.48992488021234 0.747674770988475 2.39738363144761 2.603332714134 -4.50241336265631 -2.94817414347001 3.44521813857113 -2.37013723703237 0.722071963884254 -0.43733455820691 1 1514.55520430404
"1" -0.279930822813413 -1.01327394644104 0.326716398384786 1.1336424436145 0.36676843613854 3.0088019562899 -5.04731520156046 -4.20854450395957 4.2806355352616 -3.22495329834147 0.54085611212716 -1.57859758111343 1 -831.791846691696
"1" -0.485255646418642 -1.33256928868543 0.332925634559478 1.5656612221878 0.322260016778199 3.62268549911126 -1.95937195903049 -1.56607679837895 4.40446978963681 -0.869981198580571 0.0469837024490478 -0.00568102628146897 1 -805.17538355929
"1" 0.0529270752309852 -1.05584777066621 0.238689840398289 1.04366283246645 0.256756272478369 2.96055291407758 -3.36510257979998 -2.51286713705221 4.43878464424401 -2.39274723152433 1.16408847903034 0.0522951362186919 1 -1172.6816479101
"1" -1.75379096169725 -1.27450645775595 1.03743739822025 1.12712290396752 2.73675231147432 2.91710065077387 -4.58475528540591 -3.14043081125271 -1.71071600730836 -2.56425223091013 -7.57917807153349 -5.19948551728696 1 2383.86331281074
"1" -10.6669735181862 -0.816709199422105 1.21641239072885 1.4257564288482 2.86889165207604 3.03049020781222 6.94865634214363 -12.9217352811997 -16.2398145638808 -9.86800318131453 -13.4334777625665 -1.8178717650489 1 2023.75127699153
"1" -12.4085256646577 -1.54533951772416 1.18567712657988 1.14315169830304 2.64463836420776 2.99350654198425 7.73407092619363 -5.61135315981244 -9.51559903376769 -7.33354456050253 -5.5830762099469 5.20265990725831 0 1950.38319894071
"1" -1.61271754412035 -1.35090039188024 1.00034866842072 1.24491009519815 2.69900125436575 3.26212619273358 -11.9747332289111 -11.2172026471171 -1.50523209355856 -2.80232377310546 -5.65986393303605 6.06080450722692 1 2386.02048935135
"1" -1.2110506183373 -1.22674907830073 -0.145207607566211 1.117394905201 3.94489853504151 3.1336414858818 -8.29401219933771 -7.4998926671307 3.57235728474654 -1.66521789068417 -3.97223202528299 -2.72048484441319 1 1932.4914517112
"1" -12.1931316539111 -1.45667626284736 3.61421898753658 1.24942676564768 7.88367112255368 3.24685053708583 7.53753843445946 -5.64977786682044 2.08340189487859 -1.46529918363551 -3.52864729585319 6.7870104031139 1 2041.40197175748
"1" 0.195926477868266 -1.37379129078132 0.176790843875645 1.35383002900179 0.182556005357334 3.82719666213689 -1.47863715140873 -1.32098888556791 4.62380014548808 -0.644124507880886 0.0963081694215332 -0.0543112937621425 1 -1512.0378303233
"1" -0.247915753345252 -1.09481700535553 0.27796678906881 0.995013586088281 0.280413304533399 2.70498881710802 -4.16232489510903 -2.93154034803223 4.43924377282366 -2.67708242849634 0.901487219587289 -0.328200232605256 1 -1150.09868321794
"1" -1.04104563208658 -1.28173458039829 0.14183919977288 1.77105917673444 2.87617091984837 4.17676810411471 -6.31532259972534 -3.78449966102275 3.63861460949879 -1.4620086402789 0.168161934858217 0.213162148921597 1 1724.43621784281
"1" -0.0263253843469219 -1.22079001964885 0.135126309126651 0.922309985510592 0.143028549224565 2.46470259759846 -7.35978392269024 -6.59072851429559 5.00121993863303 -6.51036551755957 -0.853025631658028 -2.12422698003991 1 -1736.32192228873
"1" -0.415321395158558 -0.842329121154984 0.412884612807969 0.892205656386112 2.38227010127555 2.79169096528642 -4.50746459758487 -2.88794507712583 3.4244593477811 -2.88261689363095 1.0819781640997 -1.47713197234769 1 2000.67507360804
"1" -0.617250813231771 -0.884915525649564 0.143811747873373 0.595387181037258 2.97763022529438 2.41410504558536 -4.12407512997682 -3.62023674779297 3.35221526115038 -3.24731415861749 -0.0136430102987477 -0.379908958979056 1 1661.2102986579
"1" -12.3790527296687 -1.4432722069857 1.27111551913376 1.0330242326715 2.85295136301943 3.04324813709367 7.8246225351414 -5.63642390762637 -12.8918942072609 -1.23774242993213 -4.99113632042545 0.761088265704471 0 2093.91943471981
"1" -0.446493463949597 -1.13683707952062 0.0792022412881116 0.953482231394477 3.15001023813263 2.68425866395127 -5.13209470750785 -4.37920136928815 3.1582023062623 -2.7894532831291 0.287486182612904 -0.0368570882992929 1 1766.19338181034
"1" -0.342842638772278 -0.332043527348233 0.6278903946309 1.72658472000679 0.415620665174788 2.89935985313264 -4.4524189843853 -2.39774420010455 3.72349911789256 -2.27032848392051 1.59737019004682 -0.0100740011714928 1 835.509459009096
"1" -12.1900479325234 -1.51325503214396 1.19311244030487 1.138948297243 2.86517272832672 2.96370828271992 7.6226266886421 -5.56615333074243 -10.6942909359484 -9.5847929192797 -5.52798345806602 1.62707855613012 0 2030.03430004554
"1" -0.976017296746056 -1.11296818666528 0.263694550278095 1.06964772006649 0.270983910734466 2.66798162620324 -5.40492698853833 -2.76892102390051 5.00342121553122 -2.46137035289793 0.192948268168374 -0.1091972254677 1 -1297.21877156697
"1" -0.423979060916741 -0.98751151843964 0.136423820770111 0.590412519933574 3.00189102992806 1.86940308666374 -7.15619889577841 -3.05494642703465 3.1900014286495 -5.44536416645019 3.55753265261874 1.34706230438997 1 1941.62290293315
"1" -0.489589260424623 -0.815074880793788 0.224316148371646 1.52684855534134 0.252283075729291 3.76544493323727 -1.79173514069098 -1.41852170083059 4.88861416554635 -0.714401594110315 0.189561633506434 0.0371891462083545 1 -1272.42720359163
"1" -12.3184387552547 -1.46083569824187 1.32881815301574 1.12236888929789 3.30044719101303 3.08903332796068 7.81383340471123 -5.60045940470167 -1.20744503794721 -9.62337501423001 -4.39413157682552 -0.456254342927613 0 2148.70473833779
"1" -1.30170247614859 -1.22542356325975 0.625263035556967 1.30832497632242 3.66341520757414 3.45676165217945 -13.4664308918637 -19.5510129674655 3.32724242177467 -0.886334332564542 -12.2673615860336 -14.6555086608704 1 2180.43471199957
"1" 0.487995658302082 -1.16339259517587 0.190951670925115 1.65897078143792 0.203022140104107 3.97888258458085 -2.5481305406791 -1.76284631472352 4.4034954989208 -0.678714973382047 0.267242263711339 -0.0998425450248456 1 -1344.41142726135
"1" -1.73122754293203 -1.30348722508689 1.06271151223293 1.24786882827358 2.69426529663818 2.99579150651842 -14.7909597119857 -3.66395960169458 -1.31135792324312 -4.51740479896605 -6.3908509465899 -5.74083952635641 1 2367.40915585582
"1" -1.4884950758469 -0.458964722875502 0.984215785889505 0.146555446238843 2.94362539214441 2.80391378673095 -1.97047902028421 -4.14904585105434 -0.848810906751505 3.09219384189341 0.231501522326482 0.0879631562149539 1 1977.90763285492
"1" -0.882161274682874 -0.661514518381478 0.623664532964275 0.98974445948915 0.45329024684165 3.4618964893569 -2.6100736864753 -2.07976862690971 4.18767693180191 -1.06052118031296 0.694644190795066 0.601936578969302 1 650.24857846037
"1" -0.530570201622619 -1.1001138081557 0.146421513424571 1.54897822819016 2.7331731733023 3.81355473623311 -1.22355824347017 -1.27451087427301 3.29110153497567 -0.520360028523714 0.168514327016154 0.231575208942654 1 1758.85527209661
"1" -7.90238694169063 -0.916900798427104 1.41588879643614 1.11883123141064 2.64047898661272 2.86424400758774 6.69406129897927 -17.8725019256954 -9.79654830614816 -2.88008760616227 -12.0677187489414 10.1807356049852 1 2331.50884564904
"1" -1.61882580257021 -1.46195053452953 1.087481674151 1.217792974324 2.87946569476372 3.30201984045822 -13.6217966913535 -10.8387749187385 -0.844435055275649 -1.57594814716851 -1.6532224865216 -7.61311678383143 1 2294.48087948414
"1" -12.1505265716832 -1.47111847137738 1.09735448382286 1.31181693045627 2.94346028288258 3.36272361028156 7.55779635571254 -113.907031811686 -177.171757396014 -1.51457406253328 -7.6365386863236 -2.9459735175305 1 2136.50585406613
"1" -0.470655028345117 -0.351277739356012 0.161290265258044 1.779645986137 2.84233410293973 3.23942834108622 -2.7666411075928 -1.93743173586095 3.52694778096138 -0.963092434612788 0.19615410582871 0.0813194630691383 1 1839.05090619723
"1" 0.30895514656595 -0.922681913086409 0.178336352766525 1.05050107390217 0.16835054105541 3.18516909633555 -3.10761096632687 -2.80842471500838 4.58790800404223 -1.51478298740799 0.230140077067708 0.0882572248974718 1 -1453.25682835153
"1" -0.276618316655895 -0.817107896735852 0.149643336250519 0.991900631459362 2.86614022678175 2.87591764896007 -2.88451917041377 -2.07869932472863 3.15971010013371 -1.83010535447056 0.954247033023958 0.0753851823564173 1 1935.16323412844
"1" -1.85618972516072 -0.7059010483744 0.321952151633807 0.747470137049731 0.372873899699584 1.7963118419957 -8.01635309652385 -4.87095590705879 5.56660246995047 -4.70449900632327 2.20729956442752 -2.04639491512233 1 -394.85688919243
"1" 0.429757599573904 -1.17662045806864 0.307587335852698 1.03001830260324 0.30673673228064 2.93886714165602 -6.15089148914998 -5.80232133708331 3.95431656471882 -4.30347428741654 -0.563525056833909 -1.34425956490111 1 -605.634823952889
"1" -0.361241106633568 -0.749437667870296 0.229515651971849 1.07863702354999 0.199613272415054 3.07875244071571 -3.87778132864055 -2.58306570487877 4.71639831570775 -2.46750591332547 1.51390857695782 0.436224209834133 1 -836.726532607703
"1" -1.83680413744707 -1.43723490060688 1.14732816791511 1.18131623792301 2.90887947581975 3.2558865361792 -1.00469929329226 -3.27017260179697 -1.40305966904986 -1.06115907854066 -6.06118317585755 -7.19807881508158 1 2311.52722182799
"1" -0.753685424988572 -1.49458359747394 0.238928235052604 1.08349181132043 0.245445029229364 4.26876078203221 -1.31358418585418 -1.28291970263308 4.84722135127055 -0.654497726310596 0.225513854220714 0.412338389517463 1 -973.444820505058
"1" -0.346927961767348 -1.10524219552392 0.339075082052923 1.00931731274365 0.327841030753543 2.84382414829774 -16.1763374635213 -13.4673057638769 4.28645332015689 -8.29301812549504 0.837038118432554 -8.04780226919969 1 -692.253241428472
"1" -0.3313874498671 -0.918136454102409 0.277207043203503 1.0934694083894 0.285712903268491 2.94188111984784 -3.06544542289559 -2.65553157505953 4.4026828044873 -1.67874611725729 0.664890313880108 -1.44276882355583 1 -605.16845762622
"1" -12.3279967387686 -1.64454207548467 1.28038817567557 1.17385060495127 3.13371983787049 3.10784392225996 7.65397098867404 -14.6302967140171 -12.3059343395172 -7.55701416384692 -8.03648270934662 4.56614412266205 1 1953.94805076997
"1" -0.26874150554251 -0.96528440406703 0.114155990217266 1.32178874672059 3.18986152272666 3.49651108868523 -1.56746987860688 -1.53486915240662 3.05621754650705 -0.802599026815427 0.390218675443884 0.125013728839961 1 1881.44871031283
"1" -0.0988808985181479 -0.975116436061703 0.29543814608915 0.98032783612693 0.360123647712546 3.0122361290312 -2.34535362403558 -2.16849669781718 4.34492490318583 -0.702881984008221 0.605384946985456 0.987205181674217 1 -605.724176429503
"1" -12.412822369674 -1.58230803916521 1.18158801420278 1.13356608253195 2.91810176804666 2.98861967135053 7.76867948666244 -10.2269109405416 -13.3535876006744 -6.15786916843794 -8.62567143689288 -2.13353625309092 1 2021.21225975034
"1" -1.72604799579653 -1.28362929761776 1.14321013101233 1.3419455502862 3.07491144842386 3.33206983927659 -5.50641847356954 -2.51408560303364 -0.824815481552519 -1.30025225723251 -7.21519702092368 -8.36742276605866 1 2403.98121814927
"1" -10.129980493619 -1.43319516708931 0.999442144763879 0.986370108418174 2.57568451305645 2.6962361682717 6.58207917384794 -11.2099928558861 -9.63910443002747 -4.11749481002301 -10.0231641809528 -0.108534744085796 1 2106.60004648598
"1" -0.495698199236908 -1.11488934866227 0.414922068633642 0.917221718608624 2.15038924508381 2.96402263548766 -2.1958579315053 -2.01520638240571 3.43899272136937 -1.70315247130847 0.485193990255844 -0.0691665688385955 1 1584.51327977611
"1" -0.421476975267983 -0.770679284723123 0.178534030374806 0.84420977785284 3.02596685271936 2.85210330903807 -3.1246220128101 -2.2005653910158 3.28527278405121 -1.61911271475294 1.09741717162586 0.058366859242594 1 1867.77269135381
"1" -1.03059031287421 -0.824468259453787 0.417752030608059 0.801829089635858 0.382430859999661 3.03412795791973 -3.37414843526233 -4.21540226625842 4.62477307959665 -2.37584875939492 -0.191975346016508 -3.31263887373397 1 -159.027393714037
"1" -0.219619057116252 -1.09573154313103 0.216946313105331 0.864578614610196 0.235340399929798 3.04730882581293 -3.66752830102598 -2.6093133100257 4.63936579795558 -2.3056245506018 0.990629807879359 -0.507628537308589 1 -1113.82657413487
"1" -0.0560015592609607 -1.12400721609072 0.253496067776654 0.559047645061133 0.240065371184445 2.13691522227164 -3.61157250499176 -2.86231652397108 4.41454866895551 -1.66256522756829 0.511078591498725 -0.131498197777423 1 -1351.67491029218
"1" -0.50126223601388 -1.45593685434787 0.159041840769468 0.772825975960231 2.75540429447392 3.09200045508637 -2.70096136428899 -2.61725086133892 3.21251040516312 -2.39604356899816 0.459891411876689 0.254516851179271 1 1684.542565346
"1" -12.3859251972815 -1.55676092053638 1.79696634136181 1.00320025707698 4.83978419481721 2.89500144216777 7.72553032075191 -5.6296558498523 0.652533510441383 -3.93134253605315 -3.66028474165865 7.83730611266086 1 1966.58103018312
"1" -0.288774246428456 -1.32172143261276 0.183478752957183 1.10175733528387 2.89240331397282 3.07470439557409 -2.88884202885618 -2.20077134966588 3.06430266973554 -1.80953676497614 0.899779364219397 -1.81475104132089 1 1730.01226682883
"1" -9.91869773673519 -1.42375742965921 0.917081105294588 0.679943734469006 2.18638785767989 2.21968049326583 6.5200476867107 -30.0205665601015 -20.9601446175725 -20.5136134428678 -10.7221183811002 -4.90048304402946 1 2012.80658854802
"1" -0.705966554292759 -1.12284631660657 0.0399604718059821 1.14935194758739 3.20163893132295 2.95575095676436 -2.72834097281228 -2.83745629154197 3.36542426044358 -1.44167717727451 0.634549977933951 1.72264324855993 1 1667.36070214518
"1" -0.171456780737133 -1.27337114122495 0.322362962596053 1.16228402385563 0.316636393761563 3.19498646841529 -2.30625291590031 -1.94128756467234 4.19697693485513 -1.20990555619332 0.617780791173952 -0.266577648792852 1 -1002.01138646469
"1" -12.3136765669949 -0.277641767250009 3.20360983756472 0.234678531722664 6.82191226953396 0.260178614735188 7.687827785272 -6.49805322158985 1.31710877536079 4.47656532093819 -1.80160280219532 -2.20889138039155 1 -1452.30180751247
"1" -1.64988271021039 -1.36147736433411 0.973300530922551 1.0171303005802 2.91640259133454 2.95132490008523 -11.3940840170729 -9.24105152605162 -0.990363594437549 -3.33589589582042 1.2098978566811 6.78974404872999 1 2333.59056133954
"1" -12.2850702786459 -1.46199000289726 1.06302860634013 1.02491154862454 2.7247851704282 2.7503547929555 7.71815252674755 -5.6171711243917 -3.74376238582442 -5.73191373564638 -4.02053083162021 0.606049980745903 1 2075.90877435511
"1" -1.07184536232303 -1.15215018810235 0.227994477699739 0.892892245908094 3.04533879362027 2.74856584150481 -18.250813512717 -6.55500308872863 3.71273641664018 -10.8327534086985 1.8302948880464 -9.18076138721258 1 1893.31398179864
"1" -4.11100679845875 -1.59373751154543 0.850226933541004 1.38964874289897 2.29713639012651 3.69084365312048 3.46619940462265 0.53618323096953 -32.9441621834073 1.30770956333504 -22.5001022813655 -2.93817352998575 1 1224.20275835398
