"1" 3.02371619666088 2.57992648162695 2.53102713674524 4.03185486659749 5.04399441314703 9.97349209034277 -0.0374542844667492 -0.534212914477963 -0.399303178991811 -0.0992859888292791 0.218426844355398 -0.602438707048518 0.348584092728627 0.35856919734963 -0.452372892980462 0.135634145580202 1 5774.60403945834
"1" 2.95502120701203 2.6433347901291 2.59420401196386 4.02902951650941 4.98272665294231 10.0011432689156 -0.042055936356483 -0.531941854628457 -0.377610494786501 -0.152538272193312 0.215891790939996 -0.569887302362962 0.374481641970005 0.328766737619857 -0.470961079196528 0.154728851542457 1 5655.12516674263
"1" 3.00434545685321 2.59535344261932 2.49701358965961 4.03713627198124 5.0728149659208 9.97911170393557 -0.0217757281678693 -0.525918561796975 -0.407151605952965 -0.108088325751617 0.185279981429819 -0.604091928455198 0.329811374398935 0.360283991249492 -0.438563212495221 0.194954762366834 1 5689.05002003258
"1" 3.02421181122655 2.63046861917873 2.58122952381136 4.05018584819651 4.96189531800284 9.99009727377766 -0.0692371441147125 -0.565215643126884 -0.267222425643274 -0.140417875799803 0.310034564137394 -0.591029242829485 0.347754359676599 0.367834546641596 -0.465784267507594 0.0185331055579706 1 5935.16516509862
"1" 3.03087259545215 2.57080305817112 2.50547562681579 4.06222344318471 4.96955429277924 9.99990935170801 -0.030513982862325 -0.530713423060993 -0.309634128534922 -0.194582619951022 0.20114008714859 -0.597603372796433 0.342325991701413 0.355408830085272 -0.447490287989317 0.170506748372443 1 5754.50641381369
"1" 2.99094151049431 2.61420524202402 2.52058023692736 3.95876250110905 5.02108479858829 10.026230868157 -0.0215637253430844 -0.520523575093253 -0.375174840573788 -0.152547704190043 0.182831720812889 -0.582318398953422 0.375303063516147 0.340307264275559 -0.472718733078431 0.165744274401113 1 5796.68838433325
"1" 2.99409271218183 2.61863006822178 2.51141795141945 4.09405270476334 5.03655901518788 9.96400751011555 -0.0458344748548691 -0.539446862374881 -0.384389491914937 -0.127587137158654 0.222346445712259 -0.60153807607867 0.328719474083958 0.358444274597495 -0.436474129851054 0.163407862953669 1 5885.20678687871
"1" 3.04823840091602 2.54980719444647 2.58819026399084 4.12234049613611 5.06612966745614 9.93306470173905 -0.0403787859068307 -0.53972550108601 -0.420033451685876 -0.114855108358785 0.228977166525289 -0.619189942641011 0.311077636837713 0.37564157748414 -0.423903016509418 0.150460285183704 1 5678.0318402276
"1" 2.97145545846339 2.63881168421771 2.52743619951465 3.98602218153337 5.0467622244436 10.009849442487 -0.0226376749521945 -0.52158013385856 -0.390544370036864 -0.116035390589539 0.178280532173026 -0.587217869215865 0.360551512688612 0.345466263428412 -0.461536169835129 0.18377881361281 1 5923.34406647468
"1" 3.08032664062405 2.52346830120084 2.44107951935543 4.01795321593766 4.98076386568018 9.97760339369354 -0.0209507879740186 -0.52561326979754 -0.28613344145918 -0.0851290437544802 0.189003786901032 -0.608840111471661 0.33971295755627 0.365061368479912 -0.444452483547632 0.169270979336439 1 5857.37154792837
"1" 3.0260848680571 2.57329892055968 2.53832996923581 3.97577311930381 5.02703254368697 9.99305759613232 -0.0203757654657412 -0.522415060532882 -0.387291013990778 -0.0840236175472257 0.179991529524698 -0.58722760705677 0.35545640358496 0.345826950221934 -0.457637674094741 0.189392695087816 1 5698.56707956782
"1" 2.96714087026809 2.64497721238782 2.53189613331457 4.05670227875032 4.95620094727509 9.97653221173732 -0.0379196040845047 -0.532769014582386 -0.326537992745377 -0.122813824011332 0.20484637399217 -0.593261452598078 0.343126628784456 0.350798488578762 -0.446542921925932 0.174658119645803 1 5942.08979604731
"1" 2.98124526144257 2.63652573308384 2.50569730518846 4.03907347564837 4.8997535818469 10.0074820482852 -0.111415477325304 -0.55655439033799 -0.162395779796449 -0.1584353402491 0.353796780137056 -0.620283923413591 0.35675057627474 0.350060986693906 -0.432570547085002 -0.0287436940346457 1 5817.81954000275
"1" 3.02006496235779 2.57562367121789 2.52135897993975 4.05702742070346 4.95957697809102 10.0263596933281 -0.0316599891138822 -0.531199863391866 -0.308524107249611 -0.23979940866967 0.207116578544739 -0.601946699986194 0.338469683582495 0.359708138691965 -0.443520582638407 0.163257538857858 1 5614.5533006515
"1" 2.99374852839811 2.61010495289381 2.49778103839176 3.97898826446966 4.95033269121306 9.9778451595854 -0.0381411253106116 -0.534752570172085 -0.296527325013999 -0.0523906984027166 0.21768797629453 -0.604166395843732 0.337313567404206 0.362210567644955 -0.446323722940912 0.1467301535725 1 5819.96520387833
"1" 2.99177308774721 2.59892386180195 2.5286036712398 4.00898423507521 4.94879708937848 9.98129811914753 -0.0337086792089083 -0.530500150517101 -0.295228547187088 -0.0934874974553994 0.208127183611486 -0.586224155832461 0.353025546680645 0.345291654140123 -0.455509934915493 0.1661314833288 1 5595.53388395321
"1" 3.01070695302202 2.59057362930019 2.55707324505838 3.9467773009443 5.01131180165967 10.014183788815 -0.0166089974809645 -0.518369797951611 -0.381805893380274 -0.0941586597524013 0.171860795491515 -0.580125206195807 0.368694781425819 0.3400529091292 -0.468044043236489 0.188333614046083 1 5731.29509147813
"1" 3.03260418714388 2.56502896642116 2.50880760615746 3.99515817923706 5.01634426479792 10.022994487642 -0.0261497670116154 -0.525917976562602 -0.361831280104211 -0.172737808619836 0.190973694503854 -0.587198888317408 0.35547414955979 0.344427614060563 -0.45810000473919 0.179349594090274 1 5642.41251600943
"1" 3.0198226591339 2.58598269306116 2.52194175657769 4.04959284123563 4.99187866340752 9.9686831505766 -0.0378200687640338 -0.534540963545077 -0.337755292019967 -0.100373709483835 0.210940588522107 -0.593910285948503 0.340869923497672 0.349771742020024 -0.447135287462368 0.17043342209737 1 5816.74374569325
"1" 3.0914573356564 2.51566885048147 2.53095985205286 4.01592755081857 5.05955598295736 9.98231514686012 -0.0251524139887143 -0.528504371455752 -0.415443435664386 -0.0867578167313585 0.188360386327721 -0.601975905638762 0.332556815734918 0.358117804430141 -0.440967521623725 0.191303053255558 1 5875.11954178292
"1" 3.09804113467319 2.50651342685227 2.48733701125095 4.04213165188898 4.98095718906847 10.0042432542381 -0.0239680176013885 -0.527540762484246 -0.317086600325951 -0.158216118190905 0.18698465145211 -0.598042734104442 0.33955028196451 0.355104391273923 -0.444706828839182 0.189479629498405 1 5849.21129404376
"1" 3.09299658072689 2.49997157898283 2.44440101790405 4.01572387317525 5.07107223327525 9.98523373419522 -0.00856282473521935 -0.51995175557095 -0.385169145479686 -0.101322890951717 0.172187245302349 -0.613954208793188 0.33277842233365 0.369147028336448 -0.440761052301689 0.187303756459628 1 5557.05762246458
"1" 3.04538098043215 2.56307084339046 2.53633579430989 4.09410157751835 4.97330747893622 10.0034147557815 -0.0363115025757811 -0.532838186048851 -0.329098166460447 -0.207847818948912 0.209414726258368 -0.589937811750258 0.35461305912457 0.347880109228223 -0.455297890650703 0.157938179671634 1 5838.11711221775
"1" 2.99373221828108 2.61374289850824 2.4696103682044 4.00621581311113 5.03265024745847 10.0138433794853 -0.0278961329298467 -0.526651170870552 -0.358143004767372 -0.157346651102051 0.190106389828834 -0.592159612883437 0.349965771083534 0.347692347633349 -0.453161331172407 0.182009038219393 1 5857.23536659206
"1" 3.00160730341879 2.59680319432699 2.4535910143046 3.99784686570937 5.02830678796106 9.97851249821749 -0.0278013767552391 -0.527877894287895 -0.342784429035323 -0.0672585035134815 0.197178278236495 -0.595219871017997 0.34660501554098 0.352272476019754 -0.451403378624151 0.172511777204445 1 5722.08207955135
"1" 3.03665093815931 2.56446664911627 2.52212352399825 4.03227901290112 5.02731578106956 10.016516954201 -0.0222418980546729 -0.523486078436683 -0.375849430436027 -0.18096349814411 0.182621798068509 -0.590654020970718 0.353473134886695 0.348116371177118 -0.454802525994162 0.185872366331888 1 5695.21503115519
"1" 3.06625718389442 2.53789781927721 2.49747482204071 3.97396827725196 4.96201528137425 9.99392148330794 -0.0332254248797191 -0.530802572232554 -0.300464409269403 -0.0743824534320635 0.199085899632568 -0.584266484007817 0.351321525351397 0.343119924398339 -0.455555360825959 0.180596118236137 1 5872.54327983331
"1" 2.93957993901086 2.66813817153369 2.50661491862927 4.04874688486861 4.92905836086374 9.98454049135756 -0.0791470577611888 -0.537093257678425 -0.182955546242243 -0.153921740653161 0.329212940546776 -0.613551070092173 0.367377194002388 0.356482994769524 -0.454377688564592 -0.0261979102023191 1 5755.84194479614
"1" 3.03063651513793 2.57245252056983 2.52199480141692 4.0178917859237 5.08384442352144 9.97933906377931 -0.0294020493815237 -0.530454583432734 -0.427178744654858 -0.0753822706206558 0.197591113186509 -0.606637971418698 0.326990331053656 0.362452873980541 -0.436087835076634 0.182850714997816 1 5750.88933838447
"1" 3.03212362050286 2.57772618605138 2.54004413669481 4.02118388522824 4.96795467635839 9.96771470699057 -0.0301160483768561 -0.529912222649949 -0.308391155987943 -0.0741602487168459 0.203351235998716 -0.601193473542782 0.346917011393904 0.359553343632823 -0.452356818352962 0.153290628189065 1 5901.90591621746
"1" 3.05071092541213 2.54765806844544 2.56076153099739 4.00482504753377 4.97726283651353 9.96490036996062 -0.0286516193300209 -0.528513344391466 -0.348803943287058 -0.0378876506369232 0.190798289133152 -0.585516494805494 0.345681872857287 0.344001330569991 -0.450243529452678 0.196398581460253 1 5719.77587754193
"1" 2.96016324246128 2.62902313456677 2.52630992163025 4.11349298900765 4.93151618295017 9.95862474332286 -0.0463649192612734 -0.503697895216922 -0.2598538024054 -0.262949885575417 0.28946625627609 -0.606840495064301 0.459568085835168 0.33141121037688 -0.501830333935985 -0.0790571016822716 1 5690.03086339408
"1" 3.01594986919688 2.58405772149191 2.56228210888891 4.14311680420531 4.92519331585129 9.9736463048388 -0.0455569767649001 -0.539994678802219 -0.295009759745297 -0.21907160219173 0.222909239478221 -0.593342931228687 0.33686497802372 0.352809042793467 -0.440789493226553 0.164244430000371 1 5705.29854457675
"1" 3.02221233736077 2.58024519974919 2.46854174269292 4.06996101806751 5.08829496833009 9.97234671628494 -0.0208676624360521 -0.52590531147995 -0.397942330412466 -0.121249554506504 0.185949943662521 -0.609004584866495 0.331757316239921 0.363788457968993 -0.439694477434731 0.184308486241273 1 5751.11524664509
"1" 2.98025893727488 2.60967106117444 2.54508053435677 4.06686721601242 4.9662284836941 9.97617939599777 -0.0542208195127657 -0.545961526255749 -0.295351173317019 -0.141917738117225 0.244144044037665 -0.591764041726139 0.32441718840911 0.35070279845557 -0.43544673523751 0.161050870402275 1 5598.76198082176
"1" 3.02242322090752 2.5836805117233 2.48758567377633 4.0168331637269 5.03285612518022 10.0101193427373 -0.0178756999964277 -0.520664044037741 -0.356563666127078 -0.147624683796133 0.174210497650347 -0.591211739904786 0.35585616479136 0.349038412018396 -0.45678003042413 0.189230528915066 1 5828.84086785314
"1" 2.96966029372708 2.63566944990968 2.56910256523588 4.03938344602974 4.9919151849039 9.98112257533218 -0.0583633964695401 -0.54452523596503 -0.354757372154793 -0.111699244634618 0.242663286877279 -0.591328120095267 0.333227847938748 0.349591520291621 -0.440229253379377 0.151909668336866 1 5760.52440790951
"1" 3.00995248395064 2.59589989503482 2.50176544157643 4.07862360369676 5.02210873881336 9.96971796136642 -0.0242767730863785 -0.527525078232667 -0.356745503591986 -0.127768738298925 0.191521027428503 -0.603101758222216 0.338334060581349 0.359470634807848 -0.443327873531241 0.17882172440251 1 5821.10684330907
"1" 3.02235517488457 2.58913988992967 2.57996899612223 3.95165164026253 4.97759069188358 9.97585672305213 -0.0566995099007052 -0.545700516094994 -0.294473267469546 -0.0658852962372246 0.281541583827517 -0.612920855509676 0.328468109004137 0.379894439941938 -0.445429559183475 0.0572529858399331 1 5825.03191033118
"1" 3.0249783578513 2.57896916868548 2.54404064022443 4.01429521821268 4.98862832744481 10.0130477105676 -0.0216191541968869 -0.523936450454452 -0.344318968824732 -0.15032939810045 0.18152078456871 -0.593088189837184 0.346342375660879 0.352230599026772 -0.450300724122687 0.191172307890721 1 5776.14219037372
"1" 3.04213984854133 2.54686979974445 2.42312552963411 3.95766161680852 5.06269178699223 10.0172254072573 -0.015574900066588 -0.520860125296244 -0.356310841965525 -0.111730632708069 0.183321151120519 -0.601252824486405 0.35489157460141 0.356352622154532 -0.457309119935989 0.165708075709663 1 5447.58401056767
"1" 3.00810616904481 2.59720707104293 2.51216397652813 4.05066144491071 4.98884759220237 9.95458823273409 -0.0349029730146168 -0.533689005680658 -0.325186390046174 -0.060427504318892 0.211062163803194 -0.599277236477162 0.339207982456384 0.357079790346944 -0.445515780146644 0.161655365145716 1 5828.13920868104
"1" 3.02070567255385 2.57466501018455 2.46699247366823 4.02269311086002 5.06982624661291 9.98723246784519 -0.0231506451453509 -0.524883329488507 -0.397559924814584 -0.118052010544505 0.189332097661899 -0.598970769083568 0.345448656942638 0.354443770945351 -0.448877564264551 0.17836222904165 1 5595.3805871918
"1" 3.01103266709707 2.58456406780754 2.51447879035247 4.05495512961174 4.99570546546643 9.9632290181884 -0.039996825609925 -0.536640887651147 -0.333810607001083 -0.0980748410492365 0.219293227725307 -0.596293803568451 0.336412763678936 0.353421042802362 -0.442541083557032 0.16398690823436 1 5669.00480915247
"1" 3.10027844463334 2.50251770846216 2.50008957761458 3.93980788994031 5.01516584103512 9.99452353918808 -0.0235568738678058 -0.525624072271176 -0.359462474434907 -0.0485489211541315 0.182798982218864 -0.587044304094526 0.350020079271122 0.344222491869393 -0.45424905581354 0.195804106280331 1 5854.90603973412
"1" 3.02697443319469 2.57529556323496 2.49373510814308 4.08656383621951 5.00075308973078 9.96151763036756 -0.0382856450973046 -0.536447217314648 -0.322288975534681 -0.119623361109017 0.215068445272593 -0.605075606293034 0.32777671571769 0.361206764679254 -0.435334354135811 0.167145819411663 1 5775.3662043187
"1" 3.04537131479121 2.55417690066803 2.51025434814621 4.04907767086819 5.03625247017623 9.93510282106019 -0.0324834764919444 -0.534091590865493 -0.360985813734154 -0.0171097635228625 0.204267016733899 -0.598171967608879 0.329846121360471 0.354831343728198 -0.436663681350425 0.187287985673784 1 5751.26236023445
"1" 3.0423075915199 2.56252620367084 2.45016060100399 4.0303031664126 5.02899446442194 9.95190678414514 -0.0171870893551149 -0.523494716269681 -0.354943468453418 -0.0361350128916012 0.173903049422153 -0.606398814426395 0.326840069174671 0.362292840041102 -0.435613535699851 0.207374645161613 1 5933.41454029523
"1" 2.99772452207084 2.6062471294184 2.59416481288674 4.06151546850831 4.99654619089755 9.96616021509003 -0.0442329324803941 -0.538553605330151 -0.373339554886297 -0.120473169290111 0.224266335482158 -0.601340720628625 0.331906870911385 0.358781730692599 -0.439058850097562 0.156202967107952 1 5759.6447227443
"1" 3.00855478889729 2.60534462261754 2.54721011378326 4.02999613627932 5.01474309071364 10.0101821457408 -0.0423082972703905 -0.534423079562769 -0.375271124268939 -0.174504970882003 0.204473562009872 -0.578687205828575 0.347848944844568 0.337033201167944 -0.450858487669244 0.192327806413759 1 5946.1395529458
"1" 2.97912131121305 2.6025356814006 2.52480605596938 4.02364070584264 4.93381574770172 9.92224674065673 -0.0612552601941516 -0.55623714241079 -0.252951123668074 0.0176039867930222 0.289346456477471 -0.58933306180264 0.341368132746854 0.363741725181703 -0.459864798435624 0.0618241462551498 1 5623.87900804279
"1" 2.98354972964369 2.61587241170413 2.53871046286321 3.97207113532287 4.98983433169889 10.00678799786 -0.0276821531100363 -0.524738061683022 -0.350753103723966 -0.102575639108953 0.188658565678475 -0.577489978722904 0.364238535279589 0.336416331497304 -0.464315387564972 0.184074512456165 1 5691.93616765524
"1" 3.014284960202 2.62282217085673 2.55174856291399 4.0631246833966 4.95302011686389 9.9365039910555 -0.0312883217390041 -0.522834967511361 -0.236424512399775 -0.0731064842862777 0.259212757711404 -0.669974274509988 0.342693035707952 0.410720867112073 -0.429472767018825 -0.00225245480929703 1 5926.13518437788
"1" 3.01067100535512 2.58443480224053 2.58316830651723 4.0550253410287 5.04069466637654 9.96197872211626 -0.0274616319535878 -0.528809646576835 -0.415889551579572 -0.0858608091556919 0.194686286024948 -0.599581878656672 0.331873341499978 0.357549648289291 -0.439197303507968 0.189445248926511 1 5594.64636484608
"1" 3.07128692342095 2.53138530291541 2.44216128134903 3.97719487721327 4.97299756494158 9.99929786060048 -0.0228851988974741 -0.525578957661781 -0.269096488648982 -0.102233130219489 0.186775563087061 -0.58621368643368 0.357742382803409 0.344089422333959 -0.458733482229797 0.182108322698077 1 5827.02473463368
"1" 2.97044216851824 2.63428558609403 2.55761628582542 4.05013524116203 4.96892429782764 9.99232138428495 -0.0446692516338637 -0.536883589310565 -0.331354221163097 -0.143561083117331 0.209193067829968 -0.577944734428247 0.335940498604328 0.337177362267616 -0.443184908264003 0.205187948211204 1 5770.70456878183
"1" 2.97481223379677 2.63651356789467 2.51240384167947 3.97667800197091 4.98653285291796 9.99593654627737 -0.0263556496139732 -0.524940761709678 -0.332348293294613 -0.0897717407350916 0.179517462083021 -0.583135031524326 0.350682965671276 0.341046937488483 -0.454211037992086 0.204542088783503 1 5980.38757545265
"1" 3.06285340906984 2.54113142460776 2.4696561897349 4.01835594853732 5.02512679751466 9.97409898935583 -0.0239254730556161 -0.526537689663667 -0.345756136980464 -0.0841342423808495 0.188626528473489 -0.59118911607768 0.351919565806794 0.348041875525433 -0.453678353965658 0.181779888132245 1 5844.92155373753
"1" 2.98333212814241 2.62677554717509 2.57240233167777 4.06435998743219 4.95188110870467 9.93871716661508 -0.0550992775010265 -0.543885809479671 -0.329524922977862 -0.0738448801584614 0.238205311531791 -0.589126680438845 0.335704929949301 0.348215980781345 -0.442442073507401 0.155839065906184 1 5837.34808274073
"1" 3.00620600699408 2.59095147671199 2.53671733293268 4.02305464154419 4.98466913183122 9.99574839908001 -0.0298865169007199 -0.529052290654926 -0.33986497879425 -0.142049626448136 0.195382360839265 -0.587744873619315 0.34394440261207 0.34655467479018 -0.449808729120527 0.189548658316593 1 5656.98482947249
"1" 2.99681619223389 2.60879768051701 2.56037701088125 4.0346746639819 5.00885915500557 10.0176608613259 -0.0326794976394323 -0.528990093929344 -0.381587656367131 -0.190754870985438 0.197077482571751 -0.577459470478648 0.361177903363711 0.335663784047592 -0.461245770379388 0.181552127808863 1 5760.99340798314
"1" 2.98136178243885 2.62303564547047 2.58170436603511 4.02892746626024 5.05102692473135 9.98890272432532 -0.0417788701877283 -0.535479145999798 -0.433556737840339 -0.13132464882214 0.215073033940533 -0.595428829360695 0.337537268749557 0.353117774392093 -0.444383399126393 0.166935900057599 1 5744.62858478865
"1" 2.97126673755814 2.63266930582251 2.5556980063086 4.03335045628801 4.96891222331687 9.99083155697065 -0.0434390373852641 -0.534992354099515 -0.316404074377462 -0.131720009264067 0.214796889251245 -0.580068841135442 0.351669818351241 0.338098639731098 -0.454867635190501 0.172918254600239 1 5762.15018598029
"1" 3.05268952277637 2.54643266182211 2.5092404886314 4.04090044639314 4.9942327106058 9.97672374528444 -0.0304329983649 -0.532212199107459 -0.330620504517102 -0.10098798807161 0.202738773166511 -0.603144439576708 0.328338477896493 0.359995426174203 -0.436061450706484 0.18163159450584 1 5732.61088683256
"1" 3.00555779771157 2.60485482356495 2.5309317934964 4.06636281853579 4.94283830821505 9.94934943143998 -0.0437623859371127 -0.538185354749921 -0.303844959169168 -0.0632226533955261 0.213376104406538 -0.588888182404126 0.332356244779048 0.346316207278649 -0.440091640445132 0.188883441618652 1 5908.36270800098
"1" 2.99846309539618 2.59571495111 2.55383114337886 4.00788966231547 5.02335237674326 10.0031460599648 -0.0288250228423324 -0.527801271550688 -0.384183772153967 -0.132875838728696 0.194195675169461 -0.587882217617206 0.347294119572154 0.346430694622939 -0.451886557149897 0.186043323493305 1 5554.04783206407
"1" 3.03440135906143 2.56937635746513 2.54277033749647 4.02222654374455 5.03463722503322 9.996659522425 -0.0333944119990526 -0.531124793437836 -0.394773765474717 -0.152521122424573 0.20251509005526 -0.592588039749358 0.344576737204833 0.350793367063258 -0.449902266491534 0.173665629443487 1 5754.50163542286
"1" 3.00870159830739 2.59387687533236 2.53074299648223 4.05795106774291 5.01696283696785 10.0095827713902 -0.0273281480688849 -0.528554482925756 -0.359370370547101 -0.198300488370438 0.195085490798484 -0.60488323275145 0.331852318115312 0.363125194223621 -0.4387980564682 0.179701481101364 1 5714.86570087041
"1" 3.00158147662037 2.60217726128463 2.48881984592827 3.93473977561288 5.05912422162631 10.0246137809279 -0.0129677136285178 -0.517445695829704 -0.406512810563342 -0.103911289187833 0.167797813651306 -0.592903429164847 0.358107507138634 0.349799740885815 -0.460385548794994 0.188700265064894 1 5806.04754534599
"1" 3.01254577334667 2.58052792147625 2.52993968302696 4.04395801964775 4.99633640452939 9.99889470195157 -0.0270100808931459 -0.526994064920889 -0.342130437471008 -0.147604285484324 0.197443489427673 -0.590976801851987 0.353592375692107 0.347660463293372 -0.456129818208012 0.169936462011155 1 5587.71782712485
"1" 3.00361677617778 2.59442333773822 2.50916713413003 4.04286554462743 5.01113212406065 9.97409523007215 -0.034864928189945 -0.53302004891985 -0.348720378411355 -0.0903060332134546 0.202237840476886 -0.593007276768928 0.331390714076845 0.350536235920966 -0.438795168897686 0.194657939977628 1 5678.32477265654
"1" 2.99114428665372 2.60057478275048 2.53284397347658 4.06313918523215 5.01977878881298 10.0028603286819 -0.0316568211769523 -0.529679887185922 -0.365174415664063 -0.201841143983191 0.200941492604107 -0.587938460544919 0.345135790114581 0.344415148128577 -0.449398890712397 0.184978128187289 1 5529.10861272832
"1" 2.97109732265158 2.62143835523695 2.55407052351541 4.0376058004283 5.01186075300057 9.97782501350272 -0.0276650219635023 -0.527365403876566 -0.370306678100692 -0.103860363968521 0.19715505423813 -0.588048275594631 0.351090195947832 0.346625766834941 -0.45264791178637 0.178634590436262 1 5571.26918791228
"1" 3.00774112580421 2.58730255160004 2.50835954804927 4.03958505545543 5.03754853501673 9.98078061891544 -0.0368765535416506 -0.532425446668619 -0.353024321583743 -0.103607967684457 0.21332133570351 -0.590289745044777 0.352593818656878 0.34789302839381 -0.454605491140389 0.15597732611484 1 5619.32335268937
"1" 3.00947896070352 2.58522054366681 2.47680084674002 4.04024945543061 4.98035506011594 9.97862613819744 -0.0393929731409524 -0.534370069559257 -0.299380832579848 -0.121449155886806 0.222204220435937 -0.593237752509235 0.356429763421197 0.348394959826547 -0.456052814292652 0.138852288588169 1 5673.00772317836
"1" 2.95974344950863 2.63763799992507 2.45875913079383 4.03895750575549 5.03646438989971 9.98931030622846 -0.0220529547077664 -0.5246014176337 -0.350299240776402 -0.146742558077197 0.186336034721774 -0.606141768953729 0.330577087969782 0.362192059643668 -0.438275659930781 0.189940757319883 1 5642.84011737034
"1" 3.04505154922328 2.55462477937408 2.46979567455595 4.00917711905879 5.03912553974684 9.99672867318665 -0.0204194363433009 -0.523873002025055 -0.348404140503921 -0.109766655674246 0.188057714969154 -0.601327313479461 0.350686401408039 0.356855732066228 -0.454259431821658 0.166548100654954 1 5732.96053516131
"1" 3.06149957476275 2.5478385831676 2.51726870806686 4.00538553150369 5.03807393407393 10.0017816342167 -0.0245813676431923 -0.527004773081145 -0.376996432777486 -0.121041289784287 0.185258820618056 -0.595291676276938 0.340279738199041 0.352391033514327 -0.445962183841835 0.194354458280008 1 5902.84592689207
"1" 3.04231958135599 2.54294975947192 2.61935349949164 4.00197456453721 5.09264879996073 9.96753520491245 -0.0304813783204854 -0.532659023596463 -0.477836384062964 -0.0477476050630361 0.211335524485185 -0.606387484291835 0.325643591399339 0.364500063098772 -0.435488323202858 0.168628221406071 1 5456.6407162801
"1" 2.98571873115007 2.61781247706158 2.54727332413216 3.91762906394662 5.00655048800865 10.0339838310297 -0.0159003692853074 -0.516571529651195 -0.374352603691861 -0.111675014790107 0.169983998097047 -0.58154608098242 0.372520937465346 0.340218380265166 -0.470700699574065 0.183360036644822 1 5779.05389967691
"1" 3.02698262072077 2.56856097528704 2.53209762958541 4.09508059810655 5.007613315226 9.9752108149507 -0.0410876594642922 -0.537914721090363 -0.356618484916866 -0.154034610462678 0.215713228376882 -0.592497474163 0.328441141970396 0.350461747879372 -0.436876140613699 0.185653751257134 1 5629.36493891428
"1" 2.94930712970083 2.64583113409349 2.51709406998363 4.10132353322237 5.08057461869663 9.95192340861169 -0.0345790746070037 -0.533836381321484 -0.412498632787068 -0.107829738518963 0.208187332132587 -0.607174873698708 0.316674791854711 0.362896721823983 -0.427994757301698 0.186854299903925 1 5593.18605978127
"1" 3.03832449606868 2.55802776767026 2.45890463761064 4.03058200288952 4.99514500370958 9.99927976591748 -0.0182904172528547 -0.523157151981357 -0.30974622461708 -0.136245597795852 0.180485753685932 -0.595525963222764 0.345026790872645 0.352589999788777 -0.448931950346868 0.192112711094627 1 5660.95932062835
"1" 3.0466621526355 2.55054426936591 2.56112469919842 4.08564633664631 4.9868769479697 9.97182813302367 -0.0386582370037689 -0.535232200386522 -0.336159155088618 -0.131240780107146 0.212109248872908 -0.586950484912455 0.346105004789559 0.34502760466488 -0.450230506626688 0.172254990837248 1 5672.82093996857
"1" 3.01171441624624 2.61010179033507 2.51854560319663 4.06199367000099 4.99390797335799 9.99772851539547 -0.0389167029367572 -0.533075697057141 -0.335577895214571 -0.181599842800402 0.203887784668669 -0.58797888425523 0.352997869218079 0.344776833519499 -0.454971766039837 0.169960325972674 1 6056.76938003287
"1" 3.00654325946213 2.59631696185637 2.51230547513688 4.02842940007276 4.97512263611438 9.9688136411931 -0.0355550345186351 -0.533324660035632 -0.318711307808285 -0.0771014604023659 0.203834627351024 -0.593936430439788 0.333778193992392 0.350640631766973 -0.441584458724168 0.187790950655548 1 5795.17762608934
"1" 2.9680596537713 2.64384918149366 2.60200643554571 4.06245740584604 4.95779625841932 9.96385223869125 -0.0447739792650798 -0.538303201993459 -0.373968427910352 -0.110372154255367 0.217514531406441 -0.593132538017955 0.336461713504814 0.352253727233771 -0.444289934152048 0.168237614565299 1 5877.84391620169
"1" 2.97533165490579 2.61330058455804 2.56683783048067 4.04517957333048 5.05619427196336 9.97394692355604 -0.0220068574202156 -0.525952826962981 -0.415012574008375 -0.113772176696219 0.192363612304622 -0.605191973762203 0.331482769444762 0.363779663285414 -0.43812740594033 0.18244954842172 1 5477.07757126012
"1" 2.98971348065136 2.61043003781272 2.53634334051427 4.03866093875722 5.0388895810685 10.0042406640134 -0.0248953007413092 -0.525227789915234 -0.388795170061556 -0.160654374660725 0.193590037819374 -0.595792242515091 0.355833207238054 0.352688195788773 -0.457064968622953 0.162435397322251 1 5675.25461076675
"1" 2.9911868580534 2.6152792738349 2.5228569459845 4.09460824474654 4.93971297236752 9.97474352959155 -0.0334234541945573 -0.532236775938907 -0.270006179508033 -0.151904561337977 0.209265491476056 -0.610727780784521 0.334047522026268 0.366358586428991 -0.439337063985746 0.15456670771398 1 5811.57644455438
"1" 3.00150630901695 2.58986173711538 2.53512134482992 4.00987416799854 5.11485041670836 9.82381504665435 -0.169189231039428 -0.509322336135457 -0.318600991807319 0.0465348223516213 0.537514076065677 -0.712438232065383 0.4879647789844 0.290380852935005 -0.417979816499284 -0.581815968775776 1 5720.73719045192
"1" 2.98295851781228 2.65516299118811 2.54738358753401 4.07761949214407 5.11279931764278 9.92880477669735 -0.110614015515569 -0.557094890375852 -0.295446801971142 -0.0920755342915123 0.391515484200069 -0.643943307450853 0.345486526920572 0.376730425899855 -0.437654803836225 -0.137153961597749 1 5826.66036187342
"1" 3.02610943720574 2.58505292728142 2.58999439341963 4.0657524556029 5.03014363112681 10.0059181728041 -0.0407503171146125 -0.534676341989031 -0.397242048315726 -0.187040715238171 0.213152754439954 -0.587910129184333 0.350878490563529 0.346829898213636 -0.451289175108824 0.16337074090831 1 5819.91551635305
"1" 3.03387873992077 2.57204411336788 2.55658954750929 4.02912229179886 5.05593014627285 10.016344715377 -0.0231668005538577 -0.524905218860094 -0.419239049677105 -0.179221879089595 0.184373722630225 -0.591218257688208 0.351692537781356 0.348774352688684 -0.454250727189792 0.18511513791839 1 5776.18855796791
"1" 3.00439643767456 2.59740630947663 2.51167766082782 4.05246097285528 4.96513606777933 9.98387481133101 -0.0269550769453899 -0.527835471240582 -0.30692515575645 -0.147817625642366 0.192858985412903 -0.59778358924943 0.33999829279771 0.355017269202638 -0.444457565791131 0.183647513478145 1 5764.83476497458
"1" 3.04483413528126 2.56466474291735 2.57173103374234 4.01872902724618 5.09056673143225 9.99128222754659 -0.0212238247725013 -0.524202503990064 -0.463367785435887 -0.105504340348864 0.18239190345972 -0.598967334483767 0.346793165740489 0.355654464064195 -0.451012025285948 0.181372848176523 1 5862.60041973627
"1" 2.98788699101973 2.61370415918834 2.570806500071 4.02327211811476 5.02458107075482 9.9923507002541 -0.0275333968471329 -0.528078567231834 -0.384963443916007 -0.114436184315823 0.191179223930923 -0.598430227947245 0.331708576898358 0.357006497643413 -0.439194061030994 0.194594022699983 1 5707.75231787136
"1" 3.09184147353678 2.52077238978779 2.52628392621587 4.03506790172694 4.99930409656831 10.0171150930197 -0.043607880376679 -0.542626038766993 -0.337401566059946 -0.186115796403789 0.237623781731791 -0.604990540289357 0.341033969688851 0.363222289676425 -0.447968313109865 0.118542546367256 1 5871.91700876524
"1" 3.07211736798763 2.53270050736831 2.49982998872048 3.99617197714847 5.00934300486108 10.0222978881682 -0.0215428840994988 -0.524376372097758 -0.351068995365786 -0.163439939041251 0.182145252547798 -0.58748401650596 0.355216722066045 0.344439166773696 -0.457628530655754 0.18853630096573 1 5835.22220359004
"1" 3.03003380249601 2.56612065989152 2.50544567072965 4.02719614239891 5.04237460104412 10.0004921608075 -0.0222508603545687 -0.525586778523505 -0.377950485757918 -0.148759955189715 0.193875978898383 -0.599938413740634 0.351470684021434 0.356830696458033 -0.453544092068132 0.161591585395731 1 5633.33401222454
