"1" -0.718171838880782 -1.14749370743219 0.303553161060823 1.28835581448077 2.94869845452399 3.94661639948768 3.14003281707385 -0.492965916816235 0.0856761513715783 1 865.368176251414
"1" -1.17363727729342 -1.34849366953619 0.685338991693132 0.778177994894811 1.80227192272451 3.38237228056787 3.54459508982839 -0.0766335742842388 -0.0447441396321434 1 722.979706839297
"1" -0.854680270042527 -1.52929800877489 0.396352553794401 1.27200211114674 2.68457107671805 3.42726418391341 3.14255822122014 -0.939116521600448 0.0254280579437061 1 729.12351004238
"1" -1.94047091305096 -1.49270828237228 1.03420968499405 1.40001097913637 3.06580460658074 3.57535330920283 -1.33897535642301 -2.56085949743018 7.27617165049512 0 1050.16710070306
"1" -0.807985884091096 -1.19207360838785 0.343995285321958 1.47843263823222 2.85134560200221 3.9519843818248 3.11796029936516 -0.693139641471164 0.272146258066104 1 805.350767203769
"1" -2.10084797150273 -1.51682305576295 1.02964822578529 1.18864170885855 2.95131777461421 2.89443484988299 -25.0671118422208 -14.1457489229479 -4.67294721830357 0 1003.49801217366
"1" -1.84326180778812 -1.37888298944487 1.09398943673546 1.21618324892914 2.6046895735411 3.10665607810821 -10.5225984034335 -2.6647269006298 -0.64621946856071 0 1126.34798803418
"1" -1.96223524528951 -1.50342108287723 1.08408480394733 1.42558095620112 2.8699143147871 3.3201063637528 -1.45980433428881 -2.2303018572502 -6.83207141279923 1 1043.31445205547
"1" -2.04470158942479 -1.37067951282047 1.1369024616287 1.17397188997884 3.44689623067384 3.26610801224296 -0.884178501220204 -1.51099677341056 12.3756685637887 1 1069.84456441191
"1" -1.41071916782243 -1.23471354730872 0.274166103211627 1.253806237865 3.16364209695237 3.86152881298461 3.52409564487592 -0.566327559780797 -10.1124614534122 1 946.484792478964
"1" -1.25603230419208 -0.999670307529364 0.382634863739164 0.7410431805055 2.89478694243919 2.91919432539743 3.48445356160799 -3.03747714498435 -1.35850122640047 1 829.519626938676
"1" -2.37505449510591 -1.43057174255752 1.144705468025 1.08966014448784 3.40769967864499 3.3646540331691 -0.683576459305819 -0.609730846408178 -7.06243558663503 0 958.294086154944
"1" -0.867020779708083 -1.57594593271117 0.188402723386823 1.63867568723143 3.12276108809858 3.55860724864 3.11104771962483 -1.3456124887611 0.0422748865451031 1 718.15294803316
"1" -0.760834595072284 -1.47205562344279 0.280887423555948 0.701671215862266 3.05411371624857 2.73229847448238 3.04398908998366 -1.80288944369039 0.804870719801982 1 725.971626398165
"1" -1.01977976527207 -1.31759956827682 0.564737016221678 1.49944960574419 2.08842532859626 4.97197831621222 3.38971997861597 -0.867669129632626 -0.00666825569639726 1 611.26354812059
"1" -1.91384159076905 -1.37921554258273 1.02194316721655 1.32455157350039 3.13563800033454 3.07609505020643 -1.1283126041141 -2.07358491825572 6.83746938255487 0 1101.40764013306
"1" -0.807392759363922 -0.855884393895161 -0.134822200275307 0.0969280678727771 4.57887662171153 2.88118842199048 2.33357375930109 3.22659991848527 -7.03685372904228 1 566.846814870368
"1" -0.777634034773357 -1.34007412939492 0.199272958966132 1.12281364400929 3.00992616366857 3.39862458263016 3.08211199677705 -0.533434002158736 -0.0893767144079778 1 768.049463574932
"1" -0.699993387883668 -1.33349003620925 0.329690786753613 1.1703339501038 2.70505259717883 3.24603184300629 3.06549669224231 -0.432315780837484 0.0258548198311165 1 735.201789234855
"1" -1.40944254820197 -1.67681387460132 0.589175618866196 1.55307307549173 1.79347701158638 4.00409242151529 3.70885074949722 -0.423729177359175 -0.0737548133888579 1 546.349278058178
"1" -1.74604822785423 -1.33764347071873 0.486032398239577 1.56970291269803 4.17345994420998 4.51634228920928 2.58310855526654 1.68958625327779 -11.4814982936207 1 1063.92884908462
"1" -2.11285937482606 -1.50156087276105 1.3060032991045 1.13051867648974 3.3904050730007 3.11058465251736 -1.4921813360557 -1.51401500930694 6.98747543675204 0 1004.13223676224
"1" -1.15724890147069 -1.01248446139259 0.421257248838177 -0.105589429205236 2.50326853200565 1.67048126734113 3.50405186329953 -1.25790629814375 -0.332537875685599 1 717.564644405667
"1" -2.4804857552023 -1.76739938957493 1.19425365951401 1.19013775272317 3.2685660708328 3.57077334166784 -1.61862733254459 -1.57845058817147 -7.53712624370412 1 822.173170504967
"1" -0.573485553228462 -1.16478307383545 0.201098996411455 0.352045224892905 3.03942169785922 2.76856688502689 2.93773594313202 0.235477532952462 -0.130762138266314 1 785.160017389341
"1" -0.943829117894294 -0.809486265731535 0.553434235461935 2.35153946613728 0.921250548667889 3.26296125339809 3.59375336341458 -0.000606368434375262 -1.57002654472599 1 628.547629605767
"1" -2.2844785343985 -1.38708372034659 0.864892374006186 1.17535009222368 2.88653840256988 3.17604379388661 -13.0577275912026 -33.4721299277132 -5.98839839259668 0 1008.69770946657
"1" -1.87154392741122 -1.29253313697295 1.03268121058377 1.14642545633137 2.99740541991681 3.29165288340811 -1.07326641814928 -2.78686530046291 -7.18083309084603 0 1142.97466783994
"1" -0.965346584030204 -0.990005412204317 0.65597337334912 1.01690703292771 2.00585268561571 3.34822026727505 3.40977989737069 -0.454422422343904 -0.104155397549426 1 780.918105943691
"1" -2.00610979486296 -0.324383501312689 0.92269970498598 0.200820294453555 3.0114013895695 3.22022103050028 -0.301617922585724 2.66767805718386 -0.00444716435975375 1 765.602318018574
"1" -0.581078813544471 -1.32695228153628 0.56227217807011 1.15435790965041 2.22898182463034 3.32292245099065 3.01948769755421 -0.220553504188174 0.129736025840097 1 718.530166907294
"1" -2.17702365485458 -1.62387769311978 1.37293212670135 1.24397624193683 3.08405506789654 2.86030231271949 -1.7580541942806 -2.31304853614009 5.89052912047902 0 948.158274510398
"1" -1.13540787628703 -1.45391527992719 0.35412777729057 1.59268131305749 2.92603329955475 4.22206237094515 3.35113409955273 -0.830986701481505 0.115185425920476 1 754.821780777325
"1" -1.04815529357277 -1.36026610000197 0.608271351892302 0.988348244461589 2.26170321495248 2.75226663261114 3.36633365474325 -2.80557179448916 2.75151641873832 1 823.076739420291
"1" -1.94912354368686 -1.62542720140752 1.15459239633975 1.14294854049386 2.95599477279351 3.16626204138341 -2.47633770493694 -1.30802724663876 6.30014132041884 0 998.626467946689
"1" -0.786847882276984 -1.45176572833008 0.75068491784697 1.28113015317046 2.04114318503718 3.33951941079897 3.36745952973636 -1.27605934781146 -0.467521664304316 1 742.98228889809
"1" -1.93674068005632 -1.47343283004453 1.17456530485336 1.5712863945999 2.52297703325011 4.0960043072012 -4.71114442289418 -1.43266652131621 5.76290127790392 0 1063.9466620964
"1" -1.65441929692343 -0.264212803603114 0.908191852179701 0.359846538574152 3.18274946039651 2.82732836505532 -0.250272286446335 2.74531747340802 0.0383591363624124 1 842.973112210032
"1" -0.481021208909804 -1.33590548704193 0.344434357147787 0.848790243659726 2.96551328988662 3.38874931744853 2.84782393170806 0.0353064358502869 -0.130968783391905 1 851.527460165258
"1" -0.818925743420628 -1.59043364793057 0.588428303866326 1.10153910413634 1.76600295507483 3.57294958639019 3.26556752990506 -0.154001899176465 -0.0311944845177518 1 574.692526774576
"1" -0.923460607179467 -0.991183212492948 0.357425873799044 0.47300415659759 2.88407068696117 2.1880052700956 3.34043822802218 -1.9761656125426 -0.0720776530936313 1 806.361597861895
"1" -0.862670705895246 -1.61750476554155 0.213944857514156 1.39666815539205 3.08360761705803 2.81826159728115 3.04402042645158 -2.65776791152263 -1.32716667740624 1 684.244107379104
"1" -2.22118025184498 -1.46452096235625 1.02546757527894 1.2719997777411 3.17109954752976 3.03262535055989 -2.47500093438394 -5.14395893318716 2.10144587596872 0 996.12732829686
"1" -1.75897978722595 -1.35334130500935 1.26860062393774 1.19875527998202 3.15781896692398 3.3907154551193 -1.07532521046857 -1.75840727279033 -6.5402443060832 0 1158.23378745429
"1" -2.06900253234073 -1.69644479146526 1.12173564810051 1.24992708669031 2.54710969401665 3.03185532386232 -1.64883759419495 -1.04988443552881 6.21328649949176 0 939.222531437322
"1" -0.618684752000616 -1.42503155778745 0.362434502108934 1.64684092700625 2.80416334530707 4.23371792183425 2.98007273740842 -0.619618865262066 0.0754589018486104 1 807.384838632773
"1" -2.00810243203516 -1.34216770081036 0.921063253911667 1.14398232661649 3.40981691809208 2.93883072104606 -0.775785359026119 -1.51189689589431 -7.28703970378656 1 1079.95128406442
"1" -0.800144302645276 -1.39814895045733 0.352731956860223 1.26742564750225 2.73669055571576 3.3575115712759 3.12405961441608 -1.92168104134577 -0.0108900914657008 1 811.305808345187
"1" -1.26749681310549 -1.44713468903544 0.178063709673075 1.57207786855584 3.11889051849834 3.94915670148347 3.42497682828651 -0.554747451013034 0.203221919006867 1 646.652313339767
"1" -0.712165943609757 -1.23286088844673 0.202833272866077 0.996782661291284 3.19346328866955 2.67177972893534 3.01534039299986 -2.01677699994348 -0.13859131163815 1 851.569429007813
"1" -0.892825797715582 -1.37697196764686 0.583382744907982 0.284180595105371 2.16232847326367 2.08258266267993 3.27700669893336 -3.51297525928102 -2.50974782244253 1 596.282440145981
"1" -1.01445960958982 -1.80071782290801 0.176443403832653 1.07110798684287 3.21997874711605 3.12105351752742 3.16395124223816 -0.120062493388246 0.10291614282818 1 682.866519474832
"1" -1.06964972557079 -1.29495431335606 0.722173276830912 1.48170558706047 1.54120677705789 3.90086607139923 3.51142929609097 -0.637028831730636 -0.380533079710264 1 653.060260414652
"1" -1.05456793256002 -1.65213476332603 0.610006456281018 1.009795310861 1.75470025919308 2.90475200549938 3.41512480179384 -1.21101788659259 -0.16102981063176 1 600.257589735603
"1" -0.812249752137429 -1.08638934262329 0.282112904805556 1.88114694984087 2.91056207083181 3.69534356414407 3.20133832473302 -0.291124608052239 0.814707425671712 1 817.401465112875
"1" -0.733609736129853 -1.13367046782709 0.333011242010758 0.880217020854859 2.70207515152396 2.53169478906612 3.12422141215903 -2.08888102559831 -0.0820622945760958 1 776.930523375774
"1" -2.09786124567766 -1.38894522309481 1.1014004906004 1.05792493890181 2.73655516548595 2.64144132774494 -9.43884238812395 -12.9414363871915 0.617496031623693 0 1052.35978027588
"1" -0.746815146697678 -1.08358242443941 0.593880688293849 0.584139440749789 2.18067711453513 2.28571927596892 3.199895482581 -1.67441490359513 -0.675208073404786 1 667.658274536847
"1" -1.28975354468661 -1.23056362412555 0.638612161699165 1.33553024678741 2.20625796482465 3.84664261731005 3.53757570068602 -1.21316492067383 -0.0498444714723777 1 740.469061767774
"1" -0.743482323746939 -1.28080882882587 0.420534754163042 1.10799148456351 2.48652385843118 2.955914370296 3.14607973354871 -1.14687775699254 0.450850974559609 1 817.216270317604
"1" -1.88567985723261 -1.60963595638619 1.28308587506428 1.22341633542897 2.73761091370438 2.94076163367366 -4.58177497204869 -3.93929495254523 -2.38793447591584 0 1031.59759477098
"1" -2.10700922468817 -1.58390349804237 1.41617454190372 1.04194271279078 2.91747052461169 2.9656752889655 -1.85875581571503 -6.31360665930229 -1.22078967156326 0 976.118702334992
"1" -1.98082230180119 -1.42432142576754 1.36018555308387 1.49725404094323 2.79805033074682 3.31870823629163 -3.04186660950888 -2.25381957229733 -6.29450449090354 1 1077.23291703496
"1" -1.09425606760014 -1.55992935354568 0.68120033969212 1.4112049504333 1.95596520381664 3.90199351836807 3.39727917694143 -0.882362478263226 -4.91893354966837 1 637.341735096047
"1" -0.694349525488921 -1.91049737523426 0.347144020350222 1.40814319346742 2.85519728973317 3.41769108317588 2.90171100252551 -0.969804696504954 -0.330131053142438 1 710.457758069437
"1" -0.803133905468832 -1.14481600715631 0.198749923480148 1.15235928903928 3.11514176697401 3.0169032369015 3.08855438721347 -1.83191079627437 0.290027385984599 1 778.398059005004
"1" -0.683389415742957 -1.3220478156409 0.616927963205502 1.06277848016292 2.02896837982458 2.9959033542996 3.12198549093314 -0.789337097682833 -0.0553468942214691 1 694.59393271847
"1" -0.415325349129948 -1.43569267709989 0.294107535175626 1.20913955357543 2.89006006123737 3.65586660098264 2.78896475769448 -0.562799096935775 1.03011122430314 1 888.48624022989
"1" -0.865996633744885 -1.28666251641112 0.290386308796077 1.70448889283395 2.99609140521094 4.06486938473607 3.14858449740375 -0.607701745796202 0.0117717813497591 1 705.166047049613
"1" -2.19589028298495 -1.53081364914793 1.62520843966945 1.04759861550243 3.46430432268835 2.93830896225583 -1.50588671997364 -1.40900145718483 7.61856119070109 0 969.604785428083
"1" -2.22221665100662 -1.29908618654109 1.58665202329216 1.15393697283953 3.56653905042321 3.52830357232796 -2.46688954889999 -1.1318740559522 6.44212951163499 0 1062.34818627572
"1" -0.751063609836519 -1.13667377504512 0.20382927126479 1.13409230854407 3.24970352299896 3.79761998950042 3.02492837296858 -0.668423933295253 0.135834117880717 1 840.451430214937
"1" -1.05372907011131 -1.34278767780868 0.575594632469461 1.26091023075885 2.11536934174558 3.49597892700064 3.41099765406445 -1.0087291191805 -0.114503871703449 1 707.478577102336
"1" -1.21014446412813 -1.31405189388654 0.179906564631794 0.700646550386869 3.43786356703594 2.15689489881661 3.36231782049737 -2.43595039777065 -1.32400628139338 1 847.934599432637
"1" -2.09355385675246 -1.59889714031177 1.05944436007335 1.09869307735785 2.81931262309108 3.36388872382073 -11.252559742235 -1.90409996032974 0.475834831524946 0 969.159172543447
"1" -1.00410850353091 -1.45782188985168 0.344656453135621 0.761180115701553 2.85486076287289 2.5468105906286 3.24694538239693 -2.09794602576517 0.769685252091946 1 730.430006984193
"1" -0.629119087711475 -1.35916557441193 0.504886910801947 1.10126643353815 2.61829635823463 3.47060437299825 3.06806503900445 -0.424489375434974 -0.0126925868673008 1 801.941909195521
"1" -0.975094089227852 -1.20372363974378 0.405945910998156 1.16696017648791 2.56228861901276 2.68701820018651 3.36013661974105 -2.9560452924037 -0.097102856182584 1 869.601905810548
"1" -0.757628493491052 -0.943780540730394 0.280257015255617 1.5485099209664 2.82660213418714 3.86675582630134 3.13283980906103 -0.711428340600728 1.39960644022791 1 963.523173054335
"1" -0.98832123698769 -1.38888755964859 0.336740108777808 1.65336238462902 2.75527905719823 4.31239889911425 3.23867216380857 -0.849763490413675 0.0552683310770998 1 811.991556708505
"1" -0.975236678879911 -1.39009649870496 0.348223526409886 1.41242738671901 2.84621283903856 4.17543310481828 3.26932138754628 -0.725874704279345 -0.00482381403460136 1 745.59598069976
"1" -0.949713605611247 -1.60345073779583 0.639732134562989 0.804628070254457 2.12033614251809 1.82594706308172 3.2649399884093 -2.04869113096756 0.264860228527395 1 657.218424291718
"1" -0.705295741505078 -1.43409904579432 0.34964863376344 1.18662593088435 2.85468862418363 3.51843088284432 3.06059713222618 -0.379321484014259 -0.0331784437670289 1 721.807170322842
"1" -2.21684352680473 -1.77228227473124 1.44012239642118 1.53611877705961 3.59283751816237 3.68351348201193 -0.542655533960046 -1.09292524689639 -7.37881601186285 1 885.701100832462
"1" -0.717114274485222 -1.46939093169069 0.34005944545141 1.0961322992713 3.26422269618766 3.22268476087495 3.00993883987817 -0.616575616513264 0.0732355660799475 1 746.962476897607
"1" -2.09212691978659 -1.56156311873771 1.07479741022833 1.61681501941715 2.77416411073974 3.45260642810905 -1.72791163927078 -1.76785200140804 6.4343687735536 1 987.931202408189
"1" -1.29007763039571 -1.2734578964446 0.641822243191041 1.34378207424269 1.64060921884082 3.57090703637206 3.65957183012634 -1.47538009157516 0.131273326755388 1 698.255778149708
"1" -1.89535689858693 -1.42612037918618 1.15413939572421 1.62237228792392 2.86813766276022 4.10357902656725 -1.25511719904973 -0.521064374012778 6.98199295118893 0 1094.05375945203
"1" -1.68383936367411 -0.292421482415469 0.791528978047784 0.160701234477966 3.08245851110085 3.14746287888525 -0.144711164281705 2.65951794858309 0.47255544536145 1 866.864612161965
"1" -0.562522604175275 -1.43093347750028 0.302615904110502 1.1333661895687 2.83202812778983 3.17551823034547 2.89123609578278 -1.20664274698596 0.597709573186061 1 782.85874639088
"1" -0.819555190722659 -1.88204903518435 0.421188144934029 1.6591178513252 2.61271937905482 3.76153216934143 3.02741893295625 -0.845364414545805 0.0996310522053001 1 576.407024687204
"1" -0.966109745490006 -1.5015127714276 0.499534266234126 1.43059857486981 2.61639318653399 3.71078265143562 3.27640002931499 -0.442463223463495 0.0656727349357161 1 615.114366288197
"1" -2.08924103916387 -1.46119223032547 1.93537057916997 1.06124424768624 4.55398075208054 3.51572096076801 -0.819681493751113 -0.797817673966711 6.985308969542 1 1017.01527986594
"1" -1.36490898502228 -0.7648673689338 0.518563572225038 0.63847646686218 1.95387393347857 3.15542884092983 3.82853066654844 0.87186968850589 -1.15025829581991 1 491.815155429734
"1" -0.658977548238849 -1.07303732278013 0.33262000177705 1.03021659082522 2.60079133666758 3.24470841287725 3.05883657488452 -1.21304620915818 -0.331395602051467 1 829.279214761281
"1" -0.298533809198794 -1.07372576591843 0.156874026612968 0.102900665020752 3.39095640595352 3.42039732079133 2.41816715300028 3.31566117541781 -0.779330294862283 1 247.811205090985
"1" -2.06943138869446 -1.65130087227119 1.2074429674844 1.28322785365408 2.97890377988216 3.21154168301299 -2.18448473841766 -2.59078204572945 -7.13917578600622 1 963.85844304593
