"1" -12.4460673973408 -1.33098251815514 1.21970032361973 1.26447953632783 2.96748067582399 3.23452187782257 7.84997858238319 -5.07067186758156 -5.6451759847342 -4.13718982721516 -6.75521256689446 0.120308635509315 1 1086.01913057771
"1" -1.68183905025128 -1.47027966340677 0.995725730524602 1.09066285048619 2.63528124884582 2.84825810662363 -1.41844909206842 -5.04715661682182 -8.64112124776588 -1.29715560827915 -7.08198437753128 -3.18936123797016 1 1161.05847541906
"1" -1.78899173528913 -1.25490537860835 1.17629380113563 1.28763325392316 2.57789460419862 3.14710559079774 -0.884629831261962 -4.69062416278249 -10.2166310302179 -6.88639347760222 -5.37185722781512 -1.69741805974653 0 1252.21880056171
"1" 0.419816532637436 -0.937436635139442 0.261180982556313 1.15947941347308 0.286176301143061 3.22369102346506 -2.31914637018238 -2.12618622755968 5.04425505802614 -1.10892778303275 0.49046895034622 -0.149525765644243 1 -2763.52962061075
"1" 0.485333182295061 -1.17102540265943 0.205309845695448 0.912024207890926 0.242566020704835 3.08818895463292 -2.77771730609205 -2.21915696177682 5.231278943432 -1.56542784807302 0.648922951650885 -0.210344447061088 1 -3302.34094683104
"1" 0.436660346408833 -1.19117117564076 0.204312579686069 1.1949696884293 0.247051200884346 2.89753374988424 -3.21824226595532 -3.44210933150741 5.2534368027292 -2.31539890858614 0.0128118206045331 -0.183715875688679 1 -3369.40983524152
"1" 0.580445182643889 -1.0087178548038 0.203352326590406 1.08933098343899 0.225903646359024 3.56008418560116 -2.38150031825444 -1.82751317844133 5.2325458256418 -0.950783870565196 0.647277256446793 -0.00507960430236875 1 -3261.25026449624
"1" 0.388200136446716 -1.10180626217151 0.221837205220476 0.964207111206312 0.269610809436274 2.76577516988328 -4.60072947362809 -3.83440987482393 5.20108926189968 -2.81717262428241 0.558311749159499 -0.349503492784711 1 -3222.54513646426
"1" 0.464869204723081 -1.12208842429828 0.246714360450921 0.741662775946828 0.293285314114107 2.55662604863693 -5.84124708957449 -4.56339744097383 5.05157900113568 -3.79170134953668 0.629093137960448 -0.619713656449505 1 -2939.20972172244
"1" -1.8176781818211 -1.42466629744713 1.04428501288573 1.29869000376098 2.74906428432905 3.36955870780498 -13.1499802786372 -24.2181744172229 -17.5567297104976 -15.3650881706308 -7.32967657258393 -1.03618026900008 1 1114.57455792482
"1" 1.01170475351542 -0.776827289004966 0.189438243975347 0.991006643204578 0.226951720838306 2.50563452881548 -3.98981739401873 -3.88304538994196 5.15409167970786 -2.39113823333416 0.76016629807121 -0.242665720396721 1 -3466.05023837995
"1" 0.298239873201615 -0.957099602430503 0.214731528726426 1.07257627938243 0.236133681470702 2.61123273693841 -8.23224064196804 -4.6559254014733 5.29700114708801 -6.95927549699565 3.37517938628517 -0.697053686559636 1 -3221.56840500078
"1" -1.6009450538902 -1.24298359127997 1.09080448949824 1.1448556919711 2.62669224517402 2.84405056196332 -21.0902104196653 -2.73582852759763 -1.11921942640444 -4.99561837018168 -4.58750093429319 -5.5247941263649 0 1250.52815973363
"1" -0.294330452323767 -1.51635779289447 0.273570531926362 1.02363069304403 0.257548517855383 2.58279483712468 -9.46196814799247 -7.29080941110142 5.27536420404285 -5.75130352330671 2.20073994919977 -0.29109079217289 1 -2648.57123993053
"1" 0.382932686930445 -1.09665706757072 0.224694072048894 1.34000614686259 0.264774894885125 3.61014051738177 -2.30237505838731 -2.16156006926622 5.17599082540174 -1.45253242529932 0.619749294193963 -0.0502166233917251 1 -3059.20038481574
"1" -12.659164213223 -1.57704488471842 1.317252207464 1.3398416061369 2.61357704517577 3.24504105571476 7.883040869682 -14.5406536135178 -18.5742388822736 -13.6431398039609 -7.61648517593955 -1.45444505193391 1 991.435528589762
"1" -12.8502304944701 -1.54040154627426 1.11274946047267 0.903602360445661 2.78633939104368 2.57588796154633 7.9836795665119 -20.28988709252 -14.0857896531131 -3.37675991141097 -7.91049218963525 -0.410002388330739 1 968.162840321776
"1" -1.70053593684332 -1.56176949316211 1.13733154234762 1.36837039145816 2.56975319550717 3.13610457813531 -8.36942397141179 -7.55377418478317 -1.03820383079693 -1.95153191273164 3.15902629313403 5.97011171313123 0 1094.23499521421
"1" 0.667243914835733 -1.05243448621347 0.251793033314923 1.36227473446552 0.277388078198787 3.52477683052007 -2.87655248415454 -1.95092140105296 4.97322579735084 -0.855404877549383 1.10681846005613 -0.13869856422532 1 -2675.58076027178
"1" -0.0135932799113321 -0.907199214161131 0.273052346804921 0.955577023513386 0.283569900096972 2.89777042881528 -3.43496825238045 -2.77067290382835 5.26193364712471 -2.62427615841766 1.25036652973817 0.0203689959884959 1 -2781.12999495062
"1" 0.789266687136497 -1.53850163060536 0.226738603975009 1.23855961269496 0.258919743447286 3.14184672136105 -4.23560975564991 -3.07997583367633 4.96438352496402 -2.57159143093897 0.883601893998997 -0.823060739482473 1 -3118.52065644733
"1" -2.10133322365822 0.0264061787960943 1.30031740644224 0.232911904975393 3.71010672081446 0.265639828807802 -0.203555139173439 0.26042200093842 -0.686703521472615 5.25339439724672 0.16776352624538 0.17831536444177 1 -3005.91812408453
"1" -12.7186337677331 -1.4406863770557 1.18009392822548 0.849935081003532 2.83138253032852 2.56625187545533 7.90639773083697 -12.7554246156611 -9.70322509166157 -10.9688938459105 -7.8315043891548 -0.140896793857006 1 1015.45431016103
"1" 0.279516075306547 -1.00805742880527 0.101006924169283 0.632558561148893 0.259935595093574 2.99658479295919 -1.57668493542317 -1.60426053222339 5.56182372974816 0.142813527246417 0.0806048517077144 -0.745997627418793 1 -3849.61805000198
"1" -1.55824764779181 -1.21183771599196 1.08060031761212 1.10651463366832 2.70444900131747 3.08584424817528 -12.0800646580168 -8.20797773299074 -1.21851347506284 -2.4319838667819 1.86197374209456 -8.14018390488117 1 1266.09923583257
"1" 0.0424087388125251 -0.785972510008022 0.450053353865928 0.754651804816081 0.44216150398503 2.54393462204127 -5.14784106099745 -3.43794903122881 4.74940940141209 -2.09857851434511 1.24223008533265 -0.207895977927162 1 -1482.95481633865
"1" 0.33710537191477 -1.37177558196034 0.239350894895418 1.01555515340813 0.268187298250085 3.53285164359627 -1.46096537324451 -1.84240498017053 5.14142470307879 -0.701653648271954 -0.139416083232047 -0.164002076732617 1 -3187.42541510575
"1" -8.93920518634438 -1.68695881665834 0.667346077212044 1.06286165279239 2.83587944830145 2.92510326064698 5.57170700969164 -11.4092565761589 -10.6400344991637 -6.19751885607281 -11.1251663088648 -0.431689127308231 1 1193.22394999053
"1" 0.297213164300802 -1.23150280685968 0.23787316207957 1.23939119079886 0.27020000789958 3.09346744915596 -2.94657651423199 -2.9543800797788 5.144945039694 -1.66693118723201 0.242089707444344 -0.1457949120329 1 -3095.23097008506
"1" -12.7240305116674 -1.55863556987963 1.21741559366433 0.947879861702249 2.53416838137696 2.69233914453801 7.89496570021213 -5.16330653378446 -5.48636006890927 -8.57929062455193 -6.38298705233052 -0.125030924004937 1 928.359574547023
"1" -12.5223337251888 -1.54045587621751 1.2374624404268 1.14857650124685 3.2319660409817 2.97268158038329 7.65010217595138 -5.28044411066234 -1.78140253036429 -1.93908387236549 -3.14086406900744 -7.02752783227241 1 922.484036817652
"1" -1.6458041256733 -1.32552728721837 1.00013307703915 1.23996639629885 2.9492093811624 3.30530867399981 -8.30761950596366 -8.53924999682148 -1.33217006553124 -6.79423786892343 -0.261788748053973 1.16212809768024 0 1196.3396320355
"1" 0.157943468639137 -0.797580746285133 0.485137207242523 2.11196707307814 0.420464542857083 4.1507803788195 -1.40059193340399 -1.70001426534047 4.56067032228576 -0.530851268738936 0.0999372282765579 0.640945317234513 1 -1402.46701286513
"1" -1.71642389686359 -1.22257849147405 1.01708997924527 1.00658718446541 2.85336659391299 2.6797108958511 -31.2957463086977 -35.488978633921 -0.812862622746176 -13.9112443532647 -5.69262504054108 0.873127408661157 1 1205.93084805814
"1" -1.72211667843684 -1.50549183985234 1.31810119288921 1.13757826315948 2.61512065241702 3.0361940114608 -9.58823893228133 -9.31802215461874 -7.49712332572645 -9.89842334590499 -0.297823176179709 0.0155772461378165 0 1116.72731557861
"1" -0.084197798153867 -1.09174829974459 0.176304726678107 0.943444140803246 0.210404994385331 2.81672502153377 -32.8139960735157 -40.505385183084 5.67888143708508 -21.9921045604962 -5.62444097601259 -9.23469042640229 1 -3493.84985379694
"1" -12.4185257331165 -1.40369762344298 1.34676772619159 1.1132319887634 3.62036668508974 3.15664704822806 7.84310583397162 -5.11616374200331 -1.13408055508752 -5.47239278611026 -4.06522454600444 0.0351254989083268 0 1069.45502308552
"1" 0.404276363137222 -1.1178203624804 0.188325962185398 0.595911598086889 0.223732189568503 2.34786255433744 -4.13954121838676 -4.28260587193255 5.36350861718103 -3.20024865758566 0.506588787223295 -0.248544302545835 1 -3573.92588499584
"1" 0.491366645883384 -0.975659291356923 0.149837145433952 0.61254369538623 0.180031214861979 1.71359503322477 -8.11092274785333 -7.66251835287863 5.55413934077459 -3.9144397902025 1.57083763922733 -1.68405131017577 1 -3790.5589280727
"1" 0.521012052746568 -1.23689343275749 0.181981738691036 0.507490004992594 0.238723326105393 1.88360297258841 -7.73103881966466 -5.62112758209789 5.3107509214716 -6.35843714749821 0.242745917786729 -0.683382797851319 1 -3610.87500955714
"1" 0.326619882273926 -0.883664349415306 0.172981565662775 1.06633850884519 0.260115530293239 3.19614141946232 -3.5323060633356 -3.85105770293175 5.41437032487383 -1.53022421934799 -0.0951321643097401 -0.386518837615488 1 -3553.68150733101
"1" -12.5263920399775 -1.34786847569339 9.51289907617614 1.10240064308204 22.2635294330732 3.44589850445446 7.86660676041507 -4.64339695936573 4.22941303050481 -1.96012471608216 -0.972020107490036 6.65162981907614 1 1064.3091916304
"1" -12.2702224632018 -1.47051052432299 2.87426245012081 1.3998898949494 6.15482537191619 3.3196999733901 7.64473035392761 -5.26642949629735 1.10888276453247 -1.80820348274374 -3.76693973550522 -6.82326562932545 1 1023.03201942578
"1" -0.0329240627400289 -1.19473273272641 0.233190295867484 0.952984300472948 0.281623857202531 3.014454815905 -4.20610089469854 -2.89634774682672 5.38964799383941 -1.49084834990876 0.421410720406299 -0.0172959808458779 1 -3185.11180775361
"1" -12.5538764161081 -1.42936163587458 1.08610841862102 1.17958732235356 2.64965310300432 3.0408887327014 7.86629144786697 -5.09118950737375 -7.41107791384873 -9.46656668573906 -3.73307545382062 -1.18504091178694 0 1020.2493516668
"1" -12.5193220102585 -1.47272840346355 1.13742641444455 0.963430679465559 2.80750535331456 2.91672833759178 7.85821646654168 -5.1070018889023 -9.04199509340191 -5.60317205939419 -4.58653678485611 -0.0986060349115723 0 1004.86357038967
"1" 0.339903080548495 -1.37565465682758 0.249877883094178 1.34058850622218 0.25782669832715 3.35609500050825 -1.31284635045577 -2.04331178600297 5.11379450395292 -0.837954497977457 -0.220455287205307 -0.0275607056563072 1 -3104.62652452032
"1" -8.1328136075122 -0.946292406179754 0.844974657217331 0.99391969965289 2.58936595933719 2.86752601935854 5.47176751606039 -15.8536126922211 -19.1336118945729 -11.7119778293638 -11.759844987098 -1.00693697253088 1 1077.19515981368
"1" 0.202666124140864 -1.35412466176322 0.305698312149813 2.09406724249634 0.328092406243431 4.15713779878903 -0.923541132346927 -1.06694525991521 4.96604348571722 -0.546436649558716 -0.0215283890570964 0.686213637649582 1 -2521.24139168032
"1" 0.348589782810245 -1.37631557506783 0.199028608040236 1.31897398060479 0.209191897019956 3.08860084583414 -2.00010877435497 -1.53765350821543 5.32788906161616 -0.824583229339811 0.706604870940772 0.446480480033526 1 -3110.23028902381
"1" 0.556075970689761 -0.862441911145384 0.188645464068741 1.18012902466677 0.205143024284469 3.09135264409249 -1.59721650584657 -1.56735821326728 5.35062593296837 -0.908158845811521 0.426890032344675 0.0897093896907974 1 -3364.31362319938
"1" 0.298655291049817 -1.28750551121182 0.2425581254993 1.88049395992577 0.289316174905779 3.62428087876353 -3.43630831138471 -3.2141874017132 5.12643768114266 -1.21524195222562 -0.0188127386624532 -0.0943903711367692 1 -3037.59892457844
"1" 0.626153627201116 -0.86650538607395 0.325834275711545 1.95925685419385 0.33503717837671 3.50052036345584 -1.91022604508745 -1.62041713106984 4.75347352502295 -0.56188831621766 0.293557791380335 0.191690553723463 1 -2315.13291237908
"1" 0.23205421957935 -1.26225705865481 0.247405630209652 0.991128330231655 0.30589847995407 3.22975277790677 -1.29150383583093 -0.930026737639424 5.11251305258459 0.398748100156786 0.0082251365942283 -0.302399896233801 1 -3007.94230205541
"1" -0.521053291861818 -1.5370823024691 0.268876540739439 1.30909373383803 0.290402029841777 3.64357860002463 -3.85002716827438 -3.503090530851 5.49445311071983 -2.16445603938538 -0.468475574259571 0.0739368694624744 1 -3028.36280058574
"1" 0.546757808284846 -1.19122903512944 0.257729055410602 1.02273793788346 0.301526464712421 2.84454503237181 -13.4346814752202 -12.3221185786845 4.97810626073724 -8.80702614997954 1.92938420639777 -1.52872819981495 1 -2848.41486945795
"1" -6.07304809978635 -1.3480784066128 1.99714740864404 1.0352373829352 4.53147394937987 2.80025085202718 5.21709151411537 -14.6457316194056 -4.12058414381684 -13.167594213642 -9.88878196528651 -0.611847710817134 1 1069.01825651084
"1" 0.25946330077403 -0.846364208801575 0.226399165928953 1.08994582475719 0.268709923502484 3.34888493031162 -1.63957600302097 -1.64951166279436 5.27779213557766 -0.524706103015573 0.327120872902308 -0.0559437289535005 1 -3157.03991229775
"1" -11.5279012828908 -0.712890317110358 0.913308208656952 0.96358194624695 3.14234032704488 3.55451291101445 7.64599421888399 -19.1336158620029 -17.4407046233139 -13.4756442533523 -12.018861145283 -0.660235811416392 1 1114.25312975934
"1" 0.427620983633091 -1.33785517857649 0.15480851633805 1.10880437448839 0.210159311221109 3.13254224795029 -4.428068578878 -3.78290583926603 5.48726088225142 -3.12358859651911 1.4293206828075 -0.793463249334364 1 -3824.16432384983
"1" 0.322423479400952 -1.27825120644617 0.176333075095142 0.74189510627781 0.233101631252866 2.53809969942747 -5.21807108083167 -4.19259068493798 5.4299608480097 -4.01660938352075 -0.0792372744090476 -0.347509919923878 1 -3706.82846154364
"1" 0.310741954108277 -1.21947617417258 0.222510439671602 1.01779952440943 0.291257222789515 2.99552194089833 -2.00180402828326 -2.3415260420723 5.19630045588435 -1.64946510413273 0.124640967371439 -0.118145120190188 1 -3190.22418570783
"1" 0.611026968642806 -1.21136118761599 0.153335559908857 1.45312002484243 0.187921420134699 3.81073422623544 -1.92741135940842 -1.77728121460633 5.45097527573031 -0.985570114365304 0.163483413062351 -0.209825088552031 1 -3773.88874948595
"1" -1.58471807293593 -1.37367623109802 1.11415893754348 1.33820346677204 2.91828035931528 3.47589092629035 -1.76039130587243 -5.62102936956509 -10.9872311804821 -7.36983220523928 -4.26491136301183 -0.0370808522417904 0 1230.99921474542
"1" 0.290309372779006 -1.44037605249293 0.18677649148952 1.07585675725844 0.213396559082178 3.11129964246129 -22.4952942256978 -35.0563586955203 5.40432756147557 -16.3053220828834 -6.6872603173357 -5.69556476153448 1 -3610.91510540812
"1" 0.253045811946124 -1.26835743250316 0.1447553240606 1.08862521986927 0.220457764447914 3.19850415482113 -6.61847392180562 -7.62567814707423 5.71410514794057 -5.47945605654049 -0.229178342512693 -1.38554815869505 1 -3824.79212848219
"1" -1.71613049302295 -1.28495481851976 1.02399675345234 0.960427059043804 2.59531871450635 2.72032423859009 -18.5299277957154 -25.2751323189372 -16.0446764433419 -11.9145784063847 -2.31257254701748 -4.56331799608113 0 1189.32698284235
"1" 0.650298715723658 -0.896675659502089 0.228204360163621 0.148763086185579 0.27072266946655 2.3120687296989 -5.51508305730349 -4.49326047523727 5.07662565257761 -2.21879216003163 0.42738285964685 -0.250021012538386 1 -3136.73004690056
"1" -1.8187330316086 -1.48891313801836 1.06400705499985 1.05398543648167 2.87282099106204 2.67722072197441 -12.0882788859922 -21.5321211224458 -18.1910140615235 -12.2514595299514 -3.89766446496788 -2.39593929614295 0 1086.54458247201
"1" 0.464331163115433 -1.2259136907905 0.225168765056295 0.649919629013342 0.270892713708789 2.27343371767397 -3.5212190922044 -3.41681707423261 5.13543958551524 -1.68465882230312 -0.715018425207263 -0.0683963308168623 1 -3325.0539849784
"1" 1.05468573652944 -0.953855060576662 0.266353891703387 1.13350769051026 0.294610165695035 3.25862535855694 -3.80589221152069 -3.31786692870241 4.79168630994474 -2.93028484388933 1.15884757563739 -0.327738166120438 1 -2566.24040379347
"1" -12.6914918340301 -1.5310581538816 1.16658701947072 0.91139881129715 2.82146425759057 3.14425259236178 7.88939489113021 -24.7255747241117 -21.8942642591678 -11.9120531765494 -7.75607237441987 -0.513583831620457 1 989.499843232508
"1" 0.691274843496161 -1.08503485442296 0.228123076548474 1.23857953036205 0.271304814426039 3.20556289665213 -3.15541758522526 -2.68426507300947 5.03754473108428 -1.82861943722956 0.887442094279886 -0.0480436109571633 1 -2891.31664656494
"1" 0.675530109062873 -0.976552022615152 0.129953614750083 0.441945057685113 0.1595133906716 2.15968357250035 -5.02658015782792 -3.43887165426495 5.65277350425493 -3.2395597760252 0.905692848844658 -0.252265521813362 1 -4114.86417345926
"1" 0.338470712490764 -0.7579320988829 0.253901793065663 1.08607627686386 0.329873589838539 2.90313700279863 -1.8544786632091 -2.09659364370406 5.08557836684329 -1.19874635057388 0.576522295953236 -0.522791734818161 1 -2790.45438578408
"1" -1.52512082349859 -1.3611517633256 1.07847659319733 1.31313014938147 2.8480662574072 3.23735647627156 -2.87968950756203 -5.85833151289645 -1.4871954738091 -3.09150501532883 -2.48781916358848 -2.82634814443803 0 1234.9371939937
"1" -8.8263666365035 -1.48624542717007 1.52003133304331 1.15006687387226 3.27329326893265 3.14572698981093 5.64280772997712 -10.3212560140281 -7.33093278052463 -10.0929347289689 -9.12151747227773 -0.101076618101621 1 1090.15034151913
"1" -0.0262726016956113 -0.802860110571332 0.173183890128393 1.0012383179742 0.201377194683942 3.94786687871221 -0.560502633237642 -1.18063345704357 5.72689912215323 -0.374901708767929 0.0390756311649793 -0.0958599264328845 1 -3652.75824821906
"1" 0.446234967212118 -1.38114138768377 0.241003006391919 1.52063749213142 0.280044634722297 3.56785748341293 -1.56135608353396 -1.97902692139158 5.1013920818641 -0.690554757651688 -0.259820749572525 0.460662847756211 1 -3114.97044338079
"1" 0.549032255871406 -1.10100430109469 0.253297988216312 1.24993286908497 0.297682361316308 3.21198186590159 -2.75641692394494 -1.8545231073988 5.00225829234752 -0.926675067513028 0.500604543953784 -0.0202853285846868 1 -2890.28250418614
