"1" 1.19207760381104 1.72547508658676 4.32128461191281 4.31839360299078 9.61605587945335 9.5704669328607 2.18949480268426 1.00060455559775 -8.38005422224944 1 430.600671650689
"1" 10.7104873862282 10.4771163827103 2.28215132147325 4.22468980585105 4.32215004682362 9.9743812081459 -1.21010671691795 -0.0254774481511659 -8.47543756795371 1 512.088372476021
"1" 8.98506572012076 8.60574230446893 2.04883793048693 4.75869785181343 4.78785110731451 11.32014711174 -1.03913102673721 -0.609499986688731 8.75981919790316 1 496.085454545668
"1" 2.03843970608231 1.61076162071868 3.52103936700601 5.49297623794356 8.33795901789042 12.6423505260097 1.83105702645597 1.54942911634859 -11.3318977314195 1 426.515558099335
"1" 2.52783814215836 2.40907207973717 3.56143469172899 5.614615601892 7.88563618642954 12.0757978018631 1.61845496274059 0.826290055142999 -7.64703055920455 1 444.966755156291
"1" 13.9262732125688 13.5385609522689 2.3944331561207 2.76765839546417 5.13360579623604 7.44047021528244 -1.67927179224433 -1.19894877459524 -8.97390000031529 1 502.078203602316
"1" 17.4647426944143 17.4434684856625 1.88492566294625 4.09830160874455 3.86445066813849 9.91535184685475 -5.53789159970232 -1.05901863810134 -6.17439358957471 0 483.316538142746
"1" 3.23091166732426 2.43678473202407 2.1230887791002 3.57042409918633 4.89685086829457 8.68567963841763 -0.685896536596818 -2.85432649376401 7.38499345268495 0 474.755076715137
"1" 2.27702942049708 1.88857929512768 2.36419596672161 3.1610056129758 4.59104056949261 8.50806915096424 -1.35815187392112 -0.832656949806658 7.90248783493049 1 464.98233345087
"1" 1.16085507435109 0.8248202097012 2.38426903076593 3.47272201536143 4.73850020882188 9.22168898436442 -0.851081541441205 -0.940537237816737 -7.33780356944733 1 423.646088775102
"1" 15.052168602964 14.7946039656929 2.22788176837078 2.97340783381839 4.3940711166164 7.64570617958401 -0.53740681949873 -1.72329776683169 -8.01138963725215 1 507.354573969715
"1" 0.653484192701027 0.107870330633039 3.87348392686922 5.48663552999682 9.24608823647664 13.5485173991 1.6301309797445 2.01517648630137 -10.4483001782329 1 377.248724776673
"1" 11.3496752166937 10.8107667960854 2.98975816326056 3.27096368937349 5.62371144085497 8.91139579378768 0.0377684253708256 -1.02596504013514 8.0920028684228 1 491.301975886164
"1" 2.5247009027859 2.2537841599324 2.46727134758434 3.16270756519156 4.9272603505267 7.76499509360501 -1.0071857723475 -1.49232948286215 -6.9914082186943 0 467.356032601572
"1" 4.79180840731102 4.56428557477776 1.75584395185452 3.68364905936805 3.77405751952143 8.96884855007696 -2.43802342109227 -0.661039405309524 7.09402136690038 1 489.500743744129
"1" 3.14167086176674 2.95343124189458 2.40986905489743 3.08405159771188 4.56753806780622 8.32028221403238 -0.840869426318517 -1.74079978296708 -7.71878531639218 1 475.561290677024
"1" 1.22405460517216 0.497702909997115 2.07801726706352 3.08145137185181 4.30488020291923 8.36822135074753 -1.82258854873413 -2.59453999808909 6.77153481854678 1 419.512796075258
"1" 1.79512370691599 1.54766417956482 2.21324739095194 3.40960875784137 4.22748000040703 8.49189777526428 -1.3745415241401 -0.916044370185619 9.46908996486882 1 454.66250547132
"1" 2.60128672560431 2.05816170674748 1.69095286497137 2.6393954348389 3.64211665801473 6.21779820456719 -10.2144196900066 -8.664023302518 -9.14229898408736 1 480.006615629457
"1" 1.89384179267621 1.05026984782686 2.39473682481434 2.90795086104168 4.50736871244828 7.72538433137638 -16.356521871718 -27.1523694957619 5.65754722320024 0 438.464661204632
"1" 2.22232957830222 2.14286687861154 4.33618597833626 5.71115396932702 9.80272941481214 12.9203386943757 1.66324723782019 1.0933447495984 -2.65122280062842 1 385.717885130928
"1" 6.20684225171027 6.28279471467664 3.76131723913344 4.27736668419206 8.48210094756885 9.62631424375418 1.74932173376701 1.08544621227953 -5.10065479517029 1 512.712593436299
"1" 9.40024416351486 9.43450639626901 1.79357946852126 2.85037089557114 3.80625233595754 7.47748108804931 -2.21901092462254 -1.23021811602342 8.926848536941 1 496.332341177845
"1" 1.05508770615986 0.414471197931971 2.3042425269318 3.22349111126342 4.28485976337377 9.09264902251527 -6.60902720912911 -1.89694105845221 -2.13686510483708 0 404.641551595053
"1" 0.783080684012936 0.741755573168493 4.34528899488952 4.69816702071128 9.38107593813317 10.1335141825598 1.75473218153534 1.10691662157887 -7.72042555715537 1 399.84638242796
"1" 3.48938109099356 3.1978216035786 2.40901620323154 2.87661539505492 4.62108493442944 7.27576869292051 -0.977679104353284 -0.751503328610787 7.65325975608334 0 488.117403669662
"1" 14.8017403681808 14.195522217554 3.23742973828005 4.92808437842192 6.62902614370839 11.577201061496 0.505651403282957 0.269328567494723 -12.2489398196162 1 484.124487429167
"1" 1.53517286011326 0.70796052431057 1.80618539526537 4.64272080797047 3.7382531283738 11.323653943229 -2.5414472750615 -6.93369165008068 -2.00023054537332 0 426.251558478757
"1" 4.75622152298797 3.93793377647403 2.58442095135334 3.18250101149691 5.17004783147683 8.15629438426924 -0.0793605301951815 -0.333667595063959 -8.00564936701027 0 491.252076046904
"1" 1.52029884965305 1.36857985331753 3.15005099711728 3.80419284709598 5.9124501306859 9.00200329412121 -0.179165399054983 -0.48984273551732 -7.43259023212093 1 439.038452914472
"1" 3.43419797125656 3.31009134201743 2.24749757485212 3.70501457606266 4.50959979552986 9.44863031534853 -0.768570552436465 -0.755521946632678 7.78839708783704 1 479.670769815803
"1" 0.68045144179171 0.451399585519692 4.24361360219012 5.11755863090491 9.17472260416278 11.46226537611 1.87843160274472 1.63271890337157 -11.0538935007665 1 436.092010943921
"1" 0.859683487635315 0.860290437155482 2.16744686615403 2.91016933932483 4.04508720106223 7.49286526731496 -15.1534375504019 -17.8183391344911 1.48276563369627 0 412.460610509956
"1" 3.60027567274419 3.8058838300557 3.65938747726085 4.85836435155463 7.96337628991433 10.4521398606742 2.01294603454854 1.03406239683308 -7.08345370549908 1 454.392748423749
"1" 2.67494972692482 2.0543205002961 2.01932250232391 5.22895099541477 4.30170674412854 11.8617385874647 -3.48992668226109 -0.567705455042978 -6.84382088121256 1 457.409125761221
"1" 3.05628850746225 2.43684249180718 2.14972094846747 2.9414322549344 4.65806291254382 7.95665891435589 -1.39638189151985 -0.841429368370139 7.18282962917127 1 480.625940165151
"1" 3.07195437883367 2.6727321240515 2.30348091972052 2.45283350224071 4.43212372234663 6.44549192667474 -7.22353801832468 -2.24642527996374 -2.57523169556818 0 477.822664502512
"1" 11.8568745485356 11.3840590481785 1.8918933689583 3.59414694615113 3.96311095994009 8.72983978579301 -2.19577393237111 -3.53732629855856 3.25275911663502 0 493.798996871287
"1" 1.52808913019319 1.06642885163234 2.4657860901758 3.13529440023438 4.91188808899853 8.19133621034908 -3.15062118363744 -1.65285111602976 7.09524780759705 0 431.944379135093
"1" 14.403576735701 14.0573561423631 2.12906968294128 2.56090491748555 4.56601677857683 7.2422293975063 -1.75304230522652 -1.3989079923298 7.76363556576942 1 517.214466010381
"1" 11.3864151395707 11.1078813409768 2.38118145767405 3.04830933394087 5.04703352062536 8.03757905296686 -1.2037978660458 -1.55377603529563 8.76659466824031 1 485.144456424505
"1" 1.63574427153903 1.45915058595072 2.15422787847713 3.20855457388227 4.41516123798829 7.59062217675473 -2.32166313702635 -3.53245822804514 6.48935889105439 0 444.784419959171
"1" 2.7718810314192 2.44146479039618 2.39732142744134 3.27528104714709 4.9985340734202 8.11553950266046 -1.67168420791022 -1.458257549332 7.5290605577276 1 466.864572302914
"1" 1.44165692433366 1.03732561717183 1.99613137355363 3.33895309245044 3.77218843420312 8.19991608962485 -1.84937251978431 -1.70338255821874 6.87202950528221 0 440.119292021873
"1" 1.67995435709585 1.77092753465643 4.40275551136522 4.40325629262454 9.70957099193004 9.76747456479585 1.73287304325524 1.39845948825878 -2.17253638130084 1 406.418440456648
"1" 2.30329136431443 1.78282022852953 2.35175451257907 3.33140663497392 4.97141350208401 9.46857541865104 -1.04508194581087 -1.64608563421212 7.13392962594788 0 458.614233095293
"1" 21.5757435221374 21.4707743967401 2.08895721674754 2.67068733892306 3.85716778337351 7.23107499179832 -3.082204849105 -1.55074419684575 6.94283572444512 1 497.389288801374
"1" 16.9951988089527 16.5702815228587 2.48748747494622 3.31011180135501 5.17673809413608 8.9860011536511 -0.488516128865228 -1.77598624462308 7.82265104303706 1 530.521028882259
"1" 4.57698760705683 4.54156240128228 3.94187554159489 4.56544722845543 8.77528268109972 10.1519514397201 1.3598219949831 1.10600964340159 -9.92448797326673 1 467.46386358263
"1" 2.89043028454973 2.19546553388603 2.48979524581352 4.33762468404616 4.6473315258987 10.3599531231892 -1.49699727103537 -0.419651388086034 7.35050668337595 1 464.001548747382
"1" 13.3878660120208 12.7055045603358 2.56006920919026 2.921995841517 5.13253768809724 7.62348966407864 -1.08403394261501 -0.394247814584141 8.16208451522746 1 528.774664740497
"1" 5.65217754955666 5.20164616056732 3.14896516791626 4.94292647063001 7.7422728152612 12.2176284320362 1.67896914449546 1.3985636922682 -5.92355309237691 1 463.63515924316
"1" 0.955161802264606 0.58508792170521 2.65130243262369 3.3789884408976 4.99767115012329 9.02286574316278 -0.861396358614844 -1.52786894463862 -7.53347379248149 0 406.588584998459
"1" 12.0034860195328 11.5561392467008 1.72399397384848 3.06383228281658 3.5448321805904 7.78294784404689 -17.2774930329265 -10.4585357080796 -6.94774130449387 0 512.435122701038
"1" 10.7722481247783 10.5568893992922 2.63618639912838 3.39068403782135 5.41877853387509 8.77618679248045 -0.725035986845178 -0.636417884456579 8.30117005511179 1 530.793813902701
"1" 17.3768934754146 16.8459854537034 2.55167947572955 3.33374696770695 4.45782482550889 8.04848232640631 -1.49564891887653 -4.29821314887079 -6.53076141815612 0 479.865470814911
"1" 14.9126215316317 14.5899389703585 2.36192443970552 3.49463722021491 4.55289976150027 8.17370205389326 -0.478660370886648 -5.18753427146021 -7.33914049385094 1 506.538349893659
"1" 3.5764167887009 3.00822168026756 3.09678888063945 4.88807578551026 5.91952512839629 11.5463322325009 0.037504679675317 -0.406841198474391 -7.63981197451598 1 468.149623797657
"1" 1.16554919311425 0.725242467792911 2.03387056061132 3.90506058282592 4.4205108279734 9.71639107510721 -1.27810490366926 -0.178884808901801 7.30603711662877 1 428.357094208323
"1" 12.3145936792869 11.8804304967888 1.72864736814759 2.91724681858303 3.73455716876106 7.62510862327081 -2.10799976604129 -1.76003431895223 7.45966305918315 1 514.148988117615
"1" 32.726755597927 32.6894095958355 3.33707679984151 4.53405741495414 7.56025772777449 10.2191461468557 1.65011534943982 0.835080323980251 -7.44094763519352 1 475.195847900151
"1" 2.67714761490922 2.47193937199896 2.58971216986634 3.16805110253024 5.17233097895792 7.59529443162327 -1.60477603104752 -3.27398514769943 6.56673955377891 0 462.667421127723
"1" 11.3888184460845 11.0099284746914 2.91717129179892 3.55023355690352 5.9365173788408 9.27191693199892 -0.00926000346560443 -0.569650014379424 -8.38421529236926 1 520.178578882356
"1" 7.95860977890914 7.51650445300263 2.66254638666841 3.7778763789807 5.40090254821117 9.27445699944029 -0.433122383982582 -1.11379621374589 11.0520293922654 1 482.102788317708
"1" 5.47132455221599 5.90835703607087 4.58403804853525 4.19162980016523 10.0427132394105 9.15478648206627 1.82106132693153 1.28734504416222 -1.71050216525188 1 465.549042554032
"1" 0.800813275915759 0.45116186737205 3.60047245915646 5.54367614855734 8.47603055116904 12.5943037956629 1.89205787074874 1.47117597803051 -9.23882196892131 1 380.900888106521
"1" 1.31489154259502 0.563670102121397 2.20546687086485 2.79329615929957 4.18468411851893 7.26334307982215 -1.39591449546393 -1.20168921378426 7.09069679921297 1 430.417591271458
"1" 4.3437797942814 4.15974319681512 2.3923008384852 3.46568636816976 4.58710492685804 8.95208797642929 -1.0112918958614 -0.905013604987007 -6.97300321372321 1 482.097016725355
"1" 0.679588337323043 0.176108061603317 3.71127278087739 6.32992049884668 7.83403057630664 13.1288585844251 1.5086303096962 1.69426032793394 -7.70108137586509 1 423.723765777371
"1" 2.76340729937402 2.33627629181569 2.03558760565127 3.64445724674231 4.2262162208222 9.44247583015192 -2.02047130136012 -0.756843075342493 6.64247980262331 0 472.154380840822
"1" 3.07273427005997 2.80943339455489 2.26537426006338 3.56757347022292 5.07156015754146 8.89030092710785 -1.24083543066717 -1.008652249916 7.26032086098335 1 471.806273770128
"1" 1.26299978024468 0.863773416000607 2.13760444393548 3.8283344501305 4.36421998803438 9.77326005530217 -1.04589476522253 -0.949451464587013 -7.24174774424041 1 428.315648401685
"1" 12.9199156817903 12.8122927070679 2.71437398356285 2.92488049498905 5.0139776331318 7.16668969882804 -0.663548568438615 -5.54803394164903 11.0648438001792 1 515.474794647737
"1" 4.72572006927883 3.89226696251226 2.33599444419106 4.46648412143522 4.53989695237319 10.8025631071374 -0.70189125273928 -0.560779744689151 5.34356850540015 0 480.995527579461
"1" 10.2441473099907 9.8776202166807 2.39742000070472 3.57274270441556 4.83366306642984 8.89879424991093 -0.647679738701852 -0.0809583889663893 -8.7963351603455 1 501.957051284924
"1" 5.82998795748465 5.56799186554684 1.93430461586138 2.9932778516369 4.00270875759098 7.55287984429081 -1.45404905679811 -2.42255780100124 3.41443780804644 0 490.364129196748
"1" 1.41863378116118 1.23536918412948 2.30577513093769 3.21728189938022 4.60061923515064 8.36948020595548 -1.75619332831641 -1.42282993875579 6.8789329619145 1 437.105865704305
"1" 1.23732439910021 0.74958099305627 2.37103918587399 3.21820514390556 4.31575134941936 8.67718879992227 -1.06695490893742 -1.40090691211527 7.09476839205243 0 424.843811930916
"1" 8.15496975498834 7.60938921853423 2.77473929715164 4.33918047976975 5.67375171638641 10.4075410324847 -1.15076471924458 -0.137763227704684 8.39597951643143 1 497.301765713872
"1" 16.8671897419276 16.3256286916545 2.03321862760448 3.3337245631862 4.38793769759985 8.13806396713814 -2.75772441962374 -2.2116807528691 7.38140482081609 1 488.505909233608
"1" 1.45043157755853 0.995450327683683 2.18888708024315 4.18015805623374 4.05138491972691 10.5663836388894 -1.33492502563104 -0.162986291440095 -7.41258327780135 0 437.807845238147
"1" 1.74831778213238 1.292014489133 3.04115643917078 2.57926644589305 5.36799259079526 7.24369474886591 -0.322229015499337 -1.82366776378867 1.43471174801666 0 448.761581928891
"1" 9.73518820056659 9.19705721617314 2.39232688940548 3.11854871697099 4.80699816731934 8.54266934705637 -0.490506994316718 -0.393574466966318 -8.3608976382476 1 495.492391490277
"1" 2.73174057372049 2.61602995430846 3.29975180259391 5.02547255532458 7.84245173847523 12.0554101599608 1.72014859111717 0.96304958900336 -1.52974892648124 1 447.170429686688
"1" 1.54696253731415 1.29704260054563 2.94394627111202 2.87324321826075 5.43920918428534 7.41778124063253 -1.02575356109488 -1.32336802833735 6.78704603990247 0 440.18860986494
"1" 12.4154771828754 12.1539420017371 2.13607588132025 3.1073556674514 4.15952327096608 7.73215411160787 -2.32223645165652 -1.49533947526424 8.74305060174424 1 493.279268055117
"1" 12.3046855854471 12.2186850010504 2.73474839895343 3.71574854044581 5.00749097979726 9.00735073404069 -0.542538770709185 -1.24921029805704 -8.5024882160001 1 521.4139615297
"1" 10.5231734525036 10.0866343297949 2.41555796811186 4.40485917058697 4.59496035994903 10.6678790194095 -0.724022642909663 -0.592553647189857 8.8726326381887 1 541.155322698067
"1" 1.71324162487461 2.18007697421499 4.86735089716004 4.64782350284244 10.6400601653014 10.1684033975806 1.87194440110122 1.09119881189608 -4.92197196918666 1 393.3418352237
"1" 2.33467954692454 1.5403261714128 1.96014284218975 3.52646332057405 3.69569762995514 9.76652873212404 -2.50915774077641 -1.53163353449637 7.7421401479502 1 459.988387565902
"1" 17.371605066509 16.9580464476737 2.42588509806204 3.92688064295894 4.57724501225235 9.61384647631162 -2.05173137206154 -1.56588481956174 7.5520955685406 1 516.398399720732
"1" 1.8249215268366 1.2330675002154 1.69213497158881 3.36969724969758 3.82548449353207 8.39133605349659 -15.4523644384134 -14.4975578128292 -6.46646040577854 0 449.276476058022
"1" 6.79844098759468 7.02899849261604 3.74206597149469 4.53942045313169 8.5407623485713 10.3388199148753 1.91882833596366 1.06686496442727 -6.62332186880644 1 501.46229492988
"1" 3.26504898249473 2.69171602015475 1.94518716303391 3.84195603676133 3.83683781901461 9.71543010834934 -3.56015508093527 -2.90852034653748 6.46553618384072 0 470.217584570357
"1" 2.07045372241344 1.99704085613346 1.60181764318399 3.10275839162741 3.26232297100512 7.33690303859754 -3.78386652318089 -2.51323291884161 2.83872610267682 0 468.147312085812
"1" 13.6328051137476 13.2800990369572 2.00247063623697 3.8029681754102 4.00073743940031 9.09559554483092 -2.03123524641012 -1.5548359572586 -8.48793192850525 1 493.156378990134
"1" 1.78401454840759 1.23663875660109 1.95448728267114 2.5922349438647 3.97863773808086 6.711278530522 -17.3025179149215 -14.3737652447932 -3.16743774213424 0 453.073805342284
"1" 9.65560698591398 9.43785583281457 2.47843524227761 3.90077938059437 5.22914370038425 10.2633325062896 -0.747216917751349 -0.562845955815982 9.22362634895989 1 518.930039229855
"1" 1.42076541093758 0.926082302640632 2.67257944656966 3.87900332527661 5.57563637439095 9.26286958520535 -0.575824771914321 -0.176541243498023 7.81076602759434 1 435.231256151038
"1" 0.546269340126479 0.523180109855682 3.04380584535076 3.23565224770613 5.51553738961597 8.66966385545244 -0.415697560901151 -1.29465264981621 6.98164070269164 0 389.331939671008
