"1" -10.6265352687133 -1.70131777810854 1.13524006579864 1.52939771240173 2.45066668774137 3.94652016960106 7.16481381927719 -13.8491095003767 -9.57720830812166 1 1076.44267580914
"1" -9.2846896939563 -0.891010598468001 1.20408352391394 1.45745733840948 3.19410769397203 3.57846722357248 7.34088075258382 -19.1354035779647 -15.5114096125535 1 1094.80457488433
"1" -1.76881580999113 -1.42611803721005 0.949904731482884 1.44560918666007 3.06881823460174 3.61355279520799 -6.91928249384524 -19.0656448384374 -6.49368721960982 0 1124.15486234025
"1" -12.5810705034047 -1.47239991806232 1.11272070518263 1.59441255256605 3.12847591727785 3.98936926884456 7.79076994297559 -12.4512855566591 -8.7511962957086 1 1011.93389937155
"1" -1.55161578144738 -1.48906170077667 0.856039702036138 1.32752079052235 2.86632733096942 3.93172449302468 -13.934243393538 -13.9562869700153 -0.0379689130497605 0 1160.31657512917
"1" -1.61489002919001 -1.38874770946366 1.18967109469743 1.5405373646125 3.23406966743635 4.00577974086084 -5.96101346219919 -2.55264081458889 -1.84871564490251 0 1198.69914222199
"1" -1.7554753053228 -1.41800450892482 1.09320695008127 1.49674249637655 3.24712824406086 3.98007413686351 -4.16207120615861 -4.67295764949089 5.84303132030858 0 1132.69438100726
"1" -1.67023197109569 -1.16105170942209 0.91281848896557 1.63120768439403 2.90849799020278 4.57737322351043 -7.20437183430308 -18.720795844905 -7.06580208902949 0 1242.96436582322
"1" -1.7532582233022 -1.44016393940106 0.827645106348624 1.114881612212 2.97014000671193 3.32350016918401 -11.9259363648212 -20.7878903959843 -5.64722276324942 0 1115.45486270168
"1" -12.6425192934969 -1.62532187412311 1.23769439323378 1.47445758490916 3.18682098705108 4.04460929229226 7.87768934546074 -12.9321907033943 -8.26869933144611 1 967.867668147155
"1" -12.8583904087189 -1.64242796347162 1.12255470450284 1.49742996257579 3.93669923432919 4.02180054991208 7.91798961756595 -5.31500000152046 -5.11035386115136 0 867.207867463763
"1" -11.5554256456056 -1.64655643609798 1.31574293266868 1.48539724477806 3.72493462050217 4.29723035183954 7.41018037470914 -14.5068081485321 -8.71285343924615 1 940.865974940418
"1" -1.79335766536382 -1.58555099175799 1.23097310663984 1.59646956994132 3.38529817338175 4.13393580708645 -13.0440803358091 -19.8930018359972 -3.9381284382344 0 1058.56101166052
"1" -1.56470475209736 -1.42629126522951 0.902906115664951 1.49000791351647 3.04533187548786 3.85086063620957 -5.62913039211595 -2.51801186727639 -2.32707465189758 0 1194.66942972215
"1" -12.3546420988525 -1.58213253503095 1.18287986791536 1.63405185724795 3.23380657631908 4.18174544586611 7.821438150425 -5.16025369050926 -2.7080470911531 0 1001.09976530318
"1" -1.59302996496538 -1.41322351675279 1.08864671930287 1.61613165136099 2.99212078897498 4.53636052238416 -5.83495418323301 -2.53632295668071 -2.04142483888381 0 1188.69840953317
"1" -1.69634045691363 -1.37246468068309 1.29229388229111 1.50738661300997 3.48065207047765 3.84778312638017 -12.4385020760995 -19.6338285375949 -4.25018263755701 0 1169.84912232621
"1" -1.63359110087632 -1.36529912743585 1.10067817166074 1.53362513648904 3.15709463055343 4.14564170038103 -12.6057598062322 -19.1013300459084 -3.18631295087052 0 1186.65814446993
"1" -1.50326232134875 -1.25077342951239 1.21234975145595 1.42345485649322 3.09952430306101 4.0389039725155 -13.2277457994637 -13.443691892738 -0.480231699021645 0 1276.35119939587
"1" -1.37476889151333 -0.946754191694823 1.01301885639024 1.44281982705786 3.20847762146956 3.93313038138759 -14.7712289034956 -14.0853028282949 1.61848265282388 0 1435.57481632032
"1" -12.7490290458961 -1.5079361994546 1.19607227990328 1.90652341113755 3.45686328913021 4.78375787569429 7.90141344757871 -5.24846495819076 -5.33680272478795 0 927.836975040795
"1" -1.72721065686208 -1.50014223172413 1.15088004361426 1.62925306172785 3.37640072396168 4.15801792321717 -13.3768332378672 -20.6791139600797 -3.19482514938337 0 1107.45034950713
"1" -1.5064281871512 -1.34293410000348 0.84039370924671 1.61290689411789 2.89411460702972 4.61857460171784 -2.05225369358752 -3.63767248705861 -2.21752330757328 0 1243.64861503068
"1" -1.68826093906023 -1.46362017171776 0.837872885533887 1.34947655717927 2.78586459585828 4.02452813170479 -11.5125316570319 -14.1638843525481 -3.027943859514 0 1123.93631972474
"1" -1.6582301613818 -1.31249760756877 1.18962197323263 1.50340449779463 3.15736119553933 4.14262635784177 -12.8676583914207 -18.9473433127883 -1.85578835460537 0 1201.23590814651
"1" -1.64190934595426 -1.46346832902586 0.824075757056344 1.61312413172124 2.80820597447892 4.16130167408996 -1.79418139928949 -6.2974516887503 1.62443607717442 0 1154.10428129133
"1" -1.67387919434905 -1.26931850308883 1.01679028341175 1.49673217278388 2.7998942800154 3.82179454504037 -4.34069745074848 -4.74215780751915 3.50851775157328 0 1214.61768501344
"1" -1.5631137591678 -1.30354169946934 0.916250987602709 1.47076517534684 2.82084411763272 4.04619983409876 -5.67593794033537 -2.8884551438374 -2.46214806000675 0 1235.88497987206
"1" -1.81994996505957 -1.13238709358982 0.756920019763842 1.72365916940532 2.49722197820005 4.42709667978694 -0.555608129391334 -4.34782248874706 -6.38792843247722 0 1281.20495557197
"1" -1.48623207241716 -1.21522783129968 0.877099437025376 1.46079579191218 2.67213910208591 3.6776590524371 -6.14681715581307 -2.27238174084028 -2.21405557095207 0 1302.58190720803
"1" -12.655432450767 -1.57824917807045 1.282346741092 1.48052407791958 3.63514144728662 4.08742358472041 7.91322997972358 -10.021628024315 -7.57746471874238 1 977.396002493973
"1" -11.1368834545318 -1.15485581757041 0.93236140422905 1.32324131646952 2.91137711011221 3.69659943577829 7.23390386805005 -13.1550543663606 -9.2049400228466 1 1148.81904185895
"1" -1.72938954853728 -1.40365397905027 0.833409152016619 1.52626253852943 2.70191988190192 3.96534899885195 -1.24033076368275 -5.02685058239946 -6.44565416653663 1 1173.53298591712
"1" -12.1803237391924 -1.35243502689648 1.39976066107991 1.65338742029262 3.6228886904075 4.30680438964791 7.63681832629093 -5.10170662163638 -4.56610700974731 0 1069.81801021267
"1" -1.5197908159526 -1.35095956181535 0.812626732879159 1.36364108291853 2.5832492231037 3.85071616065045 -11.8125233228319 -12.7552439249021 -0.924105582188627 0 1217.70405882347
"1" -11.2793242452529 -1.34385673440014 1.19168855032322 1.7432782473809 3.52181698065816 4.22203223911084 7.57334276238612 -12.4950152252822 -9.50849058303077 1 1108.01780747643
"1" -1.76213500680646 -1.53607644037246 0.984634326144181 1.39865990354358 3.13533061896038 3.79567835153476 -12.1410650880088 -21.9878863288762 -4.44332454134468 0 1084.34604370335
"1" -1.56889562223417 -1.16296475841987 0.936561560319894 1.36284227968159 2.9866105152501 3.75870109737582 -11.3731250045608 -12.8418113521947 -1.46682815331647 0 1285.27973150992
"1" -11.8975422036229 -1.57507643353261 1.08512437536278 1.65444464590198 3.26839853932711 3.90830857239204 8.16386659514177 -15.7723285296954 -9.33806502719852 1 1008.90289260211
"1" -1.39846554502377 -1.02271780803403 0.681239444886093 1.34842703143604 2.61314873324674 3.90622146637492 -4.6923678154993 -2.56454339365264 5.86867400134483 0 1381.30974651045
"1" -1.57490525093499 -1.18508076246114 1.18929912010249 1.69678730703482 3.52015197687768 4.28240736798509 -4.60910485220657 -3.12017828811506 5.66129838808138 0 1275.76060002105
"1" -1.73613512440469 -1.27462904415278 1.4155790738335 1.64359470341922 3.63216915762872 4.22860474729103 -3.21858715414901 -3.73204086709953 6.4236093348251 1 1194.51445189712
"1" -12.3862336427755 -1.48863312824899 1.17125101617425 1.58358812992301 3.14527346424276 4.24018867606679 7.77610374318686 -11.3569221935799 -8.34099067860807 1 1017.51997721504
"1" -1.65748446439262 -1.33477735034679 0.603709776152003 1.85504108633619 2.48156222425494 4.51194542328898 -0.923574617116279 -4.9483572653071 -6.13290021725706 0 1206.04289552625
"1" -1.72132508843838 -1.34550726866007 1.07603879079944 1.25704843912337 3.289572106417 3.78728937628104 -14.2430145486792 -25.5307033423149 -5.98409399112822 1 1169.54293191098
"1" -1.60075694801923 -1.53064540490687 0.659498107511004 1.60454304774335 2.63454605218815 4.20473160102579 -12.5436195379872 -14.249817594582 -0.689502540011002 0 1111.5107720948
"1" -1.56806113226334 -1.25096250105177 1.01043013568888 1.41751174427153 2.9870045293897 3.99215353020064 -11.7374391836774 -12.7416588296011 -1.00988453448718 0 1250.55427755244
"1" -1.78281857649895 -1.39770991327395 1.41207408578114 1.49621740316596 3.45383160616752 3.99359390614836 -13.778549694795 -25.3818157504662 2.87716228786255 0 1133.5554415131
"1" -12.5482450062505 -1.474034065078 1.07230088860762 1.49053794278605 3.06754400652542 3.9479045723272 7.90432133037122 -9.08353286557323 -7.49721962738235 1 1046.21621783395
"1" -1.61722705464782 -1.34546805133471 1.19732192998419 1.35568541280461 2.95676863108721 3.93632581166029 -12.5295372782284 -16.4528915482916 -2.27109274430001 0 1204.36804723635
"1" -12.2515531543166 -1.16923386179577 1.30917136030796 1.47573026920689 3.08748109999467 3.81660670055121 7.81613880466977 -5.04357754448665 -9.15677267497775 1 1186.94134706847
"1" -1.66347702249353 -1.27294247258943 0.70561107199908 1.29853036863879 2.5542917426436 3.87898603953887 -12.6006249896696 -21.0934069972827 -4.61625073127918 0 1195.41445451541
"1" -1.50980367821606 -1.22717259405513 1.00116947004619 1.71889462329446 3.71703209675194 4.54309821045247 -10.7038085505233 -11.8590400165762 -1.19341673942932 0 1266.50747642567
"1" -1.72084545312242 -1.27158850473173 0.942996473779752 1.16313795912303 3.10178542449045 3.5865459623309 -13.9881706212015 -25.8433016553703 3.88537791005781 0 1195.62642777964
"1" -1.511703907533 -1.11584413623285 0.942415003648514 1.34264517984163 3.28150541512276 3.957090556273 -5.14352164514424 -3.33719643745131 -3.34223553605982 0 1325.98191896078
"1" -1.50886417394083 -1.07480482323303 1.13008624773319 1.35876096954119 3.39791245893659 3.86563729037426 -1.66766715737119 -5.69057627492796 -5.69006205943771 0 1369.38454396333
"1" -1.59658859855626 -1.51732257751234 0.746666568039392 1.21181572204036 2.55634510619396 3.86077772558131 -12.7650745985754 -12.1612974023158 -1.60380627767962 0 1126.29626139277
"1" -1.70980616603242 -1.35963317744306 0.954199400526933 1.7986145144466 2.65400187352186 4.69056058878091 -14.0622991076224 -22.1779690439254 -5.02627616424996 0 1151.20202836031
"1" -1.69773789916758 -1.66659755518767 1.20585999846183 1.62756555017753 3.31034683966464 4.21935207275345 -12.7019137710619 -12.1771064201826 -0.905116079766687 0 1060.51914424927
"1" -1.77868368335604 -1.38565584041569 1.02992123453513 1.24235901206821 2.82042703956296 3.63171180453278 -1.07249658307441 -4.86304833581787 -6.33166898990924 0 1185.05610230638
"1" -1.86738309246127 -1.28000562872693 1.06848579823684 1.49998396539886 2.94654440906899 3.97033937686701 -0.617343590953211 -4.43487074595018 -6.3717215892092 1 1227.60735501107
"1" -12.4932134091071 -1.41312152648672 1.11451273016688 1.62988530977643 3.41191228359132 4.4363488237935 7.87061260278964 -11.9620342684717 -7.26740078054048 0 1087.38761090455
"1" -1.50797252905538 -1.43703951458345 1.08680900701943 1.56367517232334 2.88479540281537 3.9584335514978 -5.01138188305597 -2.53065276670817 5.58390867225685 0 1211.73618744261
"1" -10.1696591897322 -1.2752538941404 1.50440680176235 1.27446426661313 3.63490360776141 3.76289085268586 7.09488037127238 -22.4886569842685 -12.5836724954354 1 1065.84004320196
"1" -12.6479397968373 -1.43795101208641 1.17724212045644 1.3896951714657 3.71205440743584 3.81412517443818 7.89226166881957 -12.921894632157 -7.99760232600568 1 1040.30934004193
"1" -1.62135071074503 -1.34756898302927 0.973531786179724 1.44899913935869 3.24711225032414 3.82703120133524 -11.5345224563711 -14.3296213230901 -1.63968674262547 0 1196.99591469142
"1" -12.4010763281922 -1.54146761468689 1.15729748416335 1.51256295305969 3.44758064112355 3.82179659928102 7.66966860175513 -18.0713888129394 -7.01750674074953 0 998.537474357523
"1" -12.5037849002547 -1.37120384378707 1.38509793165044 1.26720616404325 3.12196640036233 3.65916597157799 7.8491276086337 -4.62376595623608 -7.92305730226489 1 1047.65301222022
"1" -1.66969652722981 -1.26857971338597 1.01225539487425 1.62990369054569 2.75410043054748 4.13379847544468 -5.46552624467996 -2.94147423328443 -3.79621681913222 0 1218.4006856465
"1" -12.2255621970769 -1.54581793111971 1.05814224053362 1.54914612576382 3.45584061110383 4.05402794860038 7.63570081949332 -5.18585466236333 -4.55605701017285 0 984.832969366744
"1" -1.72111013430656 -1.29969829966672 1.59185695238432 1.26793848118876 3.51205088934466 3.68022586405001 -5.8164770343137 -7.65762533423353 1.48768577156381 0 1192.0221449924
"1" -1.70898129386965 -1.47696748840825 1.18988627085081 1.36196839583542 3.31787848703036 3.78608015786103 -12.9849063267765 -18.2831335081082 -3.88596592741818 0 1126.91946271079
"1" -14.9091229015986 -1.16197532955705 1.94849265954521 1.46642004386432 4.22848320353801 3.82930626695594 10.2502760978616 -22.1157804204378 -15.3494481944678 1 1025.45317214276
"1" -1.64466944778133 -1.24792724942366 1.14263534464394 1.44984908392255 3.29316019795877 3.98398835998148 -5.45438002042018 -3.0765000795223 -3.28420891130248 0 1239.20177134502
"1" -11.9527109824398 -1.37637453126186 1.23107999522967 1.38150017500209 3.09316613596811 3.91619196660751 7.44422853213147 -5.07078331853425 -2.82830911377034 0 1066.86499217145
"1" -1.66068705490057 -1.40560291391929 1.14635631916037 1.55842216834556 3.11461965061189 4.03459111224707 -4.48542873235736 -4.57973762038309 2.49642825084356 0 1166.93349449645
"1" -12.2728476480907 -1.65788792089764 1.21429898554975 1.83911729264661 4.03387371391957 4.59638705864479 7.64341700107114 -5.27806703256297 -2.81919312439819 0 923.632358244729
"1" -1.48179723938461 -1.18462184933991 1.01383545632519 1.55314551661161 2.93742363334116 3.91942031986556 -12.9935348468824 -14.174864230556 -0.380278985976658 0 1304.68867772832
"1" -1.56890467974399 -1.40583550864377 1.19564034772538 1.30090175676191 3.56132189581045 3.69127150347926 -5.59677797561429 -2.58680031084847 -2.0777852291724 0 1208.49213766863
"1" -1.61453473166258 -1.2374549648803 1.03762087409905 1.43068049334803 3.04456397196124 3.87946511073459 -4.58698381994912 -4.79798278946812 2.66660721585765 0 1244.96840067787
"1" -1.71969649681453 -1.500978609771 1.06927760592154 1.81103045843626 3.4119274648826 4.51721899278548 -6.01059265807932 -2.32538302310165 -2.47140226319237 0 1115.92035141981
"1" -1.62127305972162 -1.39426118065455 1.00459854145573 1.76876214424984 3.17335380391988 4.24833782588252 -1.662803610414 -5.32504081903685 -5.70817131899539 0 1200.38945984183
"1" -1.62175249025288 -1.15218058568257 0.811466823236632 1.58267108842897 2.721151857093 4.21811561518576 -3.32828401934658 -3.78171645555964 6.0974929458305 0 1263.64291868814
"1" -1.58121937808241 -1.40609770486528 1.09728908482209 1.29844670915998 3.03496005695127 3.82072927647925 -11.4229077350677 -12.8085232613313 -1.67155260691706 0 1191.79197118836
"1" -1.55081632410412 -1.22398119260732 1.31068274431764 1.41643229311975 3.57161938933799 3.73845291117049 -11.8017332471878 -13.770640030826 -1.31615574555596 0 1273.60365541937
"1" -1.72712139130708 -1.67453434579517 1.14062310779946 1.3316971980751 2.76677629408358 3.65762226317856 -12.5625059305495 -14.8974420817248 -2.54124962045523 0 1053.26727427213
"1" -1.50878097196499 -1.45070240357611 1.07612826189857 1.66698399350112 2.66542929914324 3.95582418919065 -13.1626195528631 -13.3378668635548 -0.162508843496693 0 1197.1590371145
"1" -1.81318394487065 -1.63615686783583 0.961059683299926 1.39363041425777 3.09335086654038 3.60505158986806 -3.74860564800055 -4.05748942904217 6.17320457697666 0 1037.74157199728
"1" -12.6681916474348 -1.69068800868732 1.18927922894911 1.48759344912324 3.42786166032464 3.93509057534859 7.88287475595102 -5.28471249256602 -5.16633395568622 0 896.764589981572
"1" -1.61345308287194 -1.25061975421688 1.02558276125136 1.60714250416409 3.00019600251443 3.91520944151752 -12.3667171319199 -14.7627288944289 -1.00399779238433 0 1237.50227704167
"1" -12.2591230579356 -1.34517834002451 1.29525884621099 1.3620498076896 3.44013768509071 3.84630186698421 7.63689484436231 -5.09045260061767 -4.21287146252323 0 1054.97048906076
"1" -12.5248855181309 -1.27964865470879 1.37319208153668 1.27351321775548 3.23362215815866 3.7092467037149 7.96627673760313 -11.8937901731608 -8.54420128352892 1 1139.4387023848
"1" -12.3820502883168 -1.51923088011666 1.18441263277338 1.42391770280482 3.39629858110261 4.10925979215045 7.6694408422848 -20.9205117278583 -8.4147013993638 1 1011.05074779456
"1" -9.15513661942625 -1.33266813829327 1.68009423410836 1.23355790737085 3.47495641882193 3.54414242393995 6.25406325611657 -18.8068422277973 -11.1666347705684 1 1075.34131598865
"1" -1.7263118708357 -1.26462592079074 1.23989773829808 1.59926600422039 2.97309366356645 4.18322344575071 -5.02470746960779 -3.09822083948582 -4.31742602852627 0 1207.92898938601
"1" -12.3091795803339 -1.39884127195844 1.25466555317828 1.27152780012444 3.89554545490143 3.55514222197688 7.82182343731337 -5.11059919300035 -5.2177227188351 0 1087.60582435488
"1" -12.5049497942182 -1.68831664481891 1.14989254191547 1.78969153128195 2.9321276393151 6.10576986280203 8.28588012196225 -14.9800866226428 -10.4201890096996 1 976.743158481753
"1" -1.62582372675462 -1.415121764513 1.41491124145267 1.17897812709351 3.884549089435 3.47046794091531 -12.624745297137 -17.132212448821 -3.93295883399249 0 1174.51688691453
"1" -1.54887998486618 -1.474751770746 0.672530300772755 1.46682660141509 2.40066626342142 3.89407753815121 -1.91146268148541 -5.46074214340002 -7.6020463953868 1 1170.48421254496
"1" -1.74828240606871 -1.46814012355485 1.07706221216206 1.69745963591796 3.41809819053165 4.3061522994033 -12.2367459868914 -24.414424869329 -4.56629580904632 0 1108.67698793855
