"1" -1.74748182387489 -0.992157937727507 1.0435561364895 1.57067543950174 4.89943646003846 3.78991257843531 -0.31399848372501 -2.80395797510617 -3.19232173274901 -1.68194857748041 7.65209510133824 -7.14470583588734 1 228.10277341655
"1" -12.2238734306214 -1.38132380940848 1.04299979759296 1.35426999496589 2.72528735268395 2.92154948694408 7.8118192617558 -6.06583068767921 -11.0055828579151 -2.16504147115445 -5.45267428300041 0.521003086244483 0 194.418014018243
"1" -1.00192918176771 0.40249273840285 1.14254120445794 0.359959682368398 3.08681507876198 2.99572689714636 -1.11491477401762 -1.95438228159175 -0.723147799372657 2.46813889038723 0.169922208105912 0.101568699614041 1 216.248442294402
"1" -1.26656483086412 -1.47321077415422 1.52137732764057 2.62612005587317 3.12228608449007 4.6329902561636 -11.5762530197276 -9.45384704886457 -0.506491137228659 0.474255826941677 6.03643643406038 9.57593669792801 1 213.655362391045
"1" -1.75879843985138 -1.62279813278992 1.24781445813107 1.23148379790037 4.80766904991299 3.05738432893686 -1.62371083066222 -1.93938724403282 -0.959856198578576 -0.778201679653026 6.66559716037691 7.35505059215044 1 179.125076532828
"1" -0.682111643653266 -2.12952790128143 0.371898065178121 1.80319607647657 3.04806736371113 3.61733730402973 -2.18219057302718 -1.47004751606739 2.91959311326598 -1.07160435256932 -1.68494197635921 0.210529201054193 1 83.9319661507916
"1" -1.1198312091313 -0.980381561494152 3.45261104817088 3.97574698998437 6.97563902866323 8.0922857887428 -6.3360720634423 -5.94757226485186 2.46900607773852 1.95343654571068 5.94343648622068 -9.45279246627492 1 196.91495150297
"1" -1.10762646866298 -0.952292900217631 1.16957612004663 0.775854668271335 2.6973114687924 3.49111006116247 -13.7453467256111 -15.9330768594259 -0.922966658003624 -1.22972741756176 4.14727330660496 -7.32469580502549 1 247.270979740098
"1" -1.23770017183316 -1.04623343884776 1.15045209709593 1.20408269714118 2.66586643630993 3.3617210648534 -11.8516505296122 -10.8787302443437 -6.81829714504961 -8.8675078352298 6.33182277532609 0.327328771953477 0 240.231009178117
"1" -2.71189129607646 -0.332109233364815 1.09954517621666 0.348524187044369 2.89109263084959 3.06562505415033 -0.230859222621086 -1.21601677829349 -0.386777366091395 2.72069539317819 -0.069123631764752 0.161685819604988 1 96.2825009989413
"1" -1.54928155800457 -0.246037890530527 0.944820673452285 0.326788885789015 2.27717347465099 3.33632352982554 -0.772869342189835 -1.52594491476653 0.574247798367642 2.67063857143993 0.457978203061085 1.80277835851597 1 146.572977518506
"1" -2.07282975365868 -0.634989409542183 0.557483746238512 0.550634861382593 3.78737249580982 2.06678909408747 -0.324523431141296 -1.01503834955181 -0.744745686181457 3.06790698753989 -0.0560328369028552 0.00037497877505396 1 116.833991314139
"1" -0.000103587862077597 -0.97530024822845 0.416175957057912 2.18767522204878 2.31618877036116 3.8694402832239 -1.17160957201117 -1.23227749232343 2.7323611536059 -0.0788411727261856 -0.0283620135592976 0.198407316748381 1 177.884463103977
"1" -11.9317755306889 -1.54862121061005 0.951596361566793 1.36720561208607 3.0750620969063 3.92547063743526 7.54102982499217 -5.6860301195734 -16.1784152379423 -0.897258618498594 -9.11390560490249 0.0194392812466205 1 181.814324672556
"1" -1.17670059608538 -0.524073471900129 1.20334168096588 -0.0162013391975697 2.93301686852324 3.84477085973342 -0.622386218496476 -1.24198510657889 -0.486702011412373 2.79385784287637 0.305475114534785 0.475898923712381 1 165.39924542112
"1" -1.06280663202939 -1.0873409357651 0.10390424847543 1.10283718784678 3.83121701632481 2.81478299123487 -1.73015899637491 -3.68701906383413 3.23637514040091 -1.39531701184249 1.76680492892472 1.07400445316639 1 123.716038133566
"1" -0.114221685618444 -0.717158064182448 0.326033144972695 1.03424096493178 3.09907949833147 3.48069173288636 -0.991617018020448 -1.30292590240651 2.76589712030917 -0.882292040074058 1.00357576487106 0.653867539902915 1 180.909881742411
"1" -12.7233749831632 -1.9945740039937 0.96701030209554 0.844308624974082 4.88924258724078 2.67343209589649 8.47739550598335 -10.4047655201128 -4.28157359292928 -10.1070622309444 -9.86984081351842 0.0856767910321053 1 117.736685977113
"1" -0.0620171489492672 -0.948737596332456 0.487990122529531 1.60897642244819 2.43977895781804 3.73963219282284 -1.62548394283551 -2.49592918115683 2.87482991219864 -0.573577754653098 0.758371267748121 1.85595434310606 1 169.077667065296
"1" -1.58364792757245 -1.41809224683266 3.20203146476133 1.25612906970668 5.33496376699383 2.27583476808454 -16.9543815143403 -17.8763333261562 0.0844214713612734 -13.7624797050548 -6.39897631796113 -4.4571148768649 0 194.017998346447
"1" -1.62781801109804 -0.895051855619797 4.36820039398396 1.16768804826717 6.8244613212854 2.72269161654264 -7.48077709894669 -8.80648295385398 0.630483270440212 -1.16350214034713 4.19034721671084 9.43098746039742 1 224.935863206349
"1" -0.543830257793333 -1.16675129064822 0.394703870370027 1.83957118119217 2.8548589807427 4.43437017972548 -2.49494815130127 -2.39804949405019 3.04266891645267 -1.37263007963084 2.34893963795977 -0.168142291515438 1 146.99949291787
"1" -0.30976106916256 -0.873577887879458 0.497478880503818 1.57076673763912 2.48575196984445 4.00096240092913 -2.1829758566993 -1.32885380772866 2.86829972595825 -3.36083885974837 0.785593855644734 0.619779574196514 1 136.494248842053
"1" -1.33318372276177 -0.596874439739152 0.486255936913514 1.09736334498591 2.22561952596124 2.85205205515153 -1.45428851948991 -3.48073756204739 3.74686512298195 -1.60601393746905 -1.24777860128493 0.00727194008761719 1 167.247775468698
"1" -1.71772562718294 -1.73120938789024 1.60050106086113 2.36628188230415 3.11836937573091 4.5623569711404 -12.4294832256406 -9.82888575682109 -2.84091649343442 -3.35680645174843 -7.19729875138598 -5.75190380296854 0 168.878015720792
"1" -12.9459433436539 -1.32360011671034 1.22120124627874 0.931019801209605 4.23431347062789 3.45698878661325 7.91876151689998 -6.21346797612779 -16.1359679073085 -3.21438669062793 -5.5021011680376 -0.462647864213696 0 161.297499605199
"1" -1.54990075916561 -1.85857610635908 0.380294928751944 1.7486453088034 3.23657111731417 4.26997149974984 -0.269384661024913 -2.69372291930528 3.67417533383874 -1.52477886383758 -1.70948176250339 0.375653436319209 1 70.7747910343603
"1" -1.68055479770437 -1.08535369086608 1.25619338701841 1.43668492172678 3.27210467594618 3.76374031949523 -7.81884613292441 -19.2342828074979 -7.78839855355142 -10.2973710698509 -8.20879654594269 -1.9850560458923 1 214.077270270705
"1" -1.78988507584496 -1.54812573217205 1.70506196338182 1.82948480288154 3.76196498966175 3.93326956062432 -3.26103390459197 -0.465510989474339 -3.390594884252 -12.7534798099646 -5.15869251752245 0.978824824562329 0 195.478592651426
"1" -1.59250272198977 -1.1283517931518 1.47664876951905 1.00676774323846 3.24907152533733 2.99659436705498 -3.09503446435333 -1.83819990326863 -2.81837071198817 -5.11382703203286 7.9874138507599 -4.64091320759759 1 217.613293221678
"1" -1.03369993578087 -1.36979789352964 0.394151622594633 1.49246133671699 2.62999644014418 3.99360382987325 -14.958382170731 -0.935991221373926 3.32146694826348 -6.90913237451515 -7.77140092594395 1.16966631847178 1 124.384701873044
"1" -1.51302766981069 -1.14938557684601 1.19587997993389 0.995589137076938 3.22770600554938 3.27999065132456 -8.33386576995497 -10.6879391991698 -3.36042376123968 -6.59562363961875 -2.15911983184993 1.19651444666627 0 217.519511137312
"1" 0.144709834172518 -0.18275463370188 0.5489612200481 1.50519784960098 2.43246458852759 3.28676736501071 -3.07836504614291 -2.75764754401244 2.77001102551643 -3.49228754408334 1.79798226173363 -0.508755252743726 1 227.704885580632
"1" -13.2375411132733 -1.5295857354404 3.62185364823346 1.13484172693192 7.3193304830484 2.88890395167213 7.97058215769706 -6.391908805519 1.27149698148721 -5.51172078217628 -3.9820301963636 0.300016615301135 0 141.593601406447
"1" -1.37515270768096 -0.648592681314413 4.23807524008822 3.73864117967163 8.09693567458841 7.39579475744876 -9.09672035833434 -1.93663555631012 2.42055846997343 1.72439659543256 -6.45112231559267 -9.7252441200005 1 207.075020428096
"1" -0.493301466368325 -0.611573948384445 0.34416203596926 2.90367756343014 2.89042270058463 5.91871081602005 -1.45668052811945 -0.864347183597287 3.09076944661803 -0.706425599990088 1.05152402748655 1.78117173020941 1 162.616381168758
"1" -3.01096294292733 -0.0666357049993571 0.797623961829055 0.343517241671039 2.82044660571699 2.95129153019238 0.0594306969376155 -2.54193281176708 -0.251637273581129 2.53370916745474 -0.407134909135132 0.204975802785464 1 116.65147854266
"1" -9.7478531759682 -1.67645424352204 2.37510372483922 1.32881376439902 6.48859967308108 4.15639003005454 6.19473071489008 -23.7348465061484 1.21757847218428 -7.54794352289288 4.72517334513727 -9.58049870302906 1 178.261224512486
"1" -0.469389399317089 -1.22061226494759 0.363261651925171 1.23431312244664 2.97161983066862 3.57550354849704 -1.0890079294757 -0.745292104752559 3.01083956542472 -0.525379788253343 0.352243810238324 -0.221646633287497 1 150.095834451172
"1" -13.0704927544133 -1.34955153450463 1.8773380406639 1.44832286333922 7.04040969317149 3.24055372743903 7.99342535324026 -6.11694162858716 1.54995374914856 -13.3735597219799 -5.58870931972373 0.381382168394883 0 169.904851390687
"1" -1.87583471788477 -1.38523902230798 1.88903873209415 1.02231681527719 4.42492825989296 3.23154999384682 -3.05160357328767 -3.94133975234588 -1.41641994849428 -1.38529153139381 5.18578877736841 -7.54899753034543 1 183.59829670039
"1" -0.378886348094752 -1.24336518601351 0.375825979198682 1.09714638319529 2.99518016873711 3.16094238348148 -3.8981989832952 -2.13549217150234 2.80326568747033 -2.27894573986285 -0.76414215745854 -0.277138259433993 1 158.621113834334
"1" -11.4111057725148 -1.43771054670968 1.72956220846715 1.03891473935816 4.14429839136887 3.83441174350562 6.52438107114185 -1.97428793601956 -0.721182814194949 -1.13052937117349 -0.103468749821098 -7.65322139274132 1 154.414635655543
"1" -0.21708917651883 -0.971025379275391 0.452297869653372 1.62282396356499 2.58825287768765 3.88692898990976 -2.07045474557602 -2.80981631733422 2.86160475767249 -1.17818987722567 -0.280095380213382 0.149103654241376 1 168.681092079757
"1" -2.02225802555333 -0.107021951315208 0.935987175562496 0.39670836859923 2.70105003026694 3.19885524999611 -0.183902597328987 -1.03288839810299 -0.229398727657453 2.58458198896327 0.237850395071337 -0.101363830087533 1 159.35600078307
"1" -1.33697989200492 -0.0922131446867096 0.775450722129321 0.423258195039089 2.74137890620835 3.32427586558429 -0.685864078676964 -1.12343137643777 -0.186632642759704 2.68222513328337 -0.0097916754373956 0.174947522997525 1 179.978155289875
"1" -1.43014946815645 -1.3582566800469 1.13363390054117 1.38582263042099 2.58018254313947 3.64319567985245 -15.7526883183565 -14.7752303552498 -1.42898410052035 -3.03103581012902 -5.21225146522564 13.4621161323422 1 207.824812871367
"1" -0.397547263932981 -1.33027884385819 0.37230185571682 1.41728927174574 3.04326446110518 4.24040340975949 -4.25559574487826 -1.97297605052368 2.78778325599111 -1.40536725617949 -1.51639035705592 0.0238324215209412 1 144.982801425215
"1" -0.218558804975741 -1.08839560234034 0.311189240275262 2.03339592531301 2.856042207478 4.42436256005818 -1.84251176101108 -0.854376033318336 2.7902882185805 -0.168034616438183 0.597518438738857 1.60515499207697 1 149.833315623989
"1" -0.792021343663564 -0.992981924502753 0.434073827517017 1.43046354846357 2.71258592634344 3.86840669962213 -0.432168891537403 -1.59876450684723 3.28584954824403 -0.6860710125176 -0.429933681079349 0.0110238227380966 1 137.756546799681
"1" -1.74929791882077 -1.29912578394981 0.846487427057672 1.3365836765067 3.78493969597459 4.32567762945613 -2.74302509146273 -1.5622866848134 -10.5241588057439 -17.1452198711281 -7.70846603166939 -1.91066586403438 1 201.658587285235
"1" -10.3408772103141 -1.18372209355925 1.54487874759141 2.45144163221397 3.58234146998363 4.46913778104908 6.40968031292928 -1.35345199004689 -4.34278427126731 0.414137777562029 -0.104386947178434 4.23624114215502 0 227.201451575129
"1" -1.40696109468925 -0.593001157815245 -0.831339723760585 0.385038273580136 2.22104307281267 2.59714069033235 0.524178845917442 -1.56396343427357 1.36354592872552 3.02742593830175 -1.49807460223414 0.079505257670548 1 132.181964697322
"1" -0.134240519565755 -2.33229077038318 0.424080461367874 1.34453937113017 2.93456747165816 3.85005450320184 -1.42443968552887 -0.712488339305519 2.54871705541907 -0.158127871971554 0.529745017676175 0.703956073119497 1 126.336630454818
"1" -1.6146122623522 -1.7106341304749 1.14185339556304 3.88500730119331 2.98380853749091 6.37925310879457 -19.152446503202 -12.6859833333163 -9.4483794884573 -0.142709577079801 -8.04712180529632 1.52274020277583 1 173.636978586118
"1" -0.440723367879147 -1.32883899078947 0.357857469612162 1.34498867937745 3.0011906693761 4.74138486598859 -1.39213656739374 -1.28007535126421 2.90474230211382 -0.74397880527443 -0.203407235422871 0.130251271954846 1 134.77547103949
"1" -1.56183582715825 -1.1954501527022 1.32106495186576 1.64786184719784 3.79157411932209 3.99207845107719 -3.01983612953909 -1.69517511982652 -9.84484868957821 -16.0219067737039 -6.80645114090901 2.8112251053571 1 218.06108466127
"1" -1.04909477277954 -1.21466697654908 0.125218782231559 1.29624102730787 3.44739345401673 6.57091326129594 -1.85574201315217 -1.07569347881306 3.24165980343506 -0.91361404813421 -0.506657764074807 0.188776363063536 1 135.90684710489
"1" -1.83500303173543 -1.30296641081513 1.09266847074941 1.09628425395994 3.87286745784626 2.34774607532801 -11.7884661473212 -24.4288716017853 -11.645689222682 -20.041963373658 -10.4853128476663 -3.00411290417441 1 190.819955260261
"1" -1.6708636240646 -1.12144696363279 1.03226215976396 1.52859873374604 2.9963426950779 4.22246363160791 -3.36447919453531 -1.15115264560188 -2.31247158500565 -0.0617144807205457 -3.14528839375897 3.12873250150883 0 222.734477023326
"1" -0.558701540129545 -0.886976671610914 0.341357652412934 1.44780619143298 3.38022139690114 4.02125660979009 -1.48595300206579 -1.65509610003399 2.98716807841178 -0.665223213210326 0.716713718489001 0.100252286804913 1 174.066497930413
"1" -11.476063500685 -1.91677559191689 3.28881677715693 1.79047208995549 6.18551563347941 4.32158247838296 6.60174832117531 -6.99095293507764 -4.13845233596606 -2.44848043562298 -9.7160115909721 -0.165975075633924 1 121.474991482952
"1" -1.23957542180574 -1.35626138460023 -0.555674899131417 1.41629292884581 5.90359595557466 3.86742239414166 -12.3895686176353 -25.7890045729191 3.10377106100874 -19.8440345570448 -9.65581223664863 -0.989038542591689 1 151.713684600633
"1" -1.17347798194144 -2.16441871739373 0.537524204012112 1.75249768683658 2.75536372442113 8.57354486025067 -1.46410434250283 -1.49493564102312 3.35758356307869 -2.81519708804867 -0.307452500045802 0.158894464458253 1 75.4982802126951
"1" -1.81348004549033 -0.45062650206293 0.835712191000791 0.336055894709435 2.56627832611242 2.95211029708479 -0.44055903682155 -0.975793358699033 -0.105416584191048 2.89003962313839 -0.0849034248552902 0.169859338864499 1 125.858037779323
"1" -0.743732715303624 -0.570095551345628 0.365125874708958 0.0792504846563123 2.66815915629091 2.81842304970005 -1.04790144132648 -1.90315279517395 3.30666076504744 1.49980232542714 0.962810624116214 -0.109544762630661 1 86.8566302997606
"1" -12.7232763900948 -1.41885492168622 2.36196868631714 0.834490061018887 5.51579336880453 2.8696035670097 7.90517624496032 -14.1851011764096 1.19047776870165 -6.21412092498246 -8.73375354158385 0.327092095175162 1 174.257851444961
"1" -2.01068888286801 -12.58218469106 1.12917314646065 1.27651575095639 2.50477022627864 2.97268426020365 -6.39378515400871 7.87652746717547 -7.62078728035001 -12.8156659322832 -7.31951329841753 0.0475411156043931 1 147.636405072575
"1" -0.300586975361518 -0.319521443295156 0.0680772499859615 0.0812111276779918 3.1162771712634 3.27942941473809 -1.03004096170886 -1.90558523751972 2.79054017259214 2.80460901152032 0.828680476983511 -1.03750192994872 1 32.2004143609074
"1" 0.0964931355592526 -0.965062357349044 0.298989156959662 1.62077270729171 3.07650313542182 4.18254022185395 -2.26481356424012 -1.11082551704547 2.59079727314488 -0.00638418368451329 1.36667753855926 1.26530806393517 1 205.018562293235
"1" -0.250606968505727 -0.924433546745847 0.518167551001708 2.02312167467285 2.38897774681187 4.28775909932692 -2.86220496495532 -2.75467614517879 2.91762126728913 -0.905157546289833 0.577297177943012 0.326689522086258 1 194.004303548868
"1" -1.28972244330874 -1.2319033743454 1.01498650138228 1.21600490421328 3.11654120819395 2.70821781959929 -22.7746165280115 -22.0724323384151 -13.0376652851585 -16.6560326484801 -2.84109806584023 -5.44871109597967 0 224.845012640465
"1" -1.07727497598446 -0.0153639716563971 0.0708288780438054 0.426239653488071 3.09984101377246 2.90102201311188 -2.82332530898316 -4.77419347787704 -0.984116160038551 2.73054413415734 -0.255196435563502 0.106036443281907 1 157.755119993066
"1" -1.49281129641653 -1.31352780743913 0.822648833550096 2.72878558469081 5.60967423471275 6.99338753014991 -3.48922959222618 -1.14285128236928 -1.82380944385759 0.303020401789386 -4.34247461748866 8.20608299889901 1 213.437551223022
"1" -0.0956279921560536 -0.114977045547202 0.274208277602542 0.0264947448847215 2.61339627965487 2.54521247757387 -0.838964153716775 -1.80118164832897 3.01318396686998 1.36709321171544 -0.139839428923144 -0.0749520732499447 1 152.040570003237
"1" -1.58722553658581 -1.05461724471061 0.603667126251994 0.440011325572663 3.10349956004926 3.41699637423616 -10.3700440434562 -11.9891753289416 -5.13665565134371 3.3087969402304 8.5667496171575 6.19267452397927 1 115.019649302748
"1" -2.92585226897804 -0.944199378184158 -2.83076805280443 -0.428482604278097 1.48969071363636 1.01899807389766 6.16746461037678 -1.69148503427586 1.57018939589818 -2.52101791102147 -2.27051498296341 -8.50260871426421 1 -503.190148606101
"1" -0.270779739518797 -1.78688139966536 0.390371858132302 1.41268034339783 2.60924203620206 5.28531253291744 -1.87866961267882 -0.266603798357036 2.73113924210513 -1.05178323915684 0.358589711177302 0.0701074566616076 1 130.84795487799
"1" -0.577156686310665 -1.51389348731171 0.344512927654444 1.64030491217678 3.30349899504863 3.32235376403547 -0.926660619248427 -1.03208352469934 2.91712528605933 0.0308858890863557 -0.0760542072845287 0.0605790169814839 1 139.905614812334
"1" -0.796993005825668 -1.26113969612694 -0.146298466275847 0.761314036712992 4.49809548498376 2.66023954823426 -9.8981457261769 -12.3494811183475 2.87333194763459 -9.52891796388394 -4.08368148598119 1.24489332285208 1 146.161323462093
"1" -1.53337105133106 -1.10273866341987 1.10365957332215 1.0909841075523 2.64234832247438 3.56114754158295 -9.40917562549269 -9.28380803556612 -1.08541150072533 -3.33279131953222 -2.73824622952884 -7.80534959400189 1 217.988674526942
"1" -1.42638011848223 -1.21093988225464 1.09812880501251 1.26203053074294 2.71987422683473 3.23251763025664 -20.9463745234661 -19.3438504090087 -12.4578026896943 -14.8599357143598 -4.0984719963695 -5.82156619905892 0 218.664080592866
"1" -11.6774223964412 -1.25845566800485 1.1403795181185 1.49726885832428 2.86693682547475 3.15350924564491 7.39039883817774 -6.75501414885657 -10.9093225656568 -6.6305228331576 -10.7679727193357 -3.05149859273985 1 185.575313061868
"1" -1.22318492650476 -1.23721124086413 3.97938981447196 3.78069718530224 8.20197099958234 7.83706694833765 -6.49967313279119 -0.802202614876869 2.32783611124916 2.50101938911805 1.72962104915121 -6.93849545306606 1 179.729903794939
"1" -1.63622500156665 0.285497899191766 0.164589645997612 0.350265828927658 2.64343445741892 3.07341868232655 -0.142136213223104 -1.10267702723182 0.155481681423915 2.46501889032274 -0.103574493814677 0.15039294697958 1 190.492981632736
"1" -13.1141303191765 -1.20134912949928 2.45373098527157 0.963455004602719 3.74368529456312 3.12525572919446 7.96440115100868 -6.1548927848061 -0.0764169675276866 -4.72485539067075 -5.66668669738523 0.197731205091044 0 167.913340527474
"1" -2.48726829789937 -0.119256056609279 0.71414488878559 0.337882455528588 4.85664109276218 2.93666030349989 -0.0456488036168006 -2.87108553994762 -1.072870229332 2.64667078761761 -1.19203413083168 -0.0205164977010937 1 124.30748326867
"1" -1.63267354117686 -12.1366529680934 1.20356043341363 1.85084095609483 2.69510272886047 4.12905965757558 -6.25669926372948 7.77449221225358 -1.33123388982074 -11.580461032334 -4.66085123905028 0.478974329695496 0 178.723115914368
"1" -0.597638348961228 -1.26255555857585 0.383841708272566 0.966024600765762 3.01579164397042 3.99904056595397 -1.2349395881962 -1.52138139585312 3.06377735966007 0.0395172685139394 -0.398975320390495 0.120802551205842 1 132.045514153741
"1" -1.6473485870015 -1.59785477092873 0.894332886514615 1.06924529789157 3.52339256675495 3.37883402220899 -3.99325439784538 -3.79733870335734 -0.881131605068137 -1.41077477134291 4.67753933577491 7.52413957700039 1 180.236105171094
"1" -0.028388414779067 -1.38201861631047 0.442577490081149 1.32936585736473 3.02965837063521 3.01489184238314 -1.10906746901117 -0.967062995874806 2.73152685408145 0.535398443318936 0.464305308076452 0.0864249839937297 1 162.769771146232
"1" -11.4463899222679 -1.9003972751529 1.05936744065055 0.790765855711768 2.88702274465833 3.30451327178544 7.2057434064507 -8.36456078676256 -6.73906233777591 -4.19707017464304 -9.24895198801909 -0.11814040477495 1 140.307195650025
"1" -1.87723922445365 -0.215325537902984 0.819069112254798 0.386736206653867 3.55868360314579 2.86997265823923 -0.519123368758075 -1.7745678666896 -0.759414459895408 2.74324252630208 -0.208598100894021 0.109334062661462 1 140.096431539386
"1" -0.88934061953803 -1.71330292348229 -0.0264986524725447 2.20518471688261 4.11174013518036 4.34288800760755 -1.63981571002257 -2.06271105623268 2.93615558034565 -0.794964013750728 -0.770560107851805 0.289506164438769 1 113.84491188722
"1" -2.16671500500615 -10.1748690937305 1.76330901065065 1.26168339194605 2.7516371695013 3.94566984815393 -1.74724397109767 6.34717885882437 -2.59225709783829 -10.58241247542 -11.7397805903672 0.808488519712515 1 136.922231903105
"1" -0.704935641872587 -1.92792740304207 0.373047489976914 1.35549763832784 2.49430402643916 3.63222741705451 -1.8621727717023 -1.83401052184994 3.03591849607046 -0.732923021738468 -0.490130724403864 0.187190846136334 1 119.370339920435
"1" -12.7053317507234 -1.34365746791974 0.840090915958393 0.787832566692557 4.0904628642962 2.76162422035906 7.85002485880159 -5.7697528936688 -6.33993479677619 -14.1391401851435 -9.40662910060104 -0.318621385019387 1 163.558141999083
"1" -2.66585559740467 0.00456066941616256 2.61552164340598 0.351262054806198 4.61006826937427 3.09247488436054 1.04076050068385 -3.29296315117223 -1.71907145049553 2.52028703509289 -0.864434897877221 0.123782609570641 1 149.825012831212
"1" -1.39557002648012 -1.19524471345122 0.943522951009606 0.960608076685509 3.14368649781556 3.62064257033716 -11.461504628937 -11.5287235923103 -1.23528891700746 -3.20946150451454 -2.61770802229206 -7.01341349404355 1 217.985888408673
"1" -1.72670977966076 -1.18804670845554 2.71134174155488 1.29811262478391 4.95354447504076 3.79399711677987 -3.06338605038513 -4.27341544122977 0.364246717783693 -0.760696640473232 6.45413058957676 -8.18887584534085 1 205.27284602754
