"1" 3.0431822654382 2.54498962768465 2.3840394268887 4.00870271487087 5.0165018676515 9.98049171193962 -0.0337586702839596 -0.539018012308342 -0.31863662469717 -0.0975206221393584 0.224728120201137 -0.631794303787199 0.294348786850419 0.38550922319665 -0.412427178643239 0.158591888589417 1 2833.83548454248
"1" 2.95421674420487 2.62819942078017 2.63562136058339 4.04703550223234 4.86740146365569 10.0349405773281 -0.0837301245721609 -0.561764988273933 -0.307793341382374 -0.278488964053445 0.288562851414806 -0.578763174110682 0.323883371020009 0.341033442578464 -0.432837032402075 0.135924213922886 1 2771.86500186039
"1" 3.04234480674515 2.56410069849469 2.43889218058836 3.99244515239207 5.00408364448367 10.0532037598267 -0.037423133723789 -0.53585115907625 -0.320903978366218 -0.243674946706954 0.219103483707841 -0.612296432672597 0.331222012267629 0.368210346611087 -0.439418482836924 0.143527893737457 1 2935.54603927823
"1" 2.94229301589576 2.65081389895901 2.58207890599699 4.15508900635975 4.95584503749511 9.9519784370008 -0.0864053857531572 -0.56800382494609 -0.349174689671994 -0.213908884620138 0.293020749126855 -0.611132132053054 0.271574387503869 0.369456191537285 -0.393011991309034 0.154772325443499 1 2835.32096626877
"1" 3.02623120287775 2.55059861667099 2.43214072542651 4.00953858657222 5.07137251863702 9.98664313751443 -0.0350106730735552 -0.538857980402846 -0.380299237297249 -0.115405583232085 0.226139396881886 -0.622821129243116 0.302110585897054 0.376737474416126 -0.416801035177484 0.163134340019751 1 2724.68212705203
"1" 3.00130117695533 2.56803146207137 2.56835128340731 4.03124567060028 5.03115092252933 9.96151348506923 -0.0493607024771117 -0.546779022771599 -0.424351147016488 -0.0943023945104788 0.25006545731598 -0.610992979864486 0.301352377018547 0.368396879855618 -0.416193333129235 0.157165604488193 1 2711.65345233076
"1" 2.966590119093 2.63187981670715 2.60431864321111 4.09228744362881 5.0742441420193 9.95529586646542 -0.0706160855563046 -0.563299812437697 -0.477310810831847 -0.148278227937398 0.279012122085273 -0.617937580202733 0.266524668178239 0.38406650180078 -0.396733531425912 0.150507691058599 1 2853.42716151599
"1" 3.0831179358202 2.51925163924302 2.50415930532768 4.04481661304817 5.07083112378708 9.96959733837776 -0.0326293457650975 -0.535414850816095 -0.421581894935185 -0.096824253297517 0.202778139308554 -0.610892575625426 0.309145883896225 0.366679851867734 -0.420832415358432 0.19805230476914 1 2913.09621431296
"1" 3.04650366737275 2.56295517235345 2.59113555402848 4.03804602913769 4.96040411852695 9.95418698567629 -0.0650393777674678 -0.555049034827024 -0.360209706968874 -0.0772218680011394 0.248139897942331 -0.598463073678851 0.290877163096171 0.35762413805676 -0.409595538779236 0.196437326632581 1 2954.06677222229
"1" 3.03119041291732 2.56937217031123 2.60039118018768 4.03122549293191 4.98265154592833 9.96379008892024 -0.0635646108187037 -0.553293465604229 -0.393910244308654 -0.108861490081781 0.256953794528635 -0.601414657072789 0.306112025922061 0.360167426476508 -0.419685312360711 0.159207454548723 1 2892.04209114177
"1" 2.94786249215041 2.65100245874971 2.43328600626543 3.93346668246201 4.98049646935396 10.0082580607598 -0.0340491239560364 -0.531470540530313 -0.290683894138551 -0.0874290055539889 0.205122659911317 -0.599893618013675 0.33575777573901 0.356421913549868 -0.443319745395583 0.172834853976223 1 2893.63704478023
"1" 2.99828500751963 2.61727884380559 2.47491541445806 4.05554978853049 4.99411499198491 9.94373202555575 -0.0584313620883952 -0.551059160592152 -0.332704077986764 -0.0644870313460873 0.246681472360567 -0.615441860503018 0.29424771060933 0.372252543811405 -0.410337699586909 0.164323487589598 1 3002.17934951018
"1" 2.97083929491848 2.63534565048452 2.51660967542815 4.00661952881962 5.10137276265192 9.97650174578505 -0.0516212324529365 -0.544066539412292 -0.455789379027185 -0.104029833324817 0.240355295126861 -0.614964205677326 0.314068444392526 0.370169779873549 -0.425794664913573 0.142919973093677 1 2912.21421941252
"1" 2.96450101303722 2.61504226602252 2.55456570565981 4.01549910775667 4.97118744739949 9.97308288753989 -0.0622564197345638 -0.551634424442778 -0.354461076948757 -0.109233130029858 0.261971406677499 -0.605420453825993 0.30011443639019 0.364147718390474 -0.416399342468272 0.154370115272157 1 2770.17529153642
"1" 2.97667944133212 2.64617126346852 2.57286530843143 4.02102611403932 4.91615470809483 9.94013737475012 -0.0773939039272382 -0.559869115098727 -0.310679673902737 -0.067734471345655 0.269808598428012 -0.606959212712948 0.290591936378861 0.365422995758934 -0.408038455688055 0.158764483328528 1 3019.30744320158
"1" 2.92225664052117 2.68376221142927 2.45788653841548 3.9045718984788 4.99576586908369 10.0227146149147 -0.0296881987937256 -0.526386231989709 -0.32524020114564 -0.0848741401954514 0.191428736968878 -0.589849876126999 0.351354142405402 0.347275798355182 -0.45526214392827 0.180072375926057 1 2960.1550312004
"1" 3.02051359274995 2.59386290020002 2.45686373613192 4.06350443804662 5.0265599913104 10.010147610947 -0.0461454916542459 -0.541424482580295 -0.353567300925184 -0.214105085803641 0.222939929704786 -0.607421181236415 0.318894988684358 0.363440324375138 -0.428365537200484 0.168389483316689 1 2996.66905677528
"1" 3.00248097945424 2.61035718145154 2.51731013863473 3.9814732132043 5.02050231185436 9.96215532575134 -0.0511426937614228 -0.54413182780317 -0.384364494310792 -0.0388808608263537 0.236161946883492 -0.606218271690609 0.326864881406292 0.361796063768656 -0.435134824277643 0.144069400595647 1 2994.85587068128
"1" 3.06485269257974 2.54151997638759 2.5436187485773 3.89831197090209 5.05771342162004 10.0114691199802 -0.0366452518217003 -0.534151327997584 -0.43031051911776 -0.0537265058080462 0.206503386865063 -0.593848623590389 0.337537609119101 0.35237174146178 -0.445784074294523 0.176759973916476 1 2957.81579949617
"1" 3.09579718547957 2.50620851640352 2.40341991888877 3.95130932544528 4.99203810178358 10.0102235632792 -0.029989459599371 -0.532535001572971 -0.29659874160605 -0.102303600124637 0.203143178193688 -0.605756676370312 0.330349211106267 0.361363166145491 -0.438740168364677 0.173796958552564 1 2952.93359715631
"1" 2.99838110952388 2.60877679428754 2.54492918253986 3.98798501146865 5.01220887435187 10.0144590433753 -0.0408774467050514 -0.536281248797229 -0.384953321985507 -0.171925524697999 0.214920851435428 -0.600143870766204 0.3326552680253 0.357920461937947 -0.440865647011249 0.165804771882676 1 2929.1028483921
"1" 2.94451873672493 2.65353781556935 2.36872898137996 4.09230160643976 5.05904947300187 9.9954144243157 -0.0383376123690901 -0.53900903279541 -0.340836711867693 -0.230437378094052 0.225675808437138 -0.630483389678798 0.296379135294246 0.384209538754594 -0.411624923733408 0.158767966752095 1 2863.10417822406
"1" 3.06094618486317 2.56277620312769 2.49152997846478 4.08348531525841 4.98228145753432 9.96201967959549 -0.0697914605227078 -0.559656398889724 -0.332995627477982 -0.144057234763071 0.263868303884036 -0.618106184152166 0.280083486397073 0.373470159645096 -0.400264915208691 0.163063251444654 1 3043.36181456194
"1" 3.0578856233684 2.5661531386619 2.3980284679014 4.02648409718955 5.03275975557346 9.98477230384636 -0.0374231074277322 -0.539148527345714 -0.331346289061433 -0.126386237531023 0.216163588394158 -0.63013272179006 0.303377115029234 0.384139665403668 -0.417662061872411 0.158285876841962 1 3110.47476844017
"1" 2.94110002067795 2.66945511394787 2.53103551150345 3.97250870293369 5.05127198972612 9.99365237323151 -0.0427413148404159 -0.536612267849656 -0.414515464132795 -0.0977408832821311 0.213938322521177 -0.602734034395015 0.325166110596653 0.359881862604744 -0.43484410499127 0.174402623193428 1 2962.8449979444
"1" 3.04803993418693 2.55828001158585 2.57245728799099 3.94881496813178 4.87828301251472 10.0532405265742 -0.0509657896904428 -0.540624328676067 -0.267393318184707 -0.196828494958125 0.223319244519788 -0.570300120850827 0.349051213834722 0.330981384352389 -0.453499281723787 0.182609811525569 1 2948.10275823275
"1" 3.04513548562151 2.55324832927793 2.52669946431396 4.07345910217088 4.88130041952972 9.96630652023263 -0.0641584939539404 -0.557344400790775 -0.249267782491999 -0.146195175677458 0.273508582063019 -0.632256309162987 0.278279576974578 0.390308759172315 -0.399555653628865 0.123249473388555 1 2899.49337883966
"1" 2.9945262098652 2.63175595508313 2.65366387091161 3.98263151048168 4.95755773138238 10.0278358401611 -0.0494597285174357 -0.536753165738861 -0.398624560295083 -0.177138430826496 0.209485806767727 -0.569961811645606 0.354613202595199 0.331394849767457 -0.456801659826465 0.188787606508299 1 3082.55661891459
"1" 3.04641078144171 2.53606362812463 2.46582534966928 4.05264110386519 4.94516082279916 9.99937917833729 -0.0544941780560389 -0.550701779648518 -0.279193404498571 -0.192471310345145 0.25499359378083 -0.611080672992992 0.299457272827851 0.368257107305074 -0.4150112803185 0.154533120065795 1 2802.93927547094
"1" 3.04757806613229 2.54259964096828 2.5436905499531 3.95586459171033 5.00857358475641 10.029723786494 -0.0260567748143464 -0.527933835295005 -0.379993295258816 -0.15105278296063 0.192274941112634 -0.5876496358189 0.343774260961563 0.345927988773635 -0.449083658634681 0.194037419404763 1 2774.95447220698
"1" 2.9153244978531 2.68219095742677 2.48343889455305 4.00176661396489 4.94290948557342 10.0538718768857 -0.0407734207627168 -0.533552916033314 -0.278660632393725 -0.255773308027863 0.211055795266984 -0.587181983536583 0.340171840830661 0.34512531953098 -0.445104844852462 0.182607754671369 1 2843.15307868599
"1" 2.94782939740461 2.6564470070166 2.4085785372987 3.90073823024093 5.00789888941699 10.0440453741606 -0.0168358739183792 -0.518900141205114 -0.307462999536229 -0.123897174894345 0.170997802921658 -0.59200590896676 0.355934487153552 0.348523184192075 -0.459017672750437 0.190446746501072 1 2962.12368636442
"1" 3.02410240311469 2.58073277635377 2.45178051265585 4.00612083452224 4.994811228215 9.98394873511509 -0.0522595073360244 -0.547557669726526 -0.323390332254609 -0.10981637048309 0.24453104576763 -0.612537801472527 0.308312626225156 0.36961244041166 -0.421023783052895 0.150234492280014 1 2932.30270670542
"1" 2.90371229004472 2.7192897087254 2.51381585554767 4.09261311758113 5.09595961117501 9.968736093254 -0.0578960709940564 -0.549034845161392 -0.461016764117065 -0.166455811336379 0.238367084504424 -0.623497102453911 0.291159266220275 0.379150507109291 -0.40799961910199 0.163936659775834 1 3013.87460850709
"1" 3.00965895108707 2.58837872291878 2.51471383586597 4.00328032823252 5.00905915312266 9.98255953436461 -0.0472557394084481 -0.542304061761578 -0.368214741160084 -0.0989752015224273 0.229059044447351 -0.599249887134915 0.32539043190926 0.355873154246079 -0.434071904138335 0.165774002023087 1 2881.27557347697
"1" 3.01813721673002 2.58903618500578 2.51848174913573 3.95538777701131 4.9456712455934 10.0266551795626 -0.0395993843993054 -0.533944683877824 -0.305815147876094 -0.145610371740637 0.203510554352012 -0.576692443638751 0.349200227052636 0.336108546453214 -0.453006022423832 0.192881244233992 1 2959.21866073219
"1" 3.06948203563175 2.55315979963578 2.52305203828795 4.17820251725177 4.99895181044127 9.9434198160442 -0.0858230310327371 -0.569099935928026 -0.378151359391912 -0.19497948811451 0.293558304862928 -0.618676574971544 0.275619022599774 0.374147421545477 -0.395484734496997 0.135946567620644 1 2994.84460611521
"1" 3.0498071863122 2.57238886428245 2.49163316913067 3.91294525596347 5.02261875004338 10.0382483154059 -0.0246439974364198 -0.52391741321325 -0.371458152040826 -0.117599962176309 0.176207669916499 -0.588050634270942 0.354919937596977 0.34591268950379 -0.457672469171 0.192845470838315 1 3259.02764088966
"1" 3.01802051047201 2.5759299137914 2.54360568329335 4.09322735885434 5.04608210502192 10.0061892204735 -0.0585631232563317 -0.54934411063044 -0.421643533447302 -0.271896642963949 0.261292887241732 -0.610873793543143 0.319057987669747 0.366625113662535 -0.428342684801771 0.119960497363751 1 2834.08598205635
"1" 3.07876362954783 2.52209458604968 2.60605478380974 4.05774864960053 4.97106486157882 9.95441129760819 -0.0681423978365118 -0.557781507989844 -0.38228706155712 -0.102216602879086 0.264596886402523 -0.602723579079005 0.30218785526449 0.36103680186934 -0.41650239961734 0.155019135630863 1 2903.66609885666
"1" 2.95189078684974 2.65113209253968 2.49546533766363 3.97891388029756 4.92439028609738 9.99953700528829 -0.0552680139734906 -0.544501022223719 -0.272511487593507 -0.120013502745514 0.230939429391143 -0.589669965530329 0.317946545947037 0.348297357268755 -0.430305049860996 0.189407313448967 1 2920.71096780152
"1" 2.98516113973856 2.62295471775001 2.48388350387692 3.90583170357435 4.92332155489595 10.0023624404928 -0.0516373920186628 -0.540706522169533 -0.258242755742705 -0.0628688881704418 0.250743869379 -0.597984031013505 0.333687809208312 0.361208541302744 -0.444795649234219 0.121579764973823 1 2960.52453678058
"1" 3.04935224325397 2.54594350568194 2.54548527512402 3.98071545992464 5.06245547507361 9.99597840769838 -0.0439689042660041 -0.539723157523761 -0.445332597460641 -0.104149365437645 0.222628928865346 -0.595249259759775 0.329042286051102 0.352082896534278 -0.437569371596996 0.173472239047862 1 2844.31084158577
"1" 2.93662817460775 2.66724098530391 2.49289597708756 4.02817924403201 5.11034228372595 10.0170600556049 -0.026688167389898 -0.527060366864591 -0.454408722044575 -0.18862681361284 0.189547568335646 -0.603520240146299 0.332391959658429 0.36015952370234 -0.43897500946285 0.188596158817373 1 2871.8276923673
"1" 3.04596233475442 2.56813950121201 2.54150700328745 3.95800154962493 5.00118151038166 9.91660020285261 -0.0602016026960331 -0.553607202952207 -0.383428994818342 0.0788226001685009 0.268875300267652 -0.637773454451581 0.283984606392781 0.394232286451168 -0.406247424260269 0.108522889503308 1 2981.53995016465
"1" 3.04622939746632 2.5613749510173 2.55385746931073 3.99072193284439 4.89627243559699 10.0053950559046 -0.0534766531790559 -0.544502242648821 -0.275129957312862 -0.140806094472567 0.232917660035486 -0.587690328693437 0.330853612771828 0.347439045450243 -0.439268909360943 0.170586174967517 1 2960.85752827278
"1" 3.00377081845697 2.58542785940853 2.41232421178787 4.01403264079038 5.04263466669245 10.0293760653233 -0.0288794066143172 -0.531001998660818 -0.346327352129662 -0.21311296055329 0.203086851290642 -0.607811233573144 0.326513497855586 0.363092382375257 -0.435465288296839 0.176540317752057 1 2771.72527684021
"1" 3.08445269490132 2.50715436167587 2.45112966731449 3.96802186430285 5.03219519247479 10.0394486682075 -0.0250364160990237 -0.528348282324395 -0.357567021913479 -0.182663860140209 0.194864881034334 -0.598512554866513 0.340644852961351 0.355249947518254 -0.446366441565025 0.178729464092877 1 2793.05170824414
"1" 3.01799994801023 2.47532121687044 2.63353108516053 4.02784565338832 5.12945050675711 9.90760759146235 -0.111995290232671 -0.555776650496551 -0.44619156694511 -0.147643611399768 0.497857102553047 -0.643115725625436 0.252719070659067 0.388882015414427 -0.369180833120319 -0.178785197085406 1 2816.87566591863
"1" 2.88671261468102 2.71079862573111 2.5748090023601 3.896394353869 4.92091205886317 10.0204712860174 -0.0711025159634084 -0.550759658097632 -0.310109363067064 -0.11647700690694 0.263524848774452 -0.590260037534898 0.318826142566092 0.350462373099471 -0.432472349883704 0.149233854011439 1 2868.62792542961
"1" 3.03944260449104 2.5448566623297 2.51709978727629 4.05982127208758 5.01759037724293 9.91608892161811 -0.0717133050339473 -0.565151876351334 -0.407032829211493 -0.0278678517699148 0.289547492742034 -0.63138504689007 0.251413622119345 0.386401257100423 -0.37938546256291 0.151338573979839 1 2837.84637442772
"1" 3.03768663418986 2.5738572433045 2.46085140546916 3.96460979063435 5.0201941696507 10.0136368385764 -0.0277253840804034 -0.529551706051519 -0.344891411445734 -0.113495063898692 0.196054136079626 -0.608620138524702 0.331438159319737 0.364453644501798 -0.439114658351465 0.174467335890751 1 2995.48602833865
"1" 2.98598929950059 2.60604552012151 2.69360303477884 3.96897620749984 5.00978864631917 10.0134764637755 -0.0579147992675284 -0.545982558745172 -0.466403493136057 -0.140307772338708 0.234516889170718 -0.574828090291626 0.330216202237755 0.335764269554729 -0.439764482690494 0.191452902101979 1 2793.3610022119
"1" 2.96367896812524 2.63531022802544 2.51021778344068 4.04905760330558 4.95584047502656 10.0143462262325 -0.0537419974566922 -0.544878279951588 -0.333108523637179 -0.226639205488007 0.236710400157621 -0.596555185312795 0.31944442443774 0.354780695770191 -0.429722138508166 0.170088401487317 1 2869.84671456851
"1" 3.039313369022 2.55568506695083 2.55271755096206 4.06158075155122 5.10944288523175 9.98237455881544 -0.0557949176926581 -0.549211915631788 -0.487648707609863 -0.164785733866684 0.250649861731042 -0.6103432277522 0.306261694887989 0.36756472971567 -0.418425415592694 0.151528096762103 1 2832.76513149506
"1" 3.04729339799499 2.55625679215257 2.48216182612207 4.11282702337108 4.99783451956356 9.91107113598355 -0.0668113970706398 -0.559754562434929 -0.348993029256969 -0.0545037098864985 0.262884403177744 -0.619091734735926 0.267316432846615 0.375319728094567 -0.390059763670216 0.181557142166816 1 2937.24858235795
"1" 3.05523620912121 2.53733647548282 2.43211412344421 4.02598330614112 5.1120660175953 9.99307226385916 -0.0295454308305058 -0.533581175805761 -0.420294548778568 -0.134151331939464 0.206997703001079 -0.617210413067046 0.313295670746398 0.371206090186264 -0.425231370917503 0.176787426925366 1 2813.77927796732
"1" 3.08843223471376 2.51711043029596 2.4635863032513 3.90591851072697 4.98824906518944 10.0490127460836 -0.0256414087417596 -0.525907601326275 -0.32184420933457 -0.145906076616339 0.188882680604233 -0.586368189023746 0.36034350334429 0.343965999947104 -0.461851740773984 0.175176418108388 1 2971.42911350116
"1" 3.03967038659146 2.54370129696121 2.56250730382958 4.06338301344493 5.09895440264316 9.83400535038863 -0.101931573948655 -0.582255142833321 -0.489962319869459 0.107554028343645 0.343841776099922 -0.625225459278698 0.27699698459888 0.379719254408871 -0.398315247457041 0.0567459155368704 1 2842.16289716668
"1" 2.96125167663362 2.65647195249064 2.58462562421556 4.01000427897385 4.90860424009582 10.0105217232214 -0.0742767072063135 -0.554715043312536 -0.314248919879271 -0.181416911748272 0.252744790374841 -0.578354031225657 0.320600411607854 0.337929413749559 -0.431179309199388 0.18325966691022 1 2993.91998836207
"1" 2.95142212278998 2.65542334519079 2.55025021783834 3.93454584725402 5.02620290329172 9.97841757346011 -0.0537236455349323 -0.54225137079147 -0.409317344256609 -0.0358052395184673 0.229563828409775 -0.589067803477485 0.331802023816711 0.347397155667433 -0.439703215023954 0.171734007423921 1 2941.56276819192
"1" 3.08260082791126 2.52627277915448 2.47481604095429 4.00381803566718 4.99628320338936 10.047534054095 -0.0330012031587889 -0.531673379476583 -0.364413208823544 -0.224595175762623 0.200912133361085 -0.593038414105524 0.346474070364294 0.349847756111664 -0.450621920239129 0.173498856524225 1 2969.69691181112
"1" 3.01529632278314 2.80378994263617 2.4714636210963 3.86659030547622 4.95464199387623 9.52303920779105 -0.397700324679682 -0.545523255189395 -0.237293633920035 -0.0271646041531834 0.937009441322291 -0.480092512672604 0.423414769979164 0.11794457269785 -0.337064342319794 -0.883343124589125 1 2974.22489216604
"1" 2.98795712491308 2.56187437052566 2.58435389883988 4.0364125432219 4.99510943165495 9.97382633780471 -0.0523964931785704 -0.548657794195976 -0.407520372300521 -0.124134304114673 0.258953491269612 -0.601391380951273 0.303221229588527 0.360274362207694 -0.418317519211303 0.160778411791639 1 2615.97514339349
"1" 3.05477600557767 2.54099418818301 2.41796575756276 4.0015529100229 5.00274174586858 10.0231253157611 -0.0326709711790108 -0.534733205627548 -0.311948951157187 -0.189392922150666 0.211513248691548 -0.609473742878388 0.325772620759487 0.364575165961755 -0.434442404321481 0.166433677270178 1 2869.97306506603
"1" 2.90797132935006 2.69341772957568 2.56880628098659 3.95634141859722 5.11758928942349 10.0183460814507 -0.0576053383899114 -0.55072348504142 -0.508446036856394 -0.161600170969996 0.253222396194448 -0.58462057952529 0.317540588612501 0.360701263983796 -0.4429095500269 0.148047812213444 1 2856.98153709106
"1" 2.97779544155146 2.63314483098075 2.44013305002364 4.07459157777375 4.94093122534931 10.0008580781753 -0.0482001820611148 -0.542561631391752 -0.255147359855373 -0.210440145401989 0.226928242456806 -0.609594991782071 0.309323327251154 0.366757687053842 -0.421491564207745 0.173337680744094 1 2977.5100922383
"1" 2.9795437865065 2.62268639696443 2.47737833692256 4.0255231704698 5.01479581398266 9.97748818418395 -0.0510826924740272 -0.543932221372194 -0.352233960773055 -0.125382134181196 0.240733075755215 -0.614615148499041 0.311407211864118 0.370356627488162 -0.422970435752993 0.147360697230129 1 2899.13428981021
"1" 2.96548462178054 2.62238903765987 2.50250016115158 4.00925695252676 5.06550410115418 10.0068668502184 -0.033327812882701 -0.532909302691409 -0.414344290304557 -0.158793622323004 0.211271650842791 -0.604656059628517 0.328254800971042 0.361199431532037 -0.435771728745258 0.170693313315481 1 2769.28184408101
"1" 3.0778451655456 2.52282703554028 2.53378934865692 3.91432687564764 4.9910741255601 10.0217123720034 -0.0467983425580755 -0.539916727459859 -0.376954162408747 -0.0896437770081684 0.231831499890501 -0.585160739886204 0.3557081307903 0.343473384461036 -0.457606548064535 0.139543609072802 1 2909.81047131095
"1" 3.06248664401113 2.54346334216238 2.44040784330479 3.95582208961794 4.99230171231756 10.0077065128242 -0.035258821263453 -0.534430631704528 -0.311490748029849 -0.0947847901083738 0.206794200161914 -0.595750184509292 0.339597396923069 0.352629709317359 -0.445564372350789 0.172876684071582 1 2965.79209640435
"1" 2.96698499021532 2.63404682711622 2.54670551506901 3.97294867224114 5.02962813438098 10.0097653856768 -0.0401545173324794 -0.534841384736799 -0.403766207975353 -0.142037763634774 0.213834230674795 -0.596160466779422 0.336000622841638 0.354136484822555 -0.443790135310089 0.168534078966664 1 2876.68087903113
"1" 2.99378955581392 2.59843119349875 2.57505625190083 3.95135255655661 4.93946323997894 10.0693261209429 -0.0550287832768969 -0.540608761993117 -0.359167927223712 -0.251873983508016 0.245161676972689 -0.570425404681462 0.37184024668683 0.330003487721839 -0.469289824641912 0.125620880577055 1 2824.70074075068
"1" 3.02623417885649 2.59610223983063 2.47529029669096 4.02554979782497 5.08220439568789 9.97487377885622 -0.0456426224445705 -0.541683595846016 -0.413325152166049 -0.0947094131607608 0.223847075088801 -0.618911159371494 0.31131954908331 0.373833471594263 -0.424144170259138 0.157621433975146 1 3074.56973688208
"1" 3.09834290073569 2.48562394137938 2.46656754514794 3.97450554118225 5.0236815566267 10.0136480074479 -0.033145867314576 -0.535409495875871 -0.361777598970941 -0.129173141511109 0.214353226624347 -0.601512287993144 0.328923475285888 0.358263881378628 -0.437505332908892 0.170997983938782 1 2766.06097351157
"1" 3.01631778380323 2.59339967168405 2.41308646531419 4.00127181461172 5.02940239435892 10.0047436958533 -0.0389960027967341 -0.536135086119482 -0.339288123136587 -0.143008140570097 0.212209689453456 -0.607057571600355 0.329581284112091 0.361876877834885 -0.437689256408181 0.164303065487486 1 2998.31069670328
"1" 3.06181019270788 2.55739152758746 2.49622531470641 3.96260789339457 4.94108738500366 9.95947144420336 -0.0584084684077017 -0.550252838972528 -0.316244093157593 -0.0153666446986436 0.244150109311807 -0.593797533861556 0.323399116124077 0.353340061677843 -0.433065419516352 0.159538097912179 1 3033.66140625549
"1" 3.01411797334842 2.55656589999211 2.55072203382664 3.98810861550774 5.13863109659185 10.0001347046135 -0.0365965890803019 -0.53647556001301 -0.514086699926003 -0.130433924091693 0.227799687765861 -0.607951546983441 0.324419490809112 0.364489478830335 -0.433875729540346 0.152248313371012 1 2636.05919935928
"1" 3.0120875673135 2.59860329981302 2.52989932441678 3.98706179485433 4.99747444800704 10.0206657558389 -0.0440069590763069 -0.5374785822613 -0.375206587130382 -0.179355351569116 0.213197900294668 -0.590290550905687 0.337065195995387 0.348522151404289 -0.44374027250119 0.17854136674504 1 2975.31748578549
"1" 2.99796163598448 2.60020868931999 2.59222496386131 3.93881449126817 4.95679441890575 9.97895097709155 -0.0603545069229807 -0.547603165654807 -0.360645153985619 -0.025006539050102 0.239368572298137 -0.578872766274776 0.323063136432535 0.339470728794073 -0.434845449670066 0.19007174112658 1 2886.79718606995
"1" 2.99340536869498 2.58685791018396 2.50534448485552 3.96341879195578 4.98922939890102 9.98942962322803 -0.0520354714722826 -0.545408028077246 -0.344544966996061 -0.0742393464236642 0.2397732931663 -0.590840571723963 0.319687914855248 0.34858650968167 -0.430756861854388 0.176834682876383 1 2773.35329677053
"1" 3.08550079673017 2.51389807030366 2.51483819877378 4.0825738789353 5.01366581518348 9.95417267632136 -0.0602986264236712 -0.556153313649348 -0.369511962139809 -0.127431785717501 0.26549526400338 -0.624050200771589 0.282564410981165 0.380337518205123 -0.40197324985179 0.144829675667833 1 2899.94302640721
"1" 3.00288102472831 2.61353401762555 2.50919479585376 3.92136374121664 5.00161337939004 10.0607632682811 -0.0291650874860342 -0.526224190589622 -0.362644141944631 -0.184450827368113 0.19024727779955 -0.588649210579246 0.360105446988586 0.346885506764525 -0.462154678026264 0.169228830134347 1 3047.19818007222
"1" 3.08374887700632 2.52229078167914 2.49546462582789 4.08800571822144 5.08469468892418 9.9616863819209 -0.0542403763285473 -0.55231150637065 -0.440753546533891 -0.138715871496862 0.252781271347801 -0.625343589849509 0.291620314354794 0.37991469660549 -0.407655545698911 0.145384066996611 1 2928.36321575459
"1" 3.01150765461118 2.55463838731091 2.56386786897988 3.94310621331042 4.94172465564933 9.93519269367476 -0.0917471635703152 -0.605112405012909 -0.368556842711339 0.0339892001396228 0.355443330989027 -0.606471641045296 0.174074596957429 0.409891545605903 -0.354781073447982 0.163199893809809 1 2826.93056740446
"1" 2.92839010715355 2.55975067308151 2.47913472456645 3.97016600565875 5.01062683376121 9.98115400489555 -0.0539733977719429 -0.533602829526427 -0.330158262074493 -0.140913488759189 0.353901511163537 -0.619957595069215 0.273502390611884 0.381304601108845 -0.388916642123358 0.0585551743196356 1 2721.46354946628
"1" 2.92233293858333 2.49616077169133 2.62361217911649 3.89855294488414 5.06165967926323 10.04937784171 -0.0999750243490531 -0.545612267934713 -0.511046498130724 -0.352812197694225 0.525022756600446 -0.644035219212706 0.176688132788027 0.40865406131014 -0.32480686625208 -0.153812490646715 1 2765.30999903652
"1" 3.01002247717773 2.58803696243899 2.4882309174664 3.96679666585856 5.0435649510525 9.98181185858239 -0.0438067654370912 -0.540793791665032 -0.393390287708361 -0.0593557778094943 0.222694385011438 -0.607370095822539 0.309914749584922 0.363412776200758 -0.423496825485595 0.180888181967539 1 2880.94119800883
"1" 2.96389044041947 2.6247652644416 2.59025994843284 3.87816348491467 4.97529395777795 9.99523082437777 -0.0555138056815053 -0.542630745493114 -0.384932459601001 -0.00787688622735953 0.244614026877227 -0.574331526744784 0.352978655249706 0.335472006521588 -0.45706523054138 0.145786260831475 1 2826.87052076216
"1" 3.05991814186201 2.54516527686888 2.4360740826744 3.96435717173183 4.99571008647832 10.0586932508125 -0.0220789503955696 -0.525196785848067 -0.320127975246888 -0.225046088553832 0.184465288002308 -0.594074593167994 0.350971209144126 0.350743823173456 -0.453692647260442 0.181958697230478 1 2947.207726704
"1" 2.93167186515603 2.6605377518203 2.53724435428447 4.03622024103696 4.98072459898806 10.0614391747967 -0.057100869911697 -0.544452585891787 -0.362509926217835 -0.322518790569843 0.242626227444611 -0.586540512768886 0.336854358777077 0.344977429349791 -0.442490133743577 0.155355491412932 1 2795.36001991616
"1" 3.0650957907721 2.49340901913709 2.55459846606889 4.0913626185399 4.90379847553484 10.023828939997 -0.0619525067465323 -0.557075519825645 -0.296022427853642 -0.288388717877487 0.273937119234687 -0.606072596174004 0.290410835203717 0.363954350557276 -0.408138293700741 0.15657683336057 1 2697.00930487936
"1" 3.09182808687214 2.51378139824191 2.53479281530635 4.08177437804916 4.99079211296809 9.97585192558441 -0.051856768456986 -0.550216158368827 -0.376866786164907 -0.156514875867381 0.238014436704301 -0.610782380743841 0.298600557808412 0.368129280681692 -0.413129184789616 0.175712386119268 1 2932.83956498413
"1" 2.94333423343061 2.69067667457154 2.55524337304724 4.00628684771368 5.08150235980583 9.99710595526531 -0.0511539065822531 -0.540488794666252 -0.45778521778064 -0.142941864710735 0.217113983806731 -0.599866976423751 0.323693697935902 0.357395145567041 -0.432867060952764 0.178844735586476 1 3145.37125557505
"1" 2.95553653065183 2.65906034676998 2.5587236514525 3.90087918128093 5.00276771172872 10.0862938388111 -0.0255247158742991 -0.521345204537987 -0.385991940437532 -0.218497386038456 0.17766304751081 -0.573263676269859 0.374825797488257 0.332665820236593 -0.472891347891835 0.185443071244384 1 3038.08407988981
"1" 3.06663238590589 2.52151628594353 2.59185255303989 4.00583183463187 4.99802565862761 10.0334955847955 -0.0405055693137953 -0.537643986118103 -0.390460300093435 -0.216428969242355 0.219747944700856 -0.583597284222131 0.341979624348533 0.343243928061974 -0.44698678127757 0.175284743793192 1 2784.87787371072
"1" 2.97737737716153 2.5950950824326 2.57282976823491 4.00348016430532 4.98751611689595 9.98229240523485 -0.0546519622572019 -0.546977672623684 -0.376554529633037 -0.110523050581739 0.24440446297119 -0.588742638621217 0.313189986401899 0.347234412157293 -0.425674869749234 0.185317274079663 1 2710.87605965192
"1" 3.05037001418845 2.54231024505264 2.58203602972997 3.98380979551989 5.09698622780219 9.9954063949494 -0.0359611187677909 -0.536904609834132 -0.487672336078706 -0.115945122188224 0.216311685556493 -0.605505614169199 0.321342935198853 0.362599640806081 -0.431691043609796 0.172948180450572 1 2816.29239887686
"1" 3.01753170580802 2.60102451305867 2.53255190863214 3.94102661218762 4.97720407261717 9.98011606316925 -0.0528385247078692 -0.543536459780397 -0.346755717429569 -0.0345025550397117 0.230342586508693 -0.596628612757822 0.328648757614421 0.355239849037049 -0.438705230742344 0.160565884086068 1 3047.52230878387
"1" 2.9511091982414 2.65378031910822 2.5120707942711 4.06809444083113 4.97782524428874 9.97440721481965 -0.0607678825128788 -0.550580164462511 -0.338908078179937 -0.158826993436756 0.255199233806391 -0.618450580267588 0.293313335375788 0.374798202170899 -0.410624537297 0.150254307059499 1 2910.83131497753
